20.958424	-0.020146	-0.040293	-0.020146	0.050306
20.989719	-0.020146	-0.040293	-0.020146	0.060380
21.021015	-0.020146	-0.040293	-0.020146	0.070453
21.052311	-0.020146	-0.030220	-0.020146	0.080526
21.083607	-0.020146	-0.030220	-0.030220	0.080526
21.114902	-0.020146	-0.020146	-0.020146	0.080526
21.146198	-0.010073	-0.020146	-0.020146	0.080526
21.177494	-0.010073	-0.020146	-0.020146	0.080526
21.208790	-0.010073	-0.020146	-0.010073	0.090599
21.240086	0.000000	-0.010073	0.000000	0.100672
21.271381	0.000000	-0.010073	0.000000	0.110745
21.302677	0.000000	-0.010073	0.010014	0.110745
21.333973	0.000000	-0.010073	0.010014	0.120819
21.365271	-0.010073	-0.010073	0.020087	0.130892
21.396566	-0.010073	-0.020146	0.020087	0.130892
21.427862	-0.010073	-0.020146	0.020087	0.140965
21.459158	-0.010073	-0.020146	0.020087	0.151038
21.490454	-0.020146	-0.010073	0.020087	0.151038
21.521749	-0.020146	-0.010073	0.020087	0.161111
21.553045	-0.010073	-0.010073	0.020087	0.171185
21.584341	-0.010073	-0.010073	0.030160	0.171185
21.615637	-0.010073	0.000000	0.030160	0.181258
21.646933	-0.010073	0.000000	0.030160	0.191331
21.678228	-0.010073	0.000000	0.030160	0.201404
21.709524	-0.010073	0.000000	0.040233	0.211477
21.740820	-0.020146	0.000000	0.040233	0.231624
21.772116	-0.020146	0.000000	0.050306	0.241697
21.803411	-0.020146	0.000000	0.060380	0.251770
21.834707	-0.020146	0.010014	0.060380	0.271857
21.866005	-0.020146	0.010014	0.060380	0.281930
21.897301	-0.020146	0.010014	0.060380	0.292003
21.928596	-0.020146	0.010014	0.070453	0.302076
21.959892	-0.020146	0.010014	0.080526	0.322223
21.991188	-0.020146	0.010014	0.090599	0.332296
22.022484	-0.020146	0.010014	0.100672	0.352442
22.053780	-0.010073	0.010014	0.110745	0.362515
22.085075	-0.010073	0.010014	0.120819	0.372589
22.116371	-0.010073	0.020087	0.120819	0.392735
22.147667	-0.010073	0.020087	0.130892	0.402808
22.178963	-0.010073	0.020087	0.130892	0.412881
22.210258	-0.010073	0.020087	0.140965	0.433028
22.241554	-0.010073	0.020087	0.140965	0.443101
22.272850	-0.010073	0.030160	0.151038	0.463247
22.304146	-0.010073	0.030160	0.161111	0.483394
22.335442	-0.010073	0.040233	0.161111	0.503540
22.366739	-0.010073	0.040233	0.171185	0.523627
22.398035	-0.010073	0.040233	0.181258	0.553846
22.429331	-0.010073	0.050306	0.181258	0.573993
22.460627	0.000000	0.040233	0.191331	0.594139
22.491922	0.010014	0.040233	0.191331	0.614285
22.523218	0.010014	0.040233	0.201404	0.634432
22.554514	0.010014	0.040233	0.211477	0.664651
22.585810	0.020087	0.050306	0.221550	0.694871
22.617105	0.020087	0.050306	0.231624	0.715017
22.648401	0.020087	0.050306	0.241697	0.745237
22.679697	0.020087	0.050306	0.251770	0.775397
22.710993	0.020087	0.060380	0.261784	0.805616
22.742289	0.020087	0.050306	0.271857	0.845909
22.773584	0.020087	0.060380	0.271857	0.876129
22.804880	0.020087	0.060380	0.281930	0.916421
22.836176	0.020087	0.070453	0.292003	0.956714
22.867474	0.030160	0.080526	0.302076	0.997007
22.898769	0.030160	0.080526	0.322223	1.047313
22.930065	0.030160	0.080526	0.332296	1.097679
22.961361	0.030160	0.070453	0.342369	1.137972
22.992657	0.020087	0.070453	0.352442	1.198411
23.023952	0.020087	0.070453	0.372589	1.248777
23.055248	0.020087	0.070453	0.392735	1.309156
23.086544	0.020087	0.070453	0.412881	1.379669
23.117840	0.020087	0.070453	0.422955	1.450181
23.149136	0.020087	0.070453	0.433028	1.530766
23.180431	0.020087	0.070453	0.453174	1.621366
23.211727	0.030160	0.060380	0.473320	1.712024
23.243023	0.030160	0.060380	0.483394	1.812696
23.274319	0.030160	0.040233	0.503540	1.923501
23.305614	0.030160	0.030160	0.513613	2.054453
23.336912	0.030160	0.020087	0.533700	2.195418
23.368208	0.030160	0.000000	0.553846	2.356529
23.399504	0.030160	-0.020146	0.573993	2.527773
23.430799	0.030160	-0.040293	0.594139	2.739251
23.462095	0.030160	-0.080585	0.614285	2.970874
23.493391	0.030160	-0.120878	0.634432	3.242791
23.524687	0.040233	-0.171244	0.664651	3.565073
23.555983	0.040233	-0.231683	0.684798	3.947735
23.587278	0.040233	-0.302136	0.715017	4.400909
23.618574	0.050306	-0.382721	0.745237	4.954815
23.649870	0.050306	-0.463307	0.765383	5.639672
23.681166	0.050306	-0.553906	0.795543	6.485581
23.712461	0.050306	-0.644565	0.825763	7.522881
23.743757	0.050306	-0.725150	0.855982	8.781731
23.775053	0.050306	-0.765443	0.896275	10.302485
23.806349	0.050306	-0.755370	0.936568	12.105167
23.837646	0.050306	-0.634491	0.986934	14.149547
23.868942	0.050306	-0.372648	1.027226	16.395330
23.900238	0.060380	0.080526	1.067460	18.691481
23.931534	0.060380	0.725091	1.117826	20.826519
23.962830	0.060380	1.540840	1.168191	22.538544
23.994125	0.060380	2.437115	1.218557	23.555696
24.025421	0.060380	3.313303	1.268923	23.757099
24.056717	0.060380	4.078686	1.319230	23.273706
24.088013	0.060380	4.692972	1.379669	22.357285
24.119308	0.060380	5.196512	1.450181	21.158813
24.150604	0.070453	5.599380	1.520693	19.678413
24.181900	0.060380	5.951822	1.601219	17.875731
24.213196	0.060380	6.294250	1.691878	15.690386
24.244492	0.060380	6.626606	1.782537	13.082027
24.275787	0.050306	6.948888	1.883209	10.070801
24.307083	0.040233	7.200658	1.994014	6.838083
24.338381	0.030160	7.331550	2.104759	3.605366
24.369677	0.010014	7.230818	2.245784	0.775397
24.400972	-0.010073	6.858230	2.386749	-1.248837
24.432268	-0.040293	6.243885	2.557993	-2.265990
24.463564	-0.070512	5.488575	2.739251	-2.406955
24.494860	-0.110805	4.682899	2.950728	-2.044439
24.526155	-0.161171	3.947735	3.192425	-1.510680
24.557451	-0.221610	3.323376	3.484488	-0.997066
24.588747	-0.292063	2.799690	3.816843	-0.553906
24.620043	-0.372648	2.376676	4.209578	-0.201464
24.651339	-0.483453	2.034307	4.692972	0.050306
24.682634	-0.624418	1.762390	5.287170	0.231624
24.713930	-0.805676	1.530766	6.022334	0.372589
24.745226	-1.067519	1.349449	6.938815	0.473320
24.776522	-1.389802	1.198411	8.096933	0.543773
24.807819	-1.792669	1.077533	9.537101	0.604212
24.839115	-2.255917	0.966787	11.339784	0.664651
24.870411	-2.799749	0.876129	13.555347	0.704944
24.901707	-3.313363	0.795543	16.052902	0.745237
24.933002	-3.595352	0.725091	18.560589	0.775397
24.964298	-3.524840	0.664651	20.735859	0.785470
24.995594	-3.111899	0.624359	22.367359	0.795543
25.026890	-2.447248	0.594139	23.384512	0.785470
25.058186	-1.681864	0.563920	23.837685	0.765383
25.089481	-0.916481	0.543773	23.807467	0.745237
25.120777	-0.211537	0.513613	23.364365	0.725091
25.152073	0.453174	0.493467	22.538544	0.694871
25.183369	1.097679	0.463247	21.330059	0.674725
25.214664	1.832843	0.443101	19.668341	0.654578
25.245960	2.799690	0.433028	17.462849	0.634432
25.277256	4.068613	0.422955	14.723539	0.614285
25.308554	5.569160	0.412881	11.521042	0.604212
25.339849	6.968975	0.392735	8.237958	0.584066
25.371145	7.925749	0.382662	5.277097	0.563920
25.402441	8.288264	0.362515	2.890289	0.553846
25.433737	8.096933	0.352442	1.198411	0.533700
25.465033	7.522881	0.332296	0.161111	0.523627
25.496328	6.697118	0.312150	-0.372648	0.513613
25.527624	5.800784	0.302076	-0.543833	0.503540
25.558920	4.934669	0.292003	-0.493526	0.493467
25.590216	4.159212	0.281930	-0.352502	0.483394
25.621511	3.484488	0.271857	-0.161171	0.463247
25.652807	2.940655	0.251770	0.020087	0.443101
25.684103	2.487481	0.231624	0.181258	0.422955
25.715399	2.124906	0.221550	0.322223	0.402808
25.746695	1.822770	0.221550	0.433028	0.392735
25.777990	1.581073	0.221550	0.523627	0.382662
25.809288	1.369596	0.211477	0.594139	0.382662
25.840584	1.198411	0.211477	0.654578	0.372589
25.871880	1.057386	0.201404	0.704944	0.362515
25.903175	0.936568	0.191331	0.745237	0.352442
25.934471	0.835836	0.181258	0.775397	0.332296
25.965767	0.765383	0.171185	0.795543	0.322223
25.997063	0.715017	0.171185	0.795543	0.312150
26.028358	0.664651	0.171185	0.795543	0.302076
26.059654	0.624359	0.171185	0.785470	0.292003
26.090950	0.594139	0.161111	0.775397	0.281930
26.122246	0.553846	0.161111	0.755310	0.271857
26.153542	0.523627	0.151038	0.735164	0.261784
26.184837	0.493467	0.151038	0.704944	0.261784
26.216133	0.473320	0.151038	0.684798	0.251770
26.247429	0.453174	0.140965	0.664651	0.241697
26.278725	0.433028	0.140965	0.644505	0.231624
26.310022	0.422955	0.140965	0.634432	0.221550
26.341318	0.392735	0.140965	0.614285	0.211477
26.372614	0.372589	0.130892	0.604212	0.201404
26.403910	0.352442	0.130892	0.584066	0.201404
26.435205	0.332296	0.130892	0.563920	0.201404
26.466501	0.322223	0.120819	0.543773	0.191331
26.497797	0.312150	0.120819	0.523627	0.181258
26.529093	0.292003	0.110745	0.503540	0.181258
26.560389	0.281930	0.110745	0.493467	0.171185
26.591684	0.271857	0.110745	0.473320	0.161111
26.622980	0.261784	0.110745	0.453174	0.151038
26.654276	0.251770	0.110745	0.443101	0.140965
26.685572	0.261784	0.110745	0.422955	0.140965
26.716867	0.251770	0.100672	0.422955	0.130892
26.748163	0.241697	0.090599	0.412881	0.130892
26.779461	0.231624	0.090599	0.402808	0.130892
26.810757	0.221550	0.090599	0.392735	0.120819
26.842052	0.211477	0.090599	0.382662	0.120819
26.873348	0.211477	0.090599	0.372589	0.110745
26.904644	0.201404	0.090599	0.362515	0.110745
26.935940	0.201404	0.100672	0.342369	0.110745
26.967236	0.191331	0.100672	0.322223	0.100672
26.998531	0.191331	0.100672	0.312150	0.100672
27.029827	0.181258	0.100672	0.292003	0.090599
27.061123	0.171185	0.090599	0.281930	0.090599
27.092419	0.171185	0.080526	0.271857	0.080526
27.123714	0.161111	0.070453	0.261784	0.080526
27.155010	0.151038	0.070453	0.251770	0.070453
27.186306	0.140965	0.060380	0.241697	0.070453
27.217602	0.130892	0.060380	0.241697	0.070453
27.248898	0.130892	0.060380	0.231624	0.070453
27.280195	0.120819	0.060380	0.221550	0.070453
27.311491	0.120819	0.060380	0.211477	0.060380
27.342787	0.120819	0.060380	0.201404	0.050306
27.374083	0.110745	0.060380	0.201404	0.050306
27.405378	0.110745	0.060380	0.191331	0.060380
27.436674	0.110745	0.070453	0.191331	0.060380
27.467970	0.110745	0.060380	0.181258	0.060380
27.499266	0.100672	0.060380	0.171185	0.060380
27.530561	0.090599	0.060380	0.151038	0.050306
27.561857	0.090599	0.070453	0.140965	0.050306
27.593153	0.090599	0.060380	0.130892	0.050306
27.624449	0.090599	0.060380	0.120819	0.050306
27.655745	0.090599	0.050306	0.110745	0.050306
27.687040	0.090599	0.050306	0.100672	0.040233
27.718336	0.080526	0.050306	0.100672	0.040233
27.749632	0.080526	0.050306	0.090599	0.050306
27.780930	0.070453	0.060380	0.090599	0.050306
27.812225	0.070453	0.070453	0.090599	0.060380
27.843521	0.070453	0.070453	0.080526	0.060380
27.874817	0.070453	0.070453	0.080526	0.060380
27.906113	0.070453	0.070453	0.080526	0.060380
27.937408	0.060380	0.060380	0.080526	0.060380
27.968704	0.060380	0.060380	0.070453	0.070453
