21.940655	-0.120863	-0.315562	0.030205	0.073850
21.979643	-0.120863	-0.315562	0.033557	0.073850
22.018633	-0.120863	-0.318915	0.030205	0.077203
22.057623	-0.124216	-0.318915	0.030205	0.077203
22.096613	-0.124216	-0.322267	0.030205	0.080556
22.135603	-0.124216	-0.322267	0.030205	0.087276
22.174593	-0.127569	-0.325635	0.026852	0.090629
22.213581	-0.127569	-0.325635	0.026852	0.087276
22.252571	-0.127569	-0.325635	0.026852	0.080556
22.291561	-0.127569	-0.325635	0.026852	0.073850
22.330551	-0.127569	-0.328988	0.030205	0.073850
22.369541	-0.127569	-0.328988	0.030205	0.080556
22.408531	-0.130922	-0.332341	0.026852	0.083923
22.447521	-0.130922	-0.332341	0.026852	0.087276
22.486509	-0.130922	-0.335708	0.026852	0.087276
22.525499	-0.134289	-0.335708	0.030205	0.087276
22.564489	-0.134289	-0.339061	0.030205	0.087276
22.603479	-0.134289	-0.342414	0.030205	0.087276
22.642469	-0.137642	-0.345767	0.030205	0.087276
22.681459	-0.137642	-0.349134	0.033557	0.087276
22.720448	-0.140995	-0.352487	0.033557	0.087276
22.759438	-0.140995	-0.355840	0.030205	0.083923
22.798428	-0.140995	-0.359207	0.030205	0.087276
22.837418	-0.144362	-0.362560	0.033557	0.087276
22.876408	-0.144362	-0.369266	0.033557	0.087276
22.915398	-0.147715	-0.372633	0.030205	0.087276
22.954386	-0.147715	-0.375986	0.026852	0.083923
22.993376	-0.151068	-0.379339	0.026852	0.083923
23.032366	-0.154421	-0.386059	0.030205	0.083923
23.071356	-0.154421	-0.392765	0.033557	0.090629
23.110346	-0.154421	-0.399485	0.033557	0.093982
23.149336	-0.157788	-0.406206	0.030205	0.097349
23.188324	-0.157788	-0.409558	0.030205	0.093982
23.227314	-0.157788	-0.416264	0.036925	0.090629
23.266304	-0.157788	-0.422984	0.036925	0.087276
23.305294	-0.161141	-0.433058	0.033557	0.090629
23.344284	-0.161141	-0.443131	0.030205	0.090629
23.383274	-0.164494	-0.453189	0.033557	0.083923
23.422262	-0.167862	-0.459909	0.036925	0.080556
23.461252	-0.167862	-0.469983	0.036925	0.083923
23.500242	-0.171214	-0.483409	0.030205	0.090629
23.539232	-0.174567	-0.496835	0.030205	0.090629
23.578222	-0.174567	-0.510260	0.033557	0.087276
23.617212	-0.177920	-0.523686	0.033557	0.083923
23.656202	-0.181288	-0.540480	0.036925	0.083923
23.695190	-0.184640	-0.560611	0.036925	0.087276
23.734180	-0.187993	-0.577405	0.040278	0.083923
23.773170	-0.187993	-0.600904	0.040278	0.083923
23.812160	-0.194713	-0.627756	0.036925	0.083923
23.851151	-0.198066	-0.654608	0.036925	0.083923
23.890141	-0.201419	-0.688180	0.040278	0.080556
23.929129	-0.204787	-0.728473	0.043631	0.077203
23.968119	-0.208139	-0.772104	0.040278	0.067130
24.007109	-0.214845	-0.825822	0.040278	0.060424
24.046099	-0.218213	-0.892952	0.040278	0.057057
24.085089	-0.224918	-0.973523	0.043631	0.053704
24.124079	-0.228286	-1.074225	0.043631	0.050351
24.163067	-0.234991	-1.191720	0.040278	0.046983
24.202057	-0.238344	-1.336068	0.036925	0.040278
24.241047	-0.241712	-1.513988	0.040278	0.033557
24.280037	-0.248417	-1.732200	0.043631	0.023484
24.319027	-0.251785	-2.007470	0.046983	0.023484
24.358017	-0.258490	-2.353236	0.046983	0.033557
24.397005	-0.265211	-2.789631	0.040278	0.053704
24.435995	-0.271916	-3.336817	0.040278	0.087276
24.474985	-0.278637	-4.008204	0.040278	0.144348
24.513975	-0.285342	-4.827306	0.043631	0.231624
24.552965	-0.295416	-5.780682	0.046983	0.362545
24.591955	-0.305489	-6.814614	0.046983	0.540465
24.630943	-0.312209	-7.828414	0.043631	0.762016
24.669933	-0.322267	-8.624018	0.040278	1.027226
24.708923	-0.332341	-8.929506	0.036925	1.292422
24.747913	-0.342414	-8.422598	0.036925	1.497194
24.786903	-0.352487	-6.838113	0.040278	1.571044
24.825893	-0.365913	-4.139125	0.040278	1.477048
24.864883	-0.379339	-0.553906	0.036925	1.238704
24.903872	-0.392765	3.340155	0.033557	0.926509
24.942862	-0.409558	6.864965	0.033557	0.590816
24.981852	-0.426337	9.513601	0.033557	0.248402
25.020842	-0.446483	10.789230	0.036925	-0.043646
25.059832	-0.466630	10.372981	0.040278	-0.157788
25.098822	-0.490129	8.436009	0.040278	-0.026867
25.137810	-0.513628	5.874663	0.036925	0.255123
25.176800	-0.540480	3.783271	0.030205	0.433043
25.215790	-0.570685	2.500921	0.026852	0.443116
25.254780	-0.604257	1.769111	0.023484	0.396118
25.293770	-0.647902	1.312554	0.020131	0.352472
25.332760	-0.694901	1.003727	0.006706	0.315547
25.371748	-0.751957	0.778809	-0.003368	0.285327
25.410738	-0.822455	0.614315	-0.013441	0.258476
25.449728	-0.906378	0.486746	-0.026867	0.234976
25.488718	-1.003742	0.386044	-0.040293	0.224903
25.527708	-1.124591	0.308827	-0.060439	0.211477
25.566698	-1.268938	0.241697	-0.077218	0.201404
25.605686	-1.443490	0.187978	-0.100717	0.184625
25.644676	-1.665056	0.144348	-0.130922	0.171199
25.683666	-1.936972	0.104055	-0.167862	0.164479
25.722656	-2.289444	0.070482	-0.214845	0.157773
25.761646	-2.752707	0.040278	-0.278637	0.151053
25.800636	-3.356963	0.016779	-0.369266	0.147700
25.839624	-4.162624	-0.003368	-0.503555	0.144348
25.878614	-5.518839	-0.023499	-0.751957	0.140980
25.917604	-6.891832	-0.040293	-1.027241	0.134274
25.956594	-8.352100	-0.057071	-1.362935	0.127554
25.995584	-9.533748	-0.070497	-1.661703	0.124201
26.034575	-9.943306	-0.083938	-1.742259	0.124201
26.073565	-9.268552	-0.093997	-1.503915	0.120848
26.112553	-7.459149	-0.104070	-0.956744	0.120848
26.151543	-4.582241	-0.110790	-0.137642	0.117481
26.190533	-0.798956	-0.120863	0.963435	0.117481
26.229523	3.450945	-0.127569	2.212226	0.114128
26.268513	7.063016	-0.134289	3.155529	0.110775
26.307503	9.100691	-0.140995	3.467724	0.104055
26.346491	9.469956	-0.144362	3.222674	0.107422
26.385481	8.654222	-0.151068	2.682194	0.114128
26.424471	7.284582	-0.154421	2.088010	0.114128
26.463461	5.804166	-0.157788	1.560971	0.107422
26.502451	4.474804	-0.161141	1.151428	0.100702
26.541441	3.400579	-0.167862	0.852659	0.104055
26.580429	2.564698	-0.171214	0.641167	0.104055
26.619419	1.947030	-0.174567	0.500172	0.100702
26.658409	1.490474	-0.177920	0.402823	0.097349
26.697399	1.158148	-0.177920	0.335693	0.097349
26.736389	0.913084	-0.177920	0.288695	0.097349
26.775379	0.731811	-0.181288	0.255123	0.093982
26.814367	0.590816	-0.181288	0.228271	0.090629
26.853357	0.483394	-0.184640	0.208125	0.090629
26.892347	0.399470	-0.187993	0.187978	0.093982
26.931337	0.328973	-0.191361	0.177905	0.093982
26.970327	0.275269	-0.191361	0.167847	0.093982
27.009317	0.228271	-0.194713	0.161126	0.093982
27.048306	0.187978	-0.194713	0.154406	0.093982
27.087296	0.151053	-0.198066	0.147700	0.090629
27.126286	0.124201	-0.198066	0.137627	0.087276
27.165276	0.097349	-0.201419	0.127554	0.087276
27.204266	0.077203	-0.201419	0.120848	0.087276
27.243256	0.057057	-0.204787	0.117481	0.087276
27.282246	0.040278	-0.204787	0.114128	0.087276
27.321234	0.026852	-0.204787	0.107422	0.087276
27.360224	0.013426	-0.204787	0.104055	0.083923
27.399214	0.000000	-0.204787	0.100702	0.080556
27.438204	-0.010073	-0.204787	0.097349	0.077203
27.477194	-0.023499	-0.208139	0.093982	0.080556
27.516184	-0.033572	-0.208139	0.090629	0.077203
27.555172	-0.040293	-0.211492	0.090629	0.077203
27.594162	-0.046998	-0.211492	0.087276	0.077203
27.633152	-0.053719	-0.211492	0.087276	0.077203
27.672142	-0.060439	-0.211492	0.083923	0.073850
27.711132	-0.067145	-0.211492	0.083923	0.070482
27.750122	-0.070497	-0.211492	0.080556	0.070482
27.789110	-0.073865	-0.211492	0.077203	0.070482
27.828100	-0.080571	-0.211492	0.073850	0.077203
27.867090	-0.083938	-0.211492	0.073850	0.077203
27.906080	-0.090644	-0.214845	0.077203	0.077203
27.945070	-0.093997	-0.214845	0.077203	0.077203
27.984060	-0.097364	-0.214845	0.077203	0.073850
28.023048	-0.100717	-0.211492	0.077203	0.073850
28.062038	-0.107422	-0.211492	0.077203	0.073850
28.101028	-0.110790	-0.211492	0.073850	0.073850
28.140018	-0.114143	-0.211492	0.073850	0.070482
28.179008	-0.117496	-0.214845	0.070482	0.070482
28.217999	-0.120863	-0.214845	0.067130	0.073850
28.256987	-0.124216	-0.214845	0.063777	0.073850
28.295977	-0.124216	-0.214845	0.063777	0.070482
28.334967	-0.127569	-0.211492	0.063777	0.067130
28.373957	-0.130922	-0.211492	0.060424	0.067130
28.412947	-0.130922	-0.211492	0.060424	0.063777
28.451937	-0.134289	-0.211492	0.063777	0.060424
28.490927	-0.137642	-0.208139	0.063777	0.057057
28.529915	-0.137642	-0.211492	0.060424	0.060424
28.568905	-0.140995	-0.211492	0.057057	0.060424
28.607895	-0.140995	-0.211492	0.057057	0.060424
28.646885	-0.144362	-0.208139	0.060424	0.057057
28.685875	-0.147715	-0.208139	0.063777	0.060424
28.724865	-0.151068	-0.208139	0.067130	0.060424
28.763853	-0.151068	-0.208139	0.067130	0.057057
28.802843	-0.151068	-0.204787	0.067130	0.053704
28.841833	-0.151068	-0.204787	0.067130	0.050351
28.880823	-0.151068	-0.204787	0.063777	0.053704
28.919813	-0.151068	-0.204787	0.063777	0.057057
28.958803	-0.154421	-0.204787	0.063777	0.060424
28.997791	-0.154421	-0.201419	0.067130	0.053704
29.036781	-0.154421	-0.201419	0.063777	0.050351
29.075771	-0.154421	-0.201419	0.060424	0.050351
29.114761	-0.151068	-0.201419	0.060424	0.053704
29.153751	-0.151068	-0.201419	0.053704	0.053704
29.192741	-0.151068	-0.201419	0.046983	0.050351
29.231730	-0.151068	-0.204787	0.043631	0.053704
29.270720	-0.154421	-0.204787	0.040278	0.053704
29.309710	-0.154421	-0.204787	0.043631	0.057057
29.348700	-0.154421	-0.204787	0.043631	0.057057
29.387690	-0.154421	-0.201419	0.043631	0.053704
29.426680	-0.154421	-0.201419	0.043631	0.053704
29.465668	-0.154421	-0.201419	0.043631	0.050351
29.504658	-0.157788	-0.201419	0.043631	0.046983
29.543648	-0.157788	-0.201419	0.046983	0.046983
29.582638	-0.157788	-0.201419	0.050351	0.050351
29.621628	-0.161141	-0.201419	0.050351	0.053704
29.660618	-0.161141	-0.201419	0.050351	0.053704
29.699608	-0.161141	-0.201419	0.053704	0.050351
29.738596	-0.164494	-0.201419	0.057057	0.046983
29.777586	-0.164494	-0.201419	0.060424	0.046983
29.816576	-0.167862	-0.201419	0.057057	0.046983
29.855566	-0.167862	-0.201419	0.050351	0.046983
29.894556	-0.171214	-0.201419	0.050351	0.046983
29.933546	-0.171214	-0.201419	0.046983	0.046983
29.972534	-0.171214	-0.201419	0.050351	0.046983
30.011524	-0.171214	-0.201419	0.050351	0.046983
30.050514	-0.171214	-0.201419	0.050351	0.043631
30.089504	-0.171214	-0.201419	0.053704	0.040278
30.128494	-0.171214	-0.201419	0.053704	0.040278
30.167484	-0.171214	-0.198066	0.053704	0.040278
30.206472	-0.167862	-0.198066	0.050351	0.040278
30.245462	-0.167862	-0.194713	0.046983	0.040278
30.284452	-0.171214	-0.194713	0.046983	0.040278
30.323442	-0.171214	-0.194713	0.046983	0.040278
30.362432	-0.171214	-0.191361	0.043631	0.040278
30.401423	-0.171214	-0.191361	0.043631	0.040278
30.440411	-0.171214	-0.191361	0.043631	0.036925
30.479401	-0.171214	-0.191361	0.050351	0.030205
30.518391	-0.174567	-0.191361	0.050351	0.030205
30.557381	-0.174567	-0.187993	0.043631	0.033557
30.596371	-0.174567	-0.187993	0.036925	0.036925
30.635361	-0.174567	-0.187993	0.040278	0.033557
30.674349	-0.174567	-0.187993	0.040278	0.030205
30.713339	-0.174567	-0.187993	0.040278	0.030205
30.752329	-0.177920	-0.187993	0.043631	0.030205
30.791319	-0.177920	-0.187993	0.046983	0.030205
30.830309	-0.177920	-0.187993	0.046983	0.026852
30.869299	-0.177920	-0.187993	0.046983	0.030205
30.908289	-0.177920	-0.187993	0.040278	0.036925
30.947277	-0.177920	-0.187993	0.036925	0.040278
30.986267	-0.177920	-0.187993	0.036925	0.040278
31.025257	-0.174567	-0.187993	0.040278	0.040278
31.064247	-0.174567	-0.187993	0.040278	0.040278
31.103237	-0.174567	-0.187993	0.040278	0.040278
31.142227	-0.174567	-0.187993	0.040278	0.040278
31.181215	-0.174567	-0.187993	0.040278	0.036925
31.220205	-0.174567	-0.184640	0.040278	0.033557
31.259195	-0.174567	-0.184640	0.036925	0.033557
31.298185	-0.174567	-0.184640	0.036925	0.033557
31.337175	-0.174567	-0.184640	0.036925	0.033557
31.376165	-0.174567	-0.184640	0.036925	0.036925
31.415154	-0.177920	-0.184640	0.036925	0.036925
31.454144	-0.177920	-0.184640	0.036925	0.036925
31.493134	-0.177920	-0.184640	0.040278	0.030205
31.532124	-0.177920	-0.184640	0.043631	0.023484
31.571114	-0.177920	-0.184640	0.040278	0.023484
31.610104	-0.181288	-0.184640	0.036925	0.026852
31.649092	-0.181288	-0.184640	0.033557	0.030205
31.688082	-0.181288	-0.181288	0.036925	0.030205
31.727072	-0.184640	-0.181288	0.040278	0.030205
31.766062	-0.184640	-0.181288	0.043631	0.030205
31.805052	-0.184640	-0.181288	0.046983	0.033557
31.844042	-0.184640	-0.184640	0.046983	0.030205
31.883030	-0.184640	-0.184640	0.046983	0.033557
31.922020	-0.184640	-0.184640	0.043631	0.036925
31.961010	-0.184640	-0.184640	0.043631	0.040278
