22.510115	-0.006720	0.006706	-0.040293	-0.030220
22.549194	-0.006720	0.010058	-0.040293	-0.030220
22.588276	-0.006720	0.010058	-0.033572	-0.030220
22.627357	-0.003368	0.013426	-0.030220	-0.030220
22.666439	-0.003368	0.016779	-0.030220	-0.030220
22.705521	-0.003368	0.020131	-0.026867	-0.026867
22.744602	0.000000	0.023484	-0.026867	-0.023499
22.783682	0.000000	0.030205	-0.026867	-0.023499
22.822763	0.003353	0.033557	-0.023499	-0.023499
22.861845	0.003353	0.036925	-0.023499	-0.026867
22.900927	0.003353	0.040278	-0.026867	-0.030220
22.940008	0.003353	0.046983	-0.030220	-0.030220
22.979090	0.006706	0.050351	-0.036940	-0.033572
23.018169	0.006706	0.053704	-0.040293	-0.036940
23.057251	0.010058	0.060424	-0.040293	-0.040293
23.096333	0.010058	0.063777	-0.040293	-0.043646
23.135414	0.010058	0.070482	-0.043646	-0.040293
23.174496	0.013426	0.077203	-0.046998	-0.040293
23.213577	0.013426	0.080556	-0.046998	-0.040293
23.252657	0.016779	0.087276	-0.046998	-0.043646
23.291739	0.020131	0.093982	-0.040293	-0.046998
23.330820	0.020131	0.100702	-0.036940	-0.050366
23.369902	0.023484	0.110775	-0.033572	-0.050366
23.408983	0.026852	0.117481	-0.033572	-0.046998
23.448065	0.026852	0.127554	-0.033572	-0.046998
23.487144	0.030205	0.134274	-0.033572	-0.046998
23.526226	0.033557	0.140980	-0.033572	-0.050366
23.565308	0.033557	0.151053	-0.036940	-0.050366
23.604389	0.036925	0.161126	-0.040293	-0.050366
23.643471	0.040278	0.171199	-0.043646	-0.050366
23.682550	0.043631	0.181273	-0.046998	-0.053719
23.721632	0.046983	0.191346	-0.046998	-0.060439
23.760714	0.050351	0.201404	-0.046998	-0.067145
23.799795	0.053704	0.218198	-0.046998	-0.073865
23.838877	0.057057	0.228271	-0.050366	-0.080571
23.877958	0.060424	0.241697	-0.050366	-0.083938
23.917038	0.063777	0.258476	-0.050366	-0.093997
23.956120	0.070482	0.271901	-0.046998	-0.100717
23.995201	0.073850	0.288695	-0.043646	-0.107422
24.034283	0.080556	0.308827	-0.043646	-0.110790
24.073364	0.083923	0.325620	-0.046998	-0.114143
24.112446	0.087276	0.342399	-0.046998	-0.120863
24.151525	0.090629	0.362545	-0.046998	-0.127569
24.190607	0.093982	0.382692	-0.046998	-0.137642
24.229689	0.097349	0.402823	-0.050366	-0.147715
24.268770	0.104055	0.426322	-0.057071	-0.157788
24.307852	0.110775	0.453174	-0.063792	-0.167862
24.346933	0.114128	0.486746	-0.067145	-0.174567
24.386013	0.120848	0.527039	-0.067145	-0.184640
24.425095	0.127554	0.574037	-0.067145	-0.194713
24.464176	0.137627	0.631094	-0.063792	-0.204787
24.503258	0.144348	0.698239	-0.060439	-0.211492
24.542339	0.151053	0.775442	-0.057071	-0.221565
24.581421	0.157773	0.869438	-0.053719	-0.234991
24.620501	0.164479	0.986934	-0.053719	-0.255138
24.659582	0.174552	1.127928	-0.053719	-0.281990
24.698664	0.181273	1.312554	-0.057071	-0.318915
24.737745	0.191346	1.547545	-0.060439	-0.369266
24.776827	0.198051	1.853034	-0.063792	-0.443131
24.815907	0.208125	2.249151	-0.073865	-0.543833
24.854988	0.218198	2.759412	-0.083938	-0.691533
24.894070	0.231624	3.407300	-0.090644	-0.899673
24.933151	0.241697	4.189476	-0.097364	-1.171589
24.972233	0.251770	5.062282	-0.104070	-1.500562
25.011314	0.265196	5.955219	-0.110790	-1.866475
25.050394	0.278622	6.707177	-0.114143	-2.202168
25.089476	0.292048	7.160366	-0.114143	-2.430439
25.128557	0.308827	7.217437	-0.114143	-2.494216
25.167639	0.325620	6.878391	-0.114143	-2.390161
25.206720	0.342399	6.240561	-0.114143	-2.145097
25.245802	0.359192	5.401328	-0.117496	-1.806051
25.284882	0.379324	4.488245	-0.124216	-1.423359
25.323963	0.399470	3.598645	-0.130922	-1.054093
25.363045	0.419617	2.833262	-0.144362	-0.741899
25.402126	0.439748	2.249151	-0.157788	-0.513628
25.441208	0.466615	1.826182	-0.171214	-0.369266
25.480289	0.493467	1.537472	-0.184640	-0.278637
25.519369	0.523672	1.329347	-0.194713	-0.218213
25.558451	0.560597	1.168206	-0.204787	-0.177920
25.597532	0.604242	1.040652	-0.214845	-0.151068
25.636614	0.651240	0.936583	-0.221565	-0.130922
25.675695	0.708312	0.845939	-0.228286	-0.120863
25.714777	0.775442	0.772089	-0.234991	-0.110790
25.753857	0.852659	0.708312	-0.241712	-0.104070
25.792938	0.946656	0.651240	-0.251785	-0.097364
25.832020	1.060784	0.600889	-0.265211	-0.090644
25.871101	1.201779	0.557244	-0.281990	-0.087291
25.910183	1.379699	0.516966	-0.305489	-0.087291
25.949263	1.614690	0.483394	-0.339061	-0.083938
25.988344	1.947030	0.449821	-0.386059	-0.080571
26.027426	2.450571	0.419617	-0.443131	-0.073865
26.066507	3.192455	0.392750	-0.486761	-0.067145
26.105589	4.172683	0.362545	-0.530407	-0.067145
26.144670	5.273759	0.339046	-0.574052	-0.067145
26.183750	6.311059	0.318900	-0.634477	-0.067145
26.222832	7.140234	0.298768	-0.701606	-0.067145
26.261913	7.630348	0.281975	-0.762030	-0.067145
26.300995	7.727697	0.261828	-0.802323	-0.067145
26.340076	7.432282	0.245050	-0.819102	-0.067145
26.379158	6.804541	0.231624	-0.809029	-0.070497
26.418238	5.955219	0.218198	-0.772104	-0.067145
26.457319	5.032063	0.204772	-0.708327	-0.063792
26.496401	4.152536	0.194699	-0.627756	-0.057071
26.535482	3.383801	0.181273	-0.543833	-0.053719
26.574564	2.756044	0.171199	-0.459909	-0.050366
26.613646	2.265930	0.161126	-0.382707	-0.046998
26.652725	1.883239	0.151053	-0.315562	-0.043646
26.691807	1.591191	0.140980	-0.258490	-0.040293
26.730888	1.366273	0.130907	-0.211492	-0.036940
26.769970	1.188353	0.124201	-0.177920	-0.033572
26.809052	1.050726	0.117481	-0.151068	-0.036940
26.848133	0.936583	0.107422	-0.130922	-0.040293
26.887213	0.845939	0.100702	-0.117496	-0.040293
26.926294	0.772089	0.093982	-0.107422	-0.040293
26.965376	0.691518	0.087276	-0.100717	-0.040293
27.004457	0.637814	0.080556	-0.093997	-0.040293
27.043539	0.594169	0.073850	-0.090644	-0.043646
27.082619	0.550538	0.067130	-0.087291	-0.046998
27.121700	0.513613	0.060424	-0.083938	-0.043646
27.160782	0.480041	0.057057	-0.080571	-0.043646
27.199863	0.449821	0.050351	-0.077218	-0.043646
27.238945	0.422969	0.046983	-0.070497	-0.043646
27.278027	0.396118	0.040278	-0.067145	-0.043646
27.317106	0.372618	0.036925	-0.063792	-0.040293
27.356188	0.349119	0.033557	-0.063792	-0.036940
27.395269	0.328973	0.026852	-0.063792	-0.033572
27.434351	0.308827	0.023484	-0.063792	-0.030220
27.473433	0.292048	0.020131	-0.063792	-0.030220
27.512514	0.275269	0.016779	-0.063792	-0.026867
27.551594	0.258476	0.010058	-0.063792	-0.023499
27.590675	0.241697	0.006706	-0.060439	-0.020146
27.629757	0.228271	0.003353	-0.060439	-0.013441
27.668839	0.214845	0.000000	-0.060439	-0.013441
27.707920	0.201404	-0.003368	-0.057071	-0.013441
27.747002	0.191346	-0.006720	-0.050366	-0.016794
27.786081	0.181273	-0.010073	-0.046998	-0.020146
27.825163	0.171199	-0.013441	-0.046998	-0.023499
27.864244	0.161126	-0.013441	-0.046998	-0.023499
27.903326	0.151053	-0.016794	-0.043646	-0.026867
27.942408	0.140980	-0.020146	-0.043646	-0.026867
27.981489	0.130907	-0.023499	-0.040293	-0.026867
28.020569	0.124201	-0.026867	-0.043646	-0.023499
28.059650	0.114128	-0.030220	-0.046998	-0.023499
28.098732	0.107422	-0.030220	-0.046998	-0.020146
28.137814	0.100702	-0.033572	-0.046998	-0.016794
28.176895	0.093982	-0.036940	-0.046998	-0.016794
28.215975	0.087276	-0.036940	-0.043646	-0.020146
28.255056	0.080556	-0.040293	-0.043646	-0.016794
28.294138	0.073850	-0.043646	-0.043646	-0.016794
28.333220	0.070482	-0.043646	-0.040293	-0.020146
28.372301	0.063777	-0.046998	-0.036940	-0.020146
28.411383	0.060424	-0.050366	-0.033572	-0.023499
28.450462	0.053704	-0.050366	-0.030220	-0.023499
28.489544	0.050351	-0.053719	-0.026867	-0.020146
28.528625	0.043631	-0.053719	-0.023499	-0.016794
28.567707	0.040278	-0.057071	-0.023499	-0.013441
28.606789	0.036925	-0.057071	-0.020146	-0.013441
28.645870	0.033557	-0.060439	-0.020146	-0.010073
28.684950	0.030205	-0.060439	-0.020146	-0.006720
28.724031	0.026852	-0.063792	-0.020146	-0.003368
28.763113	0.020131	-0.063792	-0.023499	-0.003368
28.802195	0.016779	-0.067145	-0.023499	-0.003368
28.841276	0.013426	-0.067145	-0.023499	-0.006720
28.880358	0.010058	-0.067145	-0.023499	-0.006720
28.919437	0.006706	-0.070497	-0.023499	-0.010073
28.958519	0.003353	-0.070497	-0.026867	-0.010073
28.997601	0.000000	-0.073865	-0.026867	-0.013441
29.036682	-0.003368	-0.073865	-0.023499	-0.016794
29.075764	-0.003368	-0.077218	-0.020146	-0.023499
29.114845	-0.006720	-0.080571	-0.020146	-0.023499
29.153925	-0.010073	-0.080571	-0.020146	-0.023499
29.193007	-0.013441	-0.080571	-0.020146	-0.023499
29.232088	-0.016794	-0.083938	-0.016794	-0.020146
29.271170	-0.016794	-0.083938	-0.013441	-0.016794
29.310251	-0.020146	-0.083938	-0.010073	-0.013441
29.349333	-0.023499	-0.083938	-0.010073	-0.013441
29.388412	-0.026867	-0.087291	-0.010073	-0.010073
29.427494	-0.030220	-0.087291	-0.013441	-0.010073
29.466576	-0.033572	-0.087291	-0.013441	-0.010073
29.505657	-0.033572	-0.090644	-0.013441	-0.013441
29.544739	-0.036940	-0.090644	-0.013441	-0.010073
29.583818	-0.040293	-0.090644	-0.013441	-0.010073
29.622900	-0.040293	-0.090644	-0.013441	-0.013441
29.661982	-0.040293	-0.093997	-0.016794	-0.013441
29.701063	-0.043646	-0.093997	-0.016794	-0.016794
29.740145	-0.043646	-0.093997	-0.016794	-0.016794
29.779226	-0.046998	-0.097364	-0.016794	-0.020146
29.818306	-0.050366	-0.097364	-0.016794	-0.020146
29.857388	-0.050366	-0.097364	-0.016794	-0.016794
29.896469	-0.053719	-0.097364	-0.016794	-0.013441
29.935551	-0.057071	-0.097364	-0.013441	-0.010073
29.974632	-0.057071	-0.100717	-0.013441	-0.003368
30.013714	-0.060439	-0.100717	-0.013441	0.000000
30.052794	-0.060439	-0.100717	-0.016794	0.003353
30.091875	-0.063792	-0.104070	-0.016794	0.003353
30.130957	-0.063792	-0.104070	-0.016794	0.003353
30.170038	-0.067145	-0.104070	-0.013441	0.003353
30.209120	-0.067145	-0.104070	-0.013441	0.000000
30.248201	-0.070497	-0.104070	-0.010073	-0.003368
30.287281	-0.070497	-0.107422	-0.010073	-0.006720
30.326363	-0.070497	-0.107422	-0.006720	-0.010073
30.365444	-0.073865	-0.107422	-0.006720	-0.010073
30.404526	-0.073865	-0.110790	-0.003368	-0.010073
30.443607	-0.073865	-0.110790	-0.003368	-0.010073
30.482689	-0.077218	-0.110790	-0.003368	-0.010073
30.521769	-0.077218	-0.110790	-0.006720	-0.013441
30.560850	-0.077218	-0.114143	-0.006720	-0.010073
30.599932	-0.080571	-0.114143	-0.010073	-0.010073
30.639013	-0.080571	-0.114143	-0.010073	-0.010073
30.678095	-0.080571	-0.114143	-0.013441	-0.010073
30.717175	-0.083938	-0.114143	-0.013441	-0.010073
30.756256	-0.083938	-0.117496	-0.016794	-0.013441
30.795338	-0.087291	-0.117496	-0.020146	-0.010073
30.834419	-0.087291	-0.117496	-0.016794	-0.010073
30.873501	-0.087291	-0.117496	-0.013441	-0.010073
30.912582	-0.090644	-0.117496	-0.010073	-0.010073
30.951662	-0.090644	-0.117496	-0.006720	-0.010073
30.990744	-0.090644	-0.120863	-0.006720	-0.013441
31.029825	-0.093997	-0.120863	-0.003368	-0.013441
31.068907	-0.093997	-0.120863	0.000000	-0.013441
31.107988	-0.093997	-0.120863	0.000000	-0.013441
31.147070	-0.093997	-0.120863	-0.003368	-0.010073
31.186150	-0.097364	-0.120863	-0.006720	-0.010073
31.225231	-0.097364	-0.120863	-0.010073	-0.010073
31.264313	-0.100717	-0.124216	-0.010073	-0.010073
31.303394	-0.100717	-0.124216	-0.010073	-0.006720
31.342476	-0.100717	-0.124216	-0.010073	-0.010073
31.381557	-0.104070	-0.124216	-0.013441	-0.013441
31.420637	-0.104070	-0.124216	-0.016794	-0.013441
31.459719	-0.104070	-0.127569	-0.016794	-0.016794
31.498800	-0.104070	-0.127569	-0.013441	-0.016794
31.537882	-0.104070	-0.127569	-0.010073	-0.013441
31.576963	-0.104070	-0.127569	-0.010073	-0.013441
31.616045	-0.107422	-0.127569	-0.006720	-0.016794
31.655125	-0.107422	-0.130922	-0.006720	-0.016794
31.694206	-0.107422	-0.130922	-0.003368	-0.013441
31.733288	-0.107422	-0.130922	-0.003368	-0.010073
31.772369	-0.110790	-0.130922	-0.003368	-0.006720
31.811451	-0.110790	-0.130922	-0.006720	-0.006720
31.850531	-0.110790	-0.130922	-0.010073	-0.003368
31.889612	-0.110790	-0.130922	-0.013441	-0.003368
31.928694	-0.114143	-0.130922	-0.016794	0.000000
31.967775	-0.114143	-0.130922	-0.016794	0.003353
32.006855	-0.114143	-0.130922	-0.016794	0.003353
32.045937	-0.114143	-0.130922	-0.016794	0.003353
32.085018	-0.114143	-0.130922	-0.016794	0.000000
32.124100	-0.114143	-0.134289	-0.016794	-0.003368
32.163181	-0.114143	-0.134289	-0.016794	-0.006720
32.202263	-0.117496	-0.137642	-0.016794	-0.010073
32.241344	-0.117496	-0.137642	-0.016794	-0.013441
32.280426	-0.117496	-0.134289	-0.016794	-0.013441
32.319508	-0.117496	-0.134289	-0.020146	-0.013441
32.358589	-0.117496	-0.134289	-0.020146	-0.010073
32.397671	-0.117496	-0.134289	-0.020146	-0.010073
32.436749	-0.117496	-0.134289	-0.020146	-0.006720
32.475830	-0.117496	-0.134289	-0.020146	-0.006720
32.514912	-0.117496	-0.134289	-0.016794	-0.003368
32.553993	-0.120863	-0.134289	-0.013441	-0.003368
32.593075	-0.120863	-0.134289	-0.010073	-0.003368
32.632156	-0.120863	-0.134289	-0.010073	0.000000
32.671238	-0.120863	-0.134289	-0.010073	0.000000
32.710320	-0.124216	-0.134289	-0.006720	0.000000
32.749401	-0.124216	-0.134289	-0.006720	0.000000
32.788483	-0.124216	-0.134289	-0.003368	0.000000
32.827564	-0.124216	-0.137642	0.000000	-0.003368
32.866642	-0.127569	-0.137642	0.003353	-0.003368
32.905724	-0.127569	-0.137642	0.003353	-0.003368
32.944805	-0.127569	-0.137642	0.006706	-0.003368
32.983887	-0.127569	-0.137642	0.006706	-0.003368
33.022968	-0.127569	-0.137642	0.006706	-0.003368
33.062050	-0.130922	-0.140995	0.003353	-0.003368
33.101131	-0.130922	-0.140995	0.000000	-0.003368
33.140213	-0.130922	-0.140995	0.003353	-0.003368
33.179295	-0.130922	-0.140995	0.003353	-0.003368
33.218376	-0.130922	-0.140995	0.003353	-0.006720
33.257458	-0.134289	-0.140995	0.000000	-0.006720
33.296539	-0.134289	-0.137642	-0.006720	-0.006720
33.335617	-0.134289	-0.137642	-0.006720	-0.006720
33.374699	-0.134289	-0.137642	-0.006720	-0.003368
33.413780	-0.134289	-0.137642	-0.006720	-0.003368
33.452862	-0.134289	-0.137642	-0.006720	-0.003368
33.491943	-0.134289	-0.140995	-0.006720	-0.006720
33.531025	-0.134289	-0.140995	-0.010073	-0.006720
33.570107	-0.137642	-0.140995	-0.010073	-0.006720
33.609188	-0.137642	-0.140995	-0.013441	-0.006720
33.648270	-0.137642	-0.140995	-0.013441	-0.006720
33.687351	-0.137642	-0.137642	-0.013441	-0.006720
33.726433	-0.137642	-0.137642	-0.013441	-0.006720
33.765514	-0.140995	-0.137642	-0.013441	-0.006720
33.804592	-0.140995	-0.137642	-0.013441	-0.006720
33.843674	-0.140995	-0.137642	-0.013441	-0.006720
33.882755	-0.140995	-0.140995	-0.013441	-0.003368
33.921837	-0.140995	-0.140995	-0.013441	-0.003368
33.960918	-0.140995	-0.140995	-0.010073	-0.006720
