20.958424	-0.100851	-0.268698	0.369072	0.536919
20.989719	-0.100851	-0.235081	0.369072	0.536919
21.021015	-0.100851	-0.235081	0.369072	0.536919
21.052311	-0.100851	-0.235081	0.402689	0.536919
21.083607	-0.100851	-0.235081	0.402689	0.536919
21.114902	-0.100851	-0.235081	0.436306	0.536919
21.146198	-0.100851	-0.235081	0.436306	0.536919
21.177494	-0.100851	-0.235081	0.436306	0.536919
21.208790	-0.100851	-0.235081	0.436306	0.570536
21.240086	-0.067234	-0.235081	0.436306	0.536919
21.271381	-0.067234	-0.235081	0.402689	0.536919
21.302677	-0.067234	-0.235081	0.402689	0.536919
21.333973	-0.067234	-0.235081	0.402689	0.536919
21.365271	-0.067234	-0.235081	0.369072	0.536919
21.396566	-0.067234	-0.268698	0.369072	0.536919
21.427862	-0.067234	-0.268698	0.369072	0.536919
21.459158	-0.067234	-0.268698	0.369072	0.536919
21.490454	-0.100851	-0.268698	0.369072	0.536919
21.521749	-0.100851	-0.235081	0.402689	0.536919
21.553045	-0.067234	-0.235081	0.402689	0.536919
21.584341	-0.067234	-0.235081	0.402689	0.503540
21.615637	-0.067234	-0.235081	0.402689	0.503540
21.646933	-0.067234	-0.235081	0.402689	0.503540
21.678228	-0.067234	-0.201464	0.402689	0.503540
21.709524	-0.067234	-0.201464	0.402689	0.503540
21.740820	-0.067234	-0.201464	0.402689	0.503540
21.772116	-0.067234	-0.201464	0.369072	0.503540
21.803411	-0.067234	-0.201464	0.369072	0.503540
21.834707	-0.067234	-0.201464	0.369072	0.503540
21.866005	-0.067234	-0.201464	0.369072	0.503540
21.897301	-0.033617	-0.201464	0.402689	0.536919
21.928596	-0.033617	-0.201464	0.402689	0.536919
21.959892	-0.033617	-0.168085	0.402689	0.536919
21.991188	-0.033617	-0.168085	0.402689	0.536919
22.022484	-0.033617	-0.168085	0.402689	0.536919
22.053780	-0.033617	-0.168085	0.402689	0.536919
22.085075	-0.033617	-0.168085	0.402689	0.536919
22.116371	-0.033617	-0.168085	0.436306	0.536919
22.147667	-0.033617	-0.168085	0.436306	0.536919
22.178963	-0.033617	-0.168085	0.436306	0.570536
22.210258	-0.033617	-0.168085	0.436306	0.570536
22.241554	-0.033617	-0.134468	0.436306	0.570536
22.272850	-0.033617	-0.134468	0.436306	0.570536
22.304146	-0.033617	-0.134468	0.436306	0.570536
22.335442	-0.033617	-0.100851	0.436306	0.536919
22.366739	0.000000	-0.100851	0.436306	0.536919
22.398035	0.000000	-0.100851	0.436306	0.536919
22.429331	0.000000	-0.100851	0.436306	0.503540
22.460627	0.000000	-0.100851	0.436306	0.503540
22.491922	0.000000	-0.100851	0.469923	0.503540
22.523218	0.000000	-0.067234	0.469923	0.503540
22.554514	0.000000	-0.067234	0.469923	0.503540
22.585810	0.000000	-0.067234	0.436306	0.503540
22.617105	0.033379	-0.033617	0.436306	0.503540
22.648401	0.033379	-0.033617	0.436306	0.503540
22.679697	0.033379	-0.033617	0.436306	0.503540
22.710993	0.033379	0.000000	0.436306	0.503540
22.742289	0.033379	0.000000	0.436306	0.503540
22.773584	0.033379	0.033379	0.436306	0.503540
22.804880	0.033379	0.033379	0.436306	0.503540
22.836176	0.033379	0.066996	0.436306	0.503540
22.867474	0.033379	0.066996	0.436306	0.469923
22.898769	0.033379	0.066996	0.469923	0.469923
22.930065	0.033379	0.066996	0.469923	0.469923
22.961361	0.033379	0.100613	0.469923	0.469923
22.992657	0.033379	0.100613	0.436306	0.469923
23.023952	0.033379	0.134230	0.436306	0.469923
23.055248	0.033379	0.167847	0.436306	0.436306
23.086544	0.066996	0.167847	0.436306	0.436306
23.117840	0.066996	0.201225	0.436306	0.436306
23.149136	0.066996	0.201225	0.436306	0.436306
23.180431	0.066996	0.201225	0.402689	0.436306
23.211727	0.066996	0.234842	0.402689	0.436306
23.243023	0.066996	0.268459	0.402689	0.436306
23.274319	0.100613	0.302076	0.402689	0.436306
23.305614	0.100613	0.335693	0.402689	0.436306
23.336912	0.100613	0.369072	0.402689	0.402689
23.368208	0.100613	0.436306	0.402689	0.402689
23.399504	0.100613	0.469923	0.402689	0.402689
23.430799	0.100613	0.536919	0.402689	0.402689
23.462095	0.100613	0.637770	0.402689	0.402689
23.493391	0.134230	0.704765	0.402689	0.369072
23.524687	0.134230	0.839233	0.402689	0.369072
23.555983	0.134230	0.973463	0.402689	0.335693
23.587278	0.167847	1.141310	0.402689	0.302076
23.618574	0.167847	1.342773	0.402689	0.268459
23.649870	0.167847	1.611233	0.402689	0.201225
23.681166	0.167847	1.946926	0.369072	0.134230
23.712461	0.167847	2.349854	0.369072	0.033379
23.743757	0.167847	2.887011	0.369072	-0.100851
23.775053	0.167847	3.524780	0.369072	-0.268698
23.806349	0.201225	4.263401	0.369072	-0.503778
23.837646	0.201225	5.069017	0.369072	-0.772238
23.868942	0.234842	5.841255	0.369072	-1.007318
23.900238	0.268459	6.445408	0.369072	-1.242161
23.931534	0.268459	6.781101	0.369072	-1.376390
23.962830	0.302076	6.814718	0.369072	-1.410007
23.994125	0.302076	6.579638	0.369072	-1.376390
24.025421	0.302076	6.109715	0.369072	-1.208544
24.056717	0.302076	5.471945	0.369072	-1.007318
24.088013	0.335693	4.766941	0.369072	-0.738621
24.119308	0.335693	3.961086	0.335693	-0.470161
24.150604	0.335693	3.222704	0.335693	-0.235081
24.181900	0.369072	2.584696	0.302076	-0.033617
24.213196	0.402689	2.047777	0.268459	0.100613
24.244492	0.402689	1.678467	0.268459	0.201225
24.275787	0.436306	1.409769	0.234842	0.234842
24.307083	0.436306	1.174927	0.234842	0.268459
24.338381	0.469923	1.040459	0.234842	0.302076
24.369677	0.469923	0.906229	0.234842	0.302076
24.400972	0.503540	0.805616	0.234842	0.335693
24.432268	0.536919	0.738382	0.234842	0.335693
24.463564	0.604153	0.671387	0.234842	0.335693
24.494860	0.637770	0.604153	0.234842	0.369072
24.526155	0.704765	0.536919	0.234842	0.369072
24.557451	0.771999	0.503540	0.234842	0.402689
24.588747	0.839233	0.436306	0.234842	0.402689
24.620043	0.939846	0.369072	0.234842	0.436306
24.651339	1.040459	0.335693	0.234842	0.469923
24.682634	1.174927	0.302076	0.201225	0.469923
24.713930	1.342773	0.268459	0.167847	0.503540
24.745226	1.577616	0.234842	0.134230	0.503540
24.776522	1.846313	0.201225	0.134230	0.469923
24.807819	2.282619	0.201225	0.100613	0.469923
24.839115	2.887011	0.167847	0.066996	0.469923
24.870411	3.692627	0.167847	0.033379	0.436306
24.901707	4.632711	0.134230	0.033379	0.436306
24.933002	5.538940	0.134230	-0.033617	0.436306
24.964298	6.311178	0.100613	-0.067234	0.436306
24.995594	6.915331	0.100613	-0.100851	0.436306
25.026890	7.217646	0.100613	-0.134468	0.436306
25.058186	7.251024	0.066996	-0.168085	0.436306
25.089481	7.016182	0.066996	-0.168085	0.469923
25.120777	6.512642	0.066996	-0.134468	0.469923
25.152073	5.841255	0.066996	-0.100851	0.469923
25.183369	5.069017	0.033379	-0.033617	0.503540
25.214664	4.263401	0.033379	0.033379	0.503540
25.245960	3.558397	0.033379	0.066996	0.503540
25.277256	2.954006	0.000000	0.100613	0.503540
25.308554	2.450466	0.000000	0.134230	0.503540
25.339849	2.047777	0.000000	0.167847	0.503540
25.371145	1.712084	-0.033617	0.201225	0.536919
25.402441	1.477003	-0.033617	0.234842	0.536919
25.433737	1.275539	-0.033617	0.268459	0.503540
25.465033	1.107693	-0.033617	0.268459	0.503540
25.496328	0.973463	-0.033617	0.302076	0.503540
25.527624	0.872612	-0.033617	0.335693	0.469923
25.558920	0.805616	-0.067234	0.335693	0.469923
25.590216	0.738382	-0.067234	0.369072	0.503540
25.621511	0.671387	-0.067234	0.402689	0.503540
25.652807	0.637770	-0.067234	0.402689	0.503540
25.684103	0.570536	-0.067234	0.402689	0.503540
25.715399	0.536919	-0.067234	0.402689	0.503540
25.746695	0.503540	-0.100851	0.402689	0.503540
25.777990	0.469923	-0.100851	0.436306	0.503540
25.809288	0.436306	-0.100851	0.436306	0.469923
25.840584	0.402689	-0.100851	0.436306	0.469923
25.871880	0.369072	-0.100851	0.436306	0.469923
25.903175	0.335693	-0.100851	0.436306	0.469923
25.934471	0.302076	-0.100851	0.436306	0.469923
25.965767	0.268459	-0.100851	0.436306	0.469923
25.997063	0.268459	-0.100851	0.469923	0.469923
26.028358	0.234842	-0.134468	0.469923	0.469923
26.059654	0.201225	-0.134468	0.469923	0.436306
26.090950	0.167847	-0.134468	0.469923	0.436306
26.122246	0.167847	-0.134468	0.469923	0.436306
26.153542	0.167847	-0.134468	0.469923	0.436306
26.184837	0.167847	-0.134468	0.469923	0.436306
26.216133	0.134230	-0.168085	0.469923	0.436306
26.247429	0.134230	-0.168085	0.469923	0.436306
26.278725	0.100613	-0.168085	0.469923	0.436306
26.310022	0.100613	-0.134468	0.469923	0.436306
26.341318	0.066996	-0.134468	0.469923	0.436306
26.372614	0.066996	-0.134468	0.469923	0.436306
26.403910	0.066996	-0.134468	0.469923	0.436306
26.435205	0.066996	-0.134468	0.436306	0.436306
26.466501	0.033379	-0.134468	0.436306	0.436306
26.497797	0.033379	-0.168085	0.436306	0.436306
26.529093	0.033379	-0.168085	0.436306	0.469923
26.560389	0.000000	-0.168085	0.436306	0.469923
26.591684	0.000000	-0.134468	0.436306	0.469923
26.622980	0.000000	-0.134468	0.436306	0.469923
26.654276	0.000000	-0.134468	0.436306	0.469923
26.685572	0.000000	-0.134468	0.436306	0.469923
26.716867	-0.033617	-0.134468	0.436306	0.469923
26.748163	-0.033617	-0.134468	0.436306	0.469923
26.779461	-0.033617	-0.134468	0.436306	0.469923
26.810757	-0.033617	-0.134468	0.436306	0.469923
26.842052	-0.033617	-0.134468	0.436306	0.469923
26.873348	-0.067234	-0.168085	0.436306	0.436306
26.904644	-0.067234	-0.168085	0.436306	0.436306
26.935940	-0.067234	-0.168085	0.436306	0.436306
26.967236	-0.033617	-0.168085	0.436306	0.436306
26.998531	-0.067234	-0.168085	0.469923	0.469923
27.029827	-0.067234	-0.168085	0.469923	0.469923
27.061123	-0.067234	-0.168085	0.469923	0.503540
27.092419	-0.100851	-0.168085	0.469923	0.503540
27.123714	-0.100851	-0.168085	0.503540	0.503540
27.155010	-0.100851	-0.168085	0.503540	0.469923
27.186306	-0.100851	-0.168085	0.503540	0.469923
27.217602	-0.134468	-0.201464	0.503540	0.469923
27.248898	-0.134468	-0.201464	0.503540	0.436306
27.280195	-0.134468	-0.201464	0.469923	0.436306
27.311491	-0.134468	-0.201464	0.469923	0.436306
27.342787	-0.134468	-0.201464	0.469923	0.436306
27.374083	-0.168085	-0.201464	0.469923	0.436306
27.405378	-0.168085	-0.201464	0.469923	0.436306
27.436674	-0.168085	-0.201464	0.469923	0.436306
27.467970	-0.168085	-0.201464	0.436306	0.436306
27.499266	-0.201464	-0.201464	0.436306	0.436306
27.530561	-0.201464	-0.201464	0.436306	0.436306
27.561857	-0.168085	-0.201464	0.436306	0.436306
27.593153	-0.168085	-0.201464	0.436306	0.436306
27.624449	-0.168085	-0.201464	0.436306	0.436306
27.655745	-0.168085	-0.201464	0.436306	0.436306
27.687040	-0.168085	-0.201464	0.436306	0.436306
27.718336	-0.168085	-0.201464	0.469923	0.436306
27.749632	-0.168085	-0.201464	0.469923	0.436306
27.780930	-0.168085	-0.201464	0.469923	0.436306
27.812225	-0.201464	-0.201464	0.503540	0.436306
27.843521	-0.201464	-0.201464	0.503540	0.436306
27.874817	-0.201464	-0.201464	0.469923	0.436306
27.906113	-0.201464	-0.201464	0.469923	0.436306
27.937408	-0.201464	-0.201464	0.469923	0.436306
27.968704	-0.201464	-0.201464	0.469923	0.436306
