20.958424	-0.020146	0.000000	0.010014	0.010014
20.989719	-0.020146	-0.010073	0.020087	0.010014
21.021015	-0.020146	-0.010073	0.020087	0.020087
21.052311	-0.020146	0.000000	0.030160	0.030160
21.083607	-0.010073	0.000000	0.040233	0.030160
21.114902	-0.010073	0.000000	0.040233	0.040233
21.146198	-0.010073	0.000000	0.050306	0.050306
21.177494	-0.010073	0.000000	0.050306	0.060380
21.208790	-0.010073	-0.010073	0.050306	0.080526
21.240086	-0.010073	-0.010073	0.040233	0.090599
21.271381	-0.010073	0.000000	0.030160	0.090599
21.302677	-0.010073	0.000000	0.020087	0.100672
21.333973	-0.010073	0.010014	0.020087	0.100672
21.365271	-0.010073	0.010014	0.030160	0.110745
21.396566	-0.020146	0.010014	0.040233	0.110745
21.427862	-0.020146	0.020087	0.040233	0.100672
21.459158	-0.010073	0.020087	0.050306	0.100672
21.490454	-0.010073	0.020087	0.060380	0.110745
21.521749	-0.010073	0.020087	0.060380	0.120819
21.553045	-0.010073	0.030160	0.070453	0.130892
21.584341	-0.010073	0.030160	0.070453	0.140965
21.615637	-0.010073	0.030160	0.070453	0.151038
21.646933	-0.010073	0.030160	0.070453	0.161111
21.678228	-0.010073	0.030160	0.070453	0.171185
21.709524	-0.010073	0.030160	0.070453	0.181258
21.740820	0.000000	0.020087	0.070453	0.191331
21.772116	0.000000	0.020087	0.070453	0.211477
21.803411	0.000000	0.020087	0.070453	0.221550
21.834707	0.000000	0.020087	0.070453	0.231624
21.866005	0.000000	0.030160	0.080526	0.241697
21.897301	0.000000	0.030160	0.080526	0.261784
21.928596	0.000000	0.040233	0.080526	0.271857
21.959892	0.000000	0.040233	0.080526	0.281930
21.991188	0.010014	0.050306	0.090599	0.292003
22.022484	0.010014	0.050306	0.100672	0.292003
22.053780	0.010014	0.050306	0.110745	0.302076
22.085075	0.010014	0.040233	0.120819	0.322223
22.116371	0.010014	0.040233	0.120819	0.342369
22.147667	0.010014	0.040233	0.120819	0.352442
22.178963	0.020087	0.050306	0.120819	0.372589
22.210258	0.020087	0.050306	0.130892	0.382662
22.241554	0.010014	0.060380	0.140965	0.402808
22.272850	0.010014	0.060380	0.151038	0.422955
22.304146	0.010014	0.060380	0.161111	0.443101
22.335442	0.010014	0.060380	0.171185	0.463247
22.366739	0.010014	0.070453	0.181258	0.483394
22.398035	0.000000	0.080526	0.181258	0.503540
22.429331	0.000000	0.080526	0.181258	0.523627
22.460627	0.000000	0.090599	0.191331	0.543773
22.491922	0.000000	0.090599	0.191331	0.563920
22.523218	0.010014	0.090599	0.201404	0.584066
22.554514	0.010014	0.090599	0.201404	0.604212
22.585810	0.010014	0.090599	0.201404	0.624359
22.617105	0.010014	0.090599	0.201404	0.644505
22.648401	0.010014	0.090599	0.201404	0.664651
22.679697	0.010014	0.090599	0.201404	0.694871
22.710993	0.020087	0.100672	0.201404	0.725091
22.742289	0.020087	0.110745	0.211477	0.755310
22.773584	0.030160	0.120819	0.221550	0.785470
22.804880	0.030160	0.120819	0.231624	0.825763
22.836176	0.030160	0.120819	0.261784	0.866055
22.867474	0.040233	0.120819	0.281930	0.916421
22.898769	0.040233	0.120819	0.302076	0.956714
22.930065	0.030160	0.120819	0.312150	1.007080
22.961361	0.040233	0.120819	0.322223	1.057386
22.992657	0.040233	0.110745	0.332296	1.117826
23.023952	0.050306	0.110745	0.342369	1.178265
23.055248	0.050306	0.110745	0.342369	1.248777
23.086544	0.060380	0.110745	0.342369	1.319230
23.117840	0.060380	0.110745	0.352442	1.389742
23.149136	0.060380	0.110745	0.372589	1.470327
23.180431	0.060380	0.110745	0.392735	1.560926
23.211727	0.060380	0.110745	0.412881	1.671731
23.243023	0.060380	0.110745	0.433028	1.792610
23.274319	0.060380	0.100672	0.453174	1.923501
23.305614	0.060380	0.090599	0.463247	2.074540
23.336912	0.060380	0.070453	0.473320	2.245784
23.368208	0.060380	0.050306	0.493467	2.457261
23.399504	0.060380	0.020087	0.503540	2.698958
23.430799	0.060380	-0.020146	0.523627	2.980947
23.462095	0.060380	-0.050366	0.543773	3.313303
23.493391	0.060380	-0.100732	0.553846	3.716111
23.524687	0.070453	-0.151098	0.573993	4.209578
23.555983	0.070453	-0.211537	0.594139	4.823923
23.587278	0.080526	-0.261843	0.614285	5.589306
23.618574	0.080526	-0.302136	0.644505	6.515801
23.649870	0.080526	-0.322282	0.664651	7.663906
23.681166	0.090599	-0.281990	0.694871	9.013414
23.712461	0.090599	-0.161171	0.725091	10.564327
23.743757	0.090599	0.080526	0.745237	12.266278
23.775053	0.090599	0.463247	0.775397	13.998449
23.806349	0.100672	1.017153	0.805616	15.589655
23.837646	0.100672	1.712024	0.835836	16.858578
23.868942	0.110745	2.487481	0.866055	17.654181
23.900238	0.120819	3.262937	0.906348	17.926098
23.931534	0.120819	3.957808	0.936568	17.734766
23.962830	0.130892	4.531860	0.976861	17.231226
23.994125	0.130892	4.974961	1.017153	16.506077
24.025421	0.130892	5.327463	1.067460	15.559435
24.056717	0.120819	5.609453	1.117826	14.401317
24.088013	0.120819	5.861223	1.178265	12.981296
24.119308	0.120819	6.102920	1.238704	11.249125
24.150604	0.120819	6.334543	1.299083	9.204745
24.181900	0.130892	6.515801	1.369596	6.918669
24.213196	0.120819	6.606460	1.450181	4.491568
24.244492	0.110745	6.525874	1.530766	2.185345
24.275787	0.110745	6.253958	1.621366	0.302076
24.307083	0.100672	5.760491	1.722097	-0.946701
24.338381	0.090599	5.115986	1.832843	-1.490533
24.369677	0.080526	4.421055	1.953721	-1.470387
24.400972	0.060380	3.756404	2.094686	-1.168251
24.432268	0.040233	3.172278	2.245784	-0.775456
24.463564	0.020087	2.688885	2.416968	-0.423014
24.494860	-0.010073	2.296150	2.628446	-0.141025
24.526155	-0.050366	1.973867	2.860069	0.070453
24.557451	-0.090659	1.712024	3.152132	0.211477
24.588747	-0.151098	1.490474	3.494561	0.322223
24.620043	-0.241756	1.299083	3.917515	0.412881
24.651339	-0.352502	1.148045	4.431129	0.473320
24.682634	-0.513673	1.017153	5.095840	0.513613
24.713930	-0.725150	0.916421	5.931675	0.543773
24.745226	-0.997066	0.825763	7.019341	0.573993
24.776522	-1.349509	0.755310	8.378923	0.594139
24.807819	-1.712084	0.694871	10.000348	0.614285
24.839115	-2.014220	0.644505	11.823177	0.634432
24.870411	-2.124965	0.604212	13.656080	0.644505
24.901707	-1.984000	0.573993	15.297592	0.634432
24.933002	-1.591206	0.553846	16.616880	0.624359
24.964298	-1.027286	0.533700	17.533302	0.604212
24.995594	-0.392795	0.503540	18.046974	0.584066
25.026890	0.251770	0.483394	18.198013	0.573993
25.058186	0.845909	0.463247	18.046974	0.563920
25.089481	1.369596	0.443101	17.613888	0.543773
25.120777	1.852989	0.422955	16.919018	0.523627
25.152073	2.356529	0.402808	15.922010	0.503540
25.183369	2.950728	0.382662	14.582575	0.483394
25.214664	3.746331	0.362515	12.830257	0.473320
25.245960	4.733264	0.352442	10.685146	0.453174
25.277256	5.760491	0.342369	8.298338	0.443101
25.308554	6.596386	0.332296	5.901515	0.433028
25.339849	7.049561	0.312150	3.766477	0.422955
25.371145	7.059634	0.302076	2.114832	0.412881
25.402441	6.687045	0.281930	0.976861	0.402808
25.433737	6.062627	0.271857	0.292003	0.392735
25.465033	5.317390	0.261784	-0.020146	0.382662
25.496328	4.562080	0.251770	-0.110805	0.372589
25.527624	3.867209	0.241697	-0.070512	0.352442
25.558920	3.273010	0.231624	0.020087	0.332296
25.590216	2.769470	0.221550	0.130892	0.312150
25.621511	2.356529	0.211477	0.241697	0.302076
25.652807	2.024233	0.201404	0.322223	0.302076
25.684103	1.752317	0.201404	0.392735	0.292003
25.715399	1.520693	0.191331	0.443101	0.292003
25.746695	1.329303	0.181258	0.493467	0.281930
25.777990	1.168191	0.181258	0.533700	0.271857
25.809288	1.027226	0.181258	0.573993	0.261784
25.840584	0.916421	0.171185	0.604212	0.261784
25.871880	0.815690	0.161111	0.634432	0.251770
25.903175	0.745237	0.151038	0.654578	0.251770
25.934471	0.684798	0.151038	0.674725	0.241697
25.965767	0.634432	0.151038	0.674725	0.231624
25.997063	0.594139	0.151038	0.664651	0.221550
26.028358	0.563920	0.140965	0.654578	0.211477
26.059654	0.533700	0.130892	0.634432	0.211477
26.090950	0.503540	0.130892	0.614285	0.201404
26.122246	0.483394	0.120819	0.594139	0.201404
26.153542	0.463247	0.120819	0.573993	0.191331
26.184837	0.443101	0.120819	0.563920	0.191331
26.216133	0.422955	0.110745	0.543773	0.181258
26.247429	0.402808	0.110745	0.533700	0.171185
26.278725	0.382662	0.100672	0.523627	0.161111
26.310022	0.362515	0.090599	0.503540	0.151038
26.341318	0.352442	0.090599	0.483394	0.151038
26.372614	0.342369	0.090599	0.473320	0.140965
26.403910	0.332296	0.090599	0.463247	0.130892
26.435205	0.322223	0.090599	0.453174	0.130892
26.466501	0.302076	0.090599	0.433028	0.130892
26.497797	0.292003	0.090599	0.412881	0.130892
26.529093	0.281930	0.090599	0.402808	0.140965
26.560389	0.271857	0.080526	0.392735	0.140965
26.591684	0.261784	0.080526	0.382662	0.130892
26.622980	0.251770	0.080526	0.372589	0.120819
26.654276	0.231624	0.080526	0.372589	0.110745
26.685572	0.221550	0.080526	0.362515	0.090599
26.716867	0.211477	0.080526	0.352442	0.090599
26.748163	0.201404	0.080526	0.342369	0.080526
26.779461	0.201404	0.080526	0.322223	0.080526
26.810757	0.191331	0.070453	0.312150	0.080526
26.842052	0.181258	0.070453	0.302076	0.070453
26.873348	0.181258	0.070453	0.292003	0.060380
26.904644	0.171185	0.070453	0.271857	0.060380
26.935940	0.161111	0.070453	0.261784	0.050306
26.967236	0.151038	0.070453	0.261784	0.050306
26.998531	0.140965	0.070453	0.251770	0.040233
27.029827	0.140965	0.070453	0.251770	0.040233
27.061123	0.130892	0.070453	0.251770	0.040233
27.092419	0.130892	0.070453	0.241697	0.040233
27.123714	0.130892	0.070453	0.231624	0.040233
27.155010	0.120819	0.060380	0.221550	0.040233
27.186306	0.120819	0.060380	0.211477	0.040233
27.217602	0.120819	0.050306	0.201404	0.040233
27.248898	0.110745	0.040233	0.191331	0.040233
27.280195	0.110745	0.040233	0.181258	0.040233
27.311491	0.110745	0.040233	0.181258	0.040233
27.342787	0.110745	0.040233	0.181258	0.030160
27.374083	0.100672	0.050306	0.171185	0.010014
27.405378	0.100672	0.050306	0.161111	0.000000
27.436674	0.090599	0.050306	0.151038	0.000000
27.467970	0.090599	0.050306	0.151038	0.000000
27.499266	0.090599	0.060380	0.140965	0.000000
27.530561	0.080526	0.060380	0.140965	0.000000
27.561857	0.080526	0.060380	0.130892	0.000000
27.593153	0.070453	0.050306	0.110745	0.000000
27.624449	0.060380	0.050306	0.100672	0.000000
27.655745	0.060380	0.050306	0.100672	0.020087
27.687040	0.060380	0.050306	0.100672	0.030160
27.718336	0.060380	0.050306	0.090599	0.040233
27.749632	0.050306	0.050306	0.080526	0.050306
27.780930	0.050306	0.060380	0.070453	0.050306
27.812225	0.050306	0.050306	0.070453	0.050306
27.843521	0.050306	0.050306	0.060380	0.040233
27.874817	0.050306	0.050306	0.060380	0.040233
27.906113	0.050306	0.050306	0.060380	0.040233
27.937408	0.060380	0.050306	0.060380	0.050306
27.968704	0.060380	0.050306	0.060380	0.050306
