20.958424	0.201225	0.268459	826.907410	827.377319
20.989719	0.234842	0.268459	826.974365	827.343689
21.021015	0.234842	0.268459	827.007996	827.343689
21.052311	0.268459	0.268459	827.007996	827.343689
21.083607	0.268459	0.268459	827.041626	827.310059
21.114902	0.268459	0.268459	827.041626	827.276489
21.146198	0.268459	0.268459	827.041626	827.243103
21.177494	0.268459	0.234842	827.041626	827.243103
21.208790	0.302076	0.234842	827.041626	827.276489
21.240086	0.302076	0.268459	827.007996	827.310059
21.271381	0.302076	0.268459	826.974365	827.310059
21.302677	0.302076	0.268459	826.974365	827.310059
21.333973	0.302076	0.302076	827.007996	827.343689
21.365271	0.302076	0.302076	827.041626	827.343689
21.396566	0.302076	0.302076	827.075256	827.410950
21.427862	0.302076	0.302076	827.075256	827.444336
21.459158	0.268459	0.302076	827.041626	827.477905
21.490454	0.268459	0.335693	827.041626	827.477905
21.521749	0.268459	0.369072	827.041626	827.477905
21.553045	0.302076	0.369072	827.041626	827.444336
21.584341	0.302076	0.369072	827.041626	827.444336
21.615637	0.335693	0.369072	827.041626	827.444336
21.646933	0.335693	0.369072	827.041626	827.444336
21.678228	0.302076	0.402689	827.041626	827.444336
21.709524	0.302076	0.402689	827.041626	827.477905
21.740820	0.302076	0.436306	827.041626	827.477905
21.772116	0.302076	0.469923	827.041626	827.477905
21.803411	0.302076	0.503540	827.041626	827.477905
21.834707	0.302076	0.536919	827.041626	827.410950
21.866005	0.302076	0.536919	827.075256	827.377319
21.897301	0.335693	0.570536	827.075256	827.343689
21.928596	0.369072	0.570536	827.041626	827.310059
21.959892	0.369072	0.570536	827.007996	827.276489
21.991188	0.402689	0.570536	827.007996	827.209473
22.022484	0.402689	0.536919	826.974365	827.142212
22.053780	0.402689	0.536919	826.974365	827.108643
22.085075	0.402689	0.570536	827.007996	827.075256
22.116371	0.369072	0.570536	827.007996	827.041626
22.147667	0.369072	0.570536	827.041626	827.041626
22.178963	0.369072	0.570536	827.007996	827.041626
22.210258	0.369072	0.570536	827.007996	827.041626
22.241554	0.369072	0.604153	826.974365	827.075256
22.272850	0.402689	0.637770	826.940796	827.108643
22.304146	0.402689	0.671387	826.940796	827.108643
22.335442	0.402689	0.704765	826.907410	827.142212
22.366739	0.436306	0.704765	826.907410	827.142212
22.398035	0.469923	0.738382	826.873779	827.108643
22.429331	0.469923	0.771999	826.840149	827.108643
22.460627	0.469923	0.771999	826.806519	827.075256
22.491922	0.469923	0.805616	826.806519	827.075256
22.523218	0.436306	0.805616	826.806519	827.075256
22.554514	0.436306	0.805616	826.840149	827.075256
22.585810	0.436306	0.839233	826.840149	827.041626
22.617105	0.436306	0.872612	826.840149	827.041626
22.648401	0.469923	0.906229	826.840149	827.075256
22.679697	0.469923	0.939846	826.840149	827.108643
22.710993	0.469923	0.973463	826.840149	827.108643
22.742289	0.503540	0.973463	826.806519	827.142212
22.773584	0.503540	1.007080	826.840149	827.108643
22.804880	0.503540	1.007080	826.840149	827.142212
22.836176	0.503540	1.040459	826.907410	827.175842
22.867474	0.536919	1.074076	826.940796	827.175842
22.898769	0.536919	1.107693	826.940796	827.175842
22.930065	0.536919	1.141310	826.974365	827.108643
22.961361	0.570536	1.208305	826.974365	827.075256
22.992657	0.570536	1.241922	827.007996	827.041626
23.023952	0.604153	1.309156	827.007996	827.041626
23.055248	0.604153	1.342773	827.007996	827.007996
23.086544	0.637770	1.409769	827.007996	827.007996
23.117840	0.637770	1.443386	827.007996	827.007996
23.149136	0.637770	1.477003	826.974365	827.007996
23.180431	0.671387	1.544237	826.940796	826.974365
23.211727	0.671387	1.577616	826.940796	826.974365
23.243023	0.704765	1.644850	826.940796	826.974365
23.274319	0.738382	1.678467	826.940796	826.940796
23.305614	0.771999	1.745462	826.940796	826.873779
23.336912	0.771999	1.812696	826.940796	826.840149
23.368208	0.805616	1.879930	826.907410	826.840149
23.399504	0.805616	1.946926	826.907410	826.806519
23.430799	0.805616	2.047777	826.907410	826.772949
23.462095	0.839233	2.148390	826.907410	826.739563
23.493391	0.839233	2.215624	826.940796	826.739563
23.524687	0.839233	2.316236	826.940796	826.705933
23.555983	0.872612	2.383471	826.940796	826.638672
23.587278	0.939846	2.484083	826.974365	826.605103
23.618574	0.973463	2.551317	827.007996	826.571716
23.649870	0.973463	2.618313	827.007996	826.571716
23.681166	1.007080	2.685547	827.007996	826.538086
23.712461	1.040459	2.752542	827.007996	826.470825
23.743757	1.074076	2.853394	827.007996	826.370239
23.775053	1.107693	2.920628	827.007996	826.302979
23.806349	1.141310	3.021240	827.007996	826.235779
23.837646	1.174927	3.155470	827.007996	826.202393
23.868942	1.208305	3.289700	826.974365	826.168762
23.900238	1.241922	3.457546	826.974365	826.135132
23.931534	1.275539	3.659010	826.940796	826.101562
23.962830	1.309156	3.894091	826.907410	826.067932
23.994125	1.342773	4.162550	826.907410	826.067932
24.025421	1.376152	4.498243	826.907410	826.034546
24.056717	1.443386	4.833937	826.940796	826.000916
24.088013	1.443386	5.236864	826.940796	825.967285
24.119308	1.477003	5.673170	826.940796	825.866699
24.150604	1.510620	6.176949	826.940796	825.765869
24.181900	1.544237	6.848335	826.940796	825.665222
24.213196	1.611233	7.653952	826.940796	825.497375
24.244492	1.678467	8.627415	826.907410	825.295898
24.275787	1.745462	9.835958	826.873779	824.993835
24.307083	1.779079	11.380196	826.873779	824.590942
24.338381	1.812696	13.360977	826.873779	824.053772
24.369677	1.846313	15.878677	826.907410	823.348755
24.400972	1.913309	19.134998	826.873779	822.375305
24.432268	1.946926	23.129940	826.873779	821.066162
24.463564	1.980543	27.930498	826.907410	819.421082
24.494860	2.047777	33.268211	826.907410	817.473877
24.526155	2.148390	38.639545	826.907410	815.392761
24.557451	2.249002	43.305874	826.873779	813.445557
24.588747	2.349854	46.360733	826.806519	812.102783
24.620043	2.450466	47.267197	826.739563	811.632629
24.651339	2.551317	45.957802	826.705933	812.069153
24.682634	2.618313	42.869331	826.638672	813.210510
24.713930	2.719164	38.505077	826.638672	814.888977
24.745226	2.786160	33.335449	826.571716	816.970337
24.776522	2.887011	27.930498	826.504456	819.118958
24.807819	2.987623	22.894859	826.403625	821.099548
24.839115	3.088474	18.564224	826.336609	822.744629
24.870411	3.222704	15.274525	826.269409	823.885925
24.901707	3.356934	12.823820	826.202393	824.624512
24.933002	3.491163	11.078119	826.168762	825.128052
24.964298	3.659010	9.768963	826.168762	825.463745
24.995594	3.860474	8.761883	826.135132	825.698853
25.026890	4.095554	7.922411	826.101562	825.900085
25.058186	4.330397	7.284641	826.101562	826.101562
25.089481	4.632711	6.713867	826.067932	826.269409
25.120777	5.001783	6.243944	826.000916	826.403625
25.152073	5.404711	5.841255	825.866699	826.504456
25.183369	5.874634	5.471945	825.765869	826.538086
25.214664	6.411791	5.136251	825.665222	826.571716
25.245960	7.083178	4.867554	825.598022	826.638672
25.277256	7.855415	4.632711	825.497375	826.672302
25.308554	8.828878	4.397631	825.329529	826.705933
25.339849	10.037422	4.196167	825.128052	826.739563
25.371145	11.648893	3.994703	824.859375	826.772949
25.402441	13.898134	3.826857	824.523682	826.806519
25.433737	17.221451	3.659010	824.087402	826.840149
25.465033	21.988630	3.524780	823.684448	826.873779
25.496328	27.997732	3.390551	823.281738	826.907410
25.527624	34.510376	3.222704	822.845215	826.940796
25.558920	40.687325	3.088474	822.341675	827.007996
25.590216	45.554878	2.954006	821.838135	827.007996
25.621511	48.576355	2.853394	821.401855	827.041626
25.652807	49.449203	2.719164	821.200378	827.041626
25.684103	48.072815	2.618313	821.200378	827.041626
25.715399	44.782875	2.551317	821.368225	827.075256
25.746695	40.015938	2.450466	821.737549	827.108643
25.777990	34.543991	2.383471	822.207458	827.175842
25.809288	29.105425	2.316236	822.811584	827.209473
25.840584	24.204254	2.215624	823.416016	827.209473
25.871880	20.075083	2.148390	823.986755	827.243103
25.903175	16.751528	2.081156	824.523682	827.243103
25.934471	14.132977	2.014160	824.993835	827.209473
25.965767	12.085199	1.946926	825.396545	827.209473
25.997063	10.473967	1.879930	825.732239	827.243103
26.028358	9.231806	1.846313	826.000916	827.243103
26.059654	8.224726	1.779079	826.168762	827.243103
26.090950	7.418871	1.712084	826.302979	827.243103
26.122246	6.747484	1.678467	826.437256	827.243103
26.153542	6.210327	1.611233	826.538086	827.243103
26.184837	5.740404	1.577616	826.672302	827.243103
26.216133	5.371094	1.544237	826.739563	827.243103
26.247429	5.001783	1.477003	826.840149	827.209473
26.278725	4.699707	1.443386	826.940796	827.209473
26.310022	4.431248	1.443386	827.041626	827.209473
26.341318	4.162550	1.409769	827.108643	827.209473
26.372614	3.927708	1.342773	827.142212	827.243103
26.403910	3.692627	1.309156	827.142212	827.243103
26.435205	3.491163	1.241922	827.175842	827.276489
26.466501	3.356934	1.208305	827.209473	827.243103
26.497797	3.222704	1.174927	827.276489	827.243103
26.529093	3.088474	1.141310	827.276489	827.243103
26.560389	2.954006	1.107693	827.243103	827.243103
26.591684	2.819777	1.074076	827.243103	827.276489
26.622980	2.719164	1.074076	827.175842	827.310059
26.654276	2.584696	1.074076	827.175842	827.343689
26.685572	2.484083	1.040459	827.175842	827.377319
26.716867	2.383471	1.007080	827.175842	827.377319
26.748163	2.249002	1.007080	827.175842	827.377319
26.779461	2.148390	0.973463	827.209473	827.343689
26.810757	2.047777	0.973463	827.243103	827.310059
26.842052	1.980543	0.939846	827.243103	827.310059
26.873348	1.913309	0.906229	827.276489	827.310059
26.904644	1.846313	0.872612	827.310059	827.310059
26.935940	1.779079	0.839233	827.310059	827.310059
26.967236	1.712084	0.805616	827.343689	827.310059
26.998531	1.644850	0.805616	827.343689	827.310059
27.029827	1.577616	0.771999	827.377319	827.276489
27.061123	1.510620	0.771999	827.377319	827.276489
27.092419	1.443386	0.771999	827.377319	827.243103
27.123714	1.409769	0.771999	827.377319	827.243103
27.155010	1.342773	0.738382	827.377319	827.276489
27.186306	1.309156	0.738382	827.410950	827.276489
27.217602	1.241922	0.738382	827.444336	827.276489
27.248898	1.208305	0.738382	827.444336	827.276489
27.280195	1.141310	0.738382	827.444336	827.276489
27.311491	1.141310	0.704765	827.477905	827.310059
27.342787	1.107693	0.671387	827.477905	827.310059
27.374083	1.040459	0.671387	827.477905	827.343689
27.405378	1.007080	0.637770	827.477905	827.377319
27.436674	0.973463	0.604153	827.477905	827.410950
27.467970	0.939846	0.604153	827.477905	827.444336
27.499266	0.939846	0.604153	827.477905	827.444336
27.530561	0.906229	0.637770	827.477905	827.477905
27.561857	0.872612	0.637770	827.477905	827.477905
27.593153	0.839233	0.637770	827.477905	827.511536
27.624449	0.839233	0.637770	827.477905	827.511536
27.655745	0.771999	0.637770	827.477905	827.511536
27.687040	0.738382	0.604153	827.444336	827.511536
27.718336	0.704765	0.604153	827.444336	827.511536
27.749632	0.704765	0.570536	827.444336	827.477905
27.780930	0.671387	0.570536	827.477905	827.477905
27.812225	0.671387	0.570536	827.511536	827.444336
27.843521	0.637770	0.570536	827.511536	827.444336
27.874817	0.637770	0.604153	827.545166	827.444336
27.906113	0.637770	0.604153	827.545166	827.444336
27.937408	0.637770	0.604153	827.545166	827.477905
27.968704	0.637770	0.637770	827.545166	827.545166
