20.958424	0.000000	-0.030220	-0.020146	0.000000
20.989719	-0.010073	-0.030220	-0.020146	0.000000
21.021015	-0.010073	-0.030220	-0.020146	0.000000
21.052311	-0.010073	-0.040293	-0.020146	0.000000
21.083607	-0.010073	-0.030220	-0.020146	0.000000
21.114902	-0.010073	-0.030220	-0.020146	0.000000
21.146198	-0.020146	-0.030220	-0.010073	0.000000
21.177494	-0.020146	-0.040293	-0.010073	0.000000
21.208790	-0.020146	-0.040293	0.000000	0.000000
21.240086	-0.010073	-0.040293	0.000000	0.000000
21.271381	-0.020146	-0.040293	0.000000	0.000000
21.302677	-0.020146	-0.040293	-0.010073	0.000000
21.333973	-0.020146	-0.040293	-0.010073	0.010014
21.365271	-0.020146	-0.040293	-0.010073	0.010014
21.396566	-0.020146	-0.040293	-0.010073	0.010014
21.427862	-0.010073	-0.040293	0.000000	0.010014
21.459158	-0.010073	-0.040293	0.000000	0.020087
21.490454	-0.010073	-0.040293	0.000000	0.020087
21.521749	-0.010073	-0.040293	0.000000	0.020087
21.553045	-0.020146	-0.040293	0.000000	0.030160
21.584341	-0.010073	-0.040293	0.000000	0.020087
21.615637	-0.010073	-0.040293	0.010014	0.020087
21.646933	-0.010073	-0.040293	0.010014	0.020087
21.678228	0.000000	-0.040293	0.020087	0.020087
21.709524	-0.010073	-0.040293	0.020087	0.030160
21.740820	-0.020146	-0.040293	0.020087	0.030160
21.772116	-0.020146	-0.030220	0.020087	0.040233
21.803411	-0.020146	-0.040293	0.020087	0.040233
21.834707	-0.020146	-0.030220	0.030160	0.040233
21.866005	-0.020146	-0.030220	0.030160	0.050306
21.897301	-0.010073	-0.020146	0.030160	0.060380
21.928596	-0.010073	-0.020146	0.030160	0.060380
21.959892	-0.010073	-0.020146	0.030160	0.070453
21.991188	-0.010073	-0.020146	0.030160	0.070453
22.022484	-0.010073	-0.020146	0.030160	0.070453
22.053780	-0.010073	-0.020146	0.020087	0.070453
22.085075	-0.010073	-0.030220	0.030160	0.070453
22.116371	-0.010073	-0.030220	0.030160	0.080526
22.147667	-0.010073	-0.030220	0.030160	0.090599
22.178963	-0.010073	-0.030220	0.040233	0.090599
22.210258	0.000000	-0.030220	0.040233	0.100672
22.241554	0.000000	-0.030220	0.040233	0.100672
22.272850	0.000000	-0.030220	0.040233	0.110745
22.304146	-0.010073	-0.020146	0.040233	0.110745
22.335442	-0.010073	-0.020146	0.040233	0.110745
22.366739	-0.010073	-0.010073	0.040233	0.110745
22.398035	0.000000	-0.010073	0.040233	0.120819
22.429331	0.000000	-0.010073	0.040233	0.120819
22.460627	0.000000	-0.010073	0.040233	0.130892
22.491922	0.000000	-0.020146	0.040233	0.140965
22.523218	-0.010073	-0.020146	0.050306	0.140965
22.554514	-0.010073	-0.030220	0.060380	0.140965
22.585810	0.000000	-0.040293	0.060380	0.151038
22.617105	0.000000	-0.040293	0.070453	0.151038
22.648401	0.000000	-0.030220	0.070453	0.161111
22.679697	0.000000	-0.030220	0.080526	0.161111
22.710993	0.000000	-0.030220	0.080526	0.171185
22.742289	0.000000	-0.030220	0.080526	0.181258
22.773584	0.000000	-0.040293	0.080526	0.191331
22.804880	0.000000	-0.040293	0.090599	0.191331
22.836176	-0.010073	-0.040293	0.090599	0.201404
22.867474	-0.010073	-0.030220	0.090599	0.211477
22.898769	-0.020146	-0.020146	0.090599	0.221550
22.930065	-0.020146	-0.020146	0.090599	0.231624
22.961361	-0.010073	-0.010073	0.100672	0.241697
22.992657	-0.010073	-0.020146	0.110745	0.241697
23.023952	-0.010073	-0.020146	0.110745	0.251770
23.055248	-0.010073	-0.020146	0.110745	0.251770
23.086544	-0.010073	-0.030220	0.110745	0.261784
23.117840	-0.010073	-0.030220	0.110745	0.281930
23.149136	-0.010073	-0.040293	0.110745	0.302076
23.180431	-0.010073	-0.040293	0.110745	0.312150
23.211727	-0.010073	-0.040293	0.120819	0.332296
23.243023	-0.020146	-0.040293	0.120819	0.342369
23.274319	-0.020146	-0.030220	0.130892	0.362515
23.305614	-0.020146	-0.030220	0.140965	0.372589
23.336912	-0.020146	-0.030220	0.151038	0.392735
23.368208	-0.020146	-0.020146	0.161111	0.412881
23.399504	-0.020146	-0.020146	0.161111	0.433028
23.430799	-0.020146	-0.020146	0.171185	0.453174
23.462095	-0.020146	-0.010073	0.171185	0.473320
23.493391	-0.020146	-0.010073	0.171185	0.503540
23.524687	-0.010073	-0.010073	0.181258	0.523627
23.555983	-0.010073	-0.020146	0.181258	0.553846
23.587278	-0.010073	-0.030220	0.191331	0.584066
23.618574	0.000000	-0.040293	0.191331	0.614285
23.649870	-0.010073	-0.050366	0.201404	0.644505
23.681166	-0.010073	-0.050366	0.201404	0.684798
23.712461	-0.020146	-0.050366	0.211477	0.725091
23.743757	-0.020146	-0.060439	0.221550	0.775397
23.775053	-0.020146	-0.070512	0.241697	0.825763
23.806349	-0.020146	-0.080585	0.251770	0.896275
23.837646	-0.020146	-0.100732	0.261784	0.966787
23.868942	-0.030220	-0.120878	0.271857	1.047313
23.900238	-0.030220	-0.130951	0.271857	1.137972
23.931534	-0.030220	-0.151098	0.281930	1.258850
23.962830	-0.030220	-0.181317	0.281930	1.389742
23.994125	-0.030220	-0.221610	0.292003	1.550853
24.025421	-0.020146	-0.261843	0.302076	1.742244
24.056717	-0.020146	-0.312209	0.312150	1.973867
24.088013	-0.020146	-0.362575	0.322223	2.276003
24.119308	-0.020146	-0.423014	0.342369	2.638519
24.150604	-0.020146	-0.493526	0.362515	3.081679
24.181900	-0.020146	-0.553906	0.372589	3.635526
24.213196	-0.020146	-0.594199	0.392735	4.300237
24.244492	-0.030220	-0.614345	0.402808	5.075693
24.275787	-0.030220	-0.594199	0.412881	5.951822
24.307083	-0.020146	-0.513673	0.433028	6.858230
24.338381	-0.020146	-0.352502	0.453174	7.744431
24.369677	-0.020146	-0.120878	0.473320	8.499802
24.400972	-0.020146	0.161111	0.493467	9.003342
24.432268	-0.030220	0.473320	0.513613	9.164453
24.463564	-0.040293	0.765383	0.533700	9.023487
24.494860	-0.050366	1.017153	0.553846	8.650839
24.526155	-0.060439	1.218557	0.584066	8.127153
24.557451	-0.060439	1.389742	0.624359	7.492661
24.588747	-0.050366	1.540840	0.664651	6.707132
24.620043	-0.050366	1.701951	0.704944	5.780637
24.651339	-0.050366	1.863062	0.745237	4.692972
24.682634	-0.060439	2.044380	0.795543	3.464341
24.713930	-0.060439	2.195418	0.845909	2.165198
24.745226	-0.080585	2.296150	0.896275	0.936568
24.776522	-0.100732	2.286077	0.956714	-0.271916
24.807819	-0.120878	2.145052	1.017153	-0.805676
24.839115	-0.141025	1.913428	1.097679	-0.956774
24.870411	-0.161171	1.641512	1.188338	-0.856042
24.901707	-0.181317	1.379669	1.299083	-0.644565
24.933002	-0.211537	1.137972	1.430035	-0.433087
24.964298	-0.251830	0.946641	1.581073	-0.241756
24.995594	-0.302136	0.795543	1.762390	-0.100732
25.026890	-0.372648	0.664651	1.983941	0.010014
25.058186	-0.473380	0.563920	2.265930	0.090599
25.089481	-0.594199	0.483394	2.628446	0.151038
25.120777	-0.745296	0.412881	3.081679	0.191331
25.152073	-0.936627	0.352442	3.665745	0.221550
25.183369	-1.178324	0.292003	4.400909	0.241697
25.214664	-1.460314	0.251770	5.307317	0.261784
25.245960	-1.722157	0.221550	6.304324	0.281930
25.277256	-1.883268	0.201404	7.281184	0.302076
25.308554	-1.883268	0.181258	8.086861	0.302076
25.339849	-1.752377	0.171185	8.670986	0.312150
25.371145	-1.520753	0.151038	8.993268	0.302076
25.402441	-1.248837	0.140965	9.073793	0.292003
25.433737	-0.976920	0.130892	8.952975	0.281930
25.465033	-0.715077	0.120819	8.660913	0.271857
25.496328	-0.443161	0.110745	8.177519	0.261784
25.527624	-0.130951	0.110745	7.512808	0.261784
25.558920	0.281930	0.110745	6.626606	0.261784
25.590216	0.835836	0.100672	5.498648	0.251770
25.621511	1.490474	0.100672	4.229724	0.251770
25.652807	2.104759	0.100672	2.950728	0.251770
25.684103	2.537847	0.100672	1.822770	0.241697
25.715399	2.729177	0.090599	0.946641	0.231624
25.746695	2.709031	0.080526	0.352442	0.231624
25.777990	2.507627	0.070453	0.010014	0.221550
25.809288	2.215564	0.060380	-0.151098	0.211477
25.840584	1.893282	0.060380	-0.191391	0.201404
25.871880	1.581073	0.060380	-0.151098	0.191331
25.903175	1.319230	0.060380	-0.090659	0.191331
25.934471	1.097679	0.070453	-0.010073	0.181258
25.965767	0.906348	0.070453	0.060380	0.171185
25.997063	0.755310	0.070453	0.110745	0.171185
26.028358	0.634432	0.060380	0.161111	0.161111
26.059654	0.533700	0.060380	0.201404	0.161111
26.090950	0.443101	0.060380	0.231624	0.161111
26.122246	0.372589	0.050306	0.251770	0.151038
26.153542	0.302076	0.040233	0.281930	0.151038
26.184837	0.251770	0.040233	0.292003	0.151038
26.216133	0.221550	0.040233	0.312150	0.140965
26.247429	0.201404	0.040233	0.322223	0.130892
26.278725	0.191331	0.040233	0.322223	0.130892
26.310022	0.181258	0.050306	0.322223	0.120819
26.341318	0.161111	0.050306	0.322223	0.120819
26.372614	0.151038	0.040233	0.312150	0.110745
26.403910	0.130892	0.040233	0.292003	0.110745
26.435205	0.120819	0.030160	0.281930	0.100672
26.466501	0.110745	0.020087	0.271857	0.100672
26.497797	0.110745	0.020087	0.261784	0.100672
26.529093	0.100672	0.010014	0.261784	0.100672
26.560389	0.100672	0.010014	0.251770	0.100672
26.591684	0.090599	0.020087	0.241697	0.090599
26.622980	0.090599	0.030160	0.231624	0.090599
26.654276	0.080526	0.030160	0.221550	0.100672
26.685572	0.080526	0.040233	0.211477	0.090599
26.716867	0.080526	0.030160	0.211477	0.090599
26.748163	0.080526	0.030160	0.201404	0.080526
26.779461	0.080526	0.020087	0.201404	0.080526
26.810757	0.070453	0.020087	0.201404	0.080526
26.842052	0.070453	0.020087	0.201404	0.080526
26.873348	0.070453	0.030160	0.191331	0.080526
26.904644	0.070453	0.030160	0.181258	0.080526
26.935940	0.060380	0.020087	0.171185	0.080526
26.967236	0.060380	0.020087	0.161111	0.080526
26.998531	0.050306	0.010014	0.161111	0.080526
27.029827	0.050306	0.010014	0.151038	0.070453
27.061123	0.050306	0.010014	0.140965	0.070453
27.092419	0.050306	0.010014	0.140965	0.060380
27.123714	0.050306	0.000000	0.140965	0.060380
27.155010	0.050306	0.010014	0.130892	0.060380
27.186306	0.040233	0.010014	0.130892	0.060380
27.217602	0.040233	0.010014	0.120819	0.060380
27.248898	0.030160	0.010014	0.110745	0.060380
27.280195	0.030160	0.020087	0.110745	0.060380
27.311491	0.030160	0.010014	0.110745	0.060380
27.342787	0.030160	0.010014	0.110745	0.060380
27.374083	0.030160	0.000000	0.110745	0.050306
27.405378	0.030160	0.000000	0.110745	0.040233
27.436674	0.030160	0.000000	0.100672	0.040233
27.467970	0.030160	0.000000	0.100672	0.040233
27.499266	0.020087	0.000000	0.090599	0.040233
27.530561	0.020087	0.000000	0.090599	0.050306
27.561857	0.020087	0.000000	0.090599	0.050306
27.593153	0.020087	0.010014	0.090599	0.050306
27.624449	0.020087	0.010014	0.080526	0.050306
27.655745	0.020087	0.010014	0.080526	0.040233
27.687040	0.020087	0.020087	0.080526	0.040233
27.718336	0.010014	0.010014	0.080526	0.040233
27.749632	0.010014	0.010014	0.070453	0.040233
27.780930	0.010014	0.000000	0.070453	0.040233
27.812225	0.010014	0.000000	0.070453	0.040233
27.843521	0.010014	0.000000	0.070453	0.040233
27.874817	0.020087	0.000000	0.060380	0.040233
27.906113	0.020087	0.010014	0.060380	0.050306
27.937408	0.020087	0.010014	0.060380	0.050306
27.968704	0.020087	0.020087	0.060380	0.050306
