21.452927	-0.030220	-0.130951	-0.060439	0.020087
21.492014	-0.030220	-0.130951	-0.050366	0.010014
21.531101	-0.030220	-0.141025	-0.050366	0.010014
21.570189	-0.040293	-0.141025	-0.050366	0.020087
21.609276	-0.040293	-0.130951	-0.040293	0.030160
21.648363	-0.040293	-0.130951	-0.040293	0.040233
21.687450	-0.040293	-0.130951	-0.030220	0.040233
21.726538	-0.040293	-0.141025	-0.030220	0.040233
21.765625	-0.040293	-0.141025	-0.040293	0.040233
21.804712	-0.040293	-0.151098	-0.030220	0.040233
21.843801	-0.040293	-0.151098	-0.030220	0.050306
21.882889	-0.040293	-0.151098	-0.030220	0.070453
21.921976	-0.040293	-0.151098	-0.020146	0.090599
21.961063	-0.040293	-0.151098	-0.020146	0.100672
22.000151	-0.040293	-0.161171	-0.030220	0.100672
22.039238	-0.040293	-0.161171	-0.020146	0.110745
22.078325	-0.040293	-0.161171	-0.020146	0.120819
22.117413	-0.050366	-0.161171	-0.020146	0.130892
22.156500	-0.050366	-0.151098	-0.010073	0.151038
22.195587	-0.060439	-0.151098	-0.010073	0.161111
22.234674	-0.060439	-0.161171	0.000000	0.171185
22.273762	-0.060439	-0.171244	0.000000	0.181258
22.312851	-0.060439	-0.191391	0.010014	0.191331
22.351938	-0.070512	-0.191391	0.020087	0.201404
22.391026	-0.070512	-0.191391	0.020087	0.211477
22.430113	-0.080585	-0.201464	0.020087	0.211477
22.469200	-0.080585	-0.211537	0.020087	0.211477
22.508287	-0.080585	-0.221610	0.020087	0.231624
22.547375	-0.080585	-0.231683	0.020087	0.241697
22.586462	-0.080585	-0.241756	0.030160	0.261784
22.625549	-0.080585	-0.261843	0.030160	0.281930
22.664637	-0.090659	-0.281990	0.030160	0.292003
22.703724	-0.100732	-0.292063	0.040233	0.312150
22.742811	-0.110805	-0.312209	0.040233	0.332296
22.781900	-0.110805	-0.332355	0.050306	0.362515
22.820988	-0.110805	-0.342429	0.050306	0.392735
22.860075	-0.120878	-0.362575	0.060380	0.422955
22.899162	-0.120878	-0.382721	0.080526	0.463247
22.938250	-0.120878	-0.402868	0.080526	0.493467
22.977337	-0.130951	-0.433087	0.090599	0.533700
23.016424	-0.130951	-0.473380	0.090599	0.573993
23.055511	-0.141025	-0.513673	0.100672	0.614285
23.094599	-0.141025	-0.563979	0.100672	0.664651
23.133686	-0.141025	-0.624418	0.100672	0.715017
23.172773	-0.141025	-0.684857	0.110745	0.775397
23.211861	-0.151098	-0.765443	0.120819	0.855982
23.250950	-0.151098	-0.845969	0.130892	0.956714
23.290037	-0.161171	-0.956774	0.151038	1.067460
23.329124	-0.171244	-1.097739	0.161111	1.208484
23.368212	-0.181317	-1.279056	0.171185	1.369596
23.407299	-0.191391	-1.490533	0.181258	1.581073
23.446386	-0.201464	-1.762450	0.201404	1.852989
23.485474	-0.211537	-2.104819	0.211477	2.205491
23.524561	-0.221610	-2.517760	0.231624	2.658665
23.563648	-0.231683	-3.021300	0.251770	3.262937
23.602736	-0.251830	-3.605425	0.271857	4.018247
23.641823	-0.261843	-4.239857	0.292003	4.954815
23.680912	-0.271916	-4.884422	0.302076	6.052554
23.719999	-0.281990	-5.458415	0.312150	7.240891
23.759087	-0.302136	-5.851209	0.332296	8.399069
23.798174	-0.312209	-5.961955	0.352442	9.375930
23.837261	-0.332355	-5.740404	0.372589	9.980202
23.876348	-0.352502	-5.216718	0.402808	10.131240
23.915436	-0.362575	-4.511774	0.422955	9.889544
23.954523	-0.392795	-3.706098	0.453174	9.355783
23.993610	-0.412941	-2.819896	0.483394	8.590401
24.032698	-0.443161	-1.812756	0.523627	7.603467
24.071785	-0.473380	-0.674784	0.563920	6.405056
24.110872	-0.503600	0.523627	0.604212	5.045474
24.149961	-0.533760	1.641512	0.644505	3.625453
24.189049	-0.584126	2.487481	0.684798	2.326310
24.228136	-0.644565	2.860069	0.735164	1.359522
24.267223	-0.705004	2.739251	0.785470	0.815690
24.306311	-0.775456	2.296150	0.845909	0.624359
24.345398	-0.845969	1.752317	0.926495	0.594139
24.384485	-0.946701	1.299083	1.007080	0.604212
24.423573	-1.057446	0.946641	1.107752	0.604212
24.462660	-1.198471	0.684798	1.228631	0.594139
24.501747	-1.369655	0.493467	1.369596	0.563920
24.540834	-1.601279	0.352442	1.550853	0.543773
24.579922	-1.893342	0.251770	1.772463	0.513613
24.619011	-2.306283	0.161111	2.054453	0.483394
24.658098	-2.860129	0.100672	2.427042	0.463247
24.697186	-3.605425	0.060380	2.930582	0.443101
24.736273	-4.572213	0.020087	3.595293	0.422955
24.775360	-5.700111	0.000000	4.431129	0.402808
24.814447	-6.777704	-0.010073	5.387902	0.372589
24.853535	-7.603526	-0.010073	6.374836	0.352442
24.892622	-8.066773	-0.020146	7.271111	0.332296
24.931709	-8.177578	-0.020146	7.966042	0.312150
24.970797	-8.006334	-0.030220	8.419216	0.292003
25.009884	-7.613599	-0.030220	8.600473	0.281930
25.048973	-7.019401	-0.030220	8.540034	0.271857
25.088060	-6.173491	-0.030220	8.237958	0.261784
25.127148	-4.975021	-0.030220	7.724345	0.241697
25.166235	-3.363669	-0.030220	7.049561	0.221550
25.205322	-1.520753	-0.030220	6.223738	0.201404
25.244410	0.191331	-0.040293	5.307317	0.191331
25.283497	1.450181	-0.040293	4.360676	0.171185
25.322584	2.185345	-0.040293	3.484488	0.151038
25.361671	2.427042	-0.040293	2.739251	0.140965
25.400759	2.346456	-0.030220	2.155125	0.130892
25.439846	2.074540	-0.030220	1.701951	0.120819
25.478933	1.732171	-0.020146	1.379669	0.110745
25.518023	1.389742	-0.020146	1.137972	0.100672
25.557110	1.087606	-0.010073	0.966787	0.090599
25.596197	0.835836	0.000000	0.845909	0.080526
25.635284	0.634432	0.000000	0.745237	0.070453
25.674372	0.473320	0.000000	0.674725	0.070453
25.713459	0.342369	0.000000	0.614285	0.070453
25.752546	0.231624	0.000000	0.553846	0.060380
25.791634	0.151038	0.010014	0.513613	0.050306
25.830721	0.090599	0.010014	0.483394	0.050306
25.869808	0.050306	0.010014	0.463247	0.040233
25.908895	0.010014	0.010014	0.443101	0.030160
25.947983	-0.010073	0.010014	0.422955	0.020087
25.987072	-0.020146	0.010014	0.392735	0.020087
26.026159	-0.030220	0.010014	0.372589	0.010014
26.065247	-0.030220	0.010014	0.352442	0.010014
26.104334	-0.040293	0.010014	0.332296	0.000000
26.143421	-0.040293	0.010014	0.312150	-0.010073
26.182508	-0.040293	0.000000	0.302076	-0.020146
26.221596	-0.050366	0.010014	0.281930	-0.020146
26.260683	-0.050366	0.010014	0.261784	-0.030220
26.299770	-0.050366	0.010014	0.251770	-0.030220
26.338858	-0.050366	0.020087	0.231624	-0.030220
26.377945	-0.050366	0.020087	0.221550	-0.030220
26.417032	-0.050366	0.010014	0.211477	-0.040293
26.456121	-0.050366	0.010014	0.191331	-0.040293
26.495209	-0.040293	0.010014	0.181258	-0.040293
26.534296	-0.040293	0.020087	0.171185	-0.040293
26.573383	-0.040293	0.010014	0.161111	-0.050366
26.612471	-0.030220	0.010014	0.161111	-0.060439
26.651558	-0.030220	0.020087	0.151038	-0.070512
26.690645	-0.030220	0.020087	0.140965	-0.070512
26.729733	-0.030220	0.020087	0.120819	-0.080585
26.768820	-0.030220	0.020087	0.110745	-0.080585
26.807907	-0.020146	0.020087	0.090599	-0.090659
26.846994	-0.020146	0.020087	0.090599	-0.090659
26.886084	-0.020146	0.030160	0.090599	-0.090659
26.925171	-0.020146	0.040233	0.080526	-0.090659
26.964258	-0.020146	0.040233	0.070453	-0.100732
27.003345	-0.020146	0.050306	0.060380	-0.100732
27.042433	-0.020146	0.050306	0.050306	-0.110805
27.081520	-0.030220	0.050306	0.040233	-0.120878
27.120607	-0.030220	0.050306	0.030160	-0.130951
27.159695	-0.030220	0.050306	0.020087	-0.130951
27.198782	-0.030220	0.050306	0.010014	-0.120878
27.237869	-0.030220	0.050306	0.000000	-0.120878
27.276957	-0.030220	0.050306	0.000000	-0.120878
27.316044	-0.030220	0.050306	-0.010073	-0.130951
27.355133	-0.030220	0.040233	-0.020146	-0.130951
27.394220	-0.020146	0.040233	-0.020146	-0.130951
27.433308	-0.020146	0.040233	-0.020146	-0.130951
27.472395	-0.010073	0.040233	-0.030220	-0.141025
27.511482	0.000000	0.040233	-0.030220	-0.141025
27.550570	0.000000	0.040233	-0.030220	-0.141025
27.589657	0.000000	0.040233	-0.030220	-0.141025
27.628744	0.000000	0.040233	-0.030220	-0.141025
27.667831	0.000000	0.040233	-0.040293	-0.151098
27.706919	0.000000	0.040233	-0.040293	-0.161171
27.746006	0.000000	0.040233	-0.040293	-0.161171
27.785093	0.000000	0.040233	-0.050366	-0.171244
27.824183	0.000000	0.050306	-0.050366	-0.171244
27.863270	0.000000	0.050306	-0.060439	-0.171244
27.902357	0.010014	0.050306	-0.060439	-0.171244
27.941444	0.010014	0.050306	-0.060439	-0.171244
27.980532	0.010014	0.050306	-0.060439	-0.161171
28.019619	0.010014	0.060380	-0.070512	-0.171244
28.058706	0.010014	0.060380	-0.070512	-0.171244
28.097794	0.010014	0.060380	-0.080585	-0.171244
28.136881	0.010014	0.060380	-0.090659	-0.171244
28.175968	0.010014	0.060380	-0.100732	-0.171244
28.215055	0.020087	0.060380	-0.100732	-0.171244
28.254143	0.020087	0.050306	-0.100732	-0.171244
28.293232	0.020087	0.050306	-0.110805	-0.181317
28.332319	0.020087	0.050306	-0.110805	-0.181317
28.371407	0.020087	0.040233	-0.110805	-0.191391
28.410494	0.020087	0.040233	-0.110805	-0.191391
28.449581	0.020087	0.050306	-0.120878	-0.191391
28.488668	0.030160	0.050306	-0.120878	-0.191391
28.527756	0.030160	0.050306	-0.110805	-0.191391
28.566843	0.040233	0.050306	-0.100732	-0.191391
28.605930	0.040233	0.050306	-0.100732	-0.191391
28.645018	0.040233	0.040233	-0.100732	-0.201464
28.684105	0.040233	0.040233	-0.110805	-0.201464
28.723194	0.040233	0.040233	-0.110805	-0.211537
28.762281	0.030160	0.040233	-0.120878	-0.201464
28.801369	0.030160	0.050306	-0.130951	-0.201464
28.840456	0.040233	0.060380	-0.141025	-0.191391
28.879543	0.040233	0.060380	-0.141025	-0.191391
28.918631	0.030160	0.060380	-0.151098	-0.201464
28.957718	0.030160	0.060380	-0.151098	-0.201464
28.996805	0.030160	0.060380	-0.151098	-0.211537
29.035892	0.030160	0.060380	-0.151098	-0.211537
29.074980	0.030160	0.050306	-0.151098	-0.201464
29.114067	0.040233	0.050306	-0.151098	-0.191391
29.153154	0.040233	0.050306	-0.151098	-0.191391
29.192244	0.050306	0.050306	-0.151098	-0.191391
29.231331	0.050306	0.040233	-0.151098	-0.181317
29.270418	0.050306	0.040233	-0.151098	-0.181317
29.309505	0.050306	0.040233	-0.151098	-0.171244
29.348593	0.040233	0.050306	-0.151098	-0.181317
29.387680	0.040233	0.050306	-0.151098	-0.191391
29.426767	0.040233	0.060380	-0.151098	-0.191391
29.465855	0.040233	0.060380	-0.151098	-0.201464
29.504942	0.040233	0.070453	-0.151098	-0.201464
29.544029	0.040233	0.070453	-0.151098	-0.201464
29.583117	0.040233	0.070453	-0.141025	-0.201464
29.622204	0.050306	0.060380	-0.141025	-0.201464
29.661293	0.050306	0.060380	-0.141025	-0.201464
29.700380	0.050306	0.060380	-0.151098	-0.201464
29.739468	0.050306	0.060380	-0.161171	-0.201464
29.778555	0.050306	0.060380	-0.161171	-0.201464
29.817642	0.050306	0.070453	-0.171244	-0.211537
29.856730	0.050306	0.060380	-0.161171	-0.211537
29.895817	0.050306	0.060380	-0.151098	-0.221610
29.934904	0.050306	0.060380	-0.141025	-0.221610
29.973991	0.060380	0.060380	-0.151098	-0.211537
30.013079	0.060380	0.070453	-0.151098	-0.201464
30.052166	0.060380	0.060380	-0.161171	-0.201464
30.091253	0.060380	0.060380	-0.171244	-0.201464
30.130342	0.060380	0.060380	-0.171244	-0.211537
30.169430	0.060380	0.060380	-0.181317	-0.201464
30.208517	0.050306	0.070453	-0.181317	-0.191391
30.247604	0.050306	0.080526	-0.171244	-0.191391
30.286692	0.050306	0.080526	-0.171244	-0.191391
30.325779	0.050306	0.090599	-0.171244	-0.191391
30.364866	0.060380	0.090599	-0.171244	-0.201464
30.403954	0.060380	0.090599	-0.181317	-0.211537
30.443041	0.060380	0.090599	-0.181317	-0.221610
30.482128	0.070453	0.090599	-0.181317	-0.231683
30.521215	0.070453	0.090599	-0.171244	-0.231683
30.560305	0.080526	0.090599	-0.171244	-0.231683
30.599392	0.080526	0.090599	-0.161171	-0.231683
30.638479	0.080526	0.080526	-0.161171	-0.231683
30.677567	0.070453	0.080526	-0.161171	-0.231683
30.716654	0.060380	0.080526	-0.161171	-0.241756
30.755741	0.060380	0.080526	-0.171244	-0.241756
30.794828	0.060380	0.080526	-0.171244	-0.231683
30.833916	0.060380	0.080526	-0.181317	-0.231683
30.873003	0.070453	0.080526	-0.181317	-0.231683
30.912090	0.070453	0.080526	-0.181317	-0.221610
30.951178	0.070453	0.090599	-0.181317	-0.221610
30.990265	0.070453	0.090599	-0.181317	-0.221610
31.029354	0.070453	0.090599	-0.191391	-0.231683
31.068441	0.070453	0.090599	-0.201464	-0.241756
31.107529	0.070453	0.080526	-0.211537	-0.251830
31.146616	0.070453	0.080526	-0.211537	-0.241756
31.185703	0.070453	0.080526	-0.211537	-0.241756
31.224791	0.080526	0.080526	-0.211537	-0.231683
31.263878	0.080526	0.080526	-0.201464	-0.231683
31.302965	0.090599	0.080526	-0.191391	-0.231683
31.342052	0.090599	0.070453	-0.181317	-0.231683
31.381140	0.090599	0.070453	-0.181317	-0.231683
31.420227	0.090599	0.060380	-0.181317	-0.231683
31.459314	0.090599	0.070453	-0.181317	-0.231683
31.498404	0.090599	0.070453	-0.181317	-0.231683
31.537491	0.090599	0.080526	-0.191391	-0.231683
31.576578	0.090599	0.080526	-0.201464	-0.231683
31.615665	0.090599	0.080526	-0.211537	-0.241756
31.654753	0.090599	0.080526	-0.211537	-0.241756
31.693840	0.080526	0.080526	-0.221610	-0.241756
31.732927	0.070453	0.080526	-0.221610	-0.241756
31.772015	0.070453	0.080526	-0.231683	-0.241756
31.811102	0.070453	0.080526	-0.231683	-0.241756
31.850189	0.080526	0.080526	-0.221610	-0.251830
31.889277	0.080526	0.080526	-0.221610	-0.241756
31.928364	0.080526	0.090599	-0.211537	-0.241756
31.967453	0.080526	0.100672	-0.211537	-0.241756
32.006538	0.080526	0.100672	-0.211537	-0.241756
32.045628	0.080526	0.090599	-0.211537	-0.241756
32.084713	0.070453	0.090599	-0.211537	-0.251830
32.123802	0.070453	0.080526	-0.211537	-0.251830
32.162888	0.070453	0.080526	-0.211537	-0.251830
32.201977	0.080526	0.070453	-0.211537	-0.251830
32.241066	0.080526	0.070453	-0.211537	-0.241756
32.280151	0.080526	0.080526	-0.211537	-0.251830
32.319241	0.090599	0.080526	-0.211537	-0.251830
32.358326	0.090599	0.080526	-0.221610	-0.251830
32.397415	0.090599	0.080526	-0.221610	-0.251830
32.436501	0.090599	0.080526	-0.221610	-0.251830
32.475590	0.080526	0.090599	-0.221610	-0.241756
32.514675	0.080526	0.090599	-0.221610	-0.231683
32.553764	0.080526	0.090599	-0.211537	-0.231683
32.592850	0.080526	0.090599	-0.211537	-0.221610
32.631939	0.090599	0.090599	-0.211537	-0.221610
32.671028	0.090599	0.090599	-0.221610	-0.221610
32.710114	0.100672	0.090599	-0.231683	-0.231683
32.749203	0.100672	0.090599	-0.231683	-0.231683
32.788288	0.100672	0.090599	-0.231683	-0.241756
32.827377	0.100672	0.090599	-0.231683	-0.251830
32.866463	0.100672	0.090599	-0.231683	-0.251830
32.905552	0.100672	0.090599	-0.231683	-0.251830
32.944637	0.110745	0.080526	-0.231683	-0.241756
32.983727	0.110745	0.080526	-0.231683	-0.241756
33.022812	0.110745	0.080526	-0.231683	-0.241756
33.061901	0.110745	0.090599	-0.231683	-0.241756
33.100990	0.110745	0.090599	-0.231683	-0.241756
33.140076	0.110745	0.090599	-0.221610	-0.241756
33.179165	0.110745	0.090599	-0.231683	-0.241756
33.218250	0.100672	0.090599	-0.231683	-0.231683
33.257339	0.100672	0.090599	-0.241756	-0.231683
33.296425	0.100672	0.090599	-0.241756	-0.231683
33.335514	0.100672	0.090599	-0.231683	-0.231683
33.374599	0.090599	0.080526	-0.231683	-0.231683
33.413689	0.090599	0.080526	-0.221610	-0.231683
33.452774	0.090599	0.080526	-0.221610	-0.231683
33.491863	0.090599	0.080526	-0.231683	-0.231683
33.530949	0.090599	0.080526	-0.231683	-0.231683
33.570038	0.080526	0.090599	-0.231683	-0.231683
33.609127	0.080526	0.090599	-0.231683	-0.231683
33.648212	0.080526	0.090599	-0.231683	-0.231683
33.687302	0.080526	0.090599	-0.231683	-0.231683
33.726387	0.070453	0.090599	-0.241756	-0.221610
33.765476	0.070453	0.090599	-0.241756	-0.231683
33.804562	0.080526	0.080526	-0.241756	-0.231683
33.843651	0.080526	0.080526	-0.241756	-0.231683
33.882736	0.080526	0.090599	-0.241756	-0.231683
33.921825	0.080526	0.090599	-0.241756	-0.221610
33.960911	0.090599	0.090599	-0.231683	-0.221610
