21.940655	-0.016794	-0.046998	-0.030220	-0.050366
21.979643	-0.016794	-0.046998	-0.033572	-0.050366
22.018633	-0.016794	-0.046998	-0.033572	-0.053719
22.057623	-0.016794	-0.046998	-0.030220	-0.053719
22.096613	-0.016794	-0.046998	-0.030220	-0.050366
22.135603	-0.016794	-0.046998	-0.030220	-0.046998
22.174593	-0.016794	-0.050366	-0.030220	-0.046998
22.213581	-0.016794	-0.050366	-0.030220	-0.053719
22.252571	-0.016794	-0.050366	-0.026867	-0.053719
22.291561	-0.016794	-0.050366	-0.026867	-0.053719
22.330551	-0.016794	-0.050366	-0.030220	-0.050366
22.369541	-0.016794	-0.050366	-0.033572	-0.053719
22.408531	-0.013441	-0.046998	-0.033572	-0.053719
22.447521	-0.013441	-0.046998	-0.033572	-0.050366
22.486509	-0.013441	-0.046998	-0.033572	-0.043646
22.525499	-0.016794	-0.046998	-0.033572	-0.043646
22.564489	-0.016794	-0.046998	-0.030220	-0.046998
22.603479	-0.016794	-0.046998	-0.030220	-0.046998
22.642469	-0.016794	-0.046998	-0.030220	-0.043646
22.681459	-0.016794	-0.046998	-0.030220	-0.040293
22.720448	-0.016794	-0.046998	-0.033572	-0.040293
22.759438	-0.016794	-0.046998	-0.030220	-0.043646
22.798428	-0.016794	-0.043646	-0.026867	-0.043646
22.837418	-0.016794	-0.043646	-0.030220	-0.040293
22.876408	-0.016794	-0.043646	-0.030220	-0.040293
22.915398	-0.013441	-0.043646	-0.030220	-0.043646
22.954386	-0.013441	-0.043646	-0.030220	-0.046998
22.993376	-0.013441	-0.043646	-0.033572	-0.046998
23.032366	-0.013441	-0.043646	-0.036940	-0.046998
23.071356	-0.013441	-0.043646	-0.036940	-0.046998
23.110346	-0.013441	-0.043646	-0.033572	-0.050366
23.149336	-0.016794	-0.046998	-0.033572	-0.050366
23.188324	-0.016794	-0.043646	-0.033572	-0.046998
23.227314	-0.016794	-0.043646	-0.033572	-0.046998
23.266304	-0.016794	-0.043646	-0.030220	-0.050366
23.305294	-0.016794	-0.043646	-0.023499	-0.050366
23.344284	-0.016794	-0.046998	-0.020146	-0.050366
23.383274	-0.016794	-0.046998	-0.020146	-0.050366
23.422262	-0.016794	-0.046998	-0.020146	-0.053719
23.461252	-0.016794	-0.046998	-0.016794	-0.053719
23.500242	-0.016794	-0.046998	-0.016794	-0.053719
23.539232	-0.016794	-0.046998	-0.016794	-0.053719
23.578222	-0.016794	-0.046998	-0.020146	-0.053719
23.617212	-0.016794	-0.046998	-0.023499	-0.057071
23.656202	-0.013441	-0.046998	-0.023499	-0.057071
23.695190	-0.013441	-0.046998	-0.020146	-0.057071
23.734180	-0.013441	-0.046998	-0.020146	-0.053719
23.773170	-0.013441	-0.046998	-0.020146	-0.050366
23.812160	-0.013441	-0.046998	-0.023499	-0.053719
23.851151	-0.013441	-0.043646	-0.023499	-0.053719
23.890141	-0.013441	-0.043646	-0.020146	-0.053719
23.929129	-0.013441	-0.046998	-0.016794	-0.046998
23.968119	-0.013441	-0.046998	-0.020146	-0.043646
24.007109	-0.013441	-0.046998	-0.020146	-0.046998
24.046099	-0.013441	-0.046998	-0.023499	-0.046998
24.085089	-0.010073	-0.046998	-0.023499	-0.046998
24.124079	-0.010073	-0.046998	-0.023499	-0.046998
24.163067	-0.013441	-0.046998	-0.023499	-0.046998
24.202057	-0.013441	-0.046998	-0.020146	-0.050366
24.241047	-0.013441	-0.046998	-0.020146	-0.050366
24.280037	-0.013441	-0.046998	-0.020146	-0.046998
24.319027	-0.010073	-0.046998	-0.023499	-0.046998
24.358017	-0.010073	-0.043646	-0.023499	-0.050366
24.397005	-0.010073	-0.043646	-0.023499	-0.053719
24.435995	-0.010073	-0.043646	-0.020146	-0.053719
24.474985	-0.006720	-0.040293	-0.020146	-0.050366
24.513975	-0.006720	-0.040293	-0.023499	-0.050366
24.552965	-0.006720	-0.043646	-0.023499	-0.050366
24.591955	-0.006720	-0.043646	-0.023499	-0.050366
24.630943	-0.006720	-0.046998	-0.023499	-0.050366
24.669933	-0.006720	-0.043646	-0.023499	-0.050366
24.708923	-0.006720	-0.043646	-0.026867	-0.050366
24.747913	-0.003368	-0.046998	-0.026867	-0.053719
24.786903	-0.003368	-0.043646	-0.023499	-0.053719
24.825893	0.000000	-0.043646	-0.023499	-0.046998
24.864883	0.000000	-0.043646	-0.023499	-0.043646
24.903872	0.003353	-0.043646	-0.023499	-0.046998
24.942862	0.003353	-0.043646	-0.020146	-0.046998
24.981852	0.006706	-0.043646	-0.016794	-0.043646
25.020842	0.006706	-0.043646	-0.020146	-0.046998
25.059832	0.006706	-0.043646	-0.020146	-0.050366
25.098822	0.010058	-0.043646	-0.016794	-0.053719
25.137810	0.010058	-0.043646	-0.010073	-0.050366
25.176800	0.013426	-0.043646	-0.013441	-0.046998
25.215790	0.016779	-0.043646	-0.013441	-0.046998
25.254780	0.016779	-0.043646	-0.013441	-0.046998
25.293770	0.020131	-0.043646	-0.010073	-0.046998
25.332760	0.023484	-0.043646	-0.006720	-0.043646
25.371748	0.026852	-0.043646	-0.013441	-0.043646
25.410738	0.030205	-0.043646	-0.016794	-0.046998
25.449728	0.033557	-0.043646	-0.016794	-0.050366
25.488718	0.036925	-0.043646	-0.013441	-0.050366
25.527708	0.040278	-0.040293	-0.010073	-0.050366
25.566698	0.043631	-0.040293	-0.010073	-0.050366
25.605686	0.046983	-0.040293	-0.010073	-0.050366
25.644676	0.053704	-0.043646	-0.006720	-0.050366
25.683666	0.057057	-0.043646	-0.006720	-0.050366
25.722656	0.063777	-0.043646	-0.006720	-0.046998
25.761646	0.070482	-0.043646	-0.006720	-0.043646
25.800636	0.080556	-0.043646	-0.006720	-0.046998
25.839624	0.090629	-0.043646	-0.003368	-0.050366
25.878614	0.100702	-0.043646	0.000000	-0.050366
25.917604	0.110775	-0.043646	0.000000	-0.046998
25.956594	0.124201	-0.046998	0.000000	-0.046998
25.995584	0.137627	-0.046998	0.000000	-0.046998
26.034575	0.157773	-0.046998	0.000000	-0.046998
26.073565	0.177905	-0.046998	0.000000	-0.050366
26.112553	0.198051	-0.043646	0.003353	-0.053719
26.151543	0.224903	-0.043646	0.006706	-0.053719
26.190533	0.255123	-0.043646	0.010058	-0.050366
26.229523	0.292048	-0.043646	0.010058	-0.050366
26.268513	0.332326	-0.043646	0.010058	-0.050366
26.307503	0.382692	-0.043646	0.010058	-0.053719
26.346491	0.439748	-0.043646	0.013426	-0.057071
26.385481	0.506893	-0.043646	0.013426	-0.060439
26.424471	0.580743	-0.043646	0.013426	-0.063792
26.463461	0.664666	-0.043646	0.013426	-0.060439
26.502451	0.772089	-0.040293	0.013426	-0.057071
26.541441	0.909731	-0.040293	0.013426	-0.057071
26.580429	1.094356	-0.043646	0.013426	-0.057071
26.619419	1.356199	-0.043646	0.013426	-0.057071
26.658409	1.732185	-0.043646	0.020131	-0.057071
26.697399	2.299502	-0.043646	0.040278	-0.057071
26.736389	3.152177	-0.043646	0.100702	-0.060439
26.775379	4.411027	-0.043646	0.258476	-0.057071
26.814367	5.988791	-0.043646	0.587463	-0.053719
26.853357	7.311434	-0.043646	1.040652	-0.050366
26.892347	7.408783	-0.043646	1.409918	-0.053719
26.931337	5.421474	-0.043646	1.440123	-0.057071
26.970327	1.389772	-0.043646	1.020506	-0.057071
27.009317	-2.954125	-0.043646	0.580743	-0.050366
27.048306	-5.884752	-0.043646	0.402823	-0.050366
27.087296	-7.019401	-0.040293	0.419617	-0.053719
27.126286	-6.794482	-0.040293	0.500172	-0.053719
27.165276	-5.861253	-0.040293	0.553891	-0.050366
27.204266	-4.716530	-0.040293	0.557244	-0.046998
27.243256	-3.645658	-0.040293	0.527039	-0.050366
27.282246	-2.766132	-0.040293	0.476673	-0.050366
27.321234	-2.084672	-0.040293	0.422969	-0.050366
27.360224	-1.581132	-0.040293	0.369251	-0.050366
27.399214	-1.221940	-0.040293	0.315547	-0.057071
27.438204	-0.960097	-0.040293	0.268549	-0.060439
27.477194	-0.772104	-0.040293	0.228271	-0.057071
27.516184	-0.637829	-0.040293	0.198051	-0.053719
27.555172	-0.537112	-0.040293	0.171199	-0.050366
27.594162	-0.459909	-0.040293	0.147700	-0.050366
27.633152	-0.402838	-0.040293	0.130907	-0.053719
27.672142	-0.355840	-0.040293	0.120848	-0.050366
27.711132	-0.318915	-0.040293	0.110775	-0.046998
27.750122	-0.292063	-0.040293	0.097349	-0.050366
27.789110	-0.268564	-0.040293	0.083923	-0.050366
27.828100	-0.251785	-0.040293	0.077203	-0.053719
27.867090	-0.238344	-0.040293	0.070482	-0.053719
27.906080	-0.224918	-0.040293	0.067130	-0.050366
27.945070	-0.214845	-0.040293	0.063777	-0.050366
27.984060	-0.208139	-0.040293	0.063777	-0.050366
28.023048	-0.201419	-0.040293	0.063777	-0.050366
28.062038	-0.194713	-0.040293	0.060424	-0.050366
28.101028	-0.191361	-0.040293	0.057057	-0.053719
28.140018	-0.187993	-0.040293	0.053704	-0.053719
28.179008	-0.187993	-0.040293	0.057057	-0.053719
28.217999	-0.184640	-0.040293	0.057057	-0.053719
28.256987	-0.184640	-0.040293	0.057057	-0.050366
28.295977	-0.184640	-0.040293	0.053704	-0.050366
28.334967	-0.187993	-0.040293	0.057057	-0.046998
28.373957	-0.187993	-0.040293	0.057057	-0.046998
28.412947	-0.191361	-0.040293	0.057057	-0.046998
28.451937	-0.191361	-0.040293	0.060424	-0.046998
28.490927	-0.194713	-0.040293	0.060424	-0.046998
28.529915	-0.198066	-0.040293	0.060424	-0.046998
28.568905	-0.201419	-0.040293	0.060424	-0.046998
28.607895	-0.208139	-0.040293	0.063777	-0.046998
28.646885	-0.214845	-0.040293	0.063777	-0.043646
28.685875	-0.218213	-0.040293	0.067130	-0.046998
28.724865	-0.224918	-0.040293	0.070482	-0.050366
28.763853	-0.234991	-0.040293	0.070482	-0.050366
28.802843	-0.241712	-0.040293	0.073850	-0.046998
28.841833	-0.251785	-0.040293	0.080556	-0.043646
28.880823	-0.265211	-0.040293	0.083923	-0.043646
28.919813	-0.278637	-0.040293	0.087276	-0.043646
28.958803	-0.292063	-0.040293	0.097349	-0.043646
28.997791	-0.308841	-0.040293	0.107422	-0.040293
29.036781	-0.328988	-0.036940	0.114128	-0.040293
29.075771	-0.349134	-0.036940	0.120848	-0.040293
29.114761	-0.375986	-0.036940	0.130907	-0.040293
29.153751	-0.402838	-0.036940	0.140980	-0.040293
29.192741	-0.436410	-0.036940	0.151053	-0.043646
29.231730	-0.476688	-0.036940	0.161126	-0.046998
29.270720	-0.523686	-0.036940	0.171199	-0.050366
29.309710	-0.580758	-0.036940	0.187978	-0.046998
29.348700	-0.647902	-0.036940	0.211477	-0.043646
29.387690	-0.731826	-0.036940	0.238329	-0.040293
29.426680	-0.839248	-0.036940	0.268549	-0.040293
29.465668	-0.976875	-0.036940	0.312194	-0.040293
29.504658	-1.158163	-0.036940	0.362545	-0.040293
29.543648	-1.406565	-0.033572	0.433043	-0.040293
29.582638	-1.762405	-0.036940	0.530392	-0.043646
29.621628	-2.302870	-0.036940	0.688165	-0.043646
29.660618	-3.192470	-0.036940	0.980228	-0.040293
29.699608	-4.733309	-0.036940	1.621395	-0.036940
29.738596	-6.932110	-0.033572	2.779543	-0.036940
29.777586	-8.865714	-0.033572	3.877267	-0.043646
29.816576	-9.201407	-0.033572	4.209608	-0.046998
29.855566	-7.435650	-0.033572	3.632218	-0.046998
29.894556	-4.041776	-0.033572	2.393499	-0.043646
29.933546	-0.127569	-0.033572	0.946656	-0.040293
29.972534	3.189102	-0.033572	-0.258490	-0.040293
30.011524	5.327478	-0.033572	-0.990301	-0.040293
30.050514	6.227136	-0.033572	-1.272291	-0.036940
30.089504	6.186858	-0.033572	-1.248792	-0.040293
30.128494	5.589321	-0.033572	-1.070872	-0.043646
30.167484	4.753441	-0.033572	-0.842601	-0.043646
30.206472	3.897414	-0.033572	-0.621051	-0.040293
30.245462	2.954111	-0.030220	-0.402838	-0.033572
30.284452	2.343148	-0.030220	-0.278637	-0.033572
30.323442	1.866460	-0.030220	-0.187993	-0.033572
30.362432	1.500547	-0.033572	-0.124216	-0.036940
30.401423	1.225278	-0.033572	-0.083938	-0.036940
30.440411	1.013786	-0.033572	-0.057071	-0.033572
30.479401	0.856012	-0.033572	-0.040293	-0.033572
30.518391	0.731811	-0.033572	-0.030220	-0.033572
30.557381	0.627741	-0.033572	-0.020146	-0.033572
30.596371	0.543818	-0.030220	-0.016794	-0.036940
30.635361	0.469968	-0.030220	-0.016794	-0.040293
30.674349	0.409544	-0.030220	-0.013441	-0.036940
30.713339	0.355825	-0.030220	-0.006720	-0.033572
30.752329	0.312194	-0.030220	0.000000	-0.030220
30.791319	0.271901	-0.030220	0.000000	-0.026867
30.830309	0.238329	-0.030220	0.000000	-0.023499
30.869299	0.208125	-0.026867	-0.003368	-0.026867
30.908289	0.184625	-0.026867	0.000000	-0.026867
30.947277	0.161126	-0.026867	0.003353	-0.030220
30.986267	0.140980	-0.026867	0.003353	-0.023499
31.025257	0.124201	-0.026867	0.003353	-0.020146
31.064247	0.110775	-0.026867	0.003353	-0.016794
31.103237	0.097349	-0.026867	0.006706	-0.016794
31.142227	0.083923	-0.023499	0.006706	-0.020146
31.181215	0.073850	-0.026867	0.003353	-0.020146
31.220205	0.063777	-0.026867	0.000000	-0.023499
31.259195	0.057057	-0.026867	0.000000	-0.023499
31.298185	0.050351	-0.026867	-0.003368	-0.020146
31.337175	0.043631	-0.023499	-0.003368	-0.016794
31.376165	0.040278	-0.023499	-0.003368	-0.013441
31.415154	0.036925	-0.023499	-0.003368	-0.016794
31.454144	0.030205	-0.023499	-0.006720	-0.020146
31.493134	0.026852	-0.023499	-0.006720	-0.020146
31.532124	0.023484	-0.020146	-0.006720	-0.020146
31.571114	0.020131	-0.020146	-0.006720	-0.020146
31.610104	0.016779	-0.020146	-0.010073	-0.016794
31.649092	0.013426	-0.016794	-0.006720	-0.016794
31.688082	0.013426	-0.016794	-0.006720	-0.013441
31.727072	0.010058	-0.013441	-0.006720	-0.010073
31.766062	0.006706	-0.013441	-0.010073	-0.013441
31.805052	0.003353	-0.013441	-0.013441	-0.016794
31.844042	0.000000	-0.010073	-0.013441	-0.020146
31.883030	-0.003368	-0.010073	-0.010073	-0.016794
31.922020	-0.003368	-0.010073	-0.013441	-0.016794
31.961010	-0.006720	-0.006720	-0.016794	-0.016794
