21.452927	-0.077218	-0.057071	63.026772	62.986492
21.484102	-0.077218	-0.057071	63.023418	62.983124
21.515280	-0.077218	-0.057071	63.016697	62.983124
21.546455	-0.077218	-0.057071	63.016697	62.983124
21.577633	-0.077218	-0.053719	63.016697	62.993198
21.608809	-0.077218	-0.050366	63.016697	62.999920
21.639986	-0.077218	-0.046998	63.016697	63.003273
21.671162	-0.077218	-0.040293	63.016697	63.003273
21.702339	-0.073865	-0.040293	63.016697	63.006626
21.733515	-0.073865	-0.036940	63.020050	63.013344
21.764692	-0.073865	-0.033572	63.023418	63.016697
21.795868	-0.070497	-0.030220	63.023418	63.016697
21.827045	-0.070497	-0.023499	63.026772	63.020050
21.858221	-0.067145	-0.016794	63.026772	63.020050
21.889397	-0.067145	-0.013441	63.026772	63.016697
21.920574	-0.067145	-0.010073	63.026772	63.016697
21.951750	-0.067145	-0.006720	63.026772	63.016697
21.982927	-0.067145	-0.003368	63.023418	63.020050
22.014103	-0.063792	0.000000	63.023418	63.023418
22.045280	-0.063792	0.003353	63.020050	63.023418
22.076456	-0.060439	0.006706	63.020050	63.020050
22.107634	-0.057071	0.013426	63.023418	63.020050
22.138809	-0.050366	0.020131	63.026772	63.020050
22.169987	-0.046998	0.026852	63.026772	63.013344
22.201162	-0.046998	0.030205	63.026772	63.009991
22.232340	-0.043646	0.033557	63.030125	63.009991
22.263515	-0.043646	0.040278	63.030125	63.006626
22.294693	-0.040293	0.043631	63.026772	63.003273
22.325869	-0.040293	0.046983	63.026772	62.999920
22.357046	-0.036940	0.053704	63.023418	62.996552
22.388222	-0.036940	0.060424	63.020050	62.989845
22.419399	-0.033572	0.063777	63.020050	62.989845
22.450575	-0.033572	0.070482	63.020050	62.993198
22.481752	-0.030220	0.077203	63.020050	63.003273
22.512928	-0.030220	0.080556	63.020050	63.006626
22.544106	-0.030220	0.087276	63.016697	63.009991
22.575281	-0.026867	0.093982	63.016697	63.003273
22.606459	-0.023499	0.104055	63.013344	62.993198
22.637634	-0.020146	0.110775	63.006626	62.983124
22.668812	-0.016794	0.120848	63.006626	62.973053
22.699987	-0.013441	0.127554	63.003273	62.969700
22.731165	-0.013441	0.137627	63.006626	62.969700
22.762341	-0.010073	0.151053	63.009991	62.976421
22.793518	-0.003368	0.161126	63.016697	62.979774
22.824694	0.000000	0.171199	63.023418	62.979774
22.855871	0.003353	0.181273	63.026772	62.976421
22.887047	0.006706	0.194699	63.026772	62.973053
22.918224	0.006706	0.208125	63.026772	62.966347
22.949400	0.013426	0.224903	63.026772	62.959625
22.980577	0.016779	0.241697	63.023418	62.956272
23.011753	0.020131	0.258476	63.020050	62.952919
23.042931	0.023484	0.275269	63.016697	62.942848
23.074106	0.030205	0.288695	63.013344	62.932774
23.105282	0.030205	0.305474	63.006626	62.919350
23.136459	0.033557	0.318900	62.999920	62.909275
23.167635	0.036925	0.335693	62.993198	62.895851
23.198812	0.040278	0.352472	62.993198	62.882423
23.229988	0.046983	0.369251	62.993198	62.868996
23.261166	0.050351	0.389397	62.996552	62.855572
23.292341	0.057057	0.412896	62.996552	62.842144
23.323519	0.063777	0.439748	62.996552	62.832073
23.354694	0.070482	0.473320	62.993198	62.828705
23.385872	0.077203	0.506893	62.996552	62.825352
23.417048	0.083923	0.547171	62.993198	62.825352
23.448225	0.090629	0.590816	62.989845	62.825352
23.479401	0.097349	0.644535	62.983124	62.821999
23.510578	0.104055	0.701591	62.976421	62.815277
23.541754	0.110775	0.772089	62.973053	62.805206
23.572931	0.120848	0.852659	62.973053	62.795147
23.604107	0.127554	0.943303	62.973053	62.778355
23.635284	0.137627	1.054078	62.969700	62.761574
23.666460	0.144348	1.185000	62.969700	62.738075
23.697638	0.154406	1.346126	62.969700	62.704502
23.728813	0.164479	1.547545	62.973053	62.660858
23.759991	0.177905	1.802683	62.976421	62.600433
23.791166	0.187978	2.128303	62.976421	62.519878
23.822344	0.201404	2.544567	62.976421	62.405735
23.853519	0.211477	3.074959	62.973053	62.254669
23.884697	0.221550	3.739640	62.969700	62.056618
23.915873	0.231624	4.531875	62.969700	61.801479
23.947050	0.245050	5.431548	62.969700	61.492638
23.978226	0.258476	6.364778	62.966347	61.140163
24.009403	0.271901	7.200658	62.962994	60.801117
24.040579	0.285327	7.818341	62.956272	60.529202
24.071756	0.298768	8.107037	62.946201	60.374783
24.102932	0.315547	8.063391	62.932774	60.361355
24.134109	0.328973	7.731050	62.922703	60.472130
24.165285	0.345752	7.167086	62.905922	60.690327
24.196463	0.362545	6.435275	62.892498	60.979023
24.227638	0.379324	5.589321	62.879070	61.308010
24.258816	0.402823	4.716516	62.865631	61.643703
24.289991	0.426322	3.887341	62.858925	61.959267
24.321167	0.453174	3.162235	62.855572	62.224464
24.352345	0.486746	2.584845	62.845497	62.429234
24.383520	0.520319	2.148449	62.838779	62.573582
24.414698	0.553891	1.832888	62.832073	62.664227
24.445873	0.594169	1.597896	62.828705	62.728004
24.477051	0.641167	1.419976	62.821999	62.771648
24.508226	0.691518	1.275629	62.818645	62.808575
24.539404	0.751957	1.131281	62.811928	62.842144
24.570580	0.822440	1.033932	62.805206	62.858925
24.601757	0.903010	0.950009	62.795147	62.868996
24.632933	0.997007	0.876158	62.778355	62.872349
24.664110	1.104429	0.809014	62.761574	62.875702
24.695286	1.231998	0.748590	62.738075	62.879070
24.726463	1.389772	0.694886	62.711224	62.882423
24.757639	1.591191	0.647888	62.677650	62.889130
24.788816	1.846313	0.604242	62.637360	62.899200
24.819992	2.198801	0.563964	62.583656	62.905922
24.851170	2.702341	0.530392	62.523232	62.912628
24.882345	3.420725	0.496820	62.462807	62.919350
24.913523	4.364028	0.466615	62.399014	62.929420
24.944698	5.438253	0.436395	62.321812	62.942848
24.975876	6.502405	0.409544	62.227814	62.956272
25.007051	7.432282	0.386044	62.120392	62.969700
25.038229	8.117109	0.362545	62.026398	62.976421
25.069405	8.496433	0.342399	61.959267	62.979774
25.100582	8.556858	0.322267	61.929047	62.983124
25.131758	8.298382	0.302121	61.935768	62.986492
25.162935	7.764623	0.285327	61.976044	62.989845
25.194111	7.016018	0.268549	62.039822	62.993198
25.225288	6.139860	0.251770	62.123745	62.996552
25.256464	5.226761	0.234976	62.224464	62.996552
25.287642	4.370749	0.221550	62.331886	62.996552
25.318817	3.628865	0.204772	62.435940	62.996552
25.349995	3.011182	0.191346	62.529938	62.996552
25.381170	2.517700	0.181273	62.607155	62.999920
25.412348	2.131656	0.167847	62.674286	63.003273
25.443523	1.829535	0.157773	62.731354	63.006626
25.474701	1.594543	0.147700	62.778355	63.013344
25.505877	1.406550	0.137627	62.815277	63.020050
25.537054	1.255497	0.127554	62.845497	63.026772
25.568230	1.134649	0.117481	62.865631	63.030125
25.599405	1.030579	0.107422	62.882423	63.033493
25.630583	0.943303	0.097349	62.895851	63.033493
25.661758	0.869438	0.090629	62.909275	63.036842
25.692936	0.805661	0.080556	62.919350	63.033493
25.724112	0.745237	0.073850	62.932774	63.030125
25.755289	0.691518	0.067130	62.939495	63.026772
25.786465	0.644535	0.057057	62.949570	63.020050
25.817642	0.597537	0.053704	62.956272	63.016697
25.848818	0.557244	0.046983	62.962994	63.013344
25.879995	0.520319	0.043631	62.969700	63.013344
25.911171	0.483394	0.040278	62.976421	63.013344
25.942348	0.453174	0.033557	62.979774	63.016697
25.973524	0.422969	0.030205	62.983124	63.023418
26.004702	0.399470	0.023484	62.986492	63.026772
26.035877	0.372618	0.016779	62.989845	63.030125
26.067055	0.352472	0.013426	62.996552	63.033493
26.098230	0.328973	0.006706	62.999920	63.036842
26.129408	0.312194	0.000000	62.999920	63.036842
26.160583	0.292048	-0.003368	62.999920	63.036842
26.191761	0.275269	-0.010073	62.999920	63.036842
26.222937	0.258476	-0.016794	62.999920	63.033493
26.254114	0.245050	-0.020146	63.003273	63.030125
26.285290	0.228271	-0.026867	63.003273	63.030125
26.316467	0.214845	-0.030220	63.006626	63.026772
26.347643	0.201404	-0.033572	63.013344	63.026772
26.378820	0.187978	-0.036940	63.016697	63.026772
26.409996	0.174552	-0.040293	63.020050	63.023418
26.441174	0.164479	-0.043646	63.020050	63.023418
26.472349	0.154406	-0.046998	63.016697	63.023418
26.503527	0.144348	-0.046998	63.016697	63.026772
26.534702	0.134274	-0.050366	63.013344	63.030125
26.565880	0.124201	-0.053719	63.013344	63.030125
26.597055	0.114128	-0.053719	63.013344	63.033493
26.628233	0.104055	-0.057071	63.013344	63.036842
26.659409	0.090629	-0.057071	63.013344	63.040195
26.690586	0.080556	-0.060439	63.013344	63.040195
26.721762	0.073850	-0.063792	63.009991	63.043549
26.752939	0.067130	-0.063792	63.009991	63.040195
26.784115	0.060424	-0.067145	63.009991	63.033493
26.815290	0.053704	-0.070497	63.009991	63.030125
26.846468	0.046983	-0.073865	63.009991	63.026772
26.877644	0.040278	-0.077218	63.009991	63.023418
26.908821	0.033557	-0.077218	63.013344	63.026772
26.939997	0.030205	-0.080571	63.013344	63.030125
26.971174	0.023484	-0.080571	63.013344	63.033493
27.002350	0.020131	-0.083938	63.009991	63.036842
27.033527	0.013426	-0.083938	63.006626	63.040195
27.064703	0.006706	-0.083938	63.003273	63.040195
27.095881	0.000000	-0.083938	63.003273	63.043549
27.127056	-0.006720	-0.087291	63.006626	63.046917
27.158234	-0.010073	-0.087291	63.009991	63.046917
27.189409	-0.013441	-0.087291	63.013344	63.050270
27.220587	-0.016794	-0.090644	63.016697	63.050270
27.251762	-0.023499	-0.090644	63.016697	63.050270
27.282940	-0.030220	-0.093997	63.016697	63.043549
27.314116	-0.033572	-0.097364	63.016697	63.040195
27.345293	-0.040293	-0.097364	63.016697	63.033493
27.376469	-0.046998	-0.097364	63.020050	63.030125
27.407646	-0.046998	-0.097364	63.023418	63.033493
27.438822	-0.050366	-0.100717	63.026772	63.036842
27.469999	-0.053719	-0.104070	63.026772	63.036842
27.501175	-0.057071	-0.104070	63.026772	63.036842
27.532352	-0.057071	-0.104070	63.020050	63.033493
27.563528	-0.060439	-0.100717	63.020050	63.033493
27.594706	-0.063792	-0.100717	63.020050	63.033493
27.625881	-0.067145	-0.097364	63.020050	63.033493
27.657059	-0.070497	-0.097364	63.020050	63.036842
27.688234	-0.073865	-0.097364	63.023418	63.036842
27.719412	-0.077218	-0.097364	63.026772	63.036842
27.750587	-0.080571	-0.093997	63.026772	63.036842
27.781765	-0.083938	-0.093997	63.026772	63.033493
27.812941	-0.087291	-0.090644	63.026772	63.030125
27.844118	-0.090644	-0.090644	63.026772	63.026772
27.875294	-0.090644	-0.090644	63.023418	63.023418
27.906471	-0.087291	-0.087291	63.023418	63.023418
27.937647	-0.087291	-0.087291	63.023418	63.023418
27.968824	-0.083938	-0.083938	63.023418	63.023418
