22.510115	-0.030220	0.060380	-0.040293	-0.110805
22.549194	-0.030220	0.060380	-0.040293	-0.110805
22.588276	-0.030220	0.060380	-0.040293	-0.110805
22.627357	-0.020146	0.060380	-0.040293	-0.120878
22.666439	-0.020146	0.060380	-0.030220	-0.120878
22.705521	-0.020146	0.060380	-0.030220	-0.120878
22.744602	-0.020146	0.050306	-0.040293	-0.120878
22.783682	-0.020146	0.050306	-0.050366	-0.120878
22.822763	-0.010073	0.050306	-0.050366	-0.110805
22.861845	-0.010073	0.050306	-0.050366	-0.100732
22.900927	-0.010073	0.050306	-0.060439	-0.110805
22.940008	0.000000	0.040233	-0.060439	-0.110805
22.979090	-0.010073	0.040233	-0.060439	-0.110805
23.018169	-0.010073	0.040233	-0.050366	-0.110805
23.057251	-0.010073	0.040233	-0.050366	-0.110805
23.096333	-0.010073	0.040233	-0.050366	-0.110805
23.135414	-0.010073	0.040233	-0.050366	-0.100732
23.174496	-0.010073	0.040233	-0.040293	-0.090659
23.213577	-0.010073	0.040233	-0.040293	-0.090659
23.252657	0.000000	0.040233	-0.050366	-0.100732
23.291739	0.000000	0.040233	-0.050366	-0.100732
23.330820	0.000000	0.040233	-0.040293	-0.090659
23.369902	-0.010073	0.040233	-0.040293	-0.090659
23.408983	-0.010073	0.030160	-0.050366	-0.090659
23.448065	-0.010073	0.030160	-0.050366	-0.090659
23.487144	-0.010073	0.030160	-0.040293	-0.090659
23.526226	-0.010073	0.040233	-0.040293	-0.080585
23.565308	-0.020146	0.040233	-0.030220	-0.080585
23.604389	-0.020146	0.040233	-0.040293	-0.080585
23.643471	-0.020146	0.040233	-0.030220	-0.070512
23.682550	-0.020146	0.040233	-0.030220	-0.060439
23.721632	-0.020146	0.040233	-0.030220	-0.060439
23.760714	-0.020146	0.030160	-0.030220	-0.070512
23.799795	-0.020146	0.030160	-0.040293	-0.070512
23.838877	-0.010073	0.030160	-0.040293	-0.070512
23.877958	-0.010073	0.030160	-0.040293	-0.070512
23.917038	-0.010073	0.030160	-0.050366	-0.080585
23.956120	-0.020146	0.030160	-0.050366	-0.090659
23.995201	-0.020146	0.030160	-0.050366	-0.090659
24.034283	-0.020146	0.030160	-0.050366	-0.090659
24.073364	-0.020146	0.030160	-0.050366	-0.090659
24.112446	-0.020146	0.030160	-0.050366	-0.090659
24.151525	-0.010073	0.030160	-0.040293	-0.090659
24.190607	-0.010073	0.040233	-0.030220	-0.090659
24.229689	-0.010073	0.040233	-0.030220	-0.080585
24.268770	-0.010073	0.040233	-0.030220	-0.090659
24.307852	-0.010073	0.040233	-0.030220	-0.090659
24.346933	-0.020146	0.040233	-0.020146	-0.090659
24.386013	-0.020146	0.040233	-0.020146	-0.080585
24.425095	-0.030220	0.030160	-0.020146	-0.080585
24.464176	-0.030220	0.030160	-0.030220	-0.080585
24.503258	-0.040293	0.030160	-0.020146	-0.070512
24.542339	-0.030220	0.030160	-0.020146	-0.070512
24.581421	-0.030220	0.020087	-0.030220	-0.070512
24.620501	-0.030220	0.030160	-0.040293	-0.070512
24.659582	-0.030220	0.020087	-0.030220	-0.080585
24.698664	-0.020146	0.020087	-0.030220	-0.080585
24.737745	-0.020146	0.020087	-0.040293	-0.090659
24.776827	-0.010073	0.020087	-0.040293	-0.090659
24.815907	-0.010073	0.020087	-0.040293	-0.100732
24.854988	-0.010073	0.020087	-0.030220	-0.090659
24.894070	-0.020146	0.020087	-0.030220	-0.090659
24.933151	-0.020146	0.020087	-0.040293	-0.090659
24.972233	-0.020146	0.020087	-0.040293	-0.090659
25.011314	-0.020146	0.020087	-0.040293	-0.080585
25.050394	-0.020146	0.020087	-0.040293	-0.080585
25.089476	-0.020146	0.020087	-0.040293	-0.080585
25.128557	-0.020146	0.020087	-0.050366	-0.080585
25.167639	-0.020146	0.020087	-0.050366	-0.080585
25.206720	-0.030220	0.010014	-0.040293	-0.080585
25.245802	-0.030220	0.000000	-0.040293	-0.080585
25.284882	-0.030220	-0.010073	-0.050366	-0.080585
25.323963	-0.030220	-0.010073	-0.050366	-0.080585
25.363045	-0.030220	-0.020146	-0.050366	-0.080585
25.402126	-0.030220	-0.020146	-0.050366	-0.080585
25.441208	-0.030220	-0.030220	-0.060439	-0.090659
25.480289	-0.030220	-0.050366	-0.070512	-0.090659
25.519369	-0.030220	-0.070512	-0.070512	-0.080585
25.558451	-0.030220	-0.090659	-0.060439	-0.070512
25.597532	-0.030220	-0.120878	-0.060439	-0.070512
25.636614	-0.020146	-0.151098	-0.060439	-0.060439
25.675695	-0.030220	-0.191391	-0.060439	-0.050366
25.714777	-0.030220	-0.241756	-0.050366	-0.030220
25.753857	-0.030220	-0.292063	-0.050366	-0.020146
25.792938	-0.040293	-0.352502	-0.050366	-0.010073
25.832020	-0.040293	-0.402868	-0.040293	0.020087
25.871101	-0.040293	-0.443161	-0.030220	0.050306
25.910183	-0.040293	-0.463307	-0.030220	0.080526
25.949263	-0.040293	-0.453234	-0.040293	0.100672
25.988344	-0.040293	-0.402868	-0.040293	0.110745
26.027426	-0.040293	-0.322282	-0.040293	0.120819
26.066507	-0.040293	-0.221610	-0.040293	0.120819
26.105589	-0.040293	-0.120878	-0.040293	0.110745
26.144670	-0.040293	-0.020146	-0.040293	0.090599
26.183750	-0.050366	0.090599	-0.030220	0.080526
26.222832	-0.050366	0.191331	-0.030220	0.050306
26.261913	-0.050366	0.271857	-0.030220	0.020087
26.300995	-0.050366	0.322223	-0.030220	-0.010073
26.340076	-0.050366	0.322223	-0.030220	-0.040293
26.379158	-0.050366	0.292003	-0.030220	-0.040293
26.418238	-0.050366	0.241697	-0.030220	-0.040293
26.457319	-0.060439	0.191331	-0.040293	-0.040293
26.496401	-0.060439	0.151038	-0.040293	-0.040293
26.535482	-0.070512	0.120819	-0.030220	-0.040293
26.574564	-0.070512	0.100672	-0.030220	-0.040293
26.613646	-0.070512	0.090599	-0.030220	-0.040293
26.652725	-0.080585	0.070453	-0.040293	-0.040293
26.691807	-0.090659	0.060380	-0.040293	-0.030220
26.730888	-0.100732	0.060380	-0.050366	-0.030220
26.769970	-0.100732	0.050306	-0.060439	-0.030220
26.809052	-0.120878	0.050306	-0.060439	-0.040293
26.848133	-0.151098	0.050306	-0.060439	-0.050366
26.887213	-0.181317	0.040233	-0.060439	-0.050366
26.926294	-0.221610	0.040233	-0.060439	-0.050366
26.965376	-0.281990	0.040233	-0.060439	-0.050366
27.004457	-0.352502	0.030160	-0.060439	-0.050366
27.043539	-0.423014	0.030160	-0.070512	-0.040293
27.082619	-0.483453	0.030160	-0.080585	-0.040293
27.121700	-0.513673	0.040233	-0.080585	-0.040293
27.160782	-0.523686	0.040233	-0.070512	-0.040293
27.199863	-0.493526	0.040233	-0.040293	-0.040293
27.238945	-0.433087	0.040233	-0.010073	-0.030220
27.278027	-0.362575	0.030160	0.020087	-0.040293
27.317106	-0.271916	0.030160	0.050306	-0.050366
27.356188	-0.161171	0.030160	0.080526	-0.050366
27.395269	-0.040293	0.030160	0.110745	-0.040293
27.434351	0.070453	0.020087	0.120819	-0.030220
27.473433	0.161111	0.020087	0.110745	-0.030220
27.512514	0.201404	0.020087	0.100672	-0.030220
27.551594	0.221550	0.020087	0.080526	-0.030220
27.590675	0.211477	0.020087	0.050306	-0.030220
27.629757	0.191331	0.020087	0.010014	-0.030220
27.668839	0.161111	0.020087	-0.020146	-0.040293
27.707920	0.130892	0.020087	-0.030220	-0.040293
27.747002	0.100672	0.020087	-0.040293	-0.040293
27.786081	0.060380	0.020087	-0.050366	-0.050366
27.825163	0.040233	0.020087	-0.050366	-0.060439
27.864244	0.030160	0.020087	-0.040293	-0.050366
27.903326	0.020087	0.030160	-0.040293	-0.050366
27.942408	0.020087	0.020087	-0.050366	-0.050366
27.981489	0.010014	0.030160	-0.050366	-0.050366
28.020569	0.010014	0.030160	-0.050366	-0.050366
28.059650	0.010014	0.030160	-0.050366	-0.040293
28.098732	0.000000	0.030160	-0.050366	-0.040293
28.137814	0.000000	0.030160	-0.060439	-0.040293
28.176895	0.000000	0.030160	-0.070512	-0.040293
28.215975	0.000000	0.030160	-0.070512	-0.040293
28.255056	0.000000	0.030160	-0.070512	-0.030220
28.294138	0.000000	0.030160	-0.070512	-0.030220
28.333220	0.000000	0.030160	-0.070512	-0.030220
28.372301	0.000000	0.030160	-0.060439	-0.030220
28.411383	0.000000	0.030160	-0.060439	-0.030220
28.450462	0.000000	0.030160	-0.060439	-0.030220
28.489544	0.000000	0.030160	-0.060439	-0.030220
28.528625	-0.010073	0.030160	-0.060439	-0.030220
28.567707	-0.010073	0.030160	-0.060439	-0.020146
28.606789	-0.010073	0.030160	-0.060439	-0.020146
28.645870	0.000000	0.030160	-0.060439	-0.020146
28.684950	-0.010073	0.030160	-0.060439	-0.030220
28.724031	-0.010073	0.030160	-0.060439	-0.020146
28.763113	-0.020146	0.030160	-0.060439	-0.020146
28.802195	-0.020146	0.020087	-0.060439	-0.020146
28.841276	-0.020146	0.020087	-0.070512	-0.030220
28.880358	-0.020146	0.020087	-0.060439	-0.030220
28.919437	-0.020146	0.020087	-0.060439	-0.020146
28.958519	-0.010073	0.020087	-0.060439	-0.030220
28.997601	-0.020146	0.020087	-0.060439	-0.040293
29.036682	-0.020146	0.020087	-0.060439	-0.040293
29.075764	-0.020146	0.020087	-0.050366	-0.040293
29.114845	-0.020146	0.020087	-0.050366	-0.040293
29.153925	-0.020146	0.020087	-0.060439	-0.050366
29.193007	-0.030220	0.020087	-0.050366	-0.050366
29.232088	-0.030220	0.020087	-0.050366	-0.050366
29.271170	-0.030220	0.020087	-0.050366	-0.050366
29.310251	-0.030220	0.020087	-0.050366	-0.050366
29.349333	-0.020146	0.020087	-0.060439	-0.060439
29.388412	-0.020146	0.020087	-0.060439	-0.060439
29.427494	-0.020146	0.020087	-0.060439	-0.060439
29.466576	-0.020146	0.020087	-0.050366	-0.060439
29.505657	-0.010073	0.010014	-0.050366	-0.060439
29.544739	-0.010073	0.010014	-0.040293	-0.060439
29.583818	0.000000	0.010014	-0.030220	-0.050366
29.622900	0.000000	0.020087	-0.040293	-0.050366
29.661982	-0.010073	0.020087	-0.040293	-0.050366
29.701063	-0.010073	0.030160	-0.050366	-0.050366
29.740145	-0.010073	0.030160	-0.040293	-0.040293
29.779226	-0.010073	0.030160	-0.040293	-0.040293
29.818306	-0.010073	0.030160	-0.050366	-0.050366
29.857388	-0.010073	0.030160	-0.050366	-0.040293
29.896469	-0.010073	0.030160	-0.040293	-0.040293
29.935551	-0.010073	0.020087	-0.040293	-0.030220
29.974632	-0.010073	0.020087	-0.040293	-0.030220
30.013714	-0.010073	0.020087	-0.040293	-0.030220
30.052794	-0.010073	0.010014	-0.040293	-0.030220
30.091875	-0.010073	0.020087	-0.040293	-0.020146
30.130957	0.000000	0.020087	-0.040293	-0.030220
30.170038	0.000000	0.020087	-0.050366	-0.040293
30.209120	0.000000	0.020087	-0.050366	-0.040293
30.248201	0.000000	0.010014	-0.050366	-0.040293
30.287281	0.010014	0.010014	-0.040293	-0.040293
30.326363	0.010014	0.010014	-0.040293	-0.040293
30.365444	0.010014	0.010014	-0.040293	-0.040293
30.404526	0.000000	0.010014	-0.030220	-0.030220
30.443607	0.000000	0.010014	-0.030220	-0.030220
30.482689	0.000000	0.010014	-0.040293	-0.040293
30.521769	0.000000	0.010014	-0.040293	-0.050366
30.560850	0.000000	0.010014	-0.040293	-0.060439
30.599932	0.000000	0.010014	-0.040293	-0.060439
30.639013	0.000000	0.010014	-0.050366	-0.060439
30.678095	0.000000	0.010014	-0.050366	-0.060439
30.717175	-0.010073	0.010014	-0.050366	-0.050366
30.756256	-0.010073	0.010014	-0.040293	-0.050366
30.795338	-0.010073	0.010014	-0.040293	-0.050366
30.834419	-0.020146	0.010014	-0.040293	-0.050366
30.873501	-0.020146	0.010014	-0.040293	-0.050366
30.912582	-0.030220	0.010014	-0.040293	-0.040293
30.951662	-0.020146	0.010014	-0.040293	-0.040293
30.990744	-0.020146	0.000000	-0.040293	-0.050366
31.029825	-0.020146	0.000000	-0.050366	-0.060439
31.068907	-0.010073	0.000000	-0.050366	-0.060439
31.107988	-0.010073	0.010014	-0.040293	-0.060439
31.147070	-0.010073	0.010014	-0.040293	-0.060439
31.186150	-0.010073	0.010014	-0.040293	-0.070512
31.225231	-0.010073	0.010014	-0.040293	-0.070512
31.264313	0.000000	0.010014	-0.040293	-0.070512
31.303394	0.000000	0.010014	-0.040293	-0.070512
31.342476	0.000000	0.010014	-0.040293	-0.070512
31.381557	0.000000	0.010014	-0.040293	-0.080585
31.420637	-0.010073	0.010014	-0.040293	-0.080585
31.459719	-0.010073	0.010014	-0.040293	-0.080585
31.498800	-0.010073	0.000000	-0.040293	-0.080585
31.537882	-0.010073	0.000000	-0.050366	-0.080585
31.576963	-0.010073	0.000000	-0.040293	-0.080585
31.616045	-0.010073	0.000000	-0.040293	-0.070512
31.655125	0.000000	0.000000	-0.040293	-0.080585
31.694206	0.000000	0.000000	-0.030220	-0.080585
31.733288	0.010014	0.010014	-0.020146	-0.080585
31.772369	0.010014	0.010014	-0.020146	-0.080585
31.811451	0.010014	0.000000	-0.020146	-0.080585
31.850531	0.000000	0.000000	-0.030220	-0.080585
31.889612	0.000000	0.000000	-0.030220	-0.080585
31.928694	-0.010073	0.000000	-0.030220	-0.080585
31.967775	-0.010073	0.000000	-0.030220	-0.080585
32.006855	-0.020146	0.000000	-0.030220	-0.080585
32.045937	-0.020146	-0.010073	-0.030220	-0.080585
32.085018	-0.020146	-0.010073	-0.030220	-0.070512
32.124100	-0.010073	-0.010073	-0.030220	-0.070512
32.163181	-0.010073	-0.010073	-0.040293	-0.070512
32.202263	0.000000	-0.010073	-0.050366	-0.070512
32.241344	0.010014	-0.010073	-0.050366	-0.060439
32.280426	0.010014	0.000000	-0.050366	-0.050366
32.319508	0.000000	0.000000	-0.050366	-0.050366
32.358589	0.000000	0.010014	-0.050366	-0.050366
32.397671	0.000000	0.010014	-0.040293	-0.050366
32.436749	0.000000	0.010014	-0.030220	-0.040293
32.475830	0.000000	0.000000	-0.030220	-0.040293
32.514912	0.000000	0.000000	-0.030220	-0.050366
32.553993	0.000000	0.000000	-0.020146	-0.060439
32.593075	0.000000	0.000000	-0.020146	-0.060439
32.632156	0.000000	0.000000	-0.030220	-0.060439
32.671238	0.000000	0.010014	-0.030220	-0.060439
32.710320	0.000000	0.010014	-0.040293	-0.070512
32.749401	0.000000	0.010014	-0.030220	-0.070512
32.788483	0.000000	0.010014	-0.030220	-0.070512
32.827564	0.010014	0.000000	-0.040293	-0.080585
32.866642	0.010014	0.000000	-0.040293	-0.080585
32.905724	0.010014	-0.010073	-0.040293	-0.080585
32.944805	0.020087	-0.010073	-0.030220	-0.070512
32.983887	0.010014	-0.010073	-0.040293	-0.060439
33.022968	0.010014	-0.010073	-0.040293	-0.060439
33.062050	0.010014	-0.010073	-0.040293	-0.060439
33.101131	0.000000	0.000000	-0.030220	-0.050366
33.140213	0.000000	0.000000	-0.030220	-0.040293
33.179295	0.000000	0.000000	-0.040293	-0.050366
33.218376	0.000000	0.000000	-0.040293	-0.050366
33.257458	0.000000	-0.010073	-0.040293	-0.050366
33.296539	0.000000	-0.010073	-0.030220	-0.050366
33.335617	0.000000	-0.010073	-0.040293	-0.050366
33.374699	0.000000	-0.010073	-0.050366	-0.060439
33.413780	0.000000	0.000000	-0.050366	-0.060439
33.452862	0.000000	0.010014	-0.050366	-0.050366
33.491943	0.000000	0.010014	-0.050366	-0.050366
33.531025	0.010014	0.020087	-0.050366	-0.050366
33.570107	0.000000	0.020087	-0.050366	-0.050366
33.609188	0.000000	0.020087	-0.050366	-0.050366
33.648270	0.000000	0.010014	-0.050366	-0.060439
33.687351	0.000000	0.010014	-0.060439	-0.060439
33.726433	0.000000	0.000000	-0.070512	-0.070512
33.765514	0.000000	0.000000	-0.060439	-0.070512
33.804592	0.000000	0.000000	-0.060439	-0.070512
33.843674	0.000000	-0.010073	-0.070512	-0.070512
33.882755	0.000000	-0.010073	-0.080585	-0.070512
33.921837	0.000000	0.000000	-0.080585	-0.070512
33.960918	0.000000	0.000000	-0.070512	-0.070512
