22.510115	-0.110805	-0.231683	185.817368	186.059052
22.549194	-0.110805	-0.221610	185.807281	186.048981
22.588276	-0.110805	-0.221610	185.797211	186.059052
22.627357	-0.110805	-0.221610	185.787140	186.059052
22.666439	-0.110805	-0.221610	185.787140	186.038910
22.705521	-0.100732	-0.221610	185.797211	186.018768
22.744602	-0.100732	-0.221610	185.797211	186.008698
22.783682	-0.100732	-0.221610	185.797211	186.008698
22.822763	-0.100732	-0.221610	185.797211	185.998611
22.861845	-0.100732	-0.211537	185.797211	185.998611
22.900927	-0.090659	-0.211537	185.797211	185.998611
22.940008	-0.090659	-0.221610	185.797211	186.008698
22.979090	-0.080585	-0.221610	185.797211	186.028839
23.018169	-0.080585	-0.221610	185.807281	186.028839
23.057251	-0.080585	-0.221610	185.827438	186.028839
23.096333	-0.090659	-0.231683	185.827438	186.038910
23.135414	-0.100732	-0.231683	185.817368	186.048981
23.174496	-0.100732	-0.231683	185.817368	186.048981
23.213577	-0.110805	-0.231683	185.817368	186.048981
23.252657	-0.110805	-0.241756	185.827438	186.059052
23.291739	-0.110805	-0.241756	185.817368	186.069138
23.330820	-0.110805	-0.231683	185.807281	186.059052
23.369902	-0.110805	-0.231683	185.807281	186.048981
23.408983	-0.110805	-0.231683	185.817368	186.038910
23.448065	-0.120878	-0.231683	185.817368	186.048981
23.487144	-0.120878	-0.231683	185.817368	186.048981
23.526226	-0.130951	-0.231683	185.827438	186.048981
23.565308	-0.130951	-0.231683	185.837509	186.048981
23.604389	-0.130951	-0.231683	185.837509	186.048981
23.643471	-0.130951	-0.231683	185.827438	186.059052
23.682550	-0.130951	-0.231683	185.817368	186.059052
23.721632	-0.130951	-0.231683	185.827438	186.059052
23.760714	-0.130951	-0.231683	185.827438	186.059052
23.799795	-0.130951	-0.231683	185.827438	186.059052
23.838877	-0.130951	-0.231683	185.827438	186.048981
23.877958	-0.130951	-0.241756	185.837509	186.048981
23.917038	-0.130951	-0.241756	185.847580	186.059052
23.956120	-0.130951	-0.241756	185.857651	186.069138
23.995201	-0.130951	-0.241756	185.847580	186.069138
24.034283	-0.130951	-0.231683	185.847580	186.059052
24.073364	-0.130951	-0.231683	185.857651	186.048981
24.112446	-0.130951	-0.231683	185.857651	186.048981
24.151525	-0.120878	-0.231683	185.857651	186.048981
24.190607	-0.120878	-0.221610	185.857651	186.028839
24.229689	-0.120878	-0.221610	185.867722	186.008698
24.268770	-0.130951	-0.221610	185.867722	186.008698
24.307852	-0.130951	-0.211537	185.857651	186.008698
24.346933	-0.130951	-0.211537	185.857651	186.008698
24.386013	-0.130951	-0.211537	185.847580	185.988541
24.425095	-0.130951	-0.211537	185.847580	185.988541
24.464176	-0.130951	-0.211537	185.827438	185.988541
24.503258	-0.120878	-0.221610	185.817368	185.978470
24.542339	-0.120878	-0.221610	185.817368	185.968399
24.581421	-0.120878	-0.231683	185.817368	185.968399
24.620501	-0.120878	-0.231683	185.807281	185.988541
24.659582	-0.120878	-0.231683	185.797211	186.008698
24.698664	-0.120878	-0.231683	185.807281	186.008698
24.737745	-0.130951	-0.221610	185.817368	186.008698
24.776827	-0.130951	-0.221610	185.807281	186.018768
24.815907	-0.130951	-0.221610	185.797211	186.018768
24.854988	-0.120878	-0.221610	185.787140	186.008698
24.894070	-0.120878	-0.231683	185.797211	185.998611
24.933151	-0.120878	-0.221610	185.797211	185.988541
24.972233	-0.120878	-0.221610	185.797211	185.978470
25.011314	-0.130951	-0.221610	185.797211	185.968399
25.050394	-0.130951	-0.211537	185.807281	185.948257
25.089476	-0.130951	-0.211537	185.827438	185.938187
25.128557	-0.141025	-0.211537	185.827438	185.928101
25.167639	-0.141025	-0.211537	185.827438	185.928101
25.206720	-0.151098	-0.221610	185.827438	185.918030
25.245802	-0.151098	-0.221610	185.837509	185.907959
25.284882	-0.151098	-0.231683	185.837509	185.907959
25.323963	-0.161171	-0.241756	185.837509	185.918030
25.363045	-0.161171	-0.241756	185.837509	185.928101
25.402126	-0.161171	-0.231683	185.847580	185.928101
25.441208	-0.161171	-0.231683	185.847580	185.938187
25.480289	-0.151098	-0.221610	185.837509	185.948257
25.519369	-0.151098	-0.211537	185.837509	185.948257
25.558451	-0.151098	-0.201464	185.847580	185.938187
25.597532	-0.151098	-0.201464	185.867722	185.938187
25.636614	-0.151098	-0.201464	185.867722	185.948257
25.675695	-0.151098	-0.201464	185.867722	185.958328
25.714777	-0.161171	-0.201464	185.867722	185.948257
25.753857	-0.161171	-0.211537	185.867722	185.938187
25.792938	-0.161171	-0.211537	185.867722	185.928101
25.832020	-0.151098	-0.221610	185.857651	185.928101
25.871101	-0.141025	-0.221610	185.857651	185.928101
25.910183	-0.141025	-0.221610	185.867722	185.907959
25.949263	-0.141025	-0.221610	185.877808	185.907959
25.988344	-0.130951	-0.221610	185.867722	185.918030
26.027426	-0.130951	-0.221610	185.857651	185.918030
26.066507	-0.130951	-0.221610	185.857651	185.928101
26.105589	-0.141025	-0.221610	185.857651	185.928101
26.144670	-0.141025	-0.211537	185.847580	185.948257
26.183750	-0.141025	-0.211537	185.847580	185.948257
26.222832	-0.141025	-0.211537	185.837509	185.938187
26.261913	-0.130951	-0.211537	185.847580	185.938187
26.300995	-0.130951	-0.211537	185.857651	185.938187
26.340076	-0.130951	-0.221610	185.857651	185.948257
26.379158	-0.130951	-0.221610	185.867722	185.938187
26.418238	-0.141025	-0.221610	185.887817	185.938187
26.457319	-0.151098	-0.211537	185.887817	185.948257
26.496401	-0.151098	-0.211537	185.877808	185.968399
26.535482	-0.151098	-0.201464	185.857651	185.968399
26.574564	-0.151098	-0.191391	185.847580	185.958328
26.613646	-0.141025	-0.191391	185.847580	185.948257
26.652725	-0.141025	-0.181317	185.847580	185.938187
26.691807	-0.130951	-0.181317	185.847580	185.928101
26.730888	-0.130951	-0.181317	185.857651	185.907959
26.769970	-0.130951	-0.191391	185.867722	185.907959
26.809052	-0.141025	-0.191391	185.877808	185.918030
26.848133	-0.151098	-0.191391	185.867722	185.928101
26.887213	-0.161171	-0.191391	185.877808	185.928101
26.926294	-0.171244	-0.191391	185.877808	185.928101
26.965376	-0.171244	-0.191391	185.887817	185.938187
27.004457	-0.171244	-0.191391	185.877808	185.938187
27.043539	-0.171244	-0.181317	185.877808	185.928101
27.082619	-0.161171	-0.181317	185.887817	185.907959
27.121700	-0.161171	-0.191391	185.907959	185.907959
27.160782	-0.161171	-0.201464	185.907959	185.907959
27.199863	-0.161171	-0.211537	185.897888	185.918030
27.238945	-0.161171	-0.221610	185.887817	185.918030
27.278027	-0.151098	-0.221610	185.887817	185.918030
27.317106	-0.151098	-0.221610	185.887817	185.928101
27.356188	-0.151098	-0.221610	185.877808	185.928101
27.395269	-0.151098	-0.221610	185.877808	185.928101
27.434351	-0.141025	-0.211537	185.887817	185.918030
27.473433	-0.141025	-0.211537	185.897888	185.918030
27.512514	-0.141025	-0.211537	185.887817	185.928101
27.551594	-0.141025	-0.201464	185.877808	185.938187
27.590675	-0.141025	-0.201464	185.887817	185.928101
27.629757	-0.141025	-0.191391	185.897888	185.928101
27.668839	-0.130951	-0.201464	185.887817	185.938187
27.707920	-0.130951	-0.201464	185.877808	185.948257
27.747002	-0.141025	-0.201464	185.877808	185.938187
27.786081	-0.141025	-0.211537	185.877808	185.938187
27.825163	-0.141025	-0.211537	185.867722	185.958328
27.864244	-0.141025	-0.221610	185.857651	185.978470
27.903326	-0.151098	-0.221610	185.847580	185.978470
27.942408	-0.151098	-0.221610	185.857651	185.988541
27.981489	-0.151098	-0.211537	185.867722	185.998611
28.020569	-0.151098	-0.201464	185.857651	185.998611
28.059650	-0.151098	-0.191391	185.857651	185.988541
28.098732	-0.151098	-0.191391	185.877808	185.968399
28.137814	-0.151098	-0.191391	185.887817	185.958328
28.176895	-0.151098	-0.191391	185.887817	185.958328
28.215975	-0.151098	-0.201464	185.877808	185.958328
28.255056	-0.151098	-0.211537	185.867722	185.948257
28.294138	-0.151098	-0.211537	185.867722	185.948257
28.333220	-0.151098	-0.211537	185.867722	185.948257
28.372301	-0.151098	-0.211537	185.857651	185.958328
28.411383	-0.161171	-0.191391	185.857651	185.938187
28.450462	-0.161171	-0.191391	185.867722	185.928101
28.489544	-0.161171	-0.181317	185.877808	185.918030
28.528625	-0.161171	-0.181317	185.877808	185.928101
28.567707	-0.161171	-0.181317	185.877808	185.938187
28.606789	-0.161171	-0.181317	185.877808	185.938187
28.645870	-0.161171	-0.181317	185.887817	185.948257
28.684950	-0.171244	-0.191391	185.887817	185.958328
28.724031	-0.181317	-0.191391	185.877808	185.958328
28.763113	-0.181317	-0.181317	185.867722	185.948257
28.802195	-0.181317	-0.181317	185.857651	185.928101
28.841276	-0.181317	-0.181317	185.847580	185.928101
28.880358	-0.181317	-0.181317	185.837509	185.928101
28.919437	-0.171244	-0.181317	185.827438	185.928101
28.958519	-0.171244	-0.181317	185.837509	185.928101
28.997601	-0.161171	-0.181317	185.837509	185.928101
29.036682	-0.161171	-0.191391	185.827438	185.928101
29.075764	-0.151098	-0.191391	185.817368	185.928101
29.114845	-0.141025	-0.201464	185.827438	185.918030
29.153925	-0.141025	-0.211537	185.837509	185.918030
29.193007	-0.141025	-0.221610	185.837509	185.918030
29.232088	-0.141025	-0.231683	185.837509	185.918030
29.271170	-0.141025	-0.241756	185.837509	185.918030
29.310251	-0.151098	-0.241756	185.857651	185.907959
29.349333	-0.161171	-0.231683	185.857651	185.918030
29.388412	-0.161171	-0.231683	185.847580	185.938187
29.427494	-0.161171	-0.231683	185.847580	185.948257
29.466576	-0.161171	-0.231683	185.857651	185.948257
29.505657	-0.151098	-0.231683	185.857651	185.948257
29.544739	-0.141025	-0.231683	185.847580	185.948257
29.583818	-0.141025	-0.231683	185.837509	185.948257
29.622900	-0.151098	-0.231683	185.837509	185.948257
29.661982	-0.151098	-0.231683	185.837509	185.958328
29.701063	-0.141025	-0.231683	185.817368	185.968399
29.740145	-0.141025	-0.231683	185.807281	185.968399
29.779226	-0.130951	-0.231683	185.797211	185.948257
29.818306	-0.130951	-0.221610	185.797211	185.948257
29.857388	-0.130951	-0.221610	185.797211	185.938187
29.896469	-0.130951	-0.221610	185.797211	185.948257
29.935551	-0.141025	-0.231683	185.807281	185.938187
29.974632	-0.141025	-0.231683	185.817368	185.938187
30.013714	-0.141025	-0.231683	185.827438	185.938187
30.052794	-0.151098	-0.241756	185.827438	185.938187
30.091875	-0.151098	-0.241756	185.827438	185.938187
30.130957	-0.161171	-0.251830	185.847580	185.938187
30.170038	-0.161171	-0.251830	185.847580	185.958328
30.209120	-0.151098	-0.251830	185.837509	185.968399
30.248201	-0.151098	-0.251830	185.837509	185.978470
30.287281	-0.151098	-0.241756	185.857651	185.968399
30.326363	-0.151098	-0.231683	185.857651	185.968399
30.365444	-0.151098	-0.231683	185.847580	185.978470
30.404526	-0.151098	-0.231683	185.837509	185.968399
30.443607	-0.161171	-0.231683	185.847580	185.958328
30.482689	-0.161171	-0.231683	185.847580	185.948257
30.521769	-0.161171	-0.231683	185.857651	185.948257
30.560850	-0.151098	-0.231683	185.847580	185.948257
30.599932	-0.151098	-0.221610	185.837509	185.938187
30.639013	-0.161171	-0.211537	185.837509	185.928101
30.678095	-0.161171	-0.211537	185.837509	185.928101
30.717175	-0.161171	-0.211537	185.817368	185.928101
30.756256	-0.161171	-0.211537	185.807281	185.918030
30.795338	-0.151098	-0.211537	185.817368	185.907959
30.834419	-0.141025	-0.211537	185.817368	185.907959
30.873501	-0.141025	-0.211537	185.817368	185.907959
30.912582	-0.141025	-0.211537	185.807281	185.907959
30.951662	-0.141025	-0.211537	185.807281	185.907959
30.990744	-0.130951	-0.211537	185.807281	185.907959
31.029825	-0.130951	-0.211537	185.787140	185.928101
31.068907	-0.130951	-0.211537	185.777069	185.938187
31.107988	-0.141025	-0.211537	185.777069	185.938187
31.147070	-0.141025	-0.201464	185.787140	185.928101
31.186150	-0.130951	-0.201464	185.787140	185.928101
31.225231	-0.130951	-0.201464	185.787140	185.938187
31.264313	-0.130951	-0.201464	185.787140	185.928101
31.303394	-0.130951	-0.201464	185.797211	185.918030
31.342476	-0.130951	-0.211537	185.797211	185.907959
31.381557	-0.130951	-0.211537	185.797211	185.918030
31.420637	-0.141025	-0.211537	185.797211	185.918030
31.459719	-0.141025	-0.211537	185.797211	185.918030
31.498800	-0.151098	-0.201464	185.807281	185.907959
31.537882	-0.141025	-0.201464	185.797211	185.907959
31.576963	-0.141025	-0.211537	185.797211	185.897888
31.616045	-0.151098	-0.211537	185.807281	185.887817
31.655125	-0.151098	-0.211537	185.817368	185.887817
31.694206	-0.141025	-0.211537	185.817368	185.887817
31.733288	-0.130951	-0.201464	185.817368	185.897888
31.772369	-0.120878	-0.201464	185.807281	185.887817
31.811451	-0.110805	-0.191391	185.817368	185.877808
31.850531	-0.110805	-0.191391	185.827438	185.887817
31.889612	-0.110805	-0.191391	185.827438	185.897888
31.928694	-0.110805	-0.191391	185.817368	185.907959
31.967775	-0.110805	-0.191391	185.827438	185.897888
32.006855	-0.110805	-0.201464	185.827438	185.897888
32.045937	-0.120878	-0.191391	185.817368	185.907959
32.085018	-0.120878	-0.191391	185.807281	185.897888
32.124100	-0.120878	-0.181317	185.807281	185.877808
32.163181	-0.120878	-0.171244	185.817368	185.877808
32.202263	-0.130951	-0.171244	185.827438	185.877808
32.241344	-0.130951	-0.181317	185.827438	185.877808
32.280426	-0.130951	-0.181317	185.827438	185.867722
32.319508	-0.130951	-0.181317	185.837509	185.867722
32.358589	-0.130951	-0.181317	185.847580	185.857651
32.397671	-0.130951	-0.171244	185.847580	185.857651
32.436749	-0.130951	-0.161171	185.847580	185.857651
32.475830	-0.130951	-0.151098	185.847580	185.847580
32.514912	-0.130951	-0.151098	185.847580	185.847580
32.553993	-0.130951	-0.141025	185.837509	185.857651
32.593075	-0.141025	-0.141025	185.827438	185.857651
32.632156	-0.141025	-0.151098	185.827438	185.857651
32.671238	-0.141025	-0.151098	185.827438	185.867722
32.710320	-0.141025	-0.161171	185.827438	185.887817
32.749401	-0.141025	-0.161171	185.807281	185.897888
32.788483	-0.151098	-0.171244	185.807281	185.887817
32.827564	-0.151098	-0.171244	185.807281	185.877808
32.866642	-0.151098	-0.171244	185.817368	185.887817
32.905724	-0.151098	-0.171244	185.807281	185.887817
32.944805	-0.161171	-0.181317	185.817368	185.877808
32.983887	-0.171244	-0.181317	185.827438	185.877808
33.022968	-0.171244	-0.171244	185.847580	185.897888
33.062050	-0.171244	-0.171244	185.857651	185.918030
33.101131	-0.161171	-0.171244	185.857651	185.918030
33.140213	-0.161171	-0.161171	185.867722	185.897888
33.179295	-0.151098	-0.161171	185.877808	185.887817
33.218376	-0.151098	-0.161171	185.887817	185.887817
33.257458	-0.151098	-0.171244	185.877808	185.897888
33.296539	-0.141025	-0.171244	185.887817	185.887817
33.335617	-0.151098	-0.171244	185.897888	185.887817
33.374699	-0.151098	-0.171244	185.897888	185.887817
33.413780	-0.161171	-0.171244	185.887817	185.897888
33.452862	-0.161171	-0.171244	185.877808	185.897888
33.491943	-0.161171	-0.171244	185.877808	185.887817
33.531025	-0.151098	-0.171244	185.877808	185.897888
33.570107	-0.141025	-0.171244	185.877808	185.907959
33.609188	-0.141025	-0.161171	185.877808	185.918030
33.648270	-0.141025	-0.161171	185.887817	185.918030
33.687351	-0.151098	-0.151098	185.897888	185.918030
33.726433	-0.171244	-0.151098	185.887817	185.918030
33.765514	-0.181317	-0.161171	185.887817	185.918030
33.804592	-0.181317	-0.161171	185.887817	185.907959
33.843674	-0.181317	-0.161171	185.897888	185.907959
33.882755	-0.181317	-0.161171	185.897888	185.918030
33.921837	-0.171244	-0.171244	185.897888	185.928101
33.960918	-0.161171	-0.161171	185.907959	185.918030
