22.510115	0.006706	0.077203	0.010058	0.003353
22.549194	0.006706	0.083923	0.006706	0.003353
22.588276	0.010058	0.090629	0.000000	0.006706
22.627357	0.013426	0.097349	-0.006720	0.010058
22.666439	0.016779	0.104055	-0.006720	0.006706
22.705521	0.020131	0.110775	0.000000	0.000000
22.744602	0.023484	0.120848	0.000000	0.000000
22.783682	0.026852	0.130907	0.000000	0.000000
22.822763	0.030205	0.140980	-0.003368	-0.003368
22.861845	0.033557	0.151053	-0.003368	-0.010073
22.900927	0.036925	0.161126	-0.003368	-0.013441
22.940008	0.043631	0.171199	0.000000	-0.013441
22.979090	0.046983	0.181273	0.000000	-0.010073
23.018169	0.050351	0.191346	0.000000	-0.013441
23.057251	0.053704	0.201404	-0.003368	-0.016794
23.096333	0.060424	0.211477	-0.006720	-0.016794
23.135414	0.063777	0.224903	-0.006720	-0.016794
23.174496	0.070482	0.234976	-0.003368	-0.016794
23.213577	0.077203	0.248402	-0.003368	-0.023499
23.252657	0.080556	0.261828	-0.006720	-0.026867
23.291739	0.087276	0.275269	-0.010073	-0.023499
23.330820	0.093982	0.288695	-0.016794	-0.023499
23.369902	0.100702	0.302121	-0.020146	-0.023499
23.408983	0.104055	0.315547	-0.020146	-0.030220
23.448065	0.110775	0.332326	-0.013441	-0.036940
23.487144	0.117481	0.345752	-0.010073	-0.040293
23.526226	0.127554	0.362545	-0.006720	-0.040293
23.565308	0.134274	0.379324	-0.013441	-0.040293
23.604389	0.140980	0.392750	-0.016794	-0.040293
23.643471	0.147700	0.409544	-0.013441	-0.040293
23.682550	0.154406	0.426322	-0.010073	-0.043646
23.721632	0.161126	0.443116	-0.010073	-0.046998
23.760714	0.171199	0.463247	-0.016794	-0.050366
23.799795	0.181273	0.480041	-0.020146	-0.053719
23.838877	0.191346	0.500172	-0.026867	-0.060439
23.877958	0.198051	0.520319	-0.026867	-0.060439
23.917038	0.208125	0.543818	-0.026867	-0.060439
23.956120	0.214845	0.563964	-0.026867	-0.060439
23.995201	0.224903	0.584096	-0.026867	-0.067145
24.034283	0.234976	0.607595	-0.026867	-0.073865
24.073364	0.245050	0.631094	-0.030220	-0.077218
24.112446	0.255123	0.657961	-0.033572	-0.083938
24.151525	0.265196	0.684813	-0.030220	-0.090644
24.190607	0.278622	0.711665	-0.023499	-0.097364
24.229689	0.288695	0.738516	-0.026867	-0.100717
24.268770	0.298768	0.768736	-0.030220	-0.104070
24.307852	0.308827	0.798941	-0.033572	-0.107422
24.346933	0.322267	0.829160	-0.030220	-0.114143
24.386013	0.335693	0.862733	-0.033572	-0.120863
24.425095	0.349119	0.896305	-0.036940	-0.124216
24.464176	0.362545	0.933230	-0.043646	-0.127569
24.503258	0.375971	0.970155	-0.046998	-0.134289
24.542339	0.389397	1.007080	-0.046998	-0.140995
24.581421	0.402823	1.047358	-0.050366	-0.151068
24.620501	0.416249	1.091003	-0.053719	-0.157788
24.659582	0.429690	1.134649	-0.053719	-0.164494
24.698664	0.446469	1.178280	-0.057071	-0.171214
24.737745	0.463247	1.225278	-0.060439	-0.181288
24.776827	0.480041	1.275629	-0.067145	-0.191361
24.815907	0.500172	1.325995	-0.070497	-0.201419
24.854988	0.516966	1.376346	-0.067145	-0.214845
24.894070	0.537112	1.426697	-0.067145	-0.231639
24.933151	0.557244	1.487121	-0.073865	-0.238344
24.972233	0.574037	1.547545	-0.083938	-0.245064
25.011314	0.597537	1.618043	-0.093997	-0.255138
25.050394	0.617668	1.691893	-0.093997	-0.271916
25.089476	0.641167	1.769111	-0.090644	-0.292063
25.128557	0.661314	1.853034	-0.093997	-0.308841
25.167639	0.684813	1.940310	-0.100717	-0.332341
25.206720	0.708312	2.030954	-0.104070	-0.355840
25.245802	0.735164	2.128303	-0.107422	-0.382707
25.284882	0.762016	2.232373	-0.114143	-0.406206
25.323963	0.788882	2.343148	-0.114143	-0.436410
25.363045	0.819087	2.463996	-0.110790	-0.473335
25.402126	0.849307	2.598271	-0.114143	-0.513628
25.441208	0.879511	2.745986	-0.120863	-0.557259
25.480289	0.909731	2.923891	-0.134289	-0.607610
25.519369	0.943303	3.132030	-0.140995	-0.671402
25.558451	0.976861	3.387153	-0.144362	-0.751957
25.597532	1.013786	3.719494	-0.144362	-0.856027
25.636614	1.050726	4.162610	-0.147715	-0.990301
25.675695	1.091003	4.780293	-0.157788	-1.181647
25.714777	1.131281	5.653098	-0.171214	-1.456931
25.753857	1.174927	6.885097	-0.184640	-1.863122
25.792938	1.218572	8.590430	-0.191361	-2.447233
25.832020	1.265571	10.916800	-0.198066	-3.256247
25.871101	1.312554	13.948128	-0.204787	-4.330471
25.910183	1.359552	17.654211	-0.218213	-5.639687
25.949263	1.409918	21.880611	-0.231639	-7.063031
25.988344	1.460269	26.201010	-0.241712	-8.378953
26.027426	1.513973	30.071571	-0.255138	-9.288698
26.066507	1.571044	32.988758	-0.268564	-9.600893
26.105589	1.634821	34.747810	-0.285342	-9.328977
26.144670	1.701966	35.278202	-0.298783	-8.627370
26.183750	1.775816	34.593388	-0.312209	-7.643789
26.222832	1.856387	32.656433	-0.332341	-6.468847
26.261913	1.940310	29.514313	-0.355840	-5.173072
26.300995	2.027586	25.321484	-0.379339	-3.837004
26.340076	2.121583	20.561323	-0.402838	-2.551287
26.379158	2.218932	15.942156	-0.429690	-1.483783
26.418238	2.323002	12.172297	-0.469983	-0.785530
26.457319	2.433777	9.483382	-0.516981	-0.443131
26.496401	2.551272	7.727697	-0.563979	-0.325635
26.535482	2.682194	6.556124	-0.607610	-0.295416
26.574564	2.823189	5.737021	-0.664681	-0.288710
26.613646	2.974257	5.129412	-0.738531	-0.288710
26.652725	3.142104	4.652724	-0.829175	-0.288710
26.691807	3.336802	4.270032	-0.929877	-0.292063
26.730888	3.568426	3.947765	-1.040667	-0.292063
26.769970	3.857136	3.665790	-1.185015	-0.285342
26.809052	4.243180	3.414020	-1.366287	-0.271916
26.848133	4.793718	3.192455	-1.604632	-0.258490
26.887213	5.653098	2.991035	-1.910120	-0.251785
26.926294	7.079810	2.806410	-2.289444	-0.241712
26.965376	9.439736	2.641916	-2.688930	-0.228286
27.004457	12.914181	2.494201	-3.001124	-0.214845
27.043539	17.288298	2.359927	-3.145471	-0.204787
27.082619	22.125662	2.235725	-3.085047	-0.194713
27.121700	26.855618	2.124950	-2.809778	-0.187993
27.160782	31.024948	2.024233	-2.312943	-0.181288
27.199863	34.398674	1.926884	-1.591206	-0.181288
27.238945	36.782116	1.836240	-0.674754	-0.177920
27.278027	37.973835	1.752317	0.318900	-0.167862
27.317106	37.671715	1.675114	1.174927	-0.154421
27.356188	35.634041	1.597896	1.641542	-0.140995
27.395269	32.075672	1.527399	1.654968	-0.137642
27.434351	27.567282	1.460269	1.339421	-0.134289
27.473433	22.880987	1.396492	0.892937	-0.130922
27.512514	18.597513	1.336053	0.463247	-0.124216
27.551594	14.965281	1.282349	0.120848	-0.114143
27.590675	12.078300	1.228631	-0.120863	-0.110790
27.629757	9.876147	1.178280	-0.268564	-0.100717
27.668839	8.214458	1.127928	-0.352487	-0.090644
27.707920	6.979093	1.084283	-0.389412	-0.087291
27.747002	6.066010	1.037285	-0.399485	-0.087291
27.786081	5.371123	0.993654	-0.392765	-0.087291
27.825163	4.827291	0.956729	-0.375986	-0.080571
27.864244	4.394248	0.916436	-0.359207	-0.070497
27.903326	4.035056	0.882864	-0.339061	-0.067145
27.942408	3.729567	0.849307	-0.322267	-0.067145
27.981489	3.464371	0.815734	-0.305489	-0.067145
28.020569	3.229380	0.785515	-0.288710	-0.063792
28.059650	3.021255	0.755310	-0.271916	-0.060439
28.098732	2.839968	0.725091	-0.255138	-0.060439
28.137814	2.675488	0.698239	-0.245064	-0.053719
28.176895	2.527773	0.671387	-0.231639	-0.046998
28.215975	2.393499	0.647888	-0.218213	-0.040293
28.255056	2.272651	0.621036	-0.208139	-0.036940
28.294138	2.158508	0.597537	-0.201419	-0.036940
28.333220	2.054453	0.574037	-0.194713	-0.036940
28.372301	1.957089	0.550538	-0.187993	-0.033572
28.411383	1.863107	0.530392	-0.177920	-0.026867
28.450462	1.779184	0.510246	-0.167862	-0.023499
28.489544	1.698613	0.490114	-0.154421	-0.023499
28.528625	1.621395	0.469968	-0.144362	-0.020146
28.567707	1.550898	0.449821	-0.137642	-0.020146
28.606789	1.480415	0.433043	-0.130922	-0.016794
28.645870	1.416624	0.416249	-0.120863	-0.016794
28.684950	1.359552	0.396118	-0.114143	-0.016794
28.724031	1.302496	0.382692	-0.104070	-0.013441
28.763113	1.248777	0.365898	-0.097364	-0.010073
28.802195	1.198426	0.352472	-0.097364	-0.006720
28.841276	1.148075	0.335693	-0.097364	-0.006720
28.880358	1.101077	0.322267	-0.097364	-0.010073
28.919437	1.057431	0.305474	-0.090644	-0.003368
28.958519	1.017153	0.292048	-0.087291	0.003353
28.997601	0.976861	0.278622	-0.087291	0.010058
29.036682	0.939935	0.265196	-0.083938	0.016779
29.075764	0.903010	0.251770	-0.077218	0.013426
29.114845	0.869438	0.238329	-0.067145	0.013426
29.153925	0.835881	0.224903	-0.067145	0.010058
29.193007	0.802308	0.214845	-0.067145	0.006706
29.232088	0.772089	0.201404	-0.057071	0.006706
29.271170	0.741884	0.191346	-0.046998	0.010058
29.310251	0.715017	0.181273	-0.043646	0.013426
29.349333	0.688165	0.171199	-0.046998	0.016779
29.388412	0.661314	0.161126	-0.046998	0.013426
29.427494	0.634462	0.151053	-0.040293	0.003353
29.466576	0.610963	0.140980	-0.036940	0.003353
29.505657	0.587463	0.130907	-0.033572	0.013426
29.544739	0.567317	0.124201	-0.033572	0.020131
29.583818	0.543818	0.114128	-0.030220	0.020131
29.622900	0.523672	0.104055	-0.023499	0.020131
29.661982	0.503540	0.093982	-0.023499	0.026852
29.701063	0.483394	0.087276	-0.026867	0.030205
29.740145	0.466615	0.077203	-0.030220	0.033557
29.779226	0.446469	0.067130	-0.026867	0.030205
29.818306	0.429690	0.060424	-0.016794	0.030205
29.857388	0.409544	0.053704	-0.006720	0.033557
29.896469	0.392750	0.046983	-0.006720	0.036925
29.935551	0.375971	0.040278	-0.010073	0.033557
29.974632	0.359192	0.030205	-0.010073	0.030205
30.013714	0.345752	0.023484	-0.003368	0.030205
30.052794	0.332326	0.016779	0.000000	0.033557
30.091875	0.315547	0.010058	0.000000	0.036925
30.130957	0.302121	0.003353	-0.003368	0.033557
30.170038	0.288695	-0.003368	0.000000	0.033557
30.209120	0.275269	-0.010073	0.000000	0.036925
30.248201	0.261828	-0.016794	0.000000	0.040278
30.287281	0.248402	-0.023499	0.003353	0.040278
30.326363	0.238329	-0.030220	0.003353	0.043631
30.365444	0.224903	-0.036940	0.003353	0.046983
30.404526	0.214845	-0.043646	0.006706	0.053704
30.443607	0.201404	-0.050366	0.006706	0.053704
30.482689	0.191346	-0.053719	0.003353	0.046983
30.521769	0.181273	-0.060439	0.006706	0.040278
30.560850	0.171199	-0.067145	0.013426	0.040278
30.599932	0.157773	-0.070497	0.020131	0.046983
30.639013	0.147700	-0.077218	0.020131	0.046983
30.678095	0.137627	-0.080571	0.013426	0.050351
30.717175	0.130907	-0.087291	0.013426	0.050351
30.756256	0.120848	-0.090644	0.016779	0.046983
30.795338	0.110775	-0.093997	0.020131	0.046983
30.834419	0.104055	-0.100717	0.020131	0.046983
30.873501	0.093982	-0.107422	0.020131	0.050351
30.912582	0.087276	-0.110790	0.023484	0.057057
30.951662	0.077203	-0.117496	0.026852	0.067130
30.990744	0.070482	-0.120863	0.026852	0.070482
31.029825	0.060424	-0.124216	0.026852	0.070482
31.068907	0.053704	-0.130922	0.033557	0.063777
31.107988	0.043631	-0.134289	0.040278	0.057057
31.147070	0.036925	-0.137642	0.040278	0.057057
31.186150	0.026852	-0.140995	0.036925	0.060424
31.225231	0.020131	-0.144362	0.036925	0.057057
31.264313	0.013426	-0.147715	0.040278	0.053704
31.303394	0.006706	-0.151068	0.040278	0.053704
31.342476	0.000000	-0.157788	0.040278	0.057057
31.381557	-0.006720	-0.161141	0.036925	0.060424
31.420637	-0.013441	-0.164494	0.033557	0.060424
31.459719	-0.020146	-0.167862	0.033557	0.060424
31.498800	-0.026867	-0.171214	0.033557	0.060424
31.537882	-0.033572	-0.177920	0.033557	0.063777
31.576963	-0.036940	-0.181288	0.036925	0.063777
31.616045	-0.043646	-0.184640	0.043631	0.063777
31.655125	-0.050366	-0.187993	0.050351	0.063777
31.694206	-0.053719	-0.191361	0.050351	0.067130
31.733288	-0.060439	-0.191361	0.046983	0.067130
31.772369	-0.067145	-0.194713	0.043631	0.067130
31.811451	-0.070497	-0.198066	0.046983	0.063777
31.850531	-0.077218	-0.201419	0.053704	0.063777
31.889612	-0.080571	-0.204787	0.053704	0.067130
31.928694	-0.087291	-0.204787	0.053704	0.070482
31.967775	-0.093997	-0.208139	0.057057	0.067130
32.006855	-0.097364	-0.211492	0.057057	0.063777
32.045937	-0.104070	-0.214845	0.050351	0.070482
32.085018	-0.110790	-0.218213	0.043631	0.073850
32.124100	-0.114143	-0.221565	0.043631	0.070482
32.163181	-0.120863	-0.224918	0.046983	0.067130
32.202263	-0.124216	-0.228286	0.050351	0.067130
32.241344	-0.127569	-0.228286	0.050351	0.070482
32.280426	-0.130922	-0.231639	0.050351	0.073850
32.319508	-0.137642	-0.231639	0.050351	0.070482
32.358589	-0.140995	-0.234991	0.053704	0.073850
32.397671	-0.144362	-0.234991	0.053704	0.073850
32.436749	-0.147715	-0.238344	0.057057	0.073850
32.475830	-0.154421	-0.241712	0.060424	0.067130
32.514912	-0.157788	-0.241712	0.060424	0.063777
32.553993	-0.161141	-0.245064	0.060424	0.063777
32.593075	-0.164494	-0.248417	0.063777	0.070482
32.632156	-0.167862	-0.248417	0.067130	0.077203
32.671238	-0.174567	-0.251785	0.063777	0.073850
32.710320	-0.177920	-0.251785	0.063777	0.073850
32.749401	-0.181288	-0.255138	0.067130	0.070482
32.788483	-0.184640	-0.255138	0.070482	0.073850
32.827564	-0.187993	-0.258490	0.067130	0.073850
32.866642	-0.191361	-0.258490	0.060424	0.070482
32.905724	-0.194713	-0.261843	0.060424	0.073850
32.944805	-0.198066	-0.261843	0.063777	0.073850
32.983887	-0.204787	-0.265211	0.067130	0.077203
33.022968	-0.208139	-0.265211	0.063777	0.077203
33.062050	-0.211492	-0.268564	0.063777	0.073850
33.101131	-0.214845	-0.268564	0.067130	0.073850
33.140213	-0.218213	-0.268564	0.070482	0.073850
33.179295	-0.221565	-0.268564	0.067130	0.077203
33.218376	-0.224918	-0.268564	0.063777	0.073850
33.257458	-0.228286	-0.268564	0.063777	0.073850
33.296539	-0.231639	-0.271916	0.067130	0.073850
33.335617	-0.234991	-0.271916	0.067130	0.077203
33.374699	-0.238344	-0.275284	0.067130	0.077203
33.413780	-0.241712	-0.275284	0.067130	0.077203
33.452862	-0.245064	-0.275284	0.067130	0.077203
33.491943	-0.248417	-0.275284	0.073850	0.080556
33.531025	-0.251785	-0.275284	0.073850	0.080556
33.570107	-0.251785	-0.278637	0.073850	0.080556
33.609188	-0.255138	-0.278637	0.073850	0.080556
33.648270	-0.258490	-0.278637	0.080556	0.077203
33.687351	-0.258490	-0.278637	0.083923	0.077203
33.726433	-0.261843	-0.278637	0.077203	0.080556
33.765514	-0.265211	-0.278637	0.070482	0.080556
33.804592	-0.265211	-0.278637	0.070482	0.077203
33.843674	-0.268564	-0.278637	0.077203	0.070482
33.882755	-0.268564	-0.275284	0.080556	0.073850
33.921837	-0.271916	-0.275284	0.080556	0.077203
33.960918	-0.271916	-0.275284	0.077203	0.077203
