20.958424	-0.637829	1.336053	14.142826	35.422550
20.989719	-0.637829	1.278996	13.400942	34.314751
21.021015	-0.684828	1.272276	12.387141	34.026058
21.052311	-0.762030	1.252130	11.195421	33.834709
21.083607	-0.876173	1.211852	9.892925	33.821285
21.114902	-0.956744	1.188353	8.996621	34.371822
21.146198	-0.963449	1.215205	8.741498	35.835461
21.177494	-0.916451	1.309201	8.942917	38.178608
21.208790	-0.842601	1.426697	9.050340	41.079014
21.240086	-0.782177	1.534119	8.996621	44.234558
21.271381	-0.745252	1.651615	9.006694	47.232315
21.302677	-0.728473	1.755685	9.093970	49.703033
21.333973	-0.728473	1.795962	8.942917	51.401646
21.365271	-0.745252	1.789242	8.372232	53.053261
21.396566	-0.751957	1.812741	7.922396	55.597843
21.427862	-0.765398	1.866460	7.418856	58.676155
21.459158	-0.798956	1.916811	6.767616	61.381863
21.490454	-0.842601	1.947030	6.106287	63.043549
21.521749	-0.896320	1.960456	5.622893	63.913002
21.553045	-0.966802	1.980588	5.159631	64.628036
21.584341	-1.020521	2.017528	4.619166	65.081223
21.615637	-1.017168	2.064511	4.377455	65.416916
21.646933	-0.970170	2.064511	4.387527	65.578056
21.678228	-0.913098	2.004087	4.562095	65.484062
21.709524	-0.856027	1.923531	4.689649	65.752609
21.740820	-0.822455	1.863107	4.652724	66.635490
21.772116	-0.845954	1.856387	4.145831	67.867500
21.803411	-0.936598	1.896665	3.068254	69.576187
21.834707	-1.037300	1.947030	1.987308	71.368797
21.866005	-1.124591	2.007455	1.070857	73.161407
21.897301	-1.195088	2.088010	0.278622	74.661972
21.928596	-1.242086	2.175301	-0.308841	75.497849
21.959892	-1.265585	2.262578	-0.778824	76.078590
21.991188	-1.289070	2.319649	-1.255512	76.575432
22.022484	-1.322642	2.312928	-1.916826	76.884270
22.053780	-1.366287	2.252504	-2.615079	76.968193
22.085075	-1.399860	2.208874	-3.115252	77.001762
22.116371	-1.419991	2.205506	-3.306612	77.021912
22.147667	-1.419991	2.222300	-3.377095	77.021912
22.178963	-1.409933	2.249151	-3.635585	76.927917
22.210258	-1.386434	2.272651	-4.337192	76.890991
22.241554	-1.362935	2.255872	-5.152926	76.887619
22.272850	-1.332715	2.188727	-5.525544	76.810417
22.304146	-1.295790	2.128303	-5.256996	76.800346
22.335442	-1.268938	2.108157	-5.048856	76.867493
22.366739	-1.292437	2.124950	-5.703464	76.968193
22.398035	-1.369640	2.145082	-7.734418	76.974915
22.429331	-1.426712	2.148449	-9.631098	76.968193
22.460627	-1.470357	2.128303	-11.121586	76.971542
22.491922	-1.517355	2.114877	-12.128681	76.971542
22.523218	-1.547560	2.111509	-12.491226	77.001762
22.554514	-1.547560	2.098083	-12.273028	77.089043
22.585810	-1.524061	2.034307	-11.507646	77.196465
22.617105	-1.493856	1.933604	-10.208503	77.223312
22.648401	-1.473710	1.836240	-9.040281	77.199814
22.679697	-1.463637	1.762390	-8.234605	77.196465
22.710993	-1.456931	1.718760	-7.704213	77.149467
22.742289	-1.473710	1.715392	-7.717639	77.082336
22.773584	-1.520708	1.759037	-8.415893	77.021912
22.804880	-1.591206	1.839608	-9.590819	76.998413
22.836176	-1.658335	1.936957	-10.940313	76.995049
22.867474	-1.705334	2.030954	-12.182384	76.998413
22.898769	-1.735553	2.114877	-13.071984	77.001762
22.930065	-1.732200	2.182007	-13.055190	76.964844
22.961361	-1.695275	2.239078	-12.165606	76.894341
22.992657	-1.638204	2.282724	-10.977239	76.817123
23.023952	-1.587853	2.353221	-10.268927	76.803696
23.055248	-1.560986	2.440497	-10.386422	76.867493
23.086544	-1.537487	2.521068	-11.124953	76.931267
23.117840	-1.507282	2.591565	-11.933968	76.944695
23.149136	-1.503915	2.665415	-12.568429	76.901047
23.180431	-1.520708	2.719119	-13.125688	76.870842
23.211727	-1.547560	2.735913	-13.652727	76.931267
23.243023	-1.571059	2.732545	-13.766870	77.038689
23.274319	-1.571059	2.709046	-13.196185	77.038689
23.305614	-1.557633	2.651989	-12.467727	76.995049
23.336912	-1.540855	2.588198	-11.641920	76.917839
23.368208	-1.510635	2.527773	-10.685190	76.870842
23.399504	-1.493856	2.480775	-10.309204	76.914490
23.430799	-1.483783	2.447218	-10.557622	76.944695
23.462095	-1.477063	2.416998	-11.044383	76.974915
23.493391	-1.477063	2.366647	-11.655346	77.008469
23.524687	-1.473710	2.269298	-12.256235	77.072266
23.555983	-1.446858	2.185374	-11.920542	77.149467
23.587278	-1.359567	2.118230	-9.322270	77.223312
23.618574	-1.242086	2.081305	-4.954875	77.256889
23.649870	-1.138017	2.074584	-0.510260	77.253532
23.681166	-1.050740	2.121583	3.088385	77.240112
23.712461	-0.946671	2.212226	6.317780	77.213257
23.743757	-0.862747	2.312928	8.241311	77.139389
23.775053	-0.815749	2.427071	9.033545	77.042046
23.806349	-0.822455	2.578139	8.227884	76.978264
23.837646	-0.859380	2.678841	6.760895	77.008469
23.868942	-0.882879	2.739265	5.784020	77.042046
23.900238	-0.899673	2.756044	4.891068	77.042046
23.931534	-0.909746	2.759412	4.122332	77.008469
23.962830	-0.926524	2.756044	3.840342	76.951416
23.994125	-0.973523	2.752692	3.487870	76.901047
24.025421	-1.030594	2.742618	3.145456	76.904419
24.056717	-1.064166	2.698988	2.480775	76.860771
24.088013	-1.084298	2.638564	1.218572	76.823845
24.119308	-1.114517	2.574772	-0.261843	76.807068
24.150604	-1.131296	2.521068	-1.087666	76.907768
24.181900	-1.097724	2.440497	-0.788897	77.028618
24.213196	-1.050740	2.346501	0.671387	77.082336
24.244492	-0.990301	2.276003	3.299877	77.072266
24.275787	-0.929877	2.222300	5.948514	77.065544
24.307083	-0.896320	2.168581	7.972747	77.092392
24.338381	-0.889599	2.108157	9.305462	77.176315
24.369677	-0.892952	2.067879	9.913072	77.293816
24.400972	-0.839248	2.074584	10.983944	77.475082
24.432268	-0.718400	2.121583	13.343870	77.686577
24.463564	-0.570685	2.188727	16.197294	78.028992
24.494860	-0.429690	2.205506	18.617645	78.539253
24.526155	-0.318915	2.175301	20.836592	79.096497
24.557451	-0.224918	2.124950	23.606077	79.620186
24.588747	-0.127569	2.081305	26.419207	79.965950
24.620043	-0.046998	2.041027	28.406515	79.972672
24.651339	-0.020146	1.977235	29.134974	79.284492
24.682634	-0.033572	1.873165	28.802649	77.710075
24.713930	-0.057071	1.722112	28.339386	75.591850
24.745226	-0.033572	1.594543	28.621361	74.027512
24.776522	0.030205	1.547545	29.551237	73.641449
24.807819	0.093982	1.540840	30.655682	73.550819
24.839115	0.120848	1.480415	31.125650	72.107330
24.870411	0.137627	1.383051	31.018227	69.646683
24.901707	0.171199	1.319274	30.944378	67.313599
24.933002	0.228271	1.268923	31.243145	65.259140
24.964298	0.275269	1.218572	31.491562	63.469887
24.995594	0.271901	1.141354	31.172647	61.506077
25.026890	0.238329	1.060784	30.753031	59.357628
25.058186	0.201404	0.986934	30.860455	57.424023
25.089481	0.194699	0.889584	31.444565	55.866390
25.120777	0.208125	0.805661	31.649336	54.503471
25.152073	0.208125	0.748590	30.941025	53.184181
25.183369	0.201404	0.721738	30.215919	51.690338
25.214664	0.181273	0.721738	30.172274	50.179718
25.245960	0.164479	0.741884	31.155869	49.179344
25.277256	0.157773	0.745237	32.213299	48.679157
25.308554	0.140980	0.708312	32.354294	48.105122
25.339849	0.117481	0.651240	32.058880	47.262520
25.371145	0.093982	0.567317	31.662762	45.657902
25.402441	0.087276	0.449821	31.192795	42.831345
25.433737	0.124201	0.305474	31.196148	38.779510
25.465033	0.194699	0.151053	31.457991	34.254326
25.496328	0.278622	0.010058	31.736612	29.920504
25.527624	0.325620	-0.120863	32.032028	26.123793
25.558920	0.335693	-0.261843	32.179745	22.095457
25.590216	0.292048	-0.436410	31.770185	17.170801
25.621511	0.187978	-0.631109	30.504614	11.719108
25.652807	0.060424	-0.819102	28.772429	6.542697
25.684103	-0.036940	-0.980243	27.090593	2.427071
25.715399	-0.114143	-1.097724	25.274485	0.308827
25.746695	-0.174567	-1.161516	23.226738	0.174552
25.777990	-0.238344	-1.191720	20.957439	1.604617
25.809288	-0.302136	-1.195088	19.070833	3.820211
25.840584	-0.342414	-1.178294	17.996609	6.129786
25.871880	-0.379339	-1.144722	16.784758	7.962689
25.903175	-0.416264	-1.111165	15.052572	9.201392
25.934471	-0.436410	-1.067519	13.488234	10.030567
25.965767	-0.463262	-0.983596	12.706057	10.933593
25.997063	-0.493482	-0.879526	12.326717	11.933952
26.028358	-0.523686	-0.772104	11.803031	12.890697
26.059654	-0.533760	-0.688180	11.547908	13.823927
26.090950	-0.527054	-0.624403	12.064875	14.948503
26.122246	-0.510260	-0.570685	13.343870	16.630337
26.153542	-0.490129	-0.506908	14.626235	19.040628
26.184837	-0.476688	-0.429690	15.468836	21.917538
26.216133	-0.490129	-0.365913	15.817955	24.247259
26.247429	-0.513628	-0.285342	16.026079	25.727674
26.278725	-0.530407	-0.187993	16.036152	27.050316
26.310022	-0.520334	-0.100717	15.797809	28.067471
26.341318	-0.459909	-0.036940	16.069725	28.550879
26.372614	-0.379339	-0.013441	16.861959	28.255463
26.403910	-0.305489	-0.020146	17.543421	27.446434
26.435205	-0.271916	-0.030220	17.446072	27.144314
26.466501	-0.271916	-0.003368	16.623615	28.184965
26.497797	-0.328988	0.063777	14.898151	30.182346
26.529093	-0.429690	0.144348	12.534857	32.330795
26.560389	-0.540480	0.214845	10.325983	34.321472
26.591684	-0.651255	0.265196	8.456156	36.016731
26.622980	-0.778824	0.288695	6.569550	37.346081
26.654276	-0.906378	0.305474	4.468098	38.615017
26.685572	-1.020521	0.345752	2.081305	40.360630
26.716867	-1.124591	0.412896	-0.322267	42.754143
26.748163	-1.245439	0.436395	-3.266320	44.818653
26.779461	-1.386434	0.396118	-6.653488	45.634403
26.810757	-1.517355	0.312194	-9.963438	45.097290
26.842052	-1.634836	0.221550	-12.763143	44.150635
26.873348	-1.708701	0.177905	-14.700100	43.781368
26.904644	-1.738906	0.181273	-15.908599	43.992847
26.935940	-1.779199	0.241697	-17.509863	44.687748
26.967236	-1.869828	0.318900	-20.286068	45.600830
26.998531	-1.997396	0.382692	-23.931726	46.366215
27.029827	-2.101466	0.409544	-27.224884	46.601208
27.061123	-2.145097	0.439748	-29.192060	46.547489
27.092419	-2.141744	0.456542	-29.937311	46.258793
27.123714	-2.108171	0.449821	-29.880241	46.087593
27.155010	-2.037674	0.429690	-28.853014	46.201721
27.186306	-1.926899	0.372618	-26.607216	45.678036
27.217602	-1.772478	0.312194	-23.451672	44.697807
27.248898	-1.638204	0.278622	-20.333067	43.895496
27.280195	-1.584485	0.265196	-18.795580	43.432236
27.311491	-1.584485	0.258476	-19.386410	42.992474
27.342787	-1.591206	0.275269	-21.007820	42.623222
27.374083	-1.560986	0.281975	-22.508368	41.894764
27.405378	-1.540855	0.241697	-23.871288	40.582195
27.436674	-1.503915	0.151053	-24.925381	38.843288
27.467970	-1.430064	0.050351	-25.670618	37.151382
27.499266	-1.309216	-0.020146	-25.647120	35.660892
27.530561	-1.151443	-0.053719	-24.025709	34.180477
27.561857	-0.990301	-0.030220	-21.367014	33.297600
27.593153	-0.849321	0.043631	-18.137619	33.042477
27.624449	-0.701606	0.107422	-13.736650	32.559067
27.655745	-0.523686	0.124201	-8.261472	31.454638
27.687040	-0.379339	0.097349	-3.027976	30.031294
27.718336	-0.305489	0.083923	0.486746	29.040993
27.749632	-0.315562	0.120848	1.725465	28.913424
27.780930	-0.392765	0.164479	1.456916	28.913424
27.812225	-0.480056	0.144348	0.701591	28.117821
27.843521	-0.530407	0.050351	0.604242	25.905594
27.874817	-0.523686	-0.090644	2.108157	22.340506
27.906113	-0.493482	-0.218213	4.662797	18.560589
27.937408	-0.490129	-0.328988	7.271156	15.166700
27.968704	-0.469983	-0.412911	9.718373	12.286440
