20.958424	0.000000	0.000000	77.572449	77.585876
20.989719	0.000000	0.000000	77.569084	77.585876
21.021015	0.000000	0.003353	77.565727	77.582512
21.052311	0.003353	0.003353	77.562378	77.575806
21.083607	0.003353	0.006706	77.562378	77.569084
21.114902	0.006706	0.006706	77.565727	77.565727
21.146198	0.006706	0.006706	77.565727	77.565727
21.177494	0.006706	0.006706	77.562378	77.565727
21.208790	0.006706	0.006706	77.559021	77.569084
21.240086	0.003353	0.006706	77.555656	77.572449
21.271381	0.006706	0.006706	77.555656	77.579155
21.302677	0.006706	0.003353	77.559021	77.582512
21.333973	0.010058	0.003353	77.562378	77.575806
21.365271	0.010058	0.000000	77.572449	77.569084
21.396566	0.010058	0.000000	77.579155	77.572449
21.427862	0.010058	0.000000	77.582512	77.572449
21.459158	0.006706	0.000000	77.582512	77.572449
21.490454	0.006706	0.003353	77.582512	77.569084
21.521749	0.006706	0.003353	77.582512	77.572449
21.553045	0.006706	0.003353	77.582512	77.579155
21.584341	0.010058	0.006706	77.585876	77.579155
21.615637	0.010058	0.006706	77.589226	77.582512
21.646933	0.010058	0.006706	77.589226	77.582512
21.678228	0.010058	0.003353	77.589226	77.582512
21.709524	0.010058	0.003353	77.589226	77.579155
21.740820	0.010058	0.000000	77.582512	77.575806
21.772116	0.010058	-0.003368	77.579155	77.569084
21.803411	0.010058	-0.003368	77.582512	77.569084
21.834707	0.010058	-0.003368	77.589226	77.565727
21.866005	0.010058	-0.003368	77.589226	77.565727
21.897301	0.010058	-0.003368	77.589226	77.569084
21.928596	0.010058	-0.003368	77.589226	77.575806
21.959892	0.006706	-0.003368	77.582512	77.575806
21.991188	0.006706	0.000000	77.575806	77.579155
22.022484	0.006706	0.000000	77.572449	77.585876
22.053780	0.006706	0.003353	77.572449	77.592583
22.085075	0.003353	0.003353	77.572449	77.595947
22.116371	0.003353	0.006706	77.572449	77.595947
22.147667	0.003353	0.010058	77.575806	77.599304
22.178963	0.003353	0.010058	77.575806	77.599304
22.210258	0.006706	0.010058	77.579155	77.602654
22.241554	0.010058	0.010058	77.582512	77.602654
22.272850	0.010058	0.013426	77.585876	77.602654
22.304146	0.013426	0.016779	77.589226	77.599304
22.335442	0.013426	0.016779	77.589226	77.592583
22.366739	0.013426	0.016779	77.589226	77.585876
22.398035	0.013426	0.016779	77.585876	77.579155
22.429331	0.013426	0.016779	77.585876	77.575806
22.460627	0.016779	0.016779	77.585876	77.579155
22.491922	0.016779	0.020131	77.585876	77.582512
22.523218	0.013426	0.020131	77.585876	77.579155
22.554514	0.016779	0.023484	77.585876	77.575806
22.585810	0.016779	0.026852	77.582512	77.572449
22.617105	0.016779	0.030205	77.579155	77.572449
22.648401	0.020131	0.033557	77.572449	77.579155
22.679697	0.016779	0.036925	77.569084	77.582512
22.710993	0.020131	0.040278	77.565727	77.589226
22.742289	0.020131	0.043631	77.559021	77.595947
22.773584	0.020131	0.046983	77.562378	77.606010
22.804880	0.020131	0.053704	77.565727	77.612724
22.836176	0.016779	0.060424	77.572449	77.616081
22.867474	0.020131	0.067130	77.579155	77.609375
22.898769	0.020131	0.070482	77.585876	77.602654
22.930065	0.020131	0.070482	77.589226	77.595947
22.961361	0.023484	0.073850	77.589226	77.592583
22.992657	0.023484	0.070482	77.585876	77.582512
23.023952	0.023484	0.070482	77.582512	77.565727
23.055248	0.023484	0.070482	77.582512	77.555656
23.086544	0.026852	0.073850	77.585876	77.555656
23.117840	0.026852	0.077203	77.582512	77.552307
23.149136	0.026852	0.080556	77.582512	77.552307
23.180431	0.023484	0.083923	77.579155	77.548950
23.211727	0.023484	0.083923	77.575806	77.555656
23.243023	0.023484	0.083923	77.575806	77.555656
23.274319	0.026852	0.083923	77.572449	77.548950
23.305614	0.026852	0.087276	77.569084	77.542229
23.336912	0.026852	0.090629	77.572449	77.538879
23.368208	0.026852	0.087276	77.575806	77.538879
23.399504	0.026852	0.087276	77.572449	77.538879
23.430799	0.030205	0.090629	77.569084	77.535522
23.462095	0.030205	0.093982	77.565727	77.528801
23.493391	0.030205	0.100702	77.562378	77.525452
23.524687	0.030205	0.110775	77.559021	77.518730
23.555983	0.030205	0.120848	77.559021	77.518730
23.587278	0.026852	0.134274	77.559021	77.528801
23.618574	0.026852	0.151053	77.555656	77.538879
23.649870	0.026852	0.167847	77.562378	77.532158
23.681166	0.030205	0.187978	77.565727	77.525452
23.712461	0.033557	0.218198	77.572449	77.522087
23.743757	0.036925	0.258476	77.575806	77.525452
23.775053	0.036925	0.302121	77.575806	77.525452
23.806349	0.036925	0.355825	77.575806	77.515381
23.837646	0.040278	0.412896	77.572449	77.498589
23.868942	0.040278	0.469968	77.572449	77.481804
23.900238	0.040278	0.516966	77.569084	77.465027
23.931534	0.040278	0.543818	77.575806	77.458305
23.962830	0.036925	0.550538	77.582512	77.454956
23.994125	0.033557	0.533745	77.589226	77.465027
24.025421	0.036925	0.503540	77.589226	77.468384
24.056717	0.036925	0.459895	77.582512	77.465027
24.088013	0.040278	0.406191	77.575806	77.458305
24.119308	0.040278	0.349119	77.572449	77.451599
24.150604	0.040278	0.288695	77.569084	77.458305
24.181900	0.040278	0.238329	77.569084	77.481804
24.213196	0.040278	0.201404	77.572449	77.508659
24.244492	0.043631	0.174552	77.572449	77.525452
24.275787	0.046983	0.154406	77.575806	77.532158
24.307083	0.046983	0.137627	77.575806	77.525452
24.338381	0.050351	0.124201	77.575806	77.518730
24.369677	0.053704	0.114128	77.579155	77.522087
24.400972	0.053704	0.107422	77.582512	77.532158
24.432268	0.057057	0.097349	77.582512	77.552307
24.463564	0.063777	0.090629	77.579155	77.569084
24.494860	0.067130	0.087276	77.575806	77.579155
24.526155	0.073850	0.083923	77.569084	77.579155
24.557451	0.077203	0.080556	77.559021	77.572449
24.588747	0.083923	0.080556	77.548950	77.565727
24.620043	0.093982	0.080556	77.535522	77.559021
24.651339	0.104055	0.080556	77.528801	77.562378
24.682634	0.117481	0.077203	77.525452	77.559021
24.713930	0.134274	0.070482	77.525452	77.548950
24.745226	0.157773	0.063777	77.528801	77.542229
24.776522	0.187978	0.060424	77.532158	77.545586
24.807819	0.238329	0.057057	77.538879	77.552307
24.839115	0.298768	0.057057	77.538879	77.565727
24.870411	0.365898	0.053704	77.535522	77.569084
24.901707	0.429690	0.053704	77.535522	77.565727
24.933002	0.486746	0.053704	77.532158	77.555656
24.964298	0.533745	0.053704	77.528801	77.545586
24.995594	0.550538	0.053704	77.525452	77.545586
25.026890	0.547171	0.050351	77.525452	77.552307
25.058186	0.527039	0.053704	77.525452	77.559021
25.089481	0.486746	0.053704	77.525452	77.562378
25.120777	0.433043	0.053704	77.532158	77.565727
25.152073	0.375971	0.053704	77.532158	77.565727
25.183369	0.318900	0.053704	77.535522	77.565727
25.214664	0.268549	0.053704	77.535522	77.559021
25.245960	0.224903	0.053704	77.535522	77.555656
25.277256	0.191346	0.053704	77.542229	77.552307
25.308554	0.161126	0.050351	77.545586	77.545586
25.339849	0.140980	0.046983	77.552307	77.545586
25.371145	0.124201	0.043631	77.559021	77.548950
25.402441	0.110775	0.040278	77.565727	77.548950
25.433737	0.100702	0.033557	77.569084	77.548950
25.465033	0.093982	0.030205	77.575806	77.562378
25.496328	0.087276	0.030205	77.575806	77.572449
25.527624	0.083923	0.030205	77.572449	77.572449
25.558920	0.080556	0.026852	77.572449	77.562378
25.590216	0.073850	0.026852	77.572449	77.559021
25.621511	0.073850	0.023484	77.572449	77.562378
25.652807	0.070482	0.020131	77.572449	77.555656
25.684103	0.070482	0.016779	77.572449	77.555656
25.715399	0.067130	0.016779	77.572449	77.559021
25.746695	0.063777	0.013426	77.575806	77.562378
25.777990	0.060424	0.013426	77.579155	77.565727
25.809288	0.060424	0.010058	77.579155	77.569084
25.840584	0.057057	0.010058	77.579155	77.565727
25.871880	0.053704	0.010058	77.585876	77.559021
25.903175	0.050351	0.013426	77.589226	77.548950
25.934471	0.046983	0.016779	77.589226	77.542229
25.965767	0.043631	0.020131	77.585876	77.548950
25.997063	0.040278	0.020131	77.585876	77.559021
26.028358	0.040278	0.020131	77.585876	77.569084
26.059654	0.036925	0.016779	77.585876	77.572449
26.090950	0.033557	0.013426	77.582512	77.572449
26.122246	0.033557	0.013426	77.579155	77.569084
26.153542	0.030205	0.010058	77.569084	77.569084
26.184837	0.026852	0.010058	77.565727	77.569084
26.216133	0.026852	0.010058	77.562378	77.565727
26.247429	0.026852	0.010058	77.562378	77.552307
26.278725	0.026852	0.010058	77.565727	77.542229
26.310022	0.026852	0.010058	77.565727	77.538879
26.341318	0.026852	0.010058	77.562378	77.535522
26.372614	0.030205	0.013426	77.555656	77.532158
26.403910	0.033557	0.013426	77.552307	77.528801
26.435205	0.033557	0.013426	77.548950	77.532158
26.466501	0.036925	0.013426	77.548950	77.535522
26.497797	0.036925	0.010058	77.548950	77.538879
26.529093	0.036925	0.010058	77.548950	77.538879
26.560389	0.033557	0.013426	77.545586	77.535522
26.591684	0.030205	0.013426	77.545586	77.528801
26.622980	0.030205	0.013426	77.545586	77.528801
26.654276	0.026852	0.013426	77.548950	77.532158
26.685572	0.023484	0.013426	77.548950	77.532158
26.716867	0.023484	0.013426	77.548950	77.538879
26.748163	0.023484	0.013426	77.552307	77.538879
26.779461	0.026852	0.013426	77.559021	77.542229
26.810757	0.026852	0.013426	77.559021	77.545586
26.842052	0.030205	0.013426	77.559021	77.552307
26.873348	0.030205	0.010058	77.559021	77.559021
26.904644	0.030205	0.010058	77.562378	77.555656
26.935940	0.030205	0.010058	77.565727	77.555656
26.967236	0.030205	0.006706	77.562378	77.555656
26.998531	0.030205	0.006706	77.559021	77.548950
27.029827	0.026852	0.010058	77.559021	77.542229
27.061123	0.023484	0.010058	77.555656	77.535522
27.092419	0.020131	0.010058	77.555656	77.532158
27.123714	0.016779	0.010058	77.552307	77.535522
27.155010	0.016779	0.010058	77.552307	77.538879
27.186306	0.016779	0.010058	77.555656	77.538879
27.217602	0.016779	0.010058	77.548950	77.538879
27.248898	0.016779	0.010058	77.542229	77.542229
27.280195	0.020131	0.006706	77.538879	77.545586
27.311491	0.020131	0.010058	77.538879	77.545586
27.342787	0.023484	0.010058	77.542229	77.542229
27.374083	0.023484	0.006706	77.542229	77.545586
27.405378	0.023484	0.010058	77.545586	77.545586
27.436674	0.026852	0.010058	77.545586	77.548950
27.467970	0.026852	0.010058	77.545586	77.552307
27.499266	0.026852	0.010058	77.545586	77.552307
27.530561	0.026852	0.010058	77.548950	77.548950
27.561857	0.023484	0.006706	77.552307	77.542229
27.593153	0.023484	0.003353	77.555656	77.538879
27.624449	0.023484	0.003353	77.555656	77.538879
27.655745	0.020131	0.006706	77.555656	77.538879
27.687040	0.016779	0.010058	77.548950	77.542229
27.718336	0.016779	0.013426	77.545586	77.548950
27.749632	0.016779	0.013426	77.545586	77.555656
27.780930	0.020131	0.013426	77.545586	77.555656
27.812225	0.023484	0.013426	77.548950	77.555656
27.843521	0.026852	0.013426	77.552307	77.559021
27.874817	0.026852	0.013426	77.559021	77.562378
27.906113	0.026852	0.013426	77.559021	77.569084
27.937408	0.026852	0.020131	77.562378	77.575806
27.968704	0.023484	0.023484	77.569084	77.572449
