20.958424	0.020087	-0.010073	0.040233	0.080526
20.989737	0.020087	-0.010073	0.040233	0.070453
21.021051	0.010014	0.000000	0.030160	0.070453
21.052366	0.010014	0.000000	0.030160	0.060380
21.083679	0.000000	-0.010073	0.030160	0.050306
21.114994	0.000000	-0.020146	0.020087	0.050306
21.146307	-0.010073	-0.030220	0.020087	0.050306
21.177622	0.000000	-0.020146	0.020087	0.050306
21.208937	0.020087	-0.020146	0.030160	0.060380
21.240250	0.020087	-0.020146	0.030160	0.060380
21.271564	0.020087	-0.020146	0.030160	0.070453
21.302879	0.010014	-0.010073	0.030160	0.070453
21.334192	0.010014	0.000000	0.020087	0.080526
21.365507	0.010014	0.000000	0.030160	0.070453
21.396820	0.020087	0.000000	0.030160	0.060380
21.428135	0.030160	0.010014	0.040233	0.060380
21.459450	0.040233	0.020087	0.050306	0.060380
21.490763	0.040233	0.020087	0.050306	0.060380
21.522078	0.030160	0.020087	0.040233	0.060380
21.553392	0.040233	0.020087	0.040233	0.060380
21.584705	0.040233	0.020087	0.030160	0.050306
21.616020	0.030160	0.020087	0.030160	0.050306
21.647335	0.020087	0.030160	0.020087	0.050306
21.678648	0.010014	0.030160	0.020087	0.060380
21.709963	0.010014	0.030160	0.010014	0.070453
21.741276	0.000000	0.030160	0.000000	0.070453
21.772591	0.000000	0.030160	0.000000	0.060380
21.803905	0.000000	0.020087	0.000000	0.060380
21.835218	0.000000	0.020087	0.000000	0.060380
21.866533	0.000000	0.010014	0.000000	0.060380
21.897848	0.010014	0.000000	0.000000	0.060380
21.929161	0.020087	-0.010073	0.000000	0.060380
21.960476	0.030160	-0.010073	0.010014	0.060380
21.991789	0.050306	-0.020146	0.020087	0.060380
22.023104	0.060380	-0.010073	0.020087	0.060380
22.054419	0.060380	-0.010073	0.030160	0.060380
22.085732	0.060380	-0.020146	0.030160	0.070453
22.117046	0.060380	-0.010073	0.030160	0.070453
22.148361	0.060380	0.000000	0.030160	0.060380
22.179674	0.060380	0.010014	0.030160	0.070453
22.210989	0.060380	0.010014	0.040233	0.070453
22.242302	0.070453	0.010014	0.040233	0.070453
22.273617	0.060380	0.010014	0.030160	0.070453
22.304932	0.050306	0.010014	0.030160	0.070453
22.336245	0.030160	0.010014	0.020087	0.070453
22.367559	0.030160	0.010014	0.020087	0.080526
22.398874	0.040233	0.000000	0.020087	0.080526
22.430187	0.040233	0.000000	0.020087	0.080526
22.461502	0.030160	0.000000	0.020087	0.080526
22.492817	0.020087	-0.010073	0.010014	0.080526
22.524130	0.020087	0.000000	0.010014	0.070453
22.555445	0.030160	-0.010073	0.010014	0.070453
22.586758	0.020087	-0.010073	0.010014	0.080526
22.618073	0.020087	-0.010073	0.020087	0.080526
22.649387	0.020087	0.000000	0.020087	0.080526
22.680700	0.020087	0.000000	0.030160	0.090599
22.712015	0.020087	0.010014	0.040233	0.090599
22.743330	0.030160	0.020087	0.040233	0.090599
22.774643	0.040233	0.030160	0.050306	0.090599
22.805958	0.040233	0.030160	0.050306	0.100672
22.837271	0.030160	0.020087	0.050306	0.110745
22.868586	0.020087	0.020087	0.050306	0.110745
22.899900	0.020087	0.010014	0.050306	0.110745
22.931213	0.030160	0.010014	0.060380	0.110745
22.962528	0.040233	0.010014	0.060380	0.110745
22.993843	0.030160	0.010014	0.050306	0.120819
23.025156	0.030160	0.010014	0.040233	0.120819
23.056471	0.030160	0.000000	0.040233	0.130892
23.087784	0.030160	0.000000	0.040233	0.140965
23.119099	0.030160	0.010014	0.050306	0.140965
23.150414	0.030160	0.000000	0.050306	0.151038
23.181726	0.030160	0.000000	0.060380	0.151038
23.213041	0.030160	0.000000	0.060380	0.171185
23.244356	0.030160	0.000000	0.060380	0.181258
23.275669	0.030160	0.010014	0.060380	0.191331
23.306984	0.020087	0.010014	0.060380	0.211477
23.338299	0.020087	0.000000	0.050306	0.221550
23.369612	0.020087	0.000000	0.050306	0.241697
23.400927	0.010014	-0.010073	0.050306	0.261784
23.432240	0.020087	-0.020146	0.050306	0.281930
23.463554	0.030160	-0.030220	0.050306	0.302076
23.494869	0.050306	-0.040293	0.060380	0.332296
23.526182	0.050306	-0.050366	0.070453	0.362515
23.557497	0.050306	-0.060439	0.070453	0.402808
23.588812	0.050306	-0.070512	0.080526	0.453174
23.620125	0.050306	-0.080585	0.090599	0.503540
23.651440	0.050306	-0.080585	0.110745	0.573993
23.682753	0.060380	-0.080585	0.120819	0.664651
23.714067	0.060380	-0.090659	0.130892	0.765383
23.745382	0.060380	-0.090659	0.130892	0.886202
23.776695	0.040233	-0.090659	0.120819	1.017153
23.808010	0.030160	-0.090659	0.120819	1.178265
23.839325	0.030160	-0.070512	0.130892	1.339376
23.870638	0.040233	-0.050366	0.130892	1.510620
23.901953	0.040233	-0.010073	0.130892	1.671731
23.933266	0.030160	0.040233	0.130892	1.792610
23.964581	0.030160	0.100672	0.130892	1.883209
23.995895	0.030160	0.161111	0.130892	1.913428
24.027208	0.030160	0.231624	0.130892	1.913428
24.058523	0.030160	0.281930	0.140965	1.873136
24.089838	0.030160	0.322223	0.151038	1.802683
24.121151	0.040233	0.362515	0.161111	1.722097
24.152466	0.050306	0.402808	0.181258	1.611292
24.183779	0.060380	0.453174	0.191331	1.470327
24.215094	0.050306	0.503540	0.191331	1.299083
24.246408	0.040233	0.553846	0.201404	1.087606
24.277721	0.030160	0.614285	0.211477	0.845909
24.309036	0.010014	0.674725	0.231624	0.573993
24.340351	0.000000	0.735164	0.251770	0.292003
24.371664	0.010014	0.765383	0.281930	0.020087
24.402979	0.010014	0.765383	0.312150	-0.201464
24.434294	0.010014	0.735164	0.342369	-0.362575
24.465607	-0.010073	0.684798	0.382662	-0.433087
24.496922	-0.040293	0.624359	0.412881	-0.453234
24.528234	-0.060439	0.543773	0.473320	-0.412941
24.559549	-0.080585	0.483394	0.553846	-0.362575
24.590864	-0.090659	0.422955	0.654578	-0.302136
24.622177	-0.110805	0.372589	0.765383	-0.231683
24.653492	-0.141025	0.312150	0.916421	-0.181317
24.684807	-0.191391	0.271857	1.077533	-0.141025
24.716120	-0.241756	0.241697	1.268923	-0.100732
24.747435	-0.261843	0.211477	1.450181	-0.070512
24.778748	-0.261843	0.181258	1.611292	-0.050366
24.810062	-0.231683	0.171185	1.742244	-0.040293
24.841377	-0.181317	0.181258	1.822770	-0.020146
24.872690	-0.110805	0.181258	1.863062	-0.010073
24.904005	-0.050366	0.161111	1.873136	0.000000
24.935320	0.000000	0.120819	1.842916	0.000000
24.966633	0.050306	0.100672	1.782537	0.000000
24.997948	0.100672	0.100672	1.681805	0.010014
25.029261	0.181258	0.110745	1.540840	0.020087
25.060575	0.312150	0.110745	1.339376	0.030160
25.091890	0.473320	0.090599	1.097679	0.040233
25.123203	0.634432	0.090599	0.815690	0.040233
25.154518	0.785470	0.080526	0.523627	0.040233
25.185833	0.896275	0.070453	0.261784	0.040233
25.217146	0.926495	0.080526	0.060380	0.040233
25.248461	0.906348	0.070453	-0.080585	0.040233
25.279776	0.845909	0.070453	-0.161171	0.050306
25.311089	0.755310	0.080526	-0.191391	0.050306
25.342403	0.644505	0.080526	-0.191391	0.060380
25.373716	0.513613	0.090599	-0.191391	0.060380
25.405031	0.412881	0.100672	-0.171244	0.070453
25.436346	0.332296	0.100672	-0.141025	0.060380
25.467659	0.292003	0.100672	-0.110805	0.060380
25.498974	0.251770	0.100672	-0.080585	0.060380
25.530289	0.211477	0.090599	-0.060439	0.060380
25.561602	0.171185	0.080526	-0.050366	0.050306
25.592916	0.140965	0.080526	-0.040293	0.050306
25.624229	0.120819	0.060380	-0.030220	0.040233
25.655544	0.110745	0.050306	-0.020146	0.030160
25.686859	0.110745	0.060380	-0.010073	0.040233
25.718172	0.110745	0.080526	0.000000	0.040233
25.749487	0.120819	0.100672	0.010014	0.050306
25.780802	0.110745	0.110745	0.020087	0.060380
25.812115	0.100672	0.110745	0.030160	0.060380
25.843430	0.100672	0.100672	0.040233	0.060380
25.874743	0.090599	0.090599	0.040233	0.060380
25.906057	0.080526	0.080526	0.050306	0.060380
25.937372	0.080526	0.080526	0.050306	0.060380
25.968685	0.080526	0.080526	0.050306	0.060380
