20.958424	0.066996	-0.067234	0.469923	0.604153
20.989719	0.066996	-0.067234	0.469923	0.570536
21.021015	0.066996	-0.067234	0.436306	0.570536
21.052311	0.066996	-0.067234	0.436306	0.570536
21.083607	0.100613	-0.067234	0.436306	0.570536
21.114902	0.100613	-0.067234	0.436306	0.570536
21.146198	0.066996	-0.067234	0.436306	0.570536
21.177494	0.066996	-0.067234	0.436306	0.570536
21.208790	0.066996	-0.067234	0.436306	0.570536
21.240086	0.100613	-0.067234	0.436306	0.570536
21.271381	0.100613	-0.067234	0.469923	0.570536
21.302677	0.066996	-0.067234	0.469923	0.570536
21.333973	0.100613	-0.067234	0.469923	0.570536
21.365271	0.100613	-0.067234	0.469923	0.570536
21.396566	0.100613	-0.067234	0.469923	0.536919
21.427862	0.134230	-0.067234	0.469923	0.536919
21.459158	0.134230	-0.067234	0.469923	0.536919
21.490454	0.134230	-0.067234	0.436306	0.536919
21.521749	0.134230	-0.067234	0.436306	0.536919
21.553045	0.134230	-0.067234	0.436306	0.536919
21.584341	0.134230	-0.067234	0.436306	0.536919
21.615637	0.100613	-0.067234	0.436306	0.536919
21.646933	0.100613	-0.067234	0.436306	0.570536
21.678228	0.100613	-0.067234	0.436306	0.570536
21.709524	0.100613	-0.067234	0.436306	0.570536
21.740820	0.100613	-0.067234	0.402689	0.570536
21.772116	0.100613	-0.067234	0.402689	0.570536
21.803411	0.100613	-0.067234	0.402689	0.570536
21.834707	0.100613	-0.067234	0.436306	0.570536
21.866005	0.100613	-0.067234	0.436306	0.570536
21.897301	0.100613	-0.067234	0.436306	0.570536
21.928596	0.100613	-0.067234	0.436306	0.604153
21.959892	0.100613	-0.067234	0.436306	0.604153
21.991188	0.066996	-0.033617	0.436306	0.604153
22.022484	0.066996	-0.033617	0.436306	0.604153
22.053780	0.066996	-0.033617	0.469923	0.604153
22.085075	0.066996	-0.033617	0.469923	0.604153
22.116371	0.100613	-0.033617	0.469923	0.570536
22.147667	0.100613	-0.033617	0.469923	0.570536
22.178963	0.100613	-0.033617	0.469923	0.570536
22.210258	0.100613	-0.033617	0.469923	0.536919
22.241554	0.100613	-0.033617	0.469923	0.536919
22.272850	0.100613	-0.033617	0.469923	0.536919
22.304146	0.100613	-0.033617	0.436306	0.503540
22.335442	0.100613	-0.033617	0.436306	0.503540
22.366739	0.100613	-0.033617	0.436306	0.536919
22.398035	0.100613	-0.033617	0.436306	0.536919
22.429331	0.100613	-0.033617	0.436306	0.570536
22.460627	0.100613	-0.033617	0.436306	0.570536
22.491922	0.100613	0.000000	0.436306	0.570536
22.523218	0.100613	0.000000	0.436306	0.570536
22.554514	0.100613	0.000000	0.436306	0.570536
22.585810	0.100613	0.000000	0.436306	0.570536
22.617105	0.066996	0.000000	0.436306	0.570536
22.648401	0.066996	0.000000	0.469923	0.570536
22.679697	0.066996	0.000000	0.469923	0.570536
22.710993	0.066996	0.000000	0.503540	0.536919
22.742289	0.066996	0.000000	0.503540	0.536919
22.773584	0.066996	0.000000	0.503540	0.536919
22.804880	0.066996	0.000000	0.503540	0.536919
22.836176	0.066996	0.033379	0.503540	0.536919
22.867474	0.100613	0.033379	0.503540	0.536919
22.898769	0.100613	0.033379	0.503540	0.536919
22.930065	0.134230	0.033379	0.503540	0.570536
22.961361	0.134230	0.033379	0.503540	0.570536
22.992657	0.134230	0.033379	0.503540	0.570536
23.023952	0.134230	0.033379	0.503540	0.570536
23.055248	0.100613	0.033379	0.503540	0.570536
23.086544	0.134230	0.033379	0.503540	0.570536
23.117840	0.134230	0.033379	0.503540	0.570536
23.149136	0.134230	0.033379	0.503540	0.536919
23.180431	0.134230	0.033379	0.503540	0.536919
23.211727	0.134230	0.066996	0.503540	0.536919
23.243023	0.134230	0.066996	0.503540	0.536919
23.274319	0.134230	0.100613	0.503540	0.503540
23.305614	0.134230	0.100613	0.469923	0.503540
23.336912	0.167847	0.100613	0.469923	0.503540
23.368208	0.167847	0.100613	0.469923	0.503540
23.399504	0.167847	0.100613	0.469923	0.503540
23.430799	0.167847	0.100613	0.469923	0.503540
23.462095	0.167847	0.100613	0.469923	0.503540
23.493391	0.167847	0.100613	0.469923	0.503540
23.524687	0.134230	0.100613	0.469923	0.503540
23.555983	0.134230	0.100613	0.469923	0.503540
23.587278	0.134230	0.134230	0.469923	0.503540
23.618574	0.134230	0.134230	0.469923	0.503540
23.649870	0.134230	0.167847	0.469923	0.503540
23.681166	0.134230	0.167847	0.469923	0.503540
23.712461	0.134230	0.201225	0.469923	0.503540
23.743757	0.134230	0.234842	0.469923	0.469923
23.775053	0.134230	0.234842	0.469923	0.469923
23.806349	0.134230	0.268459	0.469923	0.469923
23.837646	0.167847	0.302076	0.469923	0.469923
23.868942	0.167847	0.369072	0.469923	0.469923
23.900238	0.167847	0.402689	0.469923	0.436306
23.931534	0.167847	0.503540	0.469923	0.436306
23.962830	0.167847	0.570536	0.469923	0.402689
23.994125	0.167847	0.704765	0.469923	0.335693
24.025421	0.167847	0.839233	0.469923	0.302076
24.056717	0.167847	1.040459	0.469923	0.201225
24.088013	0.167847	1.241922	0.469923	0.134230
24.119308	0.167847	1.477003	0.469923	0.000000
24.150604	0.167847	1.678467	0.469923	-0.100851
24.181900	0.167847	1.846313	0.469923	-0.168085
24.213196	0.167847	1.913309	0.469923	-0.201464
24.244492	0.167847	1.879930	0.469923	-0.168085
24.275787	0.167847	1.779079	0.469923	-0.134468
24.307083	0.167847	1.611233	0.469923	-0.067234
24.338381	0.167847	1.409769	0.469923	0.000000
24.369677	0.201225	1.208305	0.469923	0.100613
24.400972	0.201225	1.007080	0.469923	0.201225
24.432268	0.201225	0.805616	0.469923	0.268459
24.463564	0.201225	0.637770	0.436306	0.335693
24.494860	0.201225	0.503540	0.436306	0.369072
24.526155	0.201225	0.436306	0.436306	0.369072
24.557451	0.201225	0.369072	0.436306	0.402689
24.588747	0.201225	0.335693	0.436306	0.402689
24.620043	0.234842	0.268459	0.436306	0.436306
24.651339	0.234842	0.234842	0.436306	0.436306
24.682634	0.234842	0.234842	0.436306	0.436306
24.713930	0.268459	0.201225	0.436306	0.436306
24.745226	0.268459	0.201225	0.436306	0.436306
24.776522	0.302076	0.167847	0.436306	0.436306
24.807819	0.335693	0.167847	0.436306	0.436306
24.839115	0.369072	0.134230	0.436306	0.402689
24.870411	0.402689	0.134230	0.436306	0.402689
24.901707	0.469923	0.134230	0.436306	0.436306
24.933002	0.503540	0.134230	0.402689	0.436306
24.964298	0.604153	0.134230	0.369072	0.436306
24.995594	0.704765	0.100613	0.369072	0.469923
25.026890	0.839233	0.100613	0.335693	0.469923
25.058186	1.074076	0.100613	0.302076	0.469923
25.089481	1.342773	0.100613	0.268459	0.503540
25.120777	1.611233	0.100613	0.234842	0.503540
25.152073	1.879930	0.066996	0.234842	0.503540
25.183369	2.081156	0.066996	0.201225	0.536919
25.214664	2.182007	0.066996	0.201225	0.503540
25.245960	2.182007	0.066996	0.201225	0.503540
25.277256	2.114773	0.066996	0.234842	0.503540
25.308554	1.980543	0.066996	0.234842	0.469923
25.339849	1.745462	0.066996	0.268459	0.469923
25.371145	1.510620	0.066996	0.302076	0.469923
25.402441	1.241922	0.066996	0.335693	0.469923
25.433737	1.040459	0.066996	0.335693	0.469923
25.465033	0.872612	0.066996	0.335693	0.469923
25.496328	0.704765	0.066996	0.335693	0.469923
25.527624	0.604153	0.066996	0.335693	0.469923
25.558920	0.536919	0.033379	0.369072	0.469923
25.590216	0.503540	0.033379	0.369072	0.469923
25.621511	0.436306	0.033379	0.402689	0.469923
25.652807	0.402689	0.000000	0.402689	0.469923
25.684103	0.369072	0.000000	0.402689	0.469923
25.715399	0.335693	0.033379	0.402689	0.469923
25.746695	0.302076	0.033379	0.436306	0.469923
25.777990	0.302076	0.033379	0.436306	0.469923
25.809288	0.268459	0.033379	0.469923	0.469923
25.840584	0.268459	0.033379	0.469923	0.469923
25.871880	0.234842	0.033379	0.469923	0.469923
25.903175	0.234842	0.033379	0.469923	0.436306
25.934471	0.201225	0.033379	0.469923	0.436306
25.965767	0.201225	0.000000	0.469923	0.436306
25.997063	0.201225	0.000000	0.469923	0.436306
26.028358	0.201225	0.000000	0.469923	0.436306
26.059654	0.167847	0.000000	0.469923	0.436306
26.090950	0.167847	0.000000	0.469923	0.436306
26.122246	0.167847	0.000000	0.469923	0.436306
26.153542	0.167847	0.000000	0.469923	0.436306
26.184837	0.167847	-0.033617	0.469923	0.436306
26.216133	0.167847	-0.033617	0.469923	0.436306
26.247429	0.167847	-0.033617	0.469923	0.436306
26.278725	0.134230	0.000000	0.469923	0.436306
26.310022	0.134230	0.000000	0.469923	0.436306
26.341318	0.134230	0.000000	0.469923	0.436306
26.372614	0.134230	0.000000	0.469923	0.436306
26.403910	0.134230	0.000000	0.469923	0.436306
26.435205	0.134230	0.000000	0.469923	0.436306
26.466501	0.134230	0.000000	0.469923	0.436306
26.497797	0.100613	0.000000	0.469923	0.436306
26.529093	0.100613	0.000000	0.469923	0.436306
26.560389	0.100613	0.033379	0.469923	0.436306
26.591684	0.100613	0.033379	0.469923	0.436306
26.622980	0.066996	0.033379	0.469923	0.436306
26.654276	0.066996	0.033379	0.469923	0.436306
26.685572	0.100613	0.033379	0.469923	0.436306
26.716867	0.100613	0.033379	0.469923	0.469923
26.748163	0.100613	0.033379	0.469923	0.436306
26.779461	0.100613	0.000000	0.469923	0.436306
26.810757	0.100613	0.000000	0.436306	0.436306
26.842052	0.100613	0.000000	0.436306	0.436306
26.873348	0.066996	0.000000	0.436306	0.436306
26.904644	0.066996	0.000000	0.436306	0.436306
26.935940	0.066996	0.000000	0.436306	0.469923
26.967236	0.066996	0.000000	0.469923	0.469923
26.998531	0.066996	0.033379	0.469923	0.469923
27.029827	0.066996	0.033379	0.469923	0.469923
27.061123	0.066996	0.000000	0.469923	0.469923
27.092419	0.066996	0.000000	0.469923	0.436306
27.123714	0.066996	0.000000	0.469923	0.436306
27.155010	0.066996	0.000000	0.469923	0.436306
27.186306	0.066996	0.000000	0.469923	0.436306
27.217602	0.066996	0.000000	0.469923	0.436306
27.248898	0.066996	0.000000	0.469923	0.436306
27.280195	0.066996	0.000000	0.436306	0.436306
27.311491	0.066996	0.000000	0.436306	0.436306
27.342787	0.066996	0.000000	0.469923	0.436306
27.374083	0.066996	-0.033617	0.469923	0.436306
27.405378	0.066996	-0.033617	0.469923	0.436306
27.436674	0.066996	0.000000	0.469923	0.469923
27.467970	0.066996	0.000000	0.469923	0.469923
27.499266	0.066996	0.000000	0.469923	0.469923
27.530561	0.066996	0.000000	0.469923	0.503540
27.561857	0.066996	0.000000	0.469923	0.469923
27.593153	0.066996	0.033379	0.469923	0.469923
27.624449	0.066996	0.033379	0.469923	0.469923
27.655745	0.066996	0.033379	0.469923	0.469923
27.687040	0.066996	0.000000	0.436306	0.436306
27.718336	0.033379	0.033379	0.436306	0.436306
27.749632	0.033379	0.033379	0.436306	0.436306
27.780930	0.033379	0.033379	0.436306	0.436306
27.812225	0.033379	0.033379	0.436306	0.469923
27.843521	0.033379	0.033379	0.469923	0.469923
27.874817	0.033379	0.033379	0.469923	0.469923
27.906113	0.033379	0.033379	0.469923	0.469923
27.937408	0.033379	0.033379	0.469923	0.469923
27.968704	0.033379	0.033379	0.469923	0.469923
