20.958424	-0.067234	-0.302315	-0.067234	-0.168085
20.989719	-0.067234	-0.302315	-0.067234	-0.168085
21.021015	-0.067234	-0.302315	-0.067234	-0.168085
21.052311	-0.067234	-0.302315	-0.067234	-0.168085
21.083607	-0.033617	-0.268698	-0.067234	-0.134468
21.114902	-0.033617	-0.268698	-0.067234	-0.134468
21.146198	-0.033617	-0.268698	-0.067234	-0.134468
21.177494	-0.033617	-0.235081	-0.067234	-0.134468
21.208790	-0.033617	-0.235081	-0.100851	-0.134468
21.240086	-0.033617	-0.268698	-0.100851	-0.134468
21.271381	-0.033617	-0.235081	-0.100851	-0.134468
21.302677	-0.067234	-0.235081	-0.100851	-0.168085
21.333973	-0.067234	-0.235081	-0.100851	-0.168085
21.365271	-0.067234	-0.235081	-0.067234	-0.168085
21.396566	-0.067234	-0.201464	-0.067234	-0.168085
21.427862	-0.067234	-0.201464	-0.067234	-0.168085
21.459158	-0.067234	-0.201464	-0.067234	-0.168085
21.490454	-0.067234	-0.201464	-0.067234	-0.168085
21.521749	-0.067234	-0.201464	-0.067234	-0.168085
21.553045	-0.033617	-0.201464	-0.067234	-0.168085
21.584341	-0.033617	-0.201464	-0.067234	-0.168085
21.615637	-0.033617	-0.201464	-0.067234	-0.168085
21.646933	-0.033617	-0.201464	-0.067234	-0.168085
21.678228	-0.033617	-0.201464	-0.067234	-0.168085
21.709524	-0.033617	-0.201464	-0.067234	-0.168085
21.740820	-0.033617	-0.201464	-0.067234	-0.168085
21.772116	-0.033617	-0.201464	-0.100851	-0.168085
21.803411	-0.033617	-0.168085	-0.100851	-0.168085
21.834707	-0.033617	-0.168085	-0.100851	-0.168085
21.866005	-0.033617	-0.168085	-0.100851	-0.168085
21.897301	-0.033617	-0.134468	-0.100851	-0.168085
21.928596	-0.033617	-0.134468	-0.100851	-0.168085
21.959892	-0.033617	-0.134468	-0.100851	-0.168085
21.991188	-0.033617	-0.134468	-0.100851	-0.168085
22.022484	-0.033617	-0.100851	-0.100851	-0.168085
22.053780	-0.033617	-0.100851	-0.100851	-0.168085
22.085075	-0.033617	-0.100851	-0.100851	-0.168085
22.116371	-0.033617	-0.100851	-0.100851	-0.201464
22.147667	-0.033617	-0.100851	-0.100851	-0.201464
22.178963	-0.033617	-0.100851	-0.100851	-0.201464
22.210258	-0.033617	-0.067234	-0.100851	-0.235081
22.241554	-0.033617	-0.067234	-0.134468	-0.235081
22.272850	0.000000	-0.067234	-0.134468	-0.235081
22.304146	0.000000	-0.067234	-0.134468	-0.235081
22.335442	0.000000	-0.033617	-0.134468	-0.235081
22.366739	0.000000	-0.033617	-0.134468	-0.235081
22.398035	0.000000	-0.033617	-0.134468	-0.235081
22.429331	0.000000	-0.033617	-0.100851	-0.268698
22.460627	-0.033617	0.000000	-0.100851	-0.268698
22.491922	-0.033617	0.000000	-0.134468	-0.268698
22.523218	-0.033617	0.033379	-0.134468	-0.235081
22.554514	-0.033617	0.033379	-0.134468	-0.235081
22.585810	0.000000	0.066996	-0.134468	-0.235081
22.617105	0.000000	0.066996	-0.134468	-0.235081
22.648401	0.000000	0.100613	-0.134468	-0.268698
22.679697	0.000000	0.100613	-0.134468	-0.268698
22.710993	0.033379	0.134230	-0.134468	-0.268698
22.742289	0.033379	0.134230	-0.134468	-0.268698
22.773584	0.033379	0.167847	-0.134468	-0.268698
22.804880	0.033379	0.201225	-0.134468	-0.268698
22.836176	0.033379	0.201225	-0.100851	-0.302315
22.867474	0.033379	0.234842	-0.100851	-0.302315
22.898769	0.033379	0.234842	-0.100851	-0.302315
22.930065	0.066996	0.268459	-0.100851	-0.302315
22.961361	0.066996	0.268459	-0.134468	-0.302315
22.992657	0.066996	0.302076	-0.134468	-0.335932
23.023952	0.066996	0.302076	-0.134468	-0.335932
23.055248	0.066996	0.335693	-0.134468	-0.335932
23.086544	0.100613	0.369072	-0.134468	-0.369310
23.117840	0.100613	0.369072	-0.134468	-0.402927
23.149136	0.100613	0.402689	-0.134468	-0.436544
23.180431	0.100613	0.436306	-0.134468	-0.470161
23.211727	0.100613	0.436306	-0.168085	-0.503778
23.243023	0.100613	0.469923	-0.168085	-0.503778
23.274319	0.134230	0.503540	-0.168085	-0.537157
23.305614	0.134230	0.536919	-0.168085	-0.570774
23.336912	0.167847	0.570536	-0.168085	-0.570774
23.368208	0.167847	0.637770	-0.168085	-0.570774
23.399504	0.201225	0.704765	-0.168085	-0.570774
23.430799	0.234842	0.771999	-0.168085	-0.570774
23.462095	0.234842	0.839233	-0.168085	-0.570774
23.493391	0.234842	0.939846	-0.168085	-0.570774
23.524687	0.268459	1.040459	-0.201464	-0.570774
23.555983	0.268459	1.141310	-0.201464	-0.570774
23.587278	0.268459	1.275539	-0.201464	-0.570774
23.618574	0.302076	1.443386	-0.201464	-0.570774
23.649870	0.302076	1.611233	-0.201464	-0.570774
23.681166	0.302076	1.846313	-0.201464	-0.604391
23.712461	0.302076	2.114773	-0.201464	-0.671625
23.743757	0.335693	2.484083	-0.201464	-0.738621
23.775053	0.335693	2.887011	-0.201464	-0.805855
23.806349	0.369072	3.424168	-0.201464	-0.940084
23.837646	0.369072	4.095554	-0.201464	-1.141548
23.868942	0.402689	4.968405	-0.235081	-1.376390
23.900238	0.402689	6.076097	-0.268698	-1.745701
23.931534	0.436306	7.418871	-0.268698	-2.215862
23.962830	0.436306	8.963108	-0.268698	-2.752781
23.994125	0.469923	10.675192	-0.268698	-3.424406
24.025421	0.503540	12.286663	-0.268698	-4.062176
24.056717	0.536919	13.528824	-0.302315	-4.565716
24.088013	0.570536	14.233828	-0.302315	-4.867792
24.119308	0.570536	14.233828	-0.302315	-4.901409
24.150604	0.604153	13.629436	-0.302315	-4.699945
24.181900	0.637770	12.521744	-0.335932	-4.297018
24.213196	0.671387	11.078119	-0.369310	-3.726482
24.244492	0.671387	9.433270	-0.402927	-3.088713
24.275787	0.738382	7.788181	-0.402927	-2.450705
24.307083	0.771999	6.277561	-0.436544	-1.880169
24.338381	0.805616	5.001783	-0.436544	-1.410007
24.369677	0.839233	4.061937	-0.470161	-1.107931
24.400972	0.872612	3.356934	-0.470161	-0.906467
24.432268	0.939846	2.887011	-0.503778	-0.772238
24.463564	0.973463	2.517700	-0.503778	-0.671625
24.494860	1.040459	2.215624	-0.503778	-0.604391
24.526155	1.141310	1.980543	-0.537157	-0.537157
24.557451	1.241922	1.779079	-0.537157	-0.503778
24.588747	1.376152	1.611233	-0.570774	-0.470161
24.620043	1.510620	1.477003	-0.570774	-0.436544
24.651339	1.678467	1.342773	-0.604391	-0.402927
24.682634	1.879930	1.241922	-0.638008	-0.369310
24.713930	2.114773	1.141310	-0.638008	-0.369310
24.745226	2.383471	1.040459	-0.671625	-0.335932
24.776522	2.719164	0.939846	-0.738621	-0.335932
24.807819	3.155470	0.872612	-0.805855	-0.302315
24.839115	3.759861	0.805616	-0.906467	-0.302315
24.870411	4.632711	0.771999	-1.040697	-0.302315
24.901707	5.874634	0.704765	-1.175165	-0.268698
24.933002	7.553339	0.671387	-1.309395	-0.235081
24.964298	9.500265	0.604153	-1.410007	-0.235081
24.995594	11.481047	0.570536	-1.577854	-0.235081
25.026890	13.226748	0.503540	-1.745701	-0.235081
25.058186	14.502287	0.469923	-1.913548	-0.201464
25.089481	15.140057	0.436306	-2.048016	-0.201464
25.120777	15.140057	0.402689	-2.081394	-0.201464
25.152073	14.468670	0.369072	-2.048016	-0.201464
25.183369	13.260126	0.335693	-1.980782	-0.201464
25.214664	11.715889	0.302076	-1.846552	-0.201464
25.245960	10.003805	0.268459	-1.678705	-0.201464
25.277256	8.358955	0.234842	-1.477242	-0.201464
25.308554	6.881714	0.234842	-1.275778	-0.168085
25.339849	5.673170	0.201225	-1.107931	-0.168085
25.371145	4.699707	0.201225	-0.940084	-0.168085
25.402441	3.927708	0.167847	-0.805855	-0.134468
25.433737	3.323317	0.167847	-0.705004	-0.134468
25.465033	2.887011	0.134230	-0.604391	-0.134468
25.496328	2.517700	0.134230	-0.537157	-0.168085
25.527624	2.215624	0.100613	-0.470161	-0.168085
25.558920	1.980543	0.100613	-0.436544	-0.168085
25.590216	1.779079	0.066996	-0.369310	-0.201464
25.621511	1.644850	0.033379	-0.335932	-0.201464
25.652807	1.477003	0.033379	-0.302315	-0.201464
25.684103	1.376152	0.033379	-0.302315	-0.201464
25.715399	1.241922	0.033379	-0.268698	-0.201464
25.746695	1.141310	0.000000	-0.268698	-0.201464
25.777990	1.074076	0.000000	-0.268698	-0.201464
25.809288	1.007080	0.000000	-0.235081	-0.201464
25.840584	0.939846	-0.033617	-0.235081	-0.168085
25.871880	0.872612	-0.033617	-0.235081	-0.168085
25.903175	0.805616	-0.033617	-0.235081	-0.168085
25.934471	0.738382	-0.067234	-0.235081	-0.168085
25.965767	0.704765	-0.067234	-0.235081	-0.168085
25.997063	0.671387	-0.067234	-0.201464	-0.168085
26.028358	0.604153	-0.100851	-0.201464	-0.168085
26.059654	0.570536	-0.100851	-0.201464	-0.168085
26.090950	0.503540	-0.100851	-0.201464	-0.168085
26.122246	0.469923	-0.134468	-0.201464	-0.168085
26.153542	0.436306	-0.134468	-0.201464	-0.168085
26.184837	0.436306	-0.134468	-0.201464	-0.168085
26.216133	0.402689	-0.168085	-0.201464	-0.168085
26.247429	0.369072	-0.168085	-0.168085	-0.168085
26.278725	0.335693	-0.168085	-0.168085	-0.168085
26.310022	0.302076	-0.168085	-0.201464	-0.134468
26.341318	0.302076	-0.168085	-0.201464	-0.134468
26.372614	0.268459	-0.168085	-0.201464	-0.134468
26.403910	0.234842	-0.168085	-0.201464	-0.168085
26.435205	0.201225	-0.168085	-0.201464	-0.168085
26.466501	0.201225	-0.201464	-0.201464	-0.168085
26.497797	0.167847	-0.201464	-0.201464	-0.168085
26.529093	0.167847	-0.201464	-0.201464	-0.134468
26.560389	0.134230	-0.201464	-0.201464	-0.134468
26.591684	0.134230	-0.201464	-0.201464	-0.134468
26.622980	0.100613	-0.201464	-0.201464	-0.168085
26.654276	0.100613	-0.201464	-0.201464	-0.168085
26.685572	0.100613	-0.201464	-0.201464	-0.168085
26.716867	0.066996	-0.201464	-0.201464	-0.168085
26.748163	0.066996	-0.201464	-0.201464	-0.168085
26.779461	0.033379	-0.201464	-0.201464	-0.168085
26.810757	0.033379	-0.201464	-0.201464	-0.168085
26.842052	0.033379	-0.201464	-0.168085	-0.168085
26.873348	0.000000	-0.201464	-0.168085	-0.168085
26.904644	0.000000	-0.201464	-0.168085	-0.168085
26.935940	-0.033617	-0.235081	-0.168085	-0.168085
26.967236	-0.033617	-0.235081	-0.168085	-0.134468
26.998531	-0.033617	-0.235081	-0.168085	-0.134468
27.029827	-0.067234	-0.235081	-0.168085	-0.134468
27.061123	-0.067234	-0.235081	-0.201464	-0.134468
27.092419	-0.067234	-0.268698	-0.201464	-0.134468
27.123714	-0.100851	-0.268698	-0.201464	-0.134468
27.155010	-0.100851	-0.235081	-0.235081	-0.134468
27.186306	-0.134468	-0.268698	-0.235081	-0.134468
27.217602	-0.134468	-0.268698	-0.235081	-0.134468
27.248898	-0.134468	-0.268698	-0.235081	-0.134468
27.280195	-0.134468	-0.268698	-0.201464	-0.134468
27.311491	-0.134468	-0.268698	-0.201464	-0.134468
27.342787	-0.168085	-0.268698	-0.168085	-0.134468
27.374083	-0.168085	-0.268698	-0.168085	-0.134468
27.405378	-0.168085	-0.268698	-0.134468	-0.134468
27.436674	-0.168085	-0.268698	-0.134468	-0.100851
27.467970	-0.168085	-0.268698	-0.134468	-0.100851
27.499266	-0.168085	-0.268698	-0.134468	-0.100851
27.530561	-0.168085	-0.268698	-0.134468	-0.100851
27.561857	-0.168085	-0.268698	-0.134468	-0.100851
27.593153	-0.168085	-0.268698	-0.134468	-0.100851
27.624449	-0.201464	-0.268698	-0.134468	-0.134468
27.655745	-0.201464	-0.268698	-0.134468	-0.134468
27.687040	-0.201464	-0.235081	-0.134468	-0.134468
27.718336	-0.235081	-0.235081	-0.168085	-0.134468
27.749632	-0.235081	-0.235081	-0.168085	-0.134468
27.780930	-0.235081	-0.235081	-0.168085	-0.168085
27.812225	-0.235081	-0.235081	-0.168085	-0.168085
27.843521	-0.235081	-0.235081	-0.134468	-0.134468
27.874817	-0.235081	-0.235081	-0.134468	-0.134468
27.906113	-0.268698	-0.235081	-0.134468	-0.134468
27.937408	-0.268698	-0.268698	-0.134468	-0.134468
27.968704	-0.268698	-0.268698	-0.100851	-0.134468
