20.958424	0.010014	0.020087	0.010014	-0.010073
20.989737	0.010014	0.020087	0.010014	-0.020146
21.021051	0.020087	0.020087	0.010014	-0.020146
21.052366	0.020087	0.020087	0.000000	-0.020146
21.083679	0.020087	0.020087	0.000000	-0.020146
21.114994	0.020087	0.020087	0.000000	-0.010073
21.146307	0.010014	0.020087	0.000000	-0.020146
21.177622	0.010014	0.020087	0.000000	-0.020146
21.208937	0.010014	0.020087	0.000000	-0.020146
21.240250	0.010014	0.010014	0.000000	-0.020146
21.271564	0.010014	0.010014	0.000000	-0.020146
21.302879	0.010014	0.010014	0.000000	-0.020146
21.334192	0.010014	0.010014	0.000000	-0.020146
21.365507	0.010014	0.010014	0.000000	-0.020146
21.396820	0.020087	0.010014	0.000000	-0.020146
21.428135	0.010014	0.010014	0.000000	-0.020146
21.459450	0.010014	0.010014	0.000000	-0.020146
21.490763	0.010014	0.010014	0.000000	-0.020146
21.522078	0.000000	0.010014	0.000000	-0.020146
21.553392	0.000000	0.010014	0.010014	-0.020146
21.584705	0.000000	0.010014	0.010014	-0.020146
21.616020	0.000000	0.000000	0.010014	-0.020146
21.647335	0.000000	0.000000	0.010014	-0.020146
21.678648	-0.010073	0.000000	0.000000	-0.010073
21.709963	-0.010073	0.010014	0.000000	-0.010073
21.741276	-0.010073	0.010014	0.000000	-0.010073
21.772591	0.000000	0.010014	0.000000	-0.010073
21.803905	0.010014	0.010014	0.000000	-0.010073
21.835218	0.010014	0.010014	0.000000	-0.010073
21.866533	0.020087	0.010014	0.000000	-0.010073
21.897848	0.020087	0.000000	0.000000	0.000000
21.929161	0.010014	0.000000	0.010014	0.000000
21.960476	0.010014	0.000000	0.010014	0.000000
21.991789	0.010014	0.000000	0.000000	0.000000
22.023104	0.010014	0.010014	0.000000	0.000000
22.054419	0.010014	0.000000	0.000000	0.000000
22.085732	0.010014	0.000000	-0.010073	0.010014
22.117046	0.010014	0.000000	-0.010073	0.010014
22.148361	0.010014	-0.010073	-0.010073	0.010014
22.179674	0.010014	-0.010073	-0.010073	0.000000
22.210989	0.010014	-0.010073	0.000000	0.000000
22.242302	0.010014	0.000000	0.000000	-0.010073
22.273617	0.000000	0.000000	0.000000	-0.010073
22.304932	0.000000	0.010014	0.000000	-0.010073
22.336245	0.010014	0.010014	0.000000	-0.010073
22.367559	0.010014	0.000000	0.000000	-0.010073
22.398874	0.020087	0.000000	0.010014	0.000000
22.430187	0.010014	0.000000	0.010014	0.000000
22.461502	0.010014	0.000000	0.010014	0.000000
22.492817	0.010014	0.000000	0.000000	-0.010073
22.524130	0.010014	0.000000	0.000000	0.000000
22.555445	0.010014	0.010014	0.000000	0.000000
22.586758	0.010014	0.010014	0.000000	0.010014
22.618073	0.010014	0.020087	0.000000	0.010014
22.649387	0.010014	0.010014	0.000000	0.000000
22.680700	0.010014	0.010014	0.010014	0.000000
22.712015	0.000000	0.000000	0.010014	-0.010073
22.743330	0.000000	-0.010073	0.010014	-0.020146
22.774643	-0.010073	-0.010073	0.000000	-0.020146
22.805958	-0.010073	-0.010073	0.000000	-0.010073
22.837271	0.000000	0.000000	0.000000	0.000000
22.868586	0.000000	0.000000	0.000000	0.010014
22.899900	0.000000	0.000000	0.010014	0.010014
22.931213	0.010014	0.000000	0.010014	0.010014
22.962528	0.010014	0.000000	0.010014	0.000000
22.993843	0.010014	0.010014	0.010014	0.000000
23.025156	0.010014	0.010014	0.010014	0.000000
23.056471	0.000000	0.010014	0.000000	0.010014
23.087784	0.000000	0.020087	0.000000	0.020087
23.119099	0.000000	0.010014	0.000000	0.030160
23.150414	0.000000	0.010014	0.000000	0.030160
23.181726	0.000000	0.010014	0.000000	0.040233
23.213041	0.010014	0.000000	0.010014	0.030160
23.244356	0.010014	0.000000	0.010014	0.030160
23.275669	0.020087	0.000000	0.010014	0.030160
23.306984	0.020087	0.000000	0.010014	0.040233
23.338299	0.010014	0.000000	0.010014	0.040233
23.369612	0.010014	0.000000	0.010014	0.050306
23.400927	0.010014	0.000000	0.010014	0.060380
23.432240	0.010014	-0.010073	0.010014	0.070453
23.463554	0.020087	-0.010073	0.010014	0.080526
23.494869	0.010014	-0.020146	0.010014	0.090599
23.526182	0.010014	-0.020146	0.010014	0.110745
23.557497	0.010014	-0.030220	0.010014	0.130892
23.588812	0.000000	-0.030220	0.010014	0.161111
23.620125	0.000000	-0.020146	0.000000	0.191331
23.651440	0.010014	-0.020146	0.000000	0.211477
23.682753	0.010014	-0.020146	0.000000	0.231624
23.714067	0.010014	-0.010073	0.000000	0.241697
23.745382	0.010014	0.000000	0.000000	0.241697
23.776695	0.010014	0.000000	0.000000	0.231624
23.808010	0.010014	0.010014	-0.010073	0.211477
23.839325	0.010014	0.010014	-0.010073	0.191331
23.870638	0.000000	0.020087	-0.010073	0.171185
23.901953	0.000000	0.020087	0.000000	0.151038
23.933266	0.000000	0.030160	0.000000	0.130892
23.964581	0.000000	0.020087	0.010014	0.110745
23.995895	0.010014	0.020087	0.010014	0.100672
24.027208	0.010014	0.010014	0.020087	0.080526
24.058523	0.010014	0.000000	0.020087	0.070453
24.089838	0.010014	-0.010073	0.010014	0.060380
24.121151	0.000000	-0.020146	0.010014	0.060380
24.152466	0.000000	-0.020146	0.010014	0.060380
24.183779	-0.010073	-0.020146	0.010014	0.060380
24.215094	-0.010073	-0.020146	0.010014	0.060380
24.246408	0.000000	-0.020146	0.010014	0.050306
24.277721	0.000000	-0.020146	0.020087	0.050306
24.309036	0.000000	-0.020146	0.020087	0.040233
24.340351	0.000000	-0.020146	0.010014	0.030160
24.371664	0.000000	-0.010073	0.010014	0.030160
24.402979	0.000000	-0.010073	0.010014	0.020087
24.434294	0.010014	-0.010073	0.010014	0.020087
24.465607	0.010014	-0.010073	0.020087	0.010014
24.496922	0.010014	0.000000	0.030160	0.010014
24.528234	0.000000	0.000000	0.030160	0.010014
24.559549	-0.010073	0.000000	0.040233	0.010014
24.590864	-0.010073	0.000000	0.040233	0.010014
24.622177	-0.020146	0.000000	0.040233	0.010014
24.653492	-0.020146	-0.010073	0.050306	0.010014
24.684807	-0.020146	0.000000	0.050306	0.010014
24.716120	-0.030220	0.010014	0.060380	0.010014
24.747435	-0.030220	0.010014	0.070453	0.000000
24.778748	-0.020146	0.010014	0.080526	0.000000
24.810062	-0.020146	0.010014	0.100672	0.010014
24.841377	-0.020146	0.010014	0.120819	0.010014
24.872690	-0.030220	0.000000	0.140965	0.000000
24.904005	-0.040293	0.000000	0.171185	0.000000
24.935320	-0.050366	-0.010073	0.201404	0.000000
24.966633	-0.060439	0.000000	0.221550	0.000000
24.997948	-0.060439	0.000000	0.231624	0.000000
25.029261	-0.050366	0.000000	0.241697	0.000000
25.060575	-0.040293	0.010014	0.231624	0.000000
25.091890	-0.040293	0.000000	0.221550	0.000000
25.123203	-0.030220	0.000000	0.201404	0.000000
25.154518	-0.030220	0.000000	0.181258	0.000000
25.185833	-0.020146	0.000000	0.151038	0.010014
25.217146	-0.010073	0.000000	0.130892	0.010014
25.248461	0.000000	0.000000	0.110745	0.010014
25.279776	0.010014	0.010014	0.090599	0.010014
25.311089	0.010014	0.020087	0.080526	0.010014
25.342403	0.000000	0.020087	0.070453	0.010014
25.373716	-0.010073	0.010014	0.060380	0.000000
25.405031	-0.010073	0.010014	0.050306	-0.010073
25.436346	-0.010073	0.000000	0.050306	0.000000
25.467659	-0.010073	0.000000	0.050306	0.000000
25.498974	0.000000	0.010014	0.040233	0.000000
25.530289	0.000000	0.010014	0.040233	0.000000
25.561602	0.010014	0.000000	0.030160	0.000000
25.592916	0.020087	-0.010073	0.030160	-0.010073
25.624229	0.020087	-0.010073	0.020087	-0.010073
25.655544	0.010014	-0.010073	0.020087	-0.010073
25.686859	0.000000	-0.010073	0.010014	-0.010073
25.718172	0.000000	0.000000	0.010014	-0.010073
25.749487	0.000000	0.000000	0.000000	-0.010073
25.780802	0.000000	0.000000	0.000000	-0.010073
25.812115	0.000000	0.000000	0.000000	-0.010073
25.843430	0.000000	0.000000	0.000000	-0.010073
25.874743	0.010014	0.000000	0.010014	-0.010073
25.906057	0.010014	0.000000	0.010014	0.000000
25.937372	0.000000	0.000000	0.010014	0.000000
25.968685	0.000000	0.000000	0.010014	0.010014
