21.452927	0.000000	0.030160	0.030160	0.100672
21.484102	0.000000	0.020087	0.030160	0.100672
21.515280	0.000000	0.020087	0.040233	0.100672
21.546455	-0.010073	0.020087	0.040233	0.100672
21.577633	-0.010073	0.020087	0.050306	0.100672
21.608809	-0.010073	0.020087	0.050306	0.110745
21.639986	-0.010073	0.020087	0.060380	0.120819
21.671162	0.000000	0.020087	0.060380	0.130892
21.702339	0.000000	0.020087	0.060380	0.140965
21.733515	0.000000	0.020087	0.060380	0.151038
21.764692	0.000000	0.030160	0.060380	0.151038
21.795868	0.000000	0.040233	0.060380	0.161111
21.827045	0.010014	0.050306	0.070453	0.171185
21.858221	0.010014	0.050306	0.070453	0.191331
21.889397	0.010014	0.050306	0.070453	0.201404
21.920574	0.010014	0.040233	0.080526	0.211477
21.951750	0.020087	0.040233	0.080526	0.231624
21.982927	0.020087	0.040233	0.090599	0.241697
22.014103	0.010014	0.040233	0.100672	0.241697
22.045280	0.010014	0.040233	0.110745	0.261784
22.076456	0.000000	0.040233	0.110745	0.271857
22.107634	0.000000	0.040233	0.110745	0.281930
22.138809	-0.010073	0.040233	0.120819	0.292003
22.169987	0.000000	0.040233	0.120819	0.312150
22.201162	0.000000	0.050306	0.130892	0.332296
22.232340	0.000000	0.050306	0.140965	0.352442
22.263515	0.010014	0.050306	0.151038	0.362515
22.294693	0.010014	0.060380	0.151038	0.382662
22.325869	0.020087	0.060380	0.161111	0.402808
22.357046	0.020087	0.060380	0.171185	0.412881
22.388222	0.030160	0.060380	0.171185	0.433028
22.419399	0.030160	0.060380	0.181258	0.453174
22.450575	0.030160	0.060380	0.191331	0.473320
22.481752	0.030160	0.070453	0.201404	0.493467
22.512928	0.020087	0.070453	0.201404	0.523627
22.544106	0.020087	0.070453	0.211477	0.543773
22.575281	0.020087	0.070453	0.231624	0.563920
22.606459	0.020087	0.070453	0.241697	0.584066
22.637634	0.020087	0.070453	0.251770	0.604212
22.668812	0.030160	0.070453	0.261784	0.624359
22.699987	0.030160	0.070453	0.271857	0.654578
22.731165	0.030160	0.080526	0.281930	0.694871
22.762341	0.040233	0.080526	0.292003	0.735164
22.793518	0.040233	0.090599	0.302076	0.775397
22.824694	0.040233	0.090599	0.312150	0.815690
22.855871	0.030160	0.090599	0.332296	0.855982
22.887047	0.030160	0.090599	0.332296	0.896275
22.918224	0.040233	0.080526	0.342369	0.926495
22.949400	0.040233	0.090599	0.362515	0.966787
22.980577	0.040233	0.090599	0.372589	1.017153
23.011753	0.040233	0.090599	0.392735	1.067460
23.042931	0.040233	0.100672	0.402808	1.117826
23.074106	0.040233	0.100672	0.412881	1.178265
23.105282	0.040233	0.110745	0.433028	1.238704
23.136459	0.050306	0.110745	0.453174	1.329303
23.167635	0.050306	0.110745	0.463247	1.409888
23.198812	0.050306	0.110745	0.483394	1.490474
23.229988	0.040233	0.100672	0.503540	1.581073
23.261166	0.040233	0.100672	0.523627	1.691878
23.292341	0.040233	0.090599	0.543773	1.802683
23.323519	0.050306	0.070453	0.563920	1.933575
23.354694	0.060380	0.060380	0.584066	2.064466
23.385872	0.070453	0.030160	0.604212	2.215564
23.417048	0.070453	0.010014	0.624359	2.376676
23.448225	0.070453	-0.020146	0.644505	2.578139
23.479401	0.070453	-0.060439	0.674725	2.799690
23.510578	0.070453	-0.090659	0.694871	3.071606
23.541754	0.070453	-0.130951	0.725091	3.383756
23.572931	0.070453	-0.181317	0.755310	3.756404
23.604107	0.070453	-0.251830	0.795543	4.209578
23.635284	0.070453	-0.322282	0.825763	4.753411
23.666460	0.060380	-0.412941	0.855982	5.418062
23.697638	0.060380	-0.503600	0.896275	6.243885
23.728813	0.060380	-0.584126	0.926495	7.250965
23.759991	0.060380	-0.654638	0.966787	8.489728
23.791166	0.060380	-0.694931	1.007080	9.980202
23.822344	0.070453	-0.654638	1.057386	11.722445
23.853519	0.070453	-0.513673	1.117826	13.716459
23.884697	0.080526	-0.231683	1.168191	15.851498
23.915873	0.080526	0.221550	1.228631	18.016756
23.947050	0.090599	0.855982	1.289070	19.970476
23.978226	0.090599	1.641512	1.359522	21.491169
24.009403	0.090599	2.497554	1.430035	22.316992
24.040579	0.080526	3.313303	1.500547	22.367359
24.071756	0.080526	4.028320	1.581073	21.803379
24.102932	0.070453	4.602373	1.671731	20.856739
24.134109	0.070453	5.055547	1.772463	19.658268
24.165285	0.060380	5.428135	1.883209	18.208086
24.196463	0.040233	5.750418	2.004087	16.435623
24.227638	0.020087	6.062627	2.124906	14.320731
24.258816	-0.010073	6.374836	2.276003	11.803031
24.289991	-0.040293	6.666899	2.437115	8.922756
24.321167	-0.070512	6.898522	2.628446	5.851150
24.352345	-0.120878	6.999195	2.839923	2.819836
24.383520	-0.171244	6.888449	3.081679	0.221550
24.414698	-0.231683	6.515801	3.373682	-1.571059
24.445873	-0.302136	5.911589	3.716111	-2.406955
24.477051	-0.392795	5.166292	4.118979	-2.447248
24.508226	-0.513673	4.400909	4.602373	-2.044439
24.539404	-0.664711	3.706038	5.206585	-1.520753
24.570580	-0.856042	3.121912	5.961895	-1.017213
24.601757	-1.127958	2.648592	6.918669	-0.594199
24.632933	-1.460314	2.265930	8.107006	-0.261843
24.664110	-1.853049	1.943648	9.587407	-0.020146
24.695286	-2.316356	1.691878	11.430383	0.151038
24.726463	-2.829969	1.480401	13.635933	0.281930
24.757639	-3.252923	1.299083	16.022682	0.372589
24.788816	-3.403962	1.148045	18.298744	0.443101
24.819992	-3.202558	1.027226	20.171881	0.513613
24.851170	-2.688944	0.926495	21.491169	0.573993
24.882345	-2.004147	0.835836	22.236406	0.624359
24.913523	-1.248837	0.765383	22.478104	0.654578
24.944698	-0.523686	0.704944	22.286774	0.684798
24.975876	0.140965	0.664651	21.712721	0.684798
25.007051	0.755310	0.634432	20.806372	0.684798
25.038229	1.359522	0.604212	19.527376	0.664651
25.069405	2.084613	0.563920	17.825365	0.644505
25.100582	3.041387	0.543773	15.609800	0.624359
25.131758	4.290164	0.523627	12.900710	0.604212
25.162935	5.720198	0.503540	9.829103	0.584066
25.194111	6.968975	0.473320	6.767571	0.573993
25.225288	7.744431	0.453174	4.098833	0.553846
25.256464	7.955968	0.433028	2.014160	0.543773
25.287642	7.673979	0.412881	0.584066	0.533700
25.318817	7.039487	0.392735	-0.251830	0.513613
25.349995	6.213665	0.382662	-0.634491	0.493467
25.381170	5.357683	0.372589	-0.705004	0.483394
25.412348	4.552007	0.362515	-0.614345	0.473320
25.443523	3.836989	0.342369	-0.433087	0.463247
25.474701	3.232718	0.332296	-0.241756	0.453174
25.505877	2.729177	0.312150	-0.060439	0.433028
25.537054	2.316296	0.302076	0.100672	0.412881
25.568230	1.983941	0.281930	0.221550	0.392735
25.599405	1.701951	0.271857	0.322223	0.372589
25.630583	1.470327	0.271857	0.412881	0.362515
25.661758	1.278996	0.261784	0.483394	0.342369
25.692936	1.127899	0.261784	0.533700	0.332296
25.724112	0.997007	0.251770	0.584066	0.322223
25.755289	0.886202	0.241697	0.624359	0.312150
25.786465	0.805616	0.231624	0.654578	0.302076
25.817642	0.745237	0.231624	0.674725	0.292003
25.848818	0.694871	0.221550	0.684798	0.281930
25.879995	0.654578	0.211477	0.684798	0.281930
25.911171	0.624359	0.201404	0.674725	0.271857
25.942348	0.594139	0.191331	0.664651	0.261784
25.973524	0.563920	0.191331	0.644505	0.251770
26.004702	0.543773	0.191331	0.624359	0.241697
26.035877	0.513613	0.191331	0.604212	0.231624
26.067055	0.483394	0.181258	0.584066	0.221550
26.098230	0.453174	0.181258	0.563920	0.211477
26.129408	0.422955	0.171185	0.553846	0.201404
26.160583	0.402808	0.161111	0.533700	0.191331
26.191761	0.382662	0.161111	0.523627	0.181258
26.222937	0.362515	0.151038	0.503540	0.181258
26.254114	0.352442	0.140965	0.493467	0.171185
26.285290	0.342369	0.130892	0.473320	0.161111
26.316467	0.332296	0.130892	0.463247	0.161111
26.347643	0.312150	0.130892	0.443101	0.151038
26.378820	0.302076	0.130892	0.422955	0.140965
26.409996	0.292003	0.130892	0.402808	0.130892
26.441174	0.281930	0.130892	0.392735	0.120819
26.472349	0.271857	0.130892	0.382662	0.110745
26.503527	0.261784	0.130892	0.362515	0.110745
26.534702	0.251770	0.120819	0.352442	0.100672
26.565880	0.241697	0.120819	0.342369	0.090599
26.597055	0.231624	0.110745	0.322223	0.090599
26.628233	0.221550	0.100672	0.312150	0.080526
26.659409	0.211477	0.100672	0.292003	0.080526
26.690586	0.201404	0.100672	0.281930	0.080526
26.721762	0.191331	0.100672	0.271857	0.080526
26.752939	0.191331	0.100672	0.261784	0.080526
26.784115	0.191331	0.100672	0.251770	0.080526
26.815290	0.191331	0.100672	0.241697	0.070453
26.846468	0.181258	0.090599	0.231624	0.070453
26.877644	0.181258	0.090599	0.221550	0.060380
26.908821	0.171185	0.090599	0.221550	0.050306
26.939997	0.161111	0.090599	0.211477	0.040233
26.971174	0.161111	0.090599	0.201404	0.040233
27.002350	0.161111	0.090599	0.191331	0.030160
27.033527	0.161111	0.090599	0.181258	0.020087
27.064703	0.151038	0.080526	0.171185	0.010014
27.095881	0.140965	0.080526	0.151038	0.020087
27.127056	0.140965	0.080526	0.140965	0.020087
27.158234	0.130892	0.090599	0.130892	0.020087
27.189409	0.130892	0.090599	0.120819	0.020087
27.220587	0.130892	0.090599	0.110745	0.020087
27.251762	0.120819	0.080526	0.100672	0.010014
27.282940	0.120819	0.080526	0.100672	0.000000
27.314116	0.110745	0.070453	0.090599	0.000000
27.345293	0.110745	0.070453	0.090599	0.000000
27.376469	0.110745	0.070453	0.080526	0.000000
27.407646	0.110745	0.070453	0.080526	0.000000
27.438822	0.110745	0.070453	0.080526	-0.010073
27.469999	0.110745	0.070453	0.070453	-0.010073
27.501175	0.100672	0.070453	0.070453	-0.010073
27.532352	0.090599	0.070453	0.060380	-0.010073
27.563528	0.090599	0.070453	0.060380	-0.010073
27.594706	0.090599	0.060380	0.050306	-0.010073
27.625881	0.080526	0.050306	0.040233	-0.010073
27.657059	0.080526	0.050306	0.030160	-0.010073
27.688234	0.070453	0.050306	0.020087	-0.010073
27.719412	0.070453	0.050306	0.020087	-0.010073
27.750587	0.070453	0.060380	0.020087	-0.010073
27.781765	0.070453	0.060380	0.010014	-0.010073
27.812941	0.070453	0.060380	0.000000	-0.010073
27.844118	0.070453	0.060380	-0.010073	-0.020146
27.875294	0.070453	0.050306	-0.010073	-0.020146
27.906471	0.060380	0.060380	-0.020146	-0.030220
27.937647	0.060380	0.060380	-0.020146	-0.020146
27.968824	0.060380	0.060380	-0.020146	-0.020146
