20.958424	0.000000	-0.020146	-64.124512	-64.228577
20.989719	0.003353	-0.023499	-64.124512	-64.231934
21.021015	0.000000	-0.026867	-64.127861	-64.235283
21.052311	0.000000	-0.030220	-64.127861	-64.242004
21.083607	0.000000	-0.033572	-64.124512	-64.248711
21.114902	0.003353	-0.036940	-64.124512	-64.255432
21.146198	0.000000	-0.040293	-64.124512	-64.262138
21.177494	0.000000	-0.040293	-64.124512	-64.265503
21.208790	0.000000	-0.040293	-64.124512	-64.268860
21.240086	0.000000	-0.046998	-64.124512	-64.272209
21.271381	0.000000	-0.050366	-64.127861	-64.278931
21.302677	-0.003368	-0.050366	-64.134583	-64.282280
21.333973	-0.003368	-0.053719	-64.137939	-64.289001
21.365271	-0.003368	-0.057071	-64.137939	-64.299080
21.396566	-0.003368	-0.057071	-64.137939	-64.305786
21.427862	-0.003368	-0.057071	-64.134583	-64.309135
21.459158	-0.003368	-0.057071	-64.134583	-64.312500
21.490454	-0.003368	-0.060439	-64.134583	-64.315857
21.521749	-0.003368	-0.063792	-64.137939	-64.322578
21.553045	-0.006720	-0.067145	-64.141289	-64.329285
21.584341	-0.010073	-0.070497	-64.148010	-64.332634
21.615637	-0.013441	-0.070497	-64.154716	-64.339355
21.646933	-0.013441	-0.073865	-64.158081	-64.346062
21.678228	-0.013441	-0.080571	-64.158081	-64.356133
21.709524	-0.013441	-0.083938	-64.158081	-64.362854
21.740820	-0.013441	-0.083938	-64.158081	-64.366203
21.772116	-0.013441	-0.083938	-64.161438	-64.369560
21.803411	-0.016794	-0.087291	-64.164787	-64.372925
21.834707	-0.016794	-0.090644	-64.168152	-64.383003
21.866005	-0.020146	-0.090644	-64.174858	-64.386353
21.897301	-0.023499	-0.093997	-64.181580	-64.393059
21.928596	-0.026867	-0.093997	-64.184937	-64.399780
21.959892	-0.030220	-0.100717	-64.188286	-64.409851
21.991188	-0.033572	-0.104070	-64.188286	-64.416557
22.022484	-0.033572	-0.104070	-64.188286	-64.423279
22.053780	-0.033572	-0.104070	-64.195007	-64.426628
22.085075	-0.036940	-0.107422	-64.201714	-64.430000
22.116371	-0.033572	-0.110790	-64.208435	-64.436707
22.147667	-0.033572	-0.114143	-64.208435	-64.443428
22.178963	-0.036940	-0.114143	-64.211784	-64.453484
22.210258	-0.040293	-0.117496	-64.218506	-64.463554
22.241554	-0.046998	-0.124216	-64.221863	-64.476982
22.272850	-0.046998	-0.127569	-64.225212	-64.487053
22.304146	-0.046998	-0.127569	-64.228577	-64.493774
22.335442	-0.053719	-0.134289	-64.231934	-64.503845
22.366739	-0.057071	-0.140995	-64.242004	-64.517273
22.398035	-0.060439	-0.144362	-64.245361	-64.527351
22.429331	-0.060439	-0.147715	-64.248711	-64.537422
22.460627	-0.063792	-0.151068	-64.252075	-64.547478
22.491922	-0.070497	-0.157788	-64.262138	-64.564270
22.523218	-0.073865	-0.164494	-64.268860	-64.577698
22.554514	-0.077218	-0.164494	-64.272209	-64.584404
22.585810	-0.080571	-0.164494	-64.275581	-64.591125
22.617105	-0.083938	-0.164494	-64.278931	-64.597847
22.648401	-0.083938	-0.171214	-64.282280	-64.611275
22.679697	-0.083938	-0.177920	-64.278931	-64.624695
22.710993	-0.080571	-0.181288	-64.278931	-64.634773
22.742289	-0.080571	-0.184640	-64.285637	-64.644844
22.773584	-0.087291	-0.191361	-64.295708	-64.661621
22.804880	-0.090644	-0.201419	-64.305786	-64.681770
22.836176	-0.090644	-0.204787	-64.309135	-64.698547
22.867474	-0.090644	-0.211492	-64.312500	-64.715324
22.898769	-0.093997	-0.214845	-64.319206	-64.732117
22.930065	-0.100717	-0.221565	-64.325928	-64.752266
22.961361	-0.100717	-0.228286	-64.332634	-64.772400
22.992657	-0.100717	-0.234991	-64.335999	-64.789192
23.023952	-0.104070	-0.238344	-64.339355	-64.805969
23.055248	-0.107422	-0.241712	-64.349426	-64.826118
23.086544	-0.110790	-0.245064	-64.359505	-64.849617
23.117840	-0.114143	-0.248417	-64.362854	-64.879822
23.149136	-0.114143	-0.255138	-64.366203	-64.903320
23.180431	-0.117496	-0.258490	-64.372925	-64.923462
23.211727	-0.124216	-0.265211	-64.379631	-64.946968
23.243023	-0.130922	-0.271916	-64.389709	-64.973816
23.274319	-0.134289	-0.278637	-64.399780	-65.000671
23.305614	-0.137642	-0.281990	-64.409851	-65.027534
23.336912	-0.144362	-0.285342	-64.423279	-65.051033
23.368208	-0.147715	-0.288710	-64.433350	-65.081238
23.399504	-0.154421	-0.292063	-64.443428	-65.114815
23.430799	-0.154421	-0.298783	-64.453484	-65.151733
23.462095	-0.161141	-0.298783	-64.466927	-65.192017
23.493391	-0.164494	-0.302136	-64.476982	-65.232307
23.524687	-0.167862	-0.305489	-64.487053	-65.279305
23.555983	-0.171214	-0.308841	-64.497131	-65.326302
23.587278	-0.174567	-0.312209	-64.503845	-65.373299
23.618574	-0.177920	-0.312209	-64.513924	-65.416931
23.649870	-0.181288	-0.312209	-64.520630	-65.467285
23.681166	-0.187993	-0.315562	-64.534050	-65.524353
23.712461	-0.191361	-0.318915	-64.547478	-65.588150
23.743757	-0.194713	-0.322267	-64.560905	-65.655273
23.775053	-0.194713	-0.322267	-64.570976	-65.722420
23.806349	-0.198066	-0.322267	-64.581055	-65.799622
23.837646	-0.204787	-0.322267	-64.594475	-65.883545
23.868942	-0.208139	-0.315562	-64.607903	-65.974190
23.900238	-0.211492	-0.305489	-64.621346	-66.064819
23.931534	-0.218213	-0.295416	-64.638123	-66.172241
23.962830	-0.224918	-0.281990	-64.658272	-66.293106
23.994125	-0.231639	-0.258490	-64.675049	-66.430733
24.025421	-0.234991	-0.228286	-64.688477	-66.585152
24.056717	-0.234991	-0.181288	-64.705269	-66.756355
24.088013	-0.241712	-0.127569	-64.722046	-66.957771
24.119308	-0.248417	-0.057071	-64.742195	-67.186043
24.150604	-0.251785	0.033557	-64.755615	-67.451256
24.181900	-0.255138	0.154406	-64.769043	-67.756729
24.213196	-0.258490	0.298768	-64.785820	-68.129349
24.244492	-0.265211	0.469968	-64.809326	-68.582535
24.275787	-0.275284	0.745237	-64.836189	-69.287491
24.307083	-0.278637	1.023859	-64.859688	-69.989098
24.338381	-0.281990	1.359552	-64.883171	-70.855202
24.369677	-0.288710	1.742244	-64.910042	-71.926071
24.400972	-0.295416	2.175301	-64.936890	-73.218498
24.432268	-0.302136	2.631843	-64.963745	-74.779480
24.463564	-0.305489	3.051460	-64.983887	-76.595589
24.494860	-0.308841	3.360301	-65.010742	-78.626541
24.526155	-0.315562	3.434151	-65.044312	-80.788422
24.557451	-0.318915	3.125310	-65.077888	-82.876442
24.588747	-0.322267	2.289429	-65.111458	-84.628777
24.620043	-0.322267	0.815734	-65.145020	-85.803703
24.651339	-0.322267	-1.268938	-65.185310	-86.246819
24.682634	-0.328988	-3.783286	-65.228943	-86.008476
24.713930	-0.332341	-6.512493	-65.269234	-85.266586
24.745226	-0.335708	-9.231627	-65.312866	-84.219215
24.776522	-0.335708	-11.792988	-65.359863	-82.977142
24.807819	-0.339061	-14.173060	-65.416931	-81.523598
24.839115	-0.342414	-16.308084	-65.474007	-79.808189
24.870411	-0.342414	-18.187969	-65.531075	-77.790665
24.901707	-0.339061	-19.728809	-65.594849	-75.430717
24.933002	-0.339061	-20.829901	-65.661995	-72.802231
24.964298	-0.342414	-21.363646	-65.739197	-70.076393
24.995594	-0.342414	-21.195799	-65.816414	-67.468033
25.026890	-0.339061	-20.245790	-65.896973	-65.289375
25.058186	-0.335708	-18.580734	-65.987617	-63.802242
25.089481	-0.328988	-16.412153	-66.084969	-63.087212
25.120777	-0.318915	-14.082417	-66.195740	-63.016712
25.152073	-0.302136	-11.907116	-66.313240	-63.308777
25.183369	-0.271916	-10.027229	-66.447525	-63.708244
25.214664	-0.238344	-8.493095	-66.598579	-64.084229
25.245960	-0.187993	-7.267803	-66.769791	-64.403130
25.277256	-0.124216	-6.280869	-66.964493	-64.664978
25.308554	-0.040293	-5.488619	-67.179337	-64.856323
25.339849	0.063777	-4.847452	-67.431107	-64.997314
25.371145	0.194699	-4.317045	-67.729874	-65.098015
25.402441	0.362545	-3.870577	-68.082359	-65.175232
25.433737	0.577390	-3.501311	-68.512054	-65.235657
25.465033	0.859380	-3.182396	-69.032372	-65.279305
25.496328	1.225278	-2.913847	-69.666832	-65.299438
25.527624	1.701966	-2.682209	-70.462433	-65.302803
25.558920	2.326355	-2.487510	-71.462807	-65.299438
25.590216	3.145456	-2.323017	-72.708237	-65.286011
25.621511	4.176035	-2.178669	-74.259148	-65.269234
25.652807	5.344257	-2.047747	-76.088684	-65.245735
25.684103	6.381557	-1.933604	-78.096138	-65.222237
25.715399	6.932095	-1.832902	-80.130455	-65.202087
25.746695	6.720617	-1.738906	-81.980141	-65.178589
25.777990	5.666524	-1.651630	-83.484055	-65.155090
25.809288	3.890693	-1.571059	-84.595200	-65.131592
25.840584	1.587838	-1.500562	-85.306885	-65.108093
25.871880	-1.010448	-1.433432	-85.656006	-65.087959
25.903175	-3.706083	-1.369640	-85.679504	-65.067810
25.934471	-6.431922	-1.312569	-85.370659	-65.040962
25.965767	-9.140984	-1.258865	-84.712700	-65.020813
25.997063	-11.819839	-1.211867	-83.651901	-65.000671
26.028358	-14.502033	-1.164868	-82.131210	-64.980537
26.059654	-17.063395	-1.117870	-80.130455	-64.953667
26.090950	-19.238695	-1.077592	-77.686592	-64.930168
26.122246	-20.682186	-1.040667	-75.011101	-64.910042
26.153542	-21.095097	-1.007095	-72.399391	-64.896614
26.184837	-20.467340	-0.976875	-70.089813	-64.876465
26.216133	-19.013777	-0.943318	-68.246841	-64.856323
26.247429	-17.073467	-0.913098	-66.914139	-64.839539
26.278725	-14.961943	-0.889599	-66.041336	-64.826118
26.310022	-12.887343	-0.866100	-65.521004	-64.812691
26.341318	-10.994032	-0.842601	-65.242378	-64.792542
26.372614	-9.359196	-0.819102	-65.121513	-64.779121
26.403910	-7.979483	-0.795603	-65.094666	-64.765694
26.435205	-6.841481	-0.778824	-65.118164	-64.755615
26.466501	-5.908236	-0.762030	-65.161812	-64.745544
26.497797	-5.132794	-0.741899	-65.208809	-64.728767
26.529093	-4.498318	-0.721753	-65.252441	-64.715324
26.560389	-3.981352	-0.708327	-65.289375	-64.705269
26.591684	-3.551662	-0.694901	-65.316231	-64.698547
26.622980	-3.195822	-0.678107	-65.322937	-64.685120
26.654276	-2.900407	-0.664681	-65.322937	-64.668327
26.685572	-2.655357	-0.651255	-65.312866	-64.654900
26.716867	-2.443865	-0.637829	-65.299438	-64.648193
26.748163	-2.265945	-0.627756	-65.275940	-64.641479
26.779461	-2.108171	-0.614330	-65.249084	-64.634773
26.810757	-1.973897	-0.604257	-65.218880	-64.624695
26.842052	-1.856402	-0.590831	-65.192017	-64.614624
26.873348	-1.748979	-0.580758	-65.161812	-64.607903
26.904644	-1.648277	-0.570685	-65.131592	-64.594475
26.935940	-1.557633	-0.560611	-65.104736	-64.587769
26.967236	-1.477063	-0.550553	-65.084595	-64.577698
26.998531	-1.403213	-0.540480	-65.064461	-64.570976
27.029827	-1.336068	-0.533760	-65.040962	-64.567627
27.061123	-1.272291	-0.527054	-65.020813	-64.567627
27.092419	-1.215219	-0.520334	-64.997314	-64.560905
27.123714	-1.161516	-0.513628	-64.977173	-64.557556
27.155010	-1.114517	-0.506908	-64.953667	-64.550850
27.186306	-1.067519	-0.503555	-64.930168	-64.547478
27.217602	-1.027241	-0.496835	-64.910042	-64.544128
27.248898	-0.990301	-0.486761	-64.893250	-64.537422
27.280195	-0.953376	-0.483409	-64.876465	-64.534050
27.311491	-0.916451	-0.480056	-64.856323	-64.537422
27.342787	-0.879526	-0.480056	-64.836189	-64.537422
27.374083	-0.849321	-0.473335	-64.816040	-64.534050
27.405378	-0.819102	-0.469983	-64.795898	-64.530701
27.436674	-0.792250	-0.466630	-64.779121	-64.527351
27.467970	-0.768751	-0.463262	-64.762321	-64.523979
27.499266	-0.748605	-0.463262	-64.748901	-64.523979
27.530561	-0.725105	-0.456557	-64.735474	-64.520630
27.561857	-0.704974	-0.456557	-64.718697	-64.520630
27.593153	-0.684828	-0.456557	-64.708618	-64.527351
27.624449	-0.671402	-0.463262	-64.695198	-64.530701
27.655745	-0.651255	-0.463262	-64.685120	-64.534050
27.687040	-0.634477	-0.466630	-64.668327	-64.537422
27.718336	-0.614330	-0.469983	-64.654900	-64.540771
27.749632	-0.600904	-0.476688	-64.644844	-64.547478
27.780930	-0.587478	-0.476688	-64.634773	-64.547478
27.812225	-0.570685	-0.476688	-64.617973	-64.544128
27.843521	-0.553906	-0.480056	-64.604553	-64.547478
27.874817	-0.540480	-0.486761	-64.594475	-64.554199
27.906113	-0.530407	-0.493482	-64.587769	-64.560905
27.937408	-0.520334	-0.496835	-64.581055	-64.564270
27.968704	-0.510260	-0.503555	-64.574348	-64.564270
