24.983185	109.997246	109.997246	10.698602	10.644883
24.992565	109.997246	109.997246	10.701954	10.651604
25.001945	109.997246	109.997246	10.705307	10.654956
25.011326	109.997246	109.997246	10.701954	10.654956
25.020706	109.997246	109.997246	10.695249	10.658309
25.030088	109.997246	109.997246	10.691881	10.658309
25.039469	109.997246	109.997246	10.688528	10.658309
25.048849	109.997246	109.997246	10.688528	10.651604
25.058229	109.997246	109.997246	10.688528	10.638178
25.067612	109.997246	109.997246	10.691881	10.624751
25.076992	109.997246	109.997246	10.685176	10.618031
25.086372	109.997246	109.997246	10.678455	10.618031
25.095753	109.997246	109.997246	10.671750	10.618031
25.105135	109.997246	109.997246	10.671750	10.621384
25.114515	109.997246	109.997246	10.671750	10.624751
25.123896	109.997246	109.997246	10.675102	10.628104
25.133276	109.997246	109.997246	10.678455	10.631457
25.142656	109.997246	109.997246	10.675102	10.634825
25.152039	109.997246	109.997246	10.671750	10.638178
25.161419	109.997246	109.997246	10.668382	10.641530
25.170799	109.997246	109.997246	10.661676	10.634825
25.180180	109.997246	109.997246	10.658309	10.624751
25.189562	109.997246	109.997246	10.658309	10.607958
25.198942	109.997246	109.997246	10.654956	10.594532
25.208323	109.997246	109.997246	10.651604	10.584458
25.217703	109.997246	109.997246	10.651604	10.574386
25.227083	109.997246	109.997246	10.654956	10.567680
25.236465	109.997246	109.997246	10.661676	10.564327
25.245846	109.997246	109.997246	10.671750	10.564327
25.255226	109.997246	109.997246	10.681808	10.564327
25.264606	109.997246	109.997246	10.688528	10.567680
25.273989	109.997246	109.997246	10.695249	10.574386
25.283369	109.997246	109.997246	10.695249	10.584458
25.292749	109.997246	109.997246	10.695249	10.594532
25.302130	109.997246	109.997246	10.688528	10.597885
25.311510	109.997246	109.997246	10.675102	10.597885
25.320892	109.997246	109.997246	10.661676	10.597885
25.330273	109.997246	109.997246	10.651604	10.591179
25.339653	109.997246	109.997246	10.644883	10.584458
25.349033	109.997246	109.997246	10.644883	10.581106
25.358416	109.997246	109.997246	10.641530	10.581106
25.367796	109.997246	109.997246	10.641530	10.581106
25.377176	109.997246	109.997246	10.644883	10.577753
25.386557	109.997246	109.997246	10.644883	10.581106
25.395937	109.997246	109.997246	10.644883	10.581106
25.405319	109.997246	109.997246	10.641530	10.584458
25.414700	109.997246	109.997246	10.644883	10.594532
25.424080	109.997246	109.997246	10.651604	10.601253
25.433460	109.997246	109.997246	10.654956	10.604605
25.442842	109.997246	109.997246	10.654956	10.607958
25.452223	109.997246	109.997246	10.654956	10.607958
25.461603	109.997246	109.997246	10.651604	10.607958
25.470984	109.997246	109.997246	10.641530	10.607958
25.480366	109.997246	109.997246	10.631457	10.604605
25.489746	109.997246	109.997246	10.624751	10.601253
25.499126	109.997246	109.997246	10.624751	10.597885
25.508507	109.997246	109.997246	10.624751	10.597885
25.517887	109.997246	109.997246	10.628104	10.597885
25.527269	109.997246	109.997246	10.631457	10.594532
25.536650	109.997246	109.997246	10.634825	10.591179
25.546030	109.997246	109.997246	10.644883	10.587827
25.555410	109.997246	109.997246	10.651604	10.591179
25.564793	109.997246	109.997246	10.654956	10.597885
25.574173	109.997246	109.997246	10.665030	10.604605
25.583553	109.997246	109.997246	10.675102	10.607958
25.592934	109.997246	109.997246	10.678455	10.607958
25.602314	109.997246	109.997246	10.671750	10.607958
25.611696	109.997246	109.997246	10.665030	10.607958
25.621077	109.997246	109.997246	10.661676	10.604605
25.630457	109.997246	109.997246	10.661676	10.607958
25.639837	109.997246	109.997246	10.661676	10.607958
25.649220	109.997246	109.997246	10.658309	10.611325
25.658600	109.997246	109.997246	10.651604	10.611325
25.667980	109.997246	109.997246	10.644883	10.604605
25.677361	109.997246	109.997246	10.638178	10.597885
25.686741	109.997246	109.997246	10.638178	10.591179
25.696123	109.997246	109.997246	10.641530	10.587827
25.705503	109.997246	109.997246	10.648251	10.587827
25.714884	109.997246	109.997246	10.651604	10.587827
25.724264	109.997246	109.997246	10.654956	10.587827
25.733646	109.997246	109.997246	10.654956	10.587827
25.743027	109.997246	109.997246	10.651604	10.587827
25.752407	109.997246	109.997246	10.648251	10.587827
25.761787	109.997246	109.997246	10.641530	10.584458
25.771168	109.997246	109.997246	10.634825	10.581106
25.780550	109.997246	109.997246	10.628104	10.574386
25.789930	109.997246	109.997246	10.624751	10.567680
25.799311	109.997246	109.997246	10.618031	10.564327
25.808691	109.997246	109.997246	10.618031	10.560960
25.818073	109.997246	109.997246	10.618031	10.564327
25.827454	109.997246	109.997246	10.618031	10.567680
25.836834	109.997246	109.997246	10.621384	10.574386
25.846214	109.997246	109.997246	10.628104	10.581106
25.855597	109.997246	109.997246	10.631457	10.587827
25.864977	109.997246	109.997246	10.634825	10.591179
25.874357	109.997246	109.997246	10.638178	10.594532
25.883738	109.997246	109.997246	10.638178	10.597885
25.893118	109.997246	109.997246	10.634825	10.601253
25.902500	109.997246	109.997246	10.628104	10.604605
25.911880	109.997246	109.997246	10.621384	10.604605
25.921261	109.997246	109.997246	10.614678	10.601253
25.930641	109.997246	109.997246	10.611325	10.594532
25.940023	109.997246	109.997246	10.607958	10.587827
25.949404	109.997246	109.997246	10.604605	10.581106
25.958784	109.997246	109.997246	10.607958	10.574386
25.968164	109.997246	109.997246	10.604605	10.567680
25.977545	109.997246	109.997246	10.604605	10.564327
25.986927	109.997246	109.997246	10.611325	10.560960
25.996307	109.997246	109.997246	10.618031	10.567680
26.005688	109.997246	109.997246	10.621384	10.574386
26.015068	109.997246	109.997246	10.618031	10.584458
26.024450	109.997246	109.997246	10.614678	10.591179
26.033831	109.997246	109.997246	10.611325	10.597885
26.043211	109.997246	109.997246	10.607958	10.604605
26.052591	109.997246	109.997246	10.601253	10.607958
26.061972	109.997246	109.997246	10.601253	10.611325
26.071354	109.997246	109.997246	10.601253	10.614678
26.080734	109.997246	109.997246	10.604605	10.614678
26.090115	109.997246	109.997246	10.604605	10.611325
26.099495	109.997246	109.997246	10.601253	10.611325
26.108877	109.997246	109.997246	10.594532	10.614678
26.118258	109.997246	109.997246	10.591179	10.614678
26.127638	109.997246	109.997246	10.591179	10.614678
26.137018	109.997246	109.997246	10.591179	10.611325
26.146399	109.997246	109.997246	10.591179	10.611325
26.155781	109.997246	109.997246	10.594532	10.614678
26.165161	109.997246	109.997246	10.594532	10.618031
26.174541	109.997246	109.997246	10.597885	10.624751
26.183922	109.997246	109.997246	10.601253	10.624751
26.193304	109.997246	109.997246	10.601253	10.624751
26.202684	109.997246	109.997246	10.604605	10.621384
26.212065	109.997246	109.997246	10.604605	10.618031
26.221445	109.997246	109.997246	10.604605	10.614678
26.230827	109.997246	109.997246	10.604605	10.607958
26.240208	109.997246	109.997246	10.601253	10.604605
26.249588	109.997246	109.997246	10.601253	10.604605
26.258968	109.997246	109.997246	10.597885	10.601253
26.268349	109.997246	109.997246	10.597885	10.601253
26.277731	109.997246	109.997246	10.597885	10.601253
26.287111	109.997246	109.997246	10.597885	10.597885
26.296492	109.997246	109.997246	10.594532	10.597885
26.305872	109.997246	109.997246	10.587827	10.601253
26.315254	109.997246	109.997246	10.584458	10.601253
26.324635	109.997246	109.997246	10.581106	10.601253
26.334015	109.997246	109.997246	10.581106	10.601253
26.343395	109.997246	109.997246	10.581106	10.601253
26.352776	109.997246	109.997246	10.587827	10.607958
26.362158	109.997246	109.997246	10.594532	10.607958
26.371538	109.997246	109.997246	10.594532	10.604605
26.380919	109.997246	109.997246	10.594532	10.594532
26.390299	109.997246	109.997246	10.594532	10.587827
26.399681	109.997246	109.997246	10.594532	10.587827
26.409061	109.997246	109.997246	10.594532	10.587827
26.418442	109.997246	109.997246	10.601253	10.584458
26.427822	109.997246	109.997246	10.607958	10.584458
26.437202	109.997246	109.997246	10.614678	10.587827
26.446585	109.997246	109.997246	10.621384	10.591179
26.455965	109.997246	109.997246	10.621384	10.591179
26.465345	109.997246	109.997246	10.624751	10.591179
26.474726	109.997246	109.997246	10.628104	10.594532
26.484108	109.997246	109.997246	10.628104	10.597885
26.493488	109.997246	109.997246	10.628104	10.601253
26.502869	109.997246	109.997246	10.628104	10.601253
26.512249	109.997246	109.997246	10.628104	10.601253
26.521631	109.997246	109.997246	10.624751	10.597885
26.531012	109.997246	109.997246	10.621384	10.591179
26.540392	109.997246	109.997246	10.621384	10.591179
26.549772	109.997246	109.997246	10.614678	10.591179
26.559153	109.997246	109.997246	10.614678	10.591179
26.568535	109.997246	109.997246	10.614678	10.594532
26.577915	109.997246	109.997246	10.614678	10.594532
26.587296	109.997246	109.997246	10.614678	10.591179
26.596676	109.997246	109.997246	10.611325	10.587827
26.606058	109.997246	109.997246	10.607958	10.591179
26.615438	109.997246	109.997246	10.611325	10.597885
26.624819	109.997246	109.997246	10.614678	10.601253
26.634199	109.997246	109.997246	10.624751	10.604605
26.643579	109.997246	109.997246	10.631457	10.611325
26.652962	109.997246	109.997246	10.634825	10.614678
26.662342	109.997246	109.997246	10.631457	10.614678
26.671722	109.997246	109.997246	10.624751	10.604605
26.681103	109.997246	109.997246	10.621384	10.597885
26.690485	109.997246	109.997246	10.618031	10.591179
26.699865	109.997246	109.997246	10.618031	10.591179
26.709246	109.997246	109.997246	10.618031	10.594532
26.718626	109.997246	109.997246	10.614678	10.594532
26.728006	109.997246	109.997246	10.611325	10.594532
26.737389	109.997246	109.997246	10.607958	10.594532
26.746769	109.997246	109.997246	10.611325	10.597885
26.756149	109.997246	109.997246	10.614678	10.604605
26.765530	109.997246	109.997246	10.614678	10.607958
26.774912	109.997246	109.997246	10.621384	10.611325
26.784292	109.997246	109.997246	10.621384	10.614678
26.793673	109.997246	109.997246	10.618031	10.618031
26.803053	109.997246	109.997246	10.618031	10.618031
26.812433	109.997246	109.997246	10.618031	10.614678
26.821815	109.997246	109.997246	10.614678	10.604605
26.831196	109.997246	109.997246	10.614678	10.597885
26.840576	109.997246	109.997246	10.614678	10.591179
26.849957	109.997246	109.997246	10.611325	10.581106
26.859339	109.997246	109.997246	10.607958	10.571033
26.868719	109.997246	109.997246	10.604605	10.567680
26.878099	109.997246	109.997246	10.601253	10.567680
26.887480	109.997246	109.997246	10.597885	10.567680
26.896862	109.997246	109.997246	10.597885	10.567680
26.906242	109.997246	109.997246	10.601253	10.567680
26.915623	109.997246	109.997246	10.604605	10.571033
26.925003	109.997246	109.997246	10.611325	10.577753
26.934383	109.997246	109.997246	10.611325	10.581106
26.943766	109.997246	109.997246	10.611325	10.581106
26.953146	109.997246	109.997246	10.611325	10.577753
26.962526	109.997246	109.997246	10.611325	10.581106
26.971907	109.997246	109.997246	10.604605	10.587827
26.981289	109.997246	109.997246	10.597885	10.591179
26.990669	109.997246	109.997246	10.591179	10.591179
27.000050	109.997246	109.997246	10.581106	10.587827
27.009430	109.997246	109.997246	10.574386	10.587827
27.018810	109.997246	109.997246	10.577753	10.594532
27.028193	109.997246	109.997246	10.581106	10.607958
27.037573	109.997246	109.997246	10.591179	10.618031
27.046953	109.997246	109.997246	10.597885	10.621384
27.056334	109.997246	109.997246	10.604605	10.614678
27.065716	109.997246	109.997246	10.611325	10.611325
27.075096	109.997246	109.997246	10.614678	10.607958
27.084476	109.997246	109.997246	10.614678	10.607958
27.093857	109.997246	109.997246	10.614678	10.604605
27.103237	109.997246	109.997246	10.614678	10.601253
27.112619	109.997246	109.997246	10.614678	10.597885
27.122000	109.997246	109.997246	10.614678	10.597885
27.131380	109.997246	109.997246	10.614678	10.597885
27.140760	109.997246	109.997246	10.611325	10.597885
27.150143	109.997246	109.997246	10.614678	10.594532
27.159523	109.997246	109.997246	10.621384	10.591179
27.168903	109.997246	109.997246	10.624751	10.587827
27.178284	109.997246	109.997246	10.631457	10.584458
27.187664	109.997246	109.997246	10.631457	10.577753
27.197046	109.997246	109.997246	10.628104	10.571033
27.206427	109.997246	109.997246	10.624751	10.567680
27.215807	109.997246	109.997246	10.624751	10.567680
27.225187	109.997246	109.997246	10.624751	10.571033
27.234570	109.997246	109.997246	10.621384	10.574386
27.243950	109.997246	109.997246	10.618031	10.574386
27.253330	109.997246	109.997246	10.618031	10.574386
27.262711	109.997246	109.997246	10.621384	10.574386
27.272093	109.997246	109.997246	10.624751	10.574386
27.281473	109.997246	109.997246	10.624751	10.574386
27.290854	109.997246	109.997246	10.621384	10.574386
27.300234	109.997246	109.997246	10.621384	10.571033
27.309614	109.997246	109.997246	10.621384	10.567680
27.318996	109.997246	109.997246	10.624751	10.567680
27.328377	109.997246	109.997246	10.624751	10.567680
27.337757	109.997246	109.997246	10.621384	10.571033
27.347137	109.997246	109.997246	10.614678	10.577753
27.356520	109.997246	109.997246	10.607958	10.581106
27.365900	109.997246	109.997246	10.601253	10.584458
27.375280	109.997246	109.997246	10.597885	10.581106
27.384661	109.997246	109.997246	10.597885	10.577753
27.394041	109.997246	109.997246	10.597885	10.574386
27.403423	109.997246	109.997246	10.594532	10.564327
27.412804	109.997246	109.997246	10.591179	10.560960
27.422184	109.997246	109.997246	10.591179	10.560960
27.431564	109.997246	109.997246	10.597885	10.564327
27.440947	109.997246	109.997246	10.604605	10.567680
27.450327	109.997246	109.997246	10.611325	10.567680
27.459707	109.997246	109.997246	10.618031	10.567680
27.469088	109.997246	109.997246	10.621384	10.564327
27.478468	109.997246	109.997246	10.628104	10.564327
27.487850	109.997246	109.997246	10.628104	10.564327
27.497231	109.997246	109.997246	10.628104	10.567680
27.506611	109.997246	109.997246	10.624751	10.571033
27.515991	109.997246	109.997246	10.621384	10.574386
27.525373	109.997246	109.997246	10.621384	10.577753
27.534754	109.997246	109.997246	10.618031	10.577753
27.544134	109.997246	109.997246	10.618031	10.581106
27.553514	109.997246	109.997246	10.621384	10.581106
27.562895	109.997246	109.997246	10.624751	10.581106
27.572277	109.997246	109.997246	10.631457	10.577753
27.581657	109.997246	109.997246	10.631457	10.574386
27.591038	109.997246	109.997246	10.638178	10.571033
27.600418	109.997246	109.997246	10.641530	10.574386
27.609800	109.997246	109.997246	10.641530	10.574386
27.619181	109.997246	109.997246	10.641530	10.574386
27.628561	109.997246	109.997246	10.638178	10.577753
27.637941	109.997246	109.997246	10.638178	10.581106
27.647324	109.997246	109.997246	10.638178	10.581106
27.656704	109.997246	109.997246	10.634825	10.584458
27.666084	109.997246	109.997246	10.631457	10.584458
27.675465	109.997246	109.997246	10.621384	10.584458
27.684845	109.997246	109.997246	10.614678	10.577753
27.694227	109.997246	109.997246	10.607958	10.574386
27.703608	109.997246	109.997246	10.611325	10.574386
27.712988	109.997246	109.997246	10.614678	10.574386
27.722368	109.997246	109.997246	10.624751	10.577753
27.731750	109.997246	109.997246	10.631457	10.581106
27.741131	109.997246	109.997246	10.638178	10.577753
27.750511	109.997246	109.997246	10.638178	10.574386
27.759892	109.997246	109.997246	10.638178	10.574386
27.769272	109.997246	109.997246	10.638178	10.577753
27.778654	109.997246	109.997246	10.634825	10.581106
27.788034	109.997246	109.997246	10.628104	10.581106
27.797415	109.997246	109.997246	10.628104	10.584458
27.806795	109.997246	109.997246	10.628104	10.587827
27.816177	109.997246	109.997246	10.628104	10.591179
27.825558	109.997246	109.997246	10.621384	10.594532
27.834938	109.997246	109.997246	10.618031	10.594532
27.844318	109.997246	109.997246	10.614678	10.594532
27.853699	109.997246	109.997246	10.607958	10.591179
27.863081	109.997246	109.997246	10.601253	10.594532
27.872461	109.997246	109.997246	10.604605	10.601253
27.881842	109.997246	109.997246	10.607958	10.604605
27.891222	109.997246	109.997246	10.618031	10.604605
27.900604	109.997246	109.997246	10.618031	10.604605
27.909985	109.997246	109.997246	10.614678	10.604605
27.919365	109.997246	109.997246	10.607958	10.607958
27.928745	109.997246	109.997246	10.604605	10.614678
27.938128	109.997246	109.997246	10.604605	10.621384
27.947508	109.997246	109.997246	10.607958	10.624751
27.956888	109.997246	109.997246	10.614678	10.628104
27.966269	109.997246	109.997246	10.624751	10.628104
27.975649	109.997246	109.997246	10.628104	10.624751
27.985031	109.997246	109.997246	10.628104	10.621384
27.994411	109.997246	109.997246	10.628104	10.618031
28.003792	109.997246	109.997246	10.624751	10.618031
28.013172	109.997246	109.997246	10.614678	10.628104
28.022554	109.997246	109.997246	10.607958	10.638178
28.031935	109.997246	109.997246	10.601253	10.644883
28.041315	109.997246	109.997246	10.597885	10.641530
28.050695	109.997246	109.997246	10.597885	10.644883
28.060076	109.997246	109.997246	10.597885	10.648251
28.069458	109.997246	109.997246	10.594532	10.648251
28.078838	109.997246	109.997246	10.597885	10.648251
28.088219	109.997246	109.997246	10.601253	10.648251
28.097599	109.997246	109.997246	10.601253	10.651604
28.106981	109.997246	109.997246	10.601253	10.654956
28.116362	109.997246	109.997246	10.604605	10.654956
28.125742	109.997246	109.997246	10.611325	10.654956
28.135122	109.997246	109.997246	10.618031	10.654956
28.144503	109.997246	109.997246	10.618031	10.651604
28.153885	109.997246	109.997246	10.621384	10.648251
28.163265	109.997246	109.997246	10.618031	10.644883
28.172646	109.997246	109.997246	10.614678	10.644883
28.182026	109.997246	109.997246	10.618031	10.648251
28.191408	109.997246	109.997246	10.621384	10.658309
28.200788	109.997246	109.997246	10.621384	10.671750
28.210169	109.997246	109.997246	10.621384	10.678455
28.219549	109.997246	109.997246	10.621384	10.685176
28.228930	109.997246	109.997246	10.618031	10.691881
28.238312	109.997246	109.997246	10.618031	10.698602
28.247692	109.997246	109.997246	10.618031	10.705307
28.257072	109.997246	109.997246	10.624751	10.705307
28.266453	109.997246	109.997246	10.628104	10.701954
28.275835	109.997246	109.997246	10.631457	10.701954
28.285215	109.997246	109.997246	10.634825	10.698602
28.294596	109.997246	109.997246	10.641530	10.698602
28.303976	109.997246	109.997246	10.651604	10.691881
28.313358	109.997246	109.997246	10.658309	10.685176
28.322739	109.997246	109.997246	10.661676	10.681808
28.332119	109.997246	109.997246	10.661676	10.685176
28.341499	109.997246	109.997246	10.658309	10.688528
28.350880	109.997246	109.997246	10.651604	10.685176
28.360262	109.997246	109.997246	10.644883	10.685176
28.369642	109.997246	109.997246	10.634825	10.681808
28.379023	109.997246	109.997246	10.631457	10.681808
28.388403	109.997246	109.997246	10.628104	10.681808
28.397785	109.997246	109.997246	10.628104	10.678455
28.407166	109.997246	109.997246	10.628104	10.678455
28.416546	109.997246	109.997246	10.628104	10.678455
28.425926	109.997246	109.997246	10.631457	10.681808
28.435307	109.997246	109.997246	10.641530	10.681808
28.444689	109.997246	109.997246	10.651604	10.678455
28.454069	109.997246	109.997246	10.665030	10.671750
28.463449	109.997246	109.997246	10.671750	10.671750
28.472830	109.997246	109.997246	10.678455	10.675102
28.482212	109.997246	109.997246	10.681808	10.685176
28.491592	109.997246	109.997246	10.681808	10.691881
28.500973	109.997246	109.997246	10.681808	10.701954
28.510353	109.997246	109.997246	10.678455	10.705307
28.519733	109.997246	109.997246	10.671750	10.708674
28.529116	109.997246	109.997246	10.665030	10.708674
28.538496	109.997246	109.997246	10.665030	10.715381
28.547876	109.997246	109.997246	10.668382	10.715381
28.557257	109.997246	109.997246	10.675102	10.718748
28.566639	109.997246	109.997246	10.678455	10.722101
28.576019	109.997246	109.997246	10.685176	10.732174
28.585400	109.997246	109.997246	10.688528	10.745600
28.594780	109.997246	109.997246	10.691881	10.759026
28.604160	109.997246	109.997246	10.698602	10.769099
28.613543	109.997246	109.997246	10.701954	10.775805
28.622923	109.997246	109.997246	10.701954	10.782525
28.632303	109.997246	109.997246	10.698602	10.792598
28.641684	109.997246	109.997246	10.695249	10.799304
28.651066	109.997246	109.997246	10.695249	10.806025
28.660446	109.997246	109.997246	10.695249	10.812730
28.669827	109.997246	109.997246	10.698602	10.816097
28.679207	109.997246	109.997246	10.705307	10.816097
28.688589	109.997246	109.997246	10.715381	10.819450
28.697969	109.997246	109.997246	10.725453	10.819450
28.707350	109.997246	109.997246	10.728806	10.816097
28.716730	109.997246	109.997246	10.735527	10.812730
28.726110	109.997246	109.997246	10.738879	10.816097
28.735493	109.997246	109.997246	10.742247	10.822803
28.744873	109.997246	109.997246	10.742247	10.832876
28.754253	109.997246	109.997246	10.742247	10.839597
28.763634	109.997246	109.997246	10.742247	10.842949
28.773016	109.997246	109.997246	10.738879	10.839597
28.782396	109.997246	109.997246	10.732174	10.839597
28.791777	109.997246	109.997246	10.725453	10.842949
28.801157	109.997246	109.997246	10.728806	10.853023
28.810537	109.997246	109.997246	10.728806	10.859728
28.819920	109.997246	109.997246	10.732174	10.866448
28.829300	109.997246	109.997246	10.735527	10.869801
28.838680	109.997246	109.997246	10.742247	10.876521
28.848061	109.997246	109.997246	10.752305	10.879874
28.857443	109.997246	109.997246	10.762379	10.883227
28.866823	109.997246	109.997246	10.769099	10.889948
28.876204	109.997246	109.997246	10.772451	10.893300
28.885584	109.997246	109.997246	10.775805	10.896653
28.894964	109.997246	109.997246	10.782525	10.903374
28.904346	109.997246	109.997246	10.789230	10.916800
28.913727	109.997246	109.997246	10.792598	10.923520
28.923107	109.997246	109.997246	10.795951	10.933593
28.932487	109.997246	109.997246	10.799304	10.943651
28.941870	109.997246	109.997246	10.802671	10.960444
28.951250	109.997246	109.997246	10.809377	10.977223
28.960630	109.997246	109.997246	10.819450	10.987297
28.970011	109.997246	109.997246	10.836228	10.994017
28.979391	109.997246	109.997246	10.853023	11.000723
28.988773	109.997246	109.997246	10.866448	11.007443
28.998154	109.997246	109.997246	10.879874	11.017516
29.007534	109.997246	109.997246	10.889948	11.030942
29.016914	109.997246	109.997246	10.900021	11.044368
29.026297	109.997246	109.997246	10.906726	11.064514
29.035677	109.997246	109.997246	10.910093	11.081293
29.045057	109.997246	109.997246	10.920152	11.098072
29.054438	109.997246	109.997246	10.926872	11.114865
29.063820	109.997246	109.997246	10.930225	11.131644
29.073200	109.997246	109.997246	10.933593	11.155144
29.082581	109.997246	109.997246	10.936946	11.178642
29.091961	109.997246	109.997246	10.943651	11.198789
29.101341	109.997246	109.997246	10.953724	11.218921
29.110723	109.997246	109.997246	10.960444	11.239067
29.120104	109.997246	109.997246	10.967151	11.262566
29.129484	109.997246	109.997246	10.977223	11.292786
29.138865	109.997246	109.997246	10.990649	11.322990
29.148247	109.997246	109.997246	11.007443	11.349842
29.157627	109.997246	109.997246	11.024221	11.383414
29.167007	109.997246	109.997246	11.037647	11.420340
29.176388	109.997246	109.997246	11.047721	11.460632
29.185768	109.997246	109.997246	11.061147	11.507630
29.195150	109.997246	109.997246	11.074573	11.564687
29.204531	109.997246	109.997246	11.087998	11.628479
29.213911	109.997246	109.997246	11.098072	11.698977
29.223291	109.997246	109.997246	11.108145	11.779531
29.232674	109.997246	109.997246	11.121571	11.863455
29.242054	109.997246	109.997246	11.131644	11.957452
29.251434	109.997246	109.997246	11.148437	12.061522
29.260815	109.997246	109.997246	11.171937	12.179017
29.270195	109.997246	109.997246	11.195421	12.323364
29.279577	109.997246	109.997246	11.222288	12.491211
29.288958	109.997246	109.997246	11.249140	12.682557
29.298338	109.997246	109.997246	11.275991	12.897402
29.307718	109.997246	109.997246	11.306211	13.139099
29.317101	109.997246	109.997246	11.339784	13.404310
29.326481	109.997246	109.997246	11.373341	13.693005
29.335861	109.997246	109.997246	11.406914	13.995126
29.345242	109.997246	109.997246	11.437133	14.297247
29.354624	109.997246	109.997246	11.477411	14.575884
29.364004	109.997246	109.997246	11.521056	14.804154
29.373384	109.997246	109.997246	11.571407	14.955208
29.382765	109.997246	109.997246	11.628479	15.008926
29.392145	109.997246	109.997246	11.695608	14.955208
29.401527	109.997246	109.997246	11.766106	14.800802
29.410908	109.997246	109.997246	11.843324	14.562458
29.420288	109.997246	109.997246	11.927247	14.270395
29.429668	109.997246	109.997246	12.027949	13.948128
29.439051	109.997246	109.997246	12.152165	13.625860
29.448431	109.997246	109.997246	12.293145	13.313666
29.457811	109.997246	109.997246	12.454287	13.031676
29.467192	109.997246	109.997246	12.632206	12.783274
29.476572	109.997246	109.997246	12.847051	12.575134
29.485954	109.997246	109.997246	13.105541	12.397215
29.495335	109.997246	109.997246	13.414368	12.246161
29.504715	109.997246	109.997246	13.770207	12.115240
29.514095	109.997246	109.997246	14.156267	12.004450
29.523478	109.997246	109.997246	14.545664	11.910454
29.532858	109.997246	109.997246	14.901504	11.826530
29.542238	109.997246	109.997246	15.186846	11.749327
29.551619	109.997246	109.997246	15.374840	11.682182
29.560999	109.997246	109.997246	15.445336	11.621758
29.570381	109.997246	109.997246	15.391618	11.564687
29.579762	109.997246	109.997246	15.227124	11.514336
29.589142	109.997246	109.997246	14.982075	11.463984
29.598522	109.997246	109.997246	14.676586	11.413633
29.607904	109.997246	109.997246	14.337540	11.369988
29.617285	109.997246	109.997246	13.998479	11.329710
29.626665	109.997246	109.997246	13.666138	11.299491
29.636045	109.997246	109.997246	13.360664	11.275991
29.645426	109.997246	109.997246	13.088748	11.252493
29.654808	109.997246	109.997246	12.843699	11.228993
29.664188	109.997246	109.997246	12.632206	11.205494
29.673569	109.997246	109.997246	12.447566	11.181995
29.682949	109.997246	109.997246	12.289792	11.161863
29.692331	109.997246	109.997246	12.158871	11.141718
29.701712	109.997246	109.997246	12.041375	11.124939
29.711092	109.997246	109.997246	11.944026	11.108145
29.720472	109.997246	109.997246	11.853397	11.087998
29.729855	109.997246	109.997246	11.776179	11.067867
29.739235	109.997246	109.997246	11.709049	11.051074
29.748615	109.997246	109.997246	11.648610	11.034295
29.757996	109.997246	109.997246	11.594907	11.020869
29.767376	109.997246	109.997246	11.547908	11.007443
29.776758	109.997246	109.997246	11.507630	11.000723
29.786139	109.997246	109.997246	11.470705	10.990649
29.795519	109.997246	109.997246	11.437133	10.983944
29.804899	109.997246	109.997246	11.406914	10.970518
29.814281	109.997246	109.997246	11.376709	10.957092
29.823662	109.997246	109.997246	11.343137	10.940298
29.833042	109.997246	109.997246	11.309565	10.923520
29.842422	109.997246	109.997246	11.279360	10.913446
29.851803	109.997246	109.997246	11.255860	10.900021
29.861185	109.997246	109.997246	11.228993	10.889948
29.870565	109.997246	109.997246	11.205494	10.879874
29.879946	109.997246	109.997246	11.181995	10.869801
29.889326	109.997246	109.997246	11.165216	10.863095
29.898708	109.997246	109.997246	11.148437	10.856375
29.908089	109.997246	109.997246	11.134997	10.856375
29.917469	109.997246	109.997246	11.124939	10.853023
29.926849	109.997246	109.997246	11.111498	10.842949
29.936230	109.997246	109.997246	11.091367	10.829523
29.945612	109.997246	109.997246	11.071220	10.816097
29.954992	109.997246	109.997246	11.054441	10.802671
29.964373	109.997246	109.997246	11.041016	10.795951
29.973753	109.997246	109.997246	11.024221	10.789230
29.983135	109.997246	109.997246	11.007443	10.782525
29.992516	109.997246	109.997246	10.994017	10.772451
30.001896	109.997246	109.997246	10.980577	10.759026
30.011276	109.997246	109.997246	10.973871	10.742247
30.020657	109.997246	109.997246	10.970518	10.725453
30.030039	109.997246	109.997246	10.967151	10.715381
30.039419	109.997246	109.997246	10.963798	10.712028
30.048800	109.997246	109.997246	10.960444	10.718748
30.058180	109.997246	109.997246	10.953724	10.725453
30.067562	109.997246	109.997246	10.943651	10.728806
30.076942	109.997246	109.997246	10.936946	10.728806
30.086323	109.997246	109.997246	10.926872	10.722101
30.095703	109.997246	109.997246	10.916800	10.718748
30.105085	109.997246	109.997246	10.910093	10.712028
30.114466	109.997246	109.997246	10.910093	10.712028
30.123846	109.997246	109.997246	10.903374	10.712028
30.133226	109.997246	109.997246	10.896653	10.712028
30.142607	109.997246	109.997246	10.886595	10.708674
30.151989	109.997246	109.997246	10.876521	10.701954
30.161369	109.997246	109.997246	10.869801	10.695249
30.170750	109.997246	109.997246	10.866448	10.695249
30.180130	109.997246	109.997246	10.866448	10.695249
30.189512	109.997246	109.997246	10.866448	10.695249
30.198893	109.997246	109.997246	10.866448	10.695249
30.208273	109.997246	109.997246	10.866448	10.688528
30.217653	109.997246	109.997246	10.866448	10.685176
30.227034	109.997246	109.997246	10.859728	10.678455
30.236416	109.997246	109.997246	10.853023	10.671750
30.245796	109.997246	109.997246	10.842949	10.668382
30.255177	109.997246	109.997246	10.832876	10.668382
30.264557	109.997246	109.997246	10.826170	10.668382
30.273939	109.997246	109.997246	10.816097	10.665030
30.283319	109.997246	109.997246	10.806025	10.661676
30.292700	109.997246	109.997246	10.795951	10.654956
30.302080	109.997246	109.997246	10.792598	10.644883
30.311460	109.997246	109.997246	10.785877	10.638178
30.320843	109.997246	109.997246	10.779172	10.634825
30.330223	109.997246	109.997246	10.775805	10.638178
30.339603	109.997246	109.997246	10.772451	10.641530
30.348984	109.997246	109.997246	10.769099	10.641530
30.358366	109.997246	109.997246	10.762379	10.641530
30.367746	109.997246	109.997246	10.755673	10.641530
30.377127	109.997246	109.997246	10.755673	10.638178
30.386507	109.997246	109.997246	10.759026	10.638178
30.395887	109.997246	109.997246	10.762379	10.644883
30.405270	109.997246	109.997246	10.765732	10.651604
30.414650	109.997246	109.997246	10.765732	10.651604
30.424030	109.997246	109.997246	10.762379	10.651604
30.433411	109.997246	109.997246	10.752305	10.644883
30.442793	109.997246	109.997246	10.748953	10.634825
30.452173	109.997246	109.997246	10.745600	10.624751
30.461554	109.997246	109.997246	10.742247	10.618031
30.470934	109.997246	109.997246	10.738879	10.607958
30.480316	109.997246	109.997246	10.728806	10.601253
30.489697	109.997246	109.997246	10.722101	10.594532
30.499077	109.997246	109.997246	10.718748	10.591179
30.508457	109.997246	109.997246	10.715381	10.594532
30.517838	109.997246	109.997246	10.718748	10.594532
30.527220	109.997246	109.997246	10.722101	10.594532
30.536600	109.997246	109.997246	10.722101	10.594532
30.545980	109.997246	109.997246	10.715381	10.594532
30.555361	109.997246	109.997246	10.712028	10.587827
30.564743	109.997246	109.997246	10.705307	10.584458
30.574123	109.997246	109.997246	10.695249	10.581106
30.583504	109.997246	109.997246	10.688528	10.574386
30.592884	109.997246	109.997246	10.678455	10.571033
30.602264	109.997246	109.997246	10.675102	10.567680
30.611647	109.997246	109.997246	10.675102	10.571033
30.621027	109.997246	109.997246	10.671750	10.574386
30.630407	109.997246	109.997246	10.675102	10.577753
30.639788	109.997246	109.997246	10.671750	10.577753
30.649170	109.997246	109.997246	10.665030	10.581106
30.658550	109.997246	109.997246	10.654956	10.581106
30.667931	109.997246	109.997246	10.641530	10.577753
30.677311	109.997246	109.997246	10.631457	10.571033
30.686691	109.997246	109.997246	10.624751	10.567680
30.696074	109.997246	109.997246	10.618031	10.564327
30.705454	109.997246	109.997246	10.607958	10.564327
30.714834	109.997246	109.997246	10.601253	10.567680
30.724215	109.997246	109.997246	10.597885	10.574386
30.733597	109.997246	109.997246	10.597885	10.574386
30.742977	109.997246	109.997246	10.601253	10.567680
30.752357	109.997246	109.997246	10.604605	10.564327
30.761738	109.997246	109.997246	10.611325	10.564327
30.771120	109.997246	109.997246	10.618031	10.567680
30.780500	109.997246	109.997246	10.624751	10.571033
30.789881	109.997246	109.997246	10.631457	10.567680
30.799261	109.997246	109.997246	10.631457	10.564327
30.808641	109.997246	109.997246	10.634825	10.560960
30.818024	109.997246	109.997246	10.634825	10.564327
30.827404	109.997246	109.997246	10.628104	10.571033
30.836784	109.997246	109.997246	10.621384	10.581106
30.846165	109.997246	109.997246	10.614678	10.584458
30.855547	109.997246	109.997246	10.614678	10.581106
30.864927	109.997246	109.997246	10.618031	10.574386
30.874308	109.997246	109.997246	10.621384	10.564327
30.883688	109.997246	109.997246	10.624751	10.554255
30.893068	109.997246	109.997246	10.628104	10.544181
30.902451	109.997246	109.997246	10.628104	10.537460
30.911831	109.997246	109.997246	10.631457	10.537460
30.921211	109.997246	109.997246	10.634825	10.537460
30.930592	109.997246	109.997246	10.638178	10.537460
30.939974	109.997246	109.997246	10.638178	10.540828
30.949354	109.997246	109.997246	10.638178	10.537460
30.958735	109.997246	109.997246	10.634825	10.534107
30.968115	109.997246	109.997246	10.631457	10.537460
30.977495	109.997246	109.997246	10.624751	10.540828
30.986877	109.997246	109.997246	10.618031	10.540828
30.996258	109.997246	109.997246	10.611325	10.540828
31.005638	109.997246	109.997246	10.611325	10.540828
31.015018	109.997246	109.997246	10.614678	10.540828
31.024401	109.997246	109.997246	10.614678	10.544181
31.033781	109.997246	109.997246	10.614678	10.540828
31.043161	109.997246	109.997246	10.614678	10.544181
31.052542	109.997246	109.997246	10.611325	10.540828
31.061922	109.997246	109.997246	10.607958	10.540828
31.071304	109.997246	109.997246	10.614678	10.540828
31.080685	109.997246	109.997246	10.618031	10.540828
31.090065	109.997246	109.997246	10.624751	10.537460
31.099445	109.997246	109.997246	10.624751	10.530755
31.108828	109.997246	109.997246	10.624751	10.520681
31.118208	109.997246	109.997246	10.621384	10.513962
31.127588	109.997246	109.997246	10.614678	10.507256
31.136969	109.997246	109.997246	10.607958	10.500535
31.146351	109.997246	109.997246	10.597885	10.497183
31.155731	109.997246	109.997246	10.597885	10.497183
31.165112	109.997246	109.997246	10.594532	10.500535
31.174492	109.997246	109.997246	10.597885	10.503903
31.183872	109.997246	109.997246	10.594532	10.503903
31.193254	109.997246	109.997246	10.594532	10.503903
31.202635	109.997246	109.997246	10.591179	10.500535
31.212015	109.997246	109.997246	10.584458	10.500535
31.221395	109.997246	109.997246	10.587827	10.507256
31.230778	109.997246	109.997246	10.591179	10.510609
31.240158	109.997246	109.997246	10.597885	10.513962
31.249538	109.997246	109.997246	10.597885	10.513962
31.258919	109.997246	109.997246	10.597885	10.513962
31.268299	109.997246	109.997246	10.587827	10.513962
31.277681	109.997246	109.997246	10.581106	10.513962
31.287062	109.997246	109.997246	10.574386	10.510609
31.296442	109.997246	109.997246	10.571033	10.510609
31.305822	109.997246	109.997246	10.567680	10.517329
31.315205	109.997246	109.997246	10.567680	10.524035
31.324585	109.997246	109.997246	10.560960	10.534107
31.333965	109.997246	109.997246	10.560960	10.534107
31.343346	109.997246	109.997246	10.560960	10.534107
31.352726	109.997246	109.997246	10.560960	10.527402
31.362108	109.997246	109.997246	10.560960	10.524035
31.371489	109.997246	109.997246	10.560960	10.517329
31.380869	109.997246	109.997246	10.567680	10.517329
31.390249	109.997246	109.997246	10.574386	10.517329
31.399632	109.997246	109.997246	10.577753	10.510609
31.409012	109.997246	109.997246	10.577753	10.503903
31.418392	109.997246	109.997246	10.574386	10.500535
31.427773	109.997246	109.997246	10.574386	10.493830
31.437153	109.997246	109.997246	10.574386	10.493830
31.446535	109.997246	109.997246	10.577753	10.493830
31.455915	109.997246	109.997246	10.581106	10.497183
31.465296	109.997246	109.997246	10.584458	10.493830
31.474676	109.997246	109.997246	10.584458	10.483757
31.484058	109.997246	109.997246	10.584458	10.480404
31.493439	109.997246	109.997246	10.581106	10.480404
31.502819	109.997246	109.997246	10.581106	10.480404
31.512199	109.997246	109.997246	10.584458	10.480404
31.521582	109.997246	109.997246	10.581106	10.473683
31.530962	109.997246	109.997246	10.577753	10.477036
31.540342	109.997246	109.997246	10.574386	10.483757
31.549723	109.997246	109.997246	10.571033	10.487109
31.559103	109.997246	109.997246	10.564327	10.490462
31.568485	109.997246	109.997246	10.560960	10.490462
31.577866	109.997246	109.997246	10.554255	10.487109
31.587246	109.997246	109.997246	10.550886	10.487109
31.596626	109.997246	109.997246	10.544181	10.487109
31.606009	109.997246	109.997246	10.537460	10.493830
31.615389	109.997246	109.997246	10.534107	10.490462
31.624769	109.997246	109.997246	10.530755	10.487109
31.634150	109.997246	109.997246	10.530755	10.483757
31.643530	109.997246	109.997246	10.527402	10.483757
31.652912	109.997246	109.997246	10.524035	10.490462
31.662292	109.997246	109.997246	10.520681	10.493830
31.671673	109.997246	109.997246	10.524035	10.493830
31.681053	109.997246	109.997246	10.530755	10.490462
31.690435	109.997246	109.997246	10.534107	10.487109
31.699816	109.997246	109.997246	10.537460	10.487109
31.709196	109.997246	109.997246	10.534107	10.487109
31.718576	109.997246	109.997246	10.527402	10.487109
31.727957	109.997246	109.997246	10.520681	10.483757
31.737339	109.997246	109.997246	10.520681	10.483757
31.746719	109.997246	109.997246	10.524035	10.480404
31.756100	109.997246	109.997246	10.524035	10.477036
31.765480	109.997246	109.997246	10.517329	10.473683
31.774862	109.997246	109.997246	10.510609	10.470331
31.784243	109.997246	109.997246	10.507256	10.466963
31.793623	109.997246	109.997246	10.503903	10.463611
31.803003	109.997246	109.997246	10.503903	10.456904
31.812384	109.997246	109.997246	10.503903	10.446832
31.821766	109.997246	109.997246	10.507256	10.440111
31.831146	109.997246	109.997246	10.503903	10.433406
31.840527	109.997246	109.997246	10.500535	10.436758
31.849907	109.997246	109.997246	10.497183	10.440111
31.859289	109.997246	109.997246	10.493830	10.446832
31.868670	109.997246	109.997246	10.490462	10.450184
31.878050	109.997246	109.997246	10.493830	10.453537
31.887430	109.997246	109.997246	10.497183	10.450184
31.896812	109.997246	109.997246	10.500535	10.453537
31.906193	109.997246	109.997246	10.507256	10.456904
31.915573	109.997246	109.997246	10.510609	10.466963
31.924953	109.997246	109.997246	10.513962	10.477036
31.934334	109.997246	109.997246	10.513962	10.483757
31.943716	109.997246	109.997246	10.513962	10.493830
31.953096	109.997246	109.997246	10.510609	10.500535
31.962477	109.997246	109.997246	10.507256	10.503903
31.971857	109.997246	109.997246	10.500535	10.503903
31.981239	109.997246	109.997246	10.490462	10.493830
31.990620	109.997246	109.997246	10.487109	10.487109
