22.510115	0.043631	0.016779	0.030205	0.073850
22.549194	0.040278	0.016779	0.026852	0.073850
22.588276	0.040278	0.020131	0.023484	0.073850
22.627357	0.036925	0.020131	0.020131	0.070482
22.666439	0.033557	0.020131	0.026852	0.067130
22.705521	0.030205	0.023484	0.033557	0.067130
22.744602	0.026852	0.023484	0.036925	0.063777
22.783682	0.020131	0.026852	0.040278	0.063777
22.822763	0.020131	0.030205	0.040278	0.060424
22.861845	0.016779	0.030205	0.040278	0.057057
22.900927	0.016779	0.033557	0.040278	0.053704
22.940008	0.016779	0.036925	0.036925	0.053704
22.979090	0.016779	0.036925	0.033557	0.057057
23.018169	0.016779	0.040278	0.030205	0.060424
23.057251	0.020131	0.043631	0.026852	0.063777
23.096333	0.020131	0.046983	0.023484	0.063777
23.135414	0.020131	0.046983	0.023484	0.060424
23.174496	0.020131	0.050351	0.026852	0.060424
23.213577	0.020131	0.053704	0.030205	0.057057
23.252657	0.020131	0.057057	0.030205	0.057057
23.291739	0.023484	0.060424	0.033557	0.053704
23.330820	0.023484	0.063777	0.033557	0.053704
23.369902	0.023484	0.067130	0.033557	0.050351
23.408983	0.023484	0.070482	0.033557	0.046983
23.448065	0.026852	0.073850	0.033557	0.046983
23.487144	0.026852	0.077203	0.033557	0.046983
23.526226	0.026852	0.083923	0.030205	0.046983
23.565308	0.030205	0.087276	0.026852	0.046983
23.604389	0.030205	0.093982	0.023484	0.050351
23.643471	0.030205	0.097349	0.023484	0.050351
23.682550	0.030205	0.100702	0.020131	0.046983
23.721632	0.033557	0.104055	0.023484	0.043631
23.760714	0.033557	0.107422	0.023484	0.040278
23.799795	0.036925	0.114128	0.023484	0.036925
23.838877	0.036925	0.120848	0.020131	0.030205
23.877958	0.040278	0.124201	0.020131	0.026852
23.917038	0.043631	0.130907	0.016779	0.026852
23.956120	0.043631	0.137627	0.013426	0.026852
23.995201	0.046983	0.144348	0.013426	0.023484
24.034283	0.050351	0.151053	0.016779	0.023484
24.073364	0.053704	0.157773	0.016779	0.023484
24.112446	0.057057	0.167847	0.020131	0.020131
24.151525	0.060424	0.174552	0.023484	0.020131
24.190607	0.063777	0.181273	0.023484	0.020131
24.229689	0.067130	0.191346	0.026852	0.020131
24.268770	0.067130	0.201404	0.023484	0.020131
24.307852	0.070482	0.211477	0.020131	0.020131
24.346933	0.070482	0.221550	0.016779	0.016779
24.386013	0.070482	0.231624	0.010058	0.010058
24.425095	0.073850	0.241697	0.006706	0.003353
24.464176	0.073850	0.255123	0.003353	-0.003368
24.503258	0.077203	0.265196	0.000000	-0.016794
24.542339	0.080556	0.275269	-0.003368	-0.026867
24.581421	0.083923	0.288695	0.000000	-0.036940
24.620501	0.087276	0.302121	0.000000	-0.046998
24.659582	0.093982	0.322267	0.003353	-0.050366
24.698664	0.100702	0.345752	0.003353	-0.057071
24.737745	0.104055	0.375971	0.010058	-0.060439
24.776827	0.110775	0.409544	0.013426	-0.060439
24.815907	0.114128	0.453174	0.013426	-0.060439
24.854988	0.117481	0.500172	0.013426	-0.057071
24.894070	0.120848	0.560597	0.010058	-0.057071
24.933151	0.127554	0.627741	0.010058	-0.060439
24.972233	0.130907	0.711665	0.006706	-0.070497
25.011314	0.137627	0.819087	0.003353	-0.083938
25.050394	0.144348	0.953361	0.000000	-0.110790
25.089476	0.151053	1.124576	0.000000	-0.144362
25.128557	0.157773	1.349494	0.003353	-0.198066
25.167639	0.164479	1.641542	0.006706	-0.268564
25.206720	0.171199	2.014160	0.006706	-0.372633
25.245802	0.177905	2.484143	0.003353	-0.510260
25.284882	0.181273	3.038034	0.000000	-0.694901
25.323963	0.187978	3.652364	0.000000	-0.916451
25.363045	0.194699	4.249901	0.000000	-1.158163
25.402126	0.204772	4.716516	0.000000	-1.369640
25.441208	0.211477	4.941434	-0.003368	-1.497209
25.480289	0.221550	4.877642	-0.006720	-1.497209
25.519369	0.231624	4.548669	-0.006720	-1.383066
25.558451	0.238329	4.024982	-0.006720	-1.178294
25.597532	0.248402	3.393874	-0.010073	-0.926524
25.636614	0.261828	2.749339	-0.010073	-0.668034
25.675695	0.271901	2.165228	-0.016794	-0.443131
25.714777	0.285327	1.701966	-0.026867	-0.271916
25.753857	0.295401	1.369625	-0.033572	-0.167862
25.792938	0.308827	1.144707	-0.040293	-0.107422
25.832020	0.318900	0.983581	-0.053719	-0.073865
25.871101	0.335693	0.866085	-0.063792	-0.053719
25.910183	0.352472	0.772089	-0.070497	-0.040293
25.949263	0.375971	0.694886	-0.077218	-0.033572
25.988344	0.402823	0.631094	-0.080571	-0.026867
26.027426	0.436395	0.577390	-0.080571	-0.023499
26.066507	0.473320	0.530392	-0.083938	-0.020146
26.105589	0.513613	0.490114	-0.087291	-0.013441
26.144670	0.563964	0.453174	-0.090644	-0.010073
26.183750	0.624388	0.419617	-0.097364	-0.003368
26.222832	0.694886	0.392750	-0.104070	0.003353
26.261913	0.785515	0.365898	-0.110790	0.006706
26.300995	0.892937	0.342399	-0.120863	0.013426
26.340076	1.037285	0.322267	-0.137642	0.020131
26.379158	1.228631	0.302121	-0.157788	0.023484
26.418238	1.510620	0.285327	-0.181288	0.023484
26.457319	1.940310	0.268549	-0.198066	0.023484
26.496401	2.547920	0.255123	-0.208139	0.023484
26.535482	3.279731	0.238329	-0.221565	0.023484
26.574564	4.035056	0.224903	-0.248417	0.026852
26.613646	4.676223	0.211477	-0.288710	0.026852
26.652725	5.102560	0.201404	-0.332341	0.026852
26.691807	5.256981	0.191346	-0.362560	0.030205
26.730888	5.115986	0.181273	-0.379339	0.030205
26.769970	4.716516	0.174552	-0.375986	0.033557
26.809052	4.139111	0.164479	-0.362560	0.036925
26.848133	3.501296	0.157773	-0.328988	0.036925
26.887213	2.886966	0.147700	-0.288710	0.036925
26.926294	2.353221	0.140980	-0.241712	0.036925
26.965376	1.920164	0.134274	-0.194713	0.033557
27.004457	1.577765	0.127554	-0.154421	0.030205
27.043539	1.315922	0.120848	-0.117496	0.030205
27.082619	1.114503	0.114128	-0.090644	0.033557
27.121700	0.960082	0.107422	-0.067145	0.033557
27.160782	0.839233	0.104055	-0.053719	0.036925
27.199863	0.745237	0.097349	-0.043646	0.036925
27.238945	0.671387	0.093982	-0.036940	0.040278
27.278027	0.610963	0.087276	-0.033572	0.043631
27.317106	0.557244	0.083923	-0.026867	0.046983
27.356188	0.503540	0.080556	-0.020146	0.046983
27.395269	0.466615	0.077203	-0.016794	0.050351
27.434351	0.433043	0.073850	-0.010073	0.050351
27.473433	0.402823	0.067130	-0.003368	0.050351
27.512514	0.375971	0.063777	0.003353	0.050351
27.551594	0.352472	0.060424	0.010058	0.050351
27.590675	0.328973	0.057057	0.016779	0.046983
27.629757	0.312194	0.053704	0.016779	0.043631
27.668839	0.292048	0.050351	0.020131	0.040278
27.707920	0.278622	0.046983	0.023484	0.040278
27.747002	0.261828	0.043631	0.023484	0.040278
27.786081	0.248402	0.040278	0.023484	0.036925
27.825163	0.234976	0.036925	0.023484	0.040278
27.864244	0.221550	0.033557	0.020131	0.043631
27.903326	0.208125	0.033557	0.020131	0.050351
27.942408	0.198051	0.030205	0.016779	0.053704
27.981489	0.187978	0.030205	0.013426	0.053704
28.020569	0.177905	0.026852	0.013426	0.057057
28.059650	0.167847	0.026852	0.013426	0.057057
28.098732	0.161126	0.023484	0.013426	0.057057
28.137814	0.154406	0.023484	0.013426	0.057057
28.176895	0.144348	0.020131	0.013426	0.053704
28.215975	0.137627	0.016779	0.016779	0.050351
28.255056	0.130907	0.016779	0.016779	0.046983
28.294138	0.124201	0.013426	0.016779	0.043631
28.333220	0.117481	0.013426	0.016779	0.043631
28.372301	0.110775	0.010058	0.016779	0.036925
28.411383	0.107422	0.006706	0.020131	0.033557
28.450462	0.100702	0.003353	0.020131	0.030205
28.489544	0.093982	0.003353	0.023484	0.030205
28.528625	0.090629	0.000000	0.023484	0.030205
28.567707	0.083923	0.000000	0.026852	0.033557
28.606789	0.080556	-0.003368	0.026852	0.036925
28.645870	0.077203	-0.003368	0.026852	0.040278
28.684950	0.073850	-0.003368	0.026852	0.046983
28.724031	0.070482	-0.003368	0.030205	0.050351
28.763113	0.063777	-0.003368	0.030205	0.050351
28.802195	0.060424	-0.006720	0.030205	0.050351
28.841276	0.057057	-0.006720	0.030205	0.046983
28.880358	0.053704	-0.010073	0.026852	0.046983
28.919437	0.050351	-0.010073	0.026852	0.043631
28.958519	0.050351	-0.013441	0.026852	0.036925
28.997601	0.046983	-0.013441	0.026852	0.036925
29.036682	0.043631	-0.016794	0.026852	0.030205
29.075764	0.040278	-0.016794	0.026852	0.026852
29.114845	0.036925	-0.020146	0.026852	0.023484
29.153925	0.033557	-0.020146	0.026852	0.023484
29.193007	0.030205	-0.020146	0.030205	0.023484
29.232088	0.026852	-0.023499	0.030205	0.026852
29.271170	0.023484	-0.023499	0.033557	0.033557
29.310251	0.023484	-0.023499	0.033557	0.036925
29.349333	0.023484	-0.026867	0.033557	0.043631
29.388412	0.020131	-0.026867	0.033557	0.046983
29.427494	0.020131	-0.026867	0.033557	0.046983
29.466576	0.016779	-0.030220	0.033557	0.050351
29.505657	0.016779	-0.030220	0.036925	0.050351
29.544739	0.013426	-0.030220	0.036925	0.050351
29.583818	0.010058	-0.030220	0.036925	0.046983
29.622900	0.010058	-0.030220	0.036925	0.043631
29.661982	0.006706	-0.030220	0.036925	0.043631
29.701063	0.003353	-0.030220	0.036925	0.043631
29.740145	0.000000	-0.033572	0.036925	0.046983
29.779226	0.000000	-0.033572	0.036925	0.050351
29.818306	-0.003368	-0.033572	0.036925	0.053704
29.857388	-0.003368	-0.033572	0.033557	0.057057
29.896469	-0.003368	-0.033572	0.033557	0.057057
29.935551	-0.003368	-0.033572	0.033557	0.057057
29.974632	-0.006720	-0.036940	0.033557	0.053704
30.013714	-0.006720	-0.036940	0.036925	0.053704
30.052794	-0.010073	-0.036940	0.036925	0.050351
30.091875	-0.010073	-0.036940	0.040278	0.050351
30.130957	-0.013441	-0.036940	0.040278	0.046983
30.170038	-0.013441	-0.040293	0.043631	0.043631
30.209120	-0.013441	-0.040293	0.043631	0.040278
30.248201	-0.013441	-0.043646	0.043631	0.036925
30.287281	-0.013441	-0.043646	0.043631	0.036925
30.326363	-0.016794	-0.043646	0.043631	0.033557
30.365444	-0.016794	-0.043646	0.043631	0.033557
30.404526	-0.020146	-0.043646	0.043631	0.036925
30.443607	-0.020146	-0.046998	0.040278	0.040278
30.482689	-0.020146	-0.046998	0.040278	0.040278
30.521769	-0.023499	-0.046998	0.040278	0.043631
30.560850	-0.023499	-0.046998	0.040278	0.046983
30.599932	-0.023499	-0.046998	0.040278	0.050351
30.639013	-0.023499	-0.046998	0.040278	0.053704
30.678095	-0.023499	-0.046998	0.043631	0.053704
30.717175	-0.023499	-0.046998	0.040278	0.053704
30.756256	-0.023499	-0.050366	0.040278	0.050351
30.795338	-0.026867	-0.050366	0.040278	0.050351
30.834419	-0.026867	-0.050366	0.040278	0.043631
30.873501	-0.030220	-0.050366	0.040278	0.040278
30.912582	-0.030220	-0.050366	0.040278	0.036925
30.951662	-0.033572	-0.050366	0.036925	0.033557
30.990744	-0.033572	-0.050366	0.040278	0.033557
31.029825	-0.033572	-0.053719	0.040278	0.033557
31.068907	-0.033572	-0.053719	0.040278	0.033557
31.107988	-0.036940	-0.053719	0.040278	0.033557
31.147070	-0.036940	-0.053719	0.040278	0.036925
31.186150	-0.036940	-0.053719	0.043631	0.043631
31.225231	-0.036940	-0.053719	0.043631	0.046983
31.264313	-0.040293	-0.053719	0.043631	0.050351
31.303394	-0.040293	-0.053719	0.043631	0.053704
31.342476	-0.040293	-0.053719	0.043631	0.053704
31.381557	-0.040293	-0.053719	0.043631	0.050351
31.420637	-0.040293	-0.057071	0.046983	0.046983
31.459719	-0.040293	-0.057071	0.046983	0.043631
31.498800	-0.043646	-0.057071	0.046983	0.040278
31.537882	-0.043646	-0.057071	0.043631	0.036925
31.576963	-0.043646	-0.057071	0.040278	0.033557
31.616045	-0.043646	-0.057071	0.043631	0.033557
31.655125	-0.043646	-0.060439	0.043631	0.033557
31.694206	-0.046998	-0.060439	0.043631	0.033557
31.733288	-0.046998	-0.060439	0.040278	0.036925
31.772369	-0.046998	-0.060439	0.040278	0.036925
31.811451	-0.046998	-0.057071	0.040278	0.040278
31.850531	-0.046998	-0.057071	0.040278	0.043631
31.889612	-0.046998	-0.057071	0.043631	0.050351
31.928694	-0.046998	-0.060439	0.046983	0.050351
31.967775	-0.046998	-0.060439	0.046983	0.050351
32.006855	-0.046998	-0.060439	0.050351	0.050351
32.045937	-0.050366	-0.060439	0.053704	0.046983
32.085018	-0.050366	-0.060439	0.053704	0.043631
32.124100	-0.050366	-0.063792	0.057057	0.040278
32.163181	-0.050366	-0.063792	0.057057	0.033557
32.202263	-0.053719	-0.063792	0.053704	0.030205
32.241344	-0.053719	-0.063792	0.050351	0.030205
32.280426	-0.053719	-0.063792	0.046983	0.026852
32.319508	-0.053719	-0.063792	0.043631	0.026852
32.358589	-0.053719	-0.063792	0.043631	0.030205
32.397671	-0.053719	-0.063792	0.043631	0.033557
32.436749	-0.053719	-0.063792	0.043631	0.040278
32.475830	-0.053719	-0.063792	0.046983	0.040278
32.514912	-0.053719	-0.063792	0.046983	0.043631
32.553993	-0.057071	-0.063792	0.050351	0.043631
32.593075	-0.057071	-0.063792	0.050351	0.043631
32.632156	-0.057071	-0.063792	0.050351	0.040278
32.671238	-0.057071	-0.063792	0.053704	0.040278
32.710320	-0.057071	-0.063792	0.053704	0.040278
32.749401	-0.057071	-0.063792	0.053704	0.040278
32.788483	-0.057071	-0.063792	0.053704	0.036925
32.827564	-0.057071	-0.063792	0.053704	0.036925
32.866642	-0.057071	-0.067145	0.053704	0.036925
32.905724	-0.060439	-0.067145	0.053704	0.040278
32.944805	-0.060439	-0.067145	0.053704	0.040278
32.983887	-0.060439	-0.067145	0.050351	0.036925
33.022968	-0.060439	-0.067145	0.050351	0.036925
33.062050	-0.060439	-0.067145	0.053704	0.036925
33.101131	-0.060439	-0.067145	0.053704	0.036925
33.140213	-0.060439	-0.067145	0.053704	0.040278
33.179295	-0.060439	-0.067145	0.053704	0.040278
33.218376	-0.060439	-0.067145	0.053704	0.040278
33.257458	-0.060439	-0.067145	0.053704	0.040278
33.296539	-0.063792	-0.067145	0.050351	0.040278
33.335617	-0.063792	-0.070497	0.050351	0.040278
33.374699	-0.063792	-0.070497	0.050351	0.040278
33.413780	-0.063792	-0.070497	0.050351	0.036925
33.452862	-0.063792	-0.070497	0.050351	0.036925
33.491943	-0.063792	-0.067145	0.050351	0.033557
33.531025	-0.063792	-0.067145	0.050351	0.033557
33.570107	-0.067145	-0.067145	0.050351	0.033557
33.609188	-0.067145	-0.067145	0.050351	0.033557
33.648270	-0.067145	-0.067145	0.046983	0.036925
33.687351	-0.067145	-0.067145	0.043631	0.036925
33.726433	-0.070497	-0.070497	0.043631	0.040278
33.765514	-0.070497	-0.070497	0.040278	0.043631
33.804592	-0.070497	-0.070497	0.040278	0.046983
33.843674	-0.070497	-0.070497	0.043631	0.050351
33.882755	-0.070497	-0.070497	0.043631	0.050351
33.921837	-0.067145	-0.070497	0.043631	0.050351
33.960918	-0.070497	-0.070497	0.046983	0.050351
