20.958424	-0.040293	-0.050366	-0.070512	0.332296
20.989719	-0.040293	-0.050366	-0.070512	0.332296
21.021015	-0.040293	-0.050366	-0.070512	0.312150
21.052311	-0.040293	-0.050366	-0.070512	0.292003
21.083607	-0.040293	-0.040293	-0.070512	0.261784
21.114902	-0.030220	-0.040293	-0.060439	0.241697
21.146198	-0.030220	-0.040293	-0.050366	0.241697
21.177494	-0.030220	-0.040293	-0.050366	0.271857
21.208790	-0.030220	-0.040293	-0.030220	0.322223
21.240086	-0.030220	-0.040293	-0.010073	0.362515
21.271381	-0.030220	-0.040293	0.010014	0.372589
21.302677	-0.030220	-0.040293	0.030160	0.382662
21.333973	-0.020146	-0.040293	0.030160	0.392735
21.365271	-0.020146	-0.040293	0.040233	0.402808
21.396566	-0.020146	-0.040293	0.040233	0.422955
21.427862	-0.020146	-0.040293	0.040233	0.443101
21.459158	-0.020146	-0.040293	0.020087	0.453174
21.490454	-0.020146	-0.040293	0.010014	0.463247
21.521749	-0.030220	-0.030220	0.010014	0.463247
21.553045	-0.030220	-0.020146	0.010014	0.453174
21.584341	-0.030220	-0.020146	0.020087	0.433028
21.615637	-0.030220	-0.020146	0.030160	0.433028
21.646933	-0.020146	-0.010073	0.040233	0.453174
21.678228	-0.030220	-0.010073	0.040233	0.463247
21.709524	-0.030220	0.000000	0.040233	0.473320
21.740820	-0.020146	0.000000	0.040233	0.463247
21.772116	-0.020146	0.000000	0.080526	0.453174
21.803411	-0.020146	0.000000	0.151038	0.443101
21.834707	-0.010073	0.000000	0.211477	0.443101
21.866005	0.000000	0.010014	0.241697	0.453174
21.897301	0.000000	0.000000	0.231624	0.463247
21.928596	0.000000	0.000000	0.221550	0.473320
21.959892	0.000000	0.000000	0.201404	0.493467
21.991188	0.010014	0.000000	0.191331	0.523627
22.022484	0.010014	0.010014	0.181258	0.553846
22.053780	0.010014	0.010014	0.181258	0.584066
22.085075	0.000000	0.020087	0.181258	0.604212
22.116371	0.010014	0.020087	0.181258	0.614285
22.147667	0.010014	0.030160	0.181258	0.614285
22.178963	0.010014	0.030160	0.181258	0.614285
22.210258	0.020087	0.040233	0.191331	0.624359
22.241554	0.020087	0.040233	0.221550	0.644505
22.272850	0.030160	0.040233	0.251770	0.674725
22.304146	0.040233	0.040233	0.261784	0.694871
22.335442	0.040233	0.040233	0.261784	0.715017
22.366739	0.040233	0.040233	0.251770	0.735164
22.398035	0.040233	0.040233	0.251770	0.745237
22.429331	0.040233	0.050306	0.251770	0.775397
22.460627	0.040233	0.050306	0.251770	0.805616
22.491922	0.030160	0.060380	0.251770	0.835836
22.523218	0.020087	0.060380	0.261784	0.855982
22.554514	0.020087	0.060380	0.261784	0.876129
22.585810	0.020087	0.060380	0.261784	0.886202
22.617105	0.020087	0.070453	0.271857	0.906348
22.648401	0.020087	0.080526	0.292003	0.936568
22.679697	0.020087	0.090599	0.312150	0.966787
22.710993	0.020087	0.100672	0.322223	0.986934
22.742289	0.020087	0.100672	0.342369	1.017153
22.773584	0.020087	0.100672	0.352442	1.057386
22.804880	0.030160	0.100672	0.362515	1.097679
22.836176	0.030160	0.100672	0.382662	1.137972
22.867474	0.030160	0.110745	0.402808	1.188338
22.898769	0.040233	0.120819	0.412881	1.238704
22.930065	0.040233	0.120819	0.412881	1.289070
22.961361	0.050306	0.120819	0.412881	1.339376
22.992657	0.050306	0.120819	0.402808	1.379669
23.023952	0.050306	0.120819	0.402808	1.430035
23.055248	0.060380	0.120819	0.402808	1.490474
23.086544	0.060380	0.120819	0.412881	1.550853
23.117840	0.060380	0.120819	0.412881	1.611292
23.149136	0.050306	0.130892	0.422955	1.681805
23.180431	0.050306	0.140965	0.443101	1.752317
23.211727	0.050306	0.140965	0.463247	1.842916
23.243023	0.060380	0.140965	0.493467	1.933575
23.274319	0.060380	0.140965	0.523627	2.044380
23.305614	0.060380	0.140965	0.543773	2.165198
23.336912	0.060380	0.130892	0.563920	2.296150
23.368208	0.060380	0.110745	0.594139	2.457261
23.399504	0.060380	0.090599	0.644505	2.638519
23.430799	0.060380	0.060380	0.715017	2.829909
23.462095	0.060380	0.040233	0.785470	3.061533
23.493391	0.070453	0.010014	0.815690	3.323376
23.524687	0.080526	-0.020146	0.825763	3.635526
23.555983	0.080526	-0.060439	0.825763	4.018247
23.587278	0.090599	-0.100732	0.825763	4.491568
23.618574	0.090599	-0.151098	0.835836	5.075693
23.649870	0.090599	-0.211537	0.876129	5.800784
23.681166	0.100672	-0.251830	0.936568	6.687045
23.712461	0.100672	-0.281990	0.986934	7.774651
23.743757	0.100672	-0.271916	1.027226	9.104013
23.775053	0.100672	-0.191391	1.037240	10.654926
23.806349	0.110745	0.000000	1.047313	12.437463
23.837646	0.120819	0.332296	1.077533	14.330805
23.868942	0.130892	0.835836	1.117826	16.173780
23.900238	0.140965	1.520693	1.178265	17.805218
23.931534	0.140965	2.326310	1.228631	18.983543
23.962830	0.140965	3.182352	1.278996	19.607903
23.994125	0.151038	4.008174	1.329303	19.688488
24.025421	0.151038	4.713118	1.379669	19.336044
24.056717	0.161111	5.267024	1.440108	18.701553
24.088013	0.161111	5.689979	1.500547	17.825365
24.119308	0.161111	6.022334	1.571000	16.737759
24.150604	0.161111	6.304324	1.641512	15.398323
24.181900	0.151038	6.556094	1.722097	13.756752
24.213196	0.151038	6.797791	1.812696	11.772812
24.244492	0.140965	7.019341	1.933575	9.476662
24.275787	0.130892	7.180512	2.074540	6.908596
24.307083	0.110745	7.210732	2.215564	4.290164
24.338381	0.090599	7.039487	2.356529	1.933575
24.369677	0.070453	6.626606	2.497554	0.120819
24.400972	0.050306	6.012261	2.668738	-0.926554
24.432268	0.020087	5.267024	2.870142	-1.228690
24.463564	-0.020146	4.491568	3.111839	-1.057446
24.494860	-0.070512	3.796697	3.424048	-0.674784
24.526155	-0.141025	3.192425	3.816843	-0.251830
24.557451	-0.221610	2.709031	4.300237	0.090599
24.588747	-0.322282	2.316296	4.864216	0.352442
24.620043	-0.473380	1.994014	5.559087	0.533700
24.651339	-0.674784	1.732171	6.425202	0.674725
24.682634	-0.956774	1.520693	7.553101	0.765383
24.713930	-1.309216	1.339376	8.983194	0.825763
24.745226	-1.641572	1.198411	10.765732	0.866055
24.776522	-1.903415	1.077533	12.779892	0.896275
24.807819	-2.014220	0.976861	14.783978	0.926495
24.839115	-1.873195	0.886202	16.596735	0.936568
24.870411	-1.480460	0.815690	18.046974	0.956714
24.901707	-0.886261	0.755310	19.064129	0.956714
24.933002	-0.201464	0.704944	19.668341	0.966787
24.964298	0.483394	0.664651	19.889891	0.976861
24.995594	1.117826	0.624359	19.758999	0.966787
25.026890	1.671731	0.594139	19.336044	0.956714
25.058186	2.195418	0.573993	18.631041	0.946641
25.089481	2.709031	0.543773	17.634033	0.936568
25.120777	3.323376	0.523627	16.274452	0.926495
25.152073	4.118979	0.503540	14.471769	0.896275
25.183369	5.156279	0.483394	12.246132	0.876129
25.214664	6.264031	0.463247	9.678066	0.855982
25.245960	7.200658	0.443101	7.069707	0.845909
25.277256	7.744431	0.433028	4.713118	0.835836
25.308554	7.794797	0.412881	2.839923	0.825763
25.339849	7.412136	0.402808	1.540840	0.815690
25.371145	6.747425	0.382662	0.775397	0.805616
25.402441	5.941749	0.362515	0.392735	0.785470
25.433737	5.126059	0.342369	0.251770	0.765383
25.465033	4.370749	0.322223	0.271857	0.745237
25.496328	3.706038	0.312150	0.352442	0.725091
25.527624	3.142059	0.302076	0.463247	0.704944
25.558920	2.688885	0.302076	0.563920	0.694871
25.590216	2.316296	0.292003	0.664651	0.684798
25.621511	2.004087	0.281930	0.745237	0.674725
25.652807	1.742244	0.271857	0.785470	0.664651
25.684103	1.530766	0.261784	0.805616	0.644505
25.715399	1.349449	0.251770	0.815690	0.634432
25.746695	1.208484	0.241697	0.835836	0.634432
25.777990	1.077533	0.241697	0.855982	0.634432
25.809288	0.976861	0.231624	0.876129	0.624359
25.840584	0.896275	0.231624	0.906348	0.614285
25.871880	0.835836	0.231624	0.936568	0.594139
25.903175	0.775397	0.221550	0.936568	0.584066
25.934471	0.735164	0.221550	0.926495	0.553846
25.965767	0.704944	0.211477	0.916421	0.533700
25.997063	0.674725	0.201404	0.896275	0.513613
26.028358	0.654578	0.201404	0.876129	0.493467
26.059654	0.624359	0.191331	0.855982	0.493467
26.090950	0.594139	0.191331	0.835836	0.483394
26.122246	0.563920	0.181258	0.815690	0.493467
26.153542	0.533700	0.181258	0.795543	0.493467
26.184837	0.503540	0.171185	0.775397	0.493467
26.216133	0.483394	0.171185	0.755310	0.483394
26.247429	0.463247	0.171185	0.745237	0.473320
26.278725	0.443101	0.161111	0.725091	0.463247
26.310022	0.422955	0.151038	0.704944	0.463247
26.341318	0.412881	0.140965	0.684798	0.453174
26.372614	0.402808	0.140965	0.664651	0.443101
26.403910	0.392735	0.140965	0.644505	0.443101
26.435205	0.382662	0.140965	0.624359	0.443101
26.466501	0.372589	0.151038	0.614285	0.453174
26.497797	0.352442	0.151038	0.604212	0.463247
26.529093	0.342369	0.140965	0.594139	0.453174
26.560389	0.332296	0.140965	0.573993	0.443101
26.591684	0.322223	0.130892	0.563920	0.422955
26.622980	0.312150	0.130892	0.553846	0.402808
26.654276	0.302076	0.130892	0.543773	0.382662
26.685572	0.292003	0.130892	0.543773	0.372589
26.716867	0.281930	0.130892	0.533700	0.362515
26.748163	0.271857	0.130892	0.523627	0.362515
26.779461	0.261784	0.130892	0.513613	0.362515
26.810757	0.261784	0.130892	0.503540	0.352442
26.842052	0.251770	0.130892	0.503540	0.342369
26.873348	0.251770	0.120819	0.513613	0.332296
26.904644	0.241697	0.120819	0.523627	0.332296
26.935940	0.231624	0.120819	0.533700	0.332296
26.967236	0.221550	0.120819	0.523627	0.332296
26.998531	0.211477	0.120819	0.503540	0.332296
27.029827	0.211477	0.120819	0.493467	0.332296
27.061123	0.211477	0.120819	0.473320	0.322223
27.092419	0.211477	0.110745	0.463247	0.322223
27.123714	0.201404	0.110745	0.453174	0.322223
27.155010	0.201404	0.110745	0.453174	0.312150
27.186306	0.191331	0.100672	0.453174	0.312150
27.217602	0.181258	0.100672	0.463247	0.312150
27.248898	0.181258	0.110745	0.473320	0.322223
27.280195	0.171185	0.110745	0.483394	0.332296
27.311491	0.171185	0.100672	0.483394	0.322223
27.342787	0.161111	0.100672	0.483394	0.322223
27.374083	0.161111	0.100672	0.473320	0.322223
27.405378	0.161111	0.100672	0.463247	0.332296
27.436674	0.151038	0.100672	0.453174	0.342369
27.467970	0.140965	0.100672	0.453174	0.342369
27.499266	0.140965	0.100672	0.443101	0.342369
27.530561	0.130892	0.100672	0.433028	0.332296
27.561857	0.130892	0.090599	0.402808	0.332296
27.593153	0.130892	0.090599	0.382662	0.322223
27.624449	0.130892	0.090599	0.372589	0.322223
27.655745	0.130892	0.090599	0.362515	0.322223
27.687040	0.130892	0.090599	0.362515	0.322223
27.718336	0.120819	0.090599	0.362515	0.322223
27.749632	0.120819	0.100672	0.352442	0.332296
27.780930	0.120819	0.100672	0.342369	0.342369
27.812225	0.110745	0.100672	0.342369	0.352442
27.843521	0.100672	0.100672	0.342369	0.352442
27.874817	0.100672	0.110745	0.342369	0.342369
27.906113	0.100672	0.110745	0.332296	0.342369
27.937408	0.100672	0.120819	0.332296	0.332296
27.968704	0.110745	0.110745	0.332296	0.332296
