21.452927	0.023484	0.107422	-63.322201	-63.513546
21.492014	0.023484	0.107422	-63.318832	-63.516899
21.531101	0.023484	0.107422	-63.322201	-63.523621
21.570189	0.023484	0.110775	-63.328907	-63.530327
21.609276	0.023484	0.114128	-63.328907	-63.533680
21.648363	0.023484	0.117481	-63.325554	-63.543751
21.687450	0.026852	0.120848	-63.328907	-63.557178
21.726538	0.026852	0.124201	-63.338982	-63.567249
21.765625	0.030205	0.127554	-63.352406	-63.573971
21.804712	0.033557	0.130907	-63.349052	-63.580677
21.843801	0.036925	0.134274	-63.349052	-63.590752
21.882889	0.036925	0.137627	-63.352406	-63.600822
21.921976	0.036925	0.140980	-63.365833	-63.610897
21.961063	0.036925	0.147700	-63.369198	-63.617603
22.000151	0.036925	0.151053	-63.362480	-63.634396
22.039238	0.033557	0.154406	-63.359127	-63.647823
22.078325	0.033557	0.161126	-63.365833	-63.657894
22.117413	0.036925	0.164479	-63.372551	-63.667969
22.156500	0.040278	0.171199	-63.372551	-63.681393
22.195587	0.043631	0.177905	-63.369198	-63.698174
22.234674	0.046983	0.184625	-63.375904	-63.708244
22.273762	0.050351	0.191346	-63.389332	-63.714966
22.312851	0.050351	0.194699	-63.392700	-63.725025
22.351938	0.053704	0.201404	-63.389332	-63.745171
22.391026	0.053704	0.208125	-63.389332	-63.765316
22.430113	0.053704	0.211477	-63.399403	-63.772022
22.469200	0.053704	0.221550	-63.409477	-63.778744
22.508287	0.053704	0.228271	-63.412830	-63.798889
22.547375	0.057057	0.234976	-63.416199	-63.825741
22.586462	0.060424	0.245050	-63.426254	-63.845886
22.625549	0.063777	0.255123	-63.439697	-63.852592
22.664637	0.067130	0.265196	-63.443050	-63.866020
22.703724	0.070482	0.275269	-63.443050	-63.892887
22.742811	0.070482	0.285327	-63.449757	-63.916370
22.781900	0.070482	0.295401	-63.459827	-63.929810
22.820988	0.070482	0.305474	-63.466549	-63.943237
22.860075	0.070482	0.318900	-63.469902	-63.973442
22.899162	0.073850	0.332326	-63.476624	-64.010368
22.938250	0.073850	0.349119	-63.490047	-64.037231
22.977337	0.077203	0.365898	-63.500122	-64.060730
23.016424	0.083923	0.386044	-63.506828	-64.087585
23.055511	0.087276	0.406191	-63.513546	-64.127861
23.094599	0.093982	0.426322	-63.523621	-64.164787
23.133686	0.097349	0.449821	-63.540398	-64.191658
23.172773	0.100702	0.476673	-63.547119	-64.218506
23.211861	0.104055	0.503540	-63.550472	-64.255432
23.250950	0.107422	0.533745	-63.557178	-64.299080
23.290037	0.110775	0.567317	-63.567249	-64.339355
23.329124	0.114128	0.607595	-63.577324	-64.379631
23.368212	0.117481	0.651240	-63.587399	-64.430000
23.407299	0.120848	0.698239	-63.597469	-64.490425
23.446386	0.127554	0.751957	-63.610897	-64.550850
23.485474	0.134274	0.809014	-63.624321	-64.607903
23.524561	0.140980	0.869438	-63.631042	-64.671692
23.563648	0.147700	0.939935	-63.644470	-64.745544
23.602736	0.151053	1.020506	-63.654541	-64.822746
23.641823	0.157773	1.111150	-63.664600	-64.906670
23.680912	0.164479	1.218572	-63.674675	-64.993965
23.719999	0.167847	1.342773	-63.684746	-65.098015
23.759087	0.171199	1.493841	-63.701527	-65.212158
23.798174	0.177905	1.675114	-63.718319	-65.339729
23.837261	0.184625	1.900032	-63.728394	-65.480721
23.876348	0.191346	2.182007	-63.741817	-65.648567
23.915436	0.201404	2.541199	-63.761963	-65.846619
23.954523	0.208125	2.991035	-63.782097	-66.084969
23.993610	0.214845	3.571794	-63.795521	-66.390457
24.032698	0.221550	4.306957	-63.808949	-66.783218
24.071785	0.231624	5.230129	-63.825741	-67.290115
24.110872	0.241697	6.391630	-63.849239	-67.958145
24.149961	0.251770	7.811621	-63.872738	-68.841026
24.189049	0.261828	9.473309	-63.886166	-69.992470
24.228136	0.271901	11.319637	-63.902943	-71.466164
24.267223	0.285327	13.176023	-63.933163	-73.275566
24.306311	0.302121	14.743731	-63.960014	-75.387093
24.345398	0.315547	15.636683	-63.983517	-77.726883
24.384485	0.332326	15.405044	-64.003662	-80.086815
24.423573	0.352472	13.743356	-64.033867	-82.188263
24.462660	0.369251	10.651604	-64.067436	-83.829819
24.501747	0.386044	6.596401	-64.101013	-84.957748
24.540834	0.406191	2.212226	-64.127861	-85.605652
24.579922	0.429690	-2.182022	-64.161438	-85.692924
24.619011	0.453174	-6.405070	-64.208435	-85.061821
24.658098	0.476673	-10.272280	-64.252075	-83.614975
24.697186	0.506893	-13.521806	-64.289001	-81.379250
24.736273	0.540465	-15.673622	-64.325928	-78.579544
24.775360	0.580743	-16.291290	-64.372925	-75.618713
24.814447	0.621036	-15.240565	-64.423279	-72.933151
24.853535	0.664666	-12.910843	-64.466927	-70.912270
24.892622	0.715017	-10.151431	-64.510551	-69.586273
24.931709	0.765383	-7.687435	-64.567627	-68.700027
24.970797	0.822440	-5.817607	-64.634773	-68.038719
25.009884	0.886232	-4.481539	-64.701897	-67.521751
25.048973	0.960082	-3.508017	-64.769043	-67.108841
25.088060	1.040652	-2.786279	-64.842896	-66.779854
25.127148	1.131281	-2.239093	-64.930168	-66.504585
25.166235	1.235351	-1.816124	-65.027534	-66.259537
25.205322	1.352847	-1.497209	-65.124886	-66.041336
25.244410	1.497194	-1.258865	-65.225586	-65.856697
25.283497	1.665041	-1.077592	-65.339729	-65.688850
25.322584	1.876533	-0.933245	-65.467285	-65.531075
25.361671	2.135009	-0.815749	-65.604927	-65.390083
25.400759	2.457276	-0.715032	-65.752625	-65.269234
25.439846	2.866834	-0.631109	-65.923843	-65.165161
25.478933	3.400579	-0.557259	-66.128609	-65.067810
25.518023	4.095480	-0.493482	-66.366959	-64.973816
25.557110	5.038783	-0.439763	-66.645576	-64.889893
25.596197	6.311059	-0.389412	-66.974564	-64.819397
25.635284	8.006319	-0.349134	-67.367332	-64.752266
25.674372	10.238692	-0.312209	-67.850723	-64.685120
25.713459	12.954473	-0.281990	-68.448257	-64.621346
25.752546	15.707165	-0.255138	-69.341209	-64.564270
25.791634	17.838837	-0.231639	-70.757851	-64.510551
25.830721	18.808990	-0.211492	-72.758583	-64.460205
25.869808	18.490091	-0.191361	-75.192375	-64.416557
25.908895	17.053307	-0.174567	-77.864510	-64.372925
25.947983	14.733657	-0.157788	-80.519867	-64.335999
25.987072	11.715755	-0.144362	-82.936867	-64.295708
26.026159	7.989541	-0.134289	-84.977898	-64.255432
26.065247	3.548294	-0.124216	-86.498589	-64.218506
26.104334	-1.366287	-0.114143	-87.260620	-64.184937
26.143421	-6.143227	-0.107422	-86.961853	-64.148010
26.182508	-9.866089	-0.104070	-85.464653	-64.117790
26.221596	-11.977613	-0.097364	-83.040939	-64.090935
26.260683	-12.511373	-0.090644	-80.157310	-64.064087
26.299770	-11.856765	-0.083938	-77.290474	-64.037231
26.338858	-10.537476	-0.080571	-74.739189	-64.010368
26.377945	-8.959711	-0.073865	-72.607529	-63.993587
26.417032	-7.408798	-0.067145	-70.918976	-63.976810
26.456121	-6.022379	-0.060439	-69.629906	-63.956661
26.495209	-4.840732	-0.057071	-68.642960	-63.929810
26.534296	-3.870577	-0.053719	-67.884293	-63.909664
26.573383	-3.101826	-0.050366	-67.303535	-63.896240
26.612471	-2.500937	-0.050366	-66.853714	-63.879444
26.651558	-2.034321	-0.046998	-66.504585	-63.859314
26.690645	-1.678482	-0.043646	-66.215889	-63.835815
26.729733	-1.403213	-0.040293	-65.970840	-63.825741
26.768820	-1.185015	-0.036940	-65.762695	-63.815670
26.807907	-1.017168	-0.033572	-65.598206	-63.798889
26.846994	-0.879526	-0.030220	-65.450508	-63.775391
26.886084	-0.768751	-0.030220	-65.312866	-63.758598
26.925171	-0.678107	-0.026867	-65.188660	-63.748524
26.964258	-0.600904	-0.026867	-65.081238	-63.738464
27.003345	-0.533760	-0.026867	-64.990593	-63.718319
27.042433	-0.473335	-0.023499	-64.896614	-63.698174
27.081520	-0.422984	-0.023499	-64.809326	-63.691467
27.120607	-0.382707	-0.020146	-64.732117	-63.688099
27.159695	-0.345767	-0.016794	-64.671692	-63.678040
27.198782	-0.315562	-0.013441	-64.614624	-63.661247
27.237869	-0.288710	-0.010073	-64.550850	-63.651173
27.276957	-0.261843	-0.010073	-64.473633	-63.651173
27.316044	-0.241712	-0.010073	-64.430000	-63.647823
27.355133	-0.224918	-0.010073	-64.396423	-63.634396
27.394220	-0.208139	-0.010073	-64.352783	-63.617603
27.433308	-0.191361	-0.010073	-64.305786	-63.610897
27.472395	-0.177920	-0.010073	-64.265503	-63.607544
27.511482	-0.164494	-0.013441	-64.231934	-63.594101
27.550570	-0.151068	-0.013441	-64.198357	-63.577324
27.589657	-0.140995	-0.013441	-64.161438	-63.567249
27.628744	-0.134289	-0.013441	-64.127861	-63.563900
27.667831	-0.127569	-0.013441	-64.101013	-63.557178
27.706919	-0.120863	-0.013441	-64.074158	-63.543751
27.746006	-0.114143	-0.013441	-64.047295	-63.533680
27.785093	-0.107422	-0.010073	-64.017090	-63.530327
27.824183	-0.100717	-0.010073	-63.990234	-63.526974
27.863270	-0.097364	-0.010073	-63.966736	-63.516899
27.902357	-0.090644	-0.010073	-63.943237	-63.510178
27.941444	-0.087291	-0.010073	-63.919739	-63.503475
27.980532	-0.083938	-0.010073	-63.899593	-63.503475
28.019619	-0.077218	-0.010073	-63.879444	-63.500122
28.058706	-0.073865	-0.006720	-63.859314	-63.490047
28.097794	-0.070497	-0.003368	-63.845886	-63.483326
28.136881	-0.063792	-0.003368	-63.832447	-63.476624
28.175968	-0.060439	-0.003368	-63.819019	-63.473255
28.215055	-0.060439	-0.003368	-63.798889	-63.469902
28.254143	-0.060439	-0.003368	-63.785465	-63.466549
28.293232	-0.057071	-0.003368	-63.775391	-63.459827
28.332319	-0.053719	-0.003368	-63.765316	-63.453121
28.371407	-0.053719	-0.006720	-63.751892	-63.449757
28.410494	-0.050366	-0.006720	-63.731747	-63.446404
28.449581	-0.050366	-0.006720	-63.721672	-63.443050
28.488668	-0.050366	-0.003368	-63.711597	-63.432976
28.527756	-0.050366	-0.003368	-63.698174	-63.426254
28.566843	-0.046998	0.000000	-63.681393	-63.422905
28.605930	-0.043646	-0.003368	-63.667969	-63.422905
28.645018	-0.043646	0.000000	-63.664600	-63.419552
28.684105	-0.043646	0.000000	-63.657894	-63.412830
28.723194	-0.043646	0.000000	-63.641102	-63.406124
28.762281	-0.043646	0.003353	-63.624321	-63.406124
28.801369	-0.040293	0.000000	-63.617603	-63.402756
28.840456	-0.040293	0.000000	-63.614250	-63.396053
28.879543	-0.043646	0.000000	-63.604176	-63.382626
28.918631	-0.043646	0.003353	-63.584045	-63.382626
28.957718	-0.040293	0.006706	-63.567249	-63.385979
28.996805	-0.040293	0.010058	-63.563900	-63.385979
29.035892	-0.040293	0.010058	-63.560547	-63.379257
29.074980	-0.040293	0.006706	-63.547119	-63.375904
29.114067	-0.040293	0.006706	-63.533680	-63.375904
29.153154	-0.040293	0.003353	-63.523621	-63.375904
29.192244	-0.040293	0.000000	-63.520252	-63.369198
29.231331	-0.043646	0.003353	-63.513546	-63.359127
29.270418	-0.043646	0.003353	-63.496754	-63.362480
29.309505	-0.043646	0.003353	-63.486679	-63.365833
29.348593	-0.043646	0.003353	-63.486679	-63.362480
29.387680	-0.043646	0.006706	-63.490047	-63.349052
29.426767	-0.040293	0.006706	-63.479977	-63.345699
29.465855	-0.040293	0.006706	-63.469902	-63.349052
29.504942	-0.040293	0.003353	-63.463196	-63.352406
29.544029	-0.040293	0.006706	-63.463196	-63.342331
29.583117	-0.040293	0.003353	-63.456474	-63.332275
29.622204	-0.040293	0.003353	-63.446404	-63.332275
29.661293	-0.036940	0.003353	-63.436329	-63.332275
29.700380	-0.036940	0.000000	-63.432976	-63.328907
29.739468	-0.033572	0.000000	-63.426254	-63.318832
29.778555	-0.033572	0.000000	-63.416199	-63.315479
29.817642	-0.033572	0.000000	-63.412830	-63.318832
29.856730	-0.033572	0.003353	-63.406124	-63.318832
29.895817	-0.030220	0.003353	-63.402756	-63.308777
29.934904	-0.030220	0.003353	-63.399403	-63.302055
29.973991	-0.030220	0.003353	-63.396053	-63.302055
30.013079	-0.030220	0.003353	-63.396053	-63.302055
30.052166	-0.030220	0.003353	-63.389332	-63.298702
30.091253	-0.030220	0.000000	-63.382626	-63.288628
30.130342	-0.030220	-0.003368	-63.375904	-63.288628
30.169430	-0.026867	-0.003368	-63.375904	-63.295334
30.208517	-0.026867	-0.003368	-63.375904	-63.298702
30.247604	-0.026867	-0.003368	-63.372551	-63.291981
30.286692	-0.026867	-0.003368	-63.365833	-63.288628
30.325779	-0.026867	-0.003368	-63.369198	-63.288628
30.364866	-0.026867	-0.003368	-63.369198	-63.288628
30.403954	-0.030220	-0.003368	-63.362480	-63.285275
30.443041	-0.030220	-0.003368	-63.352406	-63.281910
30.482128	-0.033572	-0.006720	-63.342331	-63.278557
30.521215	-0.033572	-0.006720	-63.342331	-63.275204
30.560305	-0.033572	-0.010073	-63.335629	-63.268482
30.599392	-0.033572	-0.010073	-63.328907	-63.265129
30.638479	-0.033572	-0.006720	-63.325554	-63.265129
30.677567	-0.033572	-0.006720	-63.328907	-63.261776
30.716654	-0.033572	-0.003368	-63.328907	-63.258408
30.755741	-0.030220	-0.003368	-63.322201	-63.255058
30.794828	-0.030220	-0.003368	-63.312130	-63.255058
30.833916	-0.030220	-0.006720	-63.312130	-63.255058
30.873003	-0.033572	-0.006720	-63.308777	-63.251705
30.912090	-0.033572	-0.006720	-63.305408	-63.248352
30.951178	-0.036940	-0.006720	-63.298702	-63.251705
30.990265	-0.036940	-0.006720	-63.298702	-63.255058
31.029354	-0.036940	-0.006720	-63.302055	-63.251705
31.068441	-0.033572	-0.006720	-63.295334	-63.244984
31.107529	-0.033572	-0.003368	-63.285275	-63.244984
31.146616	-0.033572	-0.003368	-63.285275	-63.251705
31.185703	-0.033572	-0.003368	-63.288628	-63.251705
31.224791	-0.030220	-0.003368	-63.288628	-63.244984
31.263878	-0.030220	-0.003368	-63.278557	-63.241631
31.302965	-0.030220	-0.003368	-63.271835	-63.241631
31.342052	-0.030220	-0.006720	-63.275204	-63.244984
31.381140	-0.026867	-0.006720	-63.278557	-63.238277
31.420227	-0.026867	-0.006720	-63.271835	-63.231556
31.459314	-0.026867	-0.006720	-63.261776	-63.231556
31.498404	-0.023499	-0.003368	-63.261776	-63.238277
31.537491	-0.023499	-0.003368	-63.268482	-63.234909
31.576578	-0.023499	-0.003368	-63.271835	-63.228207
31.615665	-0.020146	0.000000	-63.261776	-63.228207
31.654753	-0.020146	0.000000	-63.251705	-63.231556
31.693840	-0.020146	0.000000	-63.255058	-63.234909
31.732927	-0.020146	0.000000	-63.258408	-63.228207
31.772015	-0.020146	0.000000	-63.251705	-63.218132
31.811102	-0.023499	0.000000	-63.244984	-63.221485
31.850189	-0.023499	-0.003368	-63.244984	-63.228207
31.889277	-0.023499	-0.003368	-63.251705	-63.224854
31.928364	-0.020146	-0.003368	-63.251705	-63.218132
31.967453	-0.020146	-0.003368	-63.248352	-63.214779
32.006538	-0.020146	-0.003368	-63.244984	-63.221485
32.045628	-0.020146	-0.003368	-63.248352	-63.228207
32.084713	-0.023499	-0.003368	-63.251705	-63.224854
32.123802	-0.023499	-0.003368	-63.248352	-63.218132
32.162888	-0.023499	-0.003368	-63.244984	-63.221485
32.201977	-0.023499	-0.003368	-63.244984	-63.224854
32.241066	-0.023499	-0.003368	-63.244984	-63.218132
32.280151	-0.020146	-0.003368	-63.241631	-63.208057
32.319241	-0.020146	-0.003368	-63.238277	-63.208057
32.358326	-0.016794	0.000000	-63.234909	-63.214779
32.397415	-0.016794	0.000000	-63.238277	-63.218132
32.436501	-0.016794	0.000000	-63.241631	-63.214779
32.475590	-0.016794	0.000000	-63.238277	-63.211411
32.514675	-0.016794	-0.003368	-63.234909	-63.214779
32.553764	-0.016794	-0.003368	-63.231556	-63.218132
32.592850	-0.016794	-0.003368	-63.231556	-63.218132
32.631939	-0.020146	-0.003368	-63.228207	-63.211411
32.671028	-0.020146	-0.003368	-63.224854	-63.211411
32.710114	-0.023499	-0.003368	-63.224854	-63.211411
32.749203	-0.020146	-0.003368	-63.224854	-63.211411
32.788288	-0.016794	-0.003368	-63.221485	-63.211411
32.827377	-0.016794	-0.003368	-63.221485	-63.208057
32.866463	-0.013441	-0.003368	-63.224854	-63.208057
32.905552	-0.013441	-0.003368	-63.224854	-63.208057
32.944637	-0.013441	-0.003368	-63.221485	-63.204704
32.983727	-0.013441	-0.006720	-63.221485	-63.201351
33.022812	-0.013441	-0.006720	-63.224854	-63.201351
33.061901	-0.013441	-0.006720	-63.224854	-63.197987
33.100990	-0.013441	-0.010073	-63.221485	-63.194633
33.140076	-0.013441	-0.010073	-63.218132	-63.194633
33.179165	-0.013441	-0.010073	-63.221485	-63.197987
33.218250	-0.010073	-0.010073	-63.218132	-63.194633
33.257339	-0.010073	-0.010073	-63.211411	-63.194633
33.296425	-0.010073	-0.010073	-63.204704	-63.197987
33.335514	-0.010073	-0.010073	-63.204704	-63.201351
33.374599	-0.010073	-0.010073	-63.208057	-63.201351
33.413689	-0.010073	-0.010073	-63.204704	-63.194633
33.452774	-0.010073	-0.010073	-63.194633	-63.191280
33.491863	-0.013441	-0.010073	-63.191280	-63.194633
33.530949	-0.013441	-0.010073	-63.194633	-63.194633
33.570038	-0.013441	-0.010073	-63.197987	-63.191280
33.609127	-0.013441	-0.010073	-63.187912	-63.184559
33.648212	-0.013441	-0.010073	-63.184559	-63.187912
33.687302	-0.013441	-0.013441	-63.191280	-63.191280
33.726387	-0.013441	-0.010073	-63.197987	-63.191280
33.765476	-0.010073	-0.010073	-63.194633	-63.187912
33.804562	-0.010073	-0.006720	-63.184559	-63.191280
33.843651	-0.013441	-0.006720	-63.184559	-63.197987
33.882736	-0.013441	-0.010073	-63.194633	-63.197987
33.921825	-0.013441	-0.010073	-63.197987	-63.191280
33.960911	-0.013441	-0.013441	-63.191280	-63.184559
