20.958424	0.050306	-0.020146	0.000000	0.030160
20.989719	0.050306	-0.030220	0.000000	0.030160
21.021015	0.040233	-0.030220	0.000000	0.030160
21.052311	0.040233	-0.030220	0.010014	0.030160
21.083607	0.040233	-0.030220	0.010014	0.040233
21.114902	0.030160	-0.030220	0.010014	0.050306
21.146198	0.030160	-0.040293	0.010014	0.060380
21.177494	0.030160	-0.050366	0.020087	0.060380
21.208790	0.020087	-0.060439	0.020087	0.060380
21.240086	0.020087	-0.060439	0.020087	0.070453
21.271381	0.010014	-0.060439	0.020087	0.070453
21.302677	0.010014	-0.060439	0.020087	0.080526
21.333973	0.000000	-0.070512	0.020087	0.090599
21.365271	-0.010073	-0.070512	0.020087	0.100672
21.396566	-0.010073	-0.070512	0.020087	0.110745
21.427862	-0.010073	-0.080585	0.030160	0.110745
21.459158	-0.010073	-0.090659	0.040233	0.110745
21.490454	-0.010073	-0.100732	0.040233	0.120819
21.521749	0.000000	-0.110805	0.050306	0.120819
21.553045	0.000000	-0.120878	0.050306	0.130892
21.584341	0.000000	-0.130951	0.050306	0.130892
21.615637	-0.010073	-0.141025	0.050306	0.140965
21.646933	-0.010073	-0.141025	0.050306	0.151038
21.678228	-0.010073	-0.151098	0.060380	0.161111
21.709524	-0.020146	-0.161171	0.060380	0.171185
21.740820	-0.020146	-0.181317	0.060380	0.191331
21.772116	-0.020146	-0.191391	0.060380	0.201404
21.803411	-0.020146	-0.201464	0.060380	0.221550
21.834707	-0.020146	-0.211537	0.070453	0.231624
21.866005	-0.030220	-0.211537	0.080526	0.241697
21.897301	-0.040293	-0.211537	0.080526	0.251770
21.928596	-0.040293	-0.221610	0.090599	0.261784
21.959892	-0.040293	-0.231683	0.100672	0.271857
21.991188	-0.040293	-0.251830	0.100672	0.271857
22.022484	-0.040293	-0.271916	0.110745	0.281930
22.053780	-0.050366	-0.281990	0.110745	0.292003
22.085075	-0.050366	-0.281990	0.110745	0.302076
22.116371	-0.060439	-0.292063	0.110745	0.322223
22.147667	-0.060439	-0.302136	0.110745	0.352442
22.178963	-0.070512	-0.302136	0.120819	0.372589
22.210258	-0.090659	-0.322282	0.120819	0.392735
22.241554	-0.090659	-0.332355	0.130892	0.402808
22.272850	-0.100732	-0.352502	0.140965	0.412881
22.304146	-0.110805	-0.362575	0.140965	0.433028
22.335442	-0.120878	-0.382721	0.151038	0.453174
22.366739	-0.120878	-0.392795	0.151038	0.473320
22.398035	-0.130951	-0.412941	0.161111	0.493467
22.429331	-0.130951	-0.433087	0.171185	0.513613
22.460627	-0.141025	-0.443161	0.181258	0.533700
22.491922	-0.141025	-0.463307	0.191331	0.553846
22.523218	-0.141025	-0.493526	0.201404	0.573993
22.554514	-0.141025	-0.523686	0.211477	0.604212
22.585810	-0.151098	-0.553906	0.221550	0.624359
22.617105	-0.171244	-0.574052	0.221550	0.664651
22.648401	-0.181317	-0.594199	0.231624	0.694871
22.679697	-0.181317	-0.624418	0.241697	0.725091
22.710993	-0.191391	-0.654638	0.241697	0.765383
22.742289	-0.191391	-0.684857	0.251770	0.795543
22.773584	-0.201464	-0.725150	0.261784	0.835836
22.804880	-0.211537	-0.755370	0.271857	0.876129
22.836176	-0.221610	-0.795603	0.281930	0.916421
22.867474	-0.231683	-0.825822	0.292003	0.956714
22.898769	-0.251830	-0.856042	0.302076	1.007080
22.930065	-0.261843	-0.896335	0.312150	1.067460
22.961361	-0.261843	-0.936627	0.322223	1.127899
22.992657	-0.271916	-0.976920	0.332296	1.188338
23.023952	-0.281990	-1.037300	0.352442	1.268923
23.055248	-0.292063	-1.107812	0.372589	1.339376
23.086544	-0.302136	-1.178324	0.392735	1.430035
23.117840	-0.312209	-1.258910	0.412881	1.520693
23.149136	-0.332355	-1.359582	0.433028	1.661658
23.180431	-0.342429	-1.440167	0.443101	1.772463
23.211727	-0.362575	-1.540899	0.453174	1.903355
23.243023	-0.372648	-1.651645	0.473320	2.054453
23.274319	-0.392795	-1.782596	0.483394	2.225637
23.305614	-0.412941	-1.933634	0.503540	2.427042
23.336912	-0.433087	-2.114892	0.533700	2.668738
23.368208	-0.443161	-2.316356	0.553846	2.940655
23.399504	-0.473380	-2.547979	0.563920	3.262937
23.430799	-0.493526	-2.809823	0.573993	3.655672
23.462095	-0.513673	-3.111899	0.594139	4.128993
23.493391	-0.533760	-3.464401	0.624359	4.703045
23.524687	-0.553906	-3.877282	0.654578	5.418062
23.555983	-0.574052	-4.370809	0.684798	6.304324
23.587278	-0.604272	-4.964948	0.715017	7.402062
23.618574	-0.624418	-5.649805	0.755310	8.751572
23.649870	-0.644565	-6.445348	0.785470	10.383010
23.681166	-0.674784	-7.311463	0.825763	12.296497
23.712461	-0.705004	-8.248091	0.855982	14.491916
23.743757	-0.735223	-9.194732	0.896275	16.868650
23.775053	-0.765443	-10.111153	0.936568	19.235313
23.806349	-0.795603	-10.926903	0.976861	21.380424
23.837646	-0.835896	-11.571466	1.017153	22.981644
23.868942	-0.876188	-12.014568	1.067460	23.747026
23.900238	-0.916481	-12.246191	1.127899	23.535549
23.931534	-0.976920	-12.346924	1.178265	22.478104
23.962830	-1.027286	-12.377083	1.248777	20.886898
23.994125	-1.077592	-12.377083	1.309156	18.953323
24.025421	-1.138031	-12.316704	1.379669	16.767920
24.056717	-1.198471	-12.125313	1.450181	14.350950
24.088013	-1.268983	-11.722506	1.530766	11.641860
24.119308	-1.339436	-11.037707	1.631439	8.650839
24.150604	-1.420021	-10.020554	1.742244	5.418062
24.181900	-1.510680	-8.671045	1.863062	2.054453
24.213196	-1.621425	-7.059693	2.004087	-1.218617
24.244492	-1.742303	-5.337596	2.145052	-4.028380
24.275787	-1.883268	-3.706098	2.316296	-6.052613
24.307083	-2.034366	-2.346516	2.507627	-7.029474
24.338381	-2.215624	-1.389802	2.729177	-6.999254
24.369677	-2.427101	-0.845969	2.980947	-6.243944
24.400972	-2.658725	-0.614345	3.273010	-5.176425
24.432268	-2.930641	-0.584126	3.635526	-4.088819
24.463564	-3.262997	-0.634491	4.058540	-3.142118
24.494860	-3.655732	-0.705004	4.592299	-2.386808
24.526155	-4.149199	-0.755370	5.236804	-1.822829
24.557451	-4.763544	-0.785530	6.052554	-1.379728
24.588747	-5.549073	-0.805676	7.079780	-1.037300
24.620043	-6.546080	-0.805676	8.368850	-0.775456
24.651339	-7.764637	-0.805676	9.970129	-0.574052
24.682634	-9.245098	-0.805676	11.923849	-0.423014
24.713930	-11.007488	-0.805676	14.169693	-0.302136
24.745226	-12.840390	-0.795603	16.506077	-0.211537
24.776522	-14.471828	-0.775456	18.610895	-0.130951
24.807819	-15.680372	-0.755370	20.181953	-0.070512
24.839115	-16.415537	-0.725150	21.078289	-0.020146
24.870411	-16.778051	-0.705004	21.259546	0.010014
24.901707	-16.868710	-0.674784	20.796299	0.040233
24.933002	-16.798199	-0.664711	19.799292	0.060380
24.964298	-16.637087	-0.654638	18.369198	0.080526
24.995594	-16.365170	-0.644565	16.556442	0.100672
25.026890	-15.922070	-0.614345	14.391243	0.120819
25.058186	-15.176832	-0.584126	11.853397	0.130892
25.089481	-13.958216	-0.563979	8.963049	0.140965
25.120777	-12.115299	-0.543833	5.770564	0.151038
25.152073	-9.053707	-0.513673	1.722097	0.161111
25.183369	-6.374896	-0.493526	-1.178324	0.171185
25.214664	-3.917575	-0.483453	-3.403962	0.171185
25.245960	-1.963854	-0.463307	-4.834056	0.161111
25.277256	-0.654638	-0.453234	-5.478561	0.161111
25.308554	0.060380	-0.433087	-5.488634	0.161111
25.339849	0.342369	-0.423014	-5.065680	0.161111
25.371145	0.352442	-0.402868	-4.421115	0.161111
25.402441	0.211477	-0.382721	-3.716171	0.161111
25.433737	0.020087	-0.372648	-3.021300	0.151038
25.465033	-0.161171	-0.362575	-2.417028	0.140965
25.496328	-0.362575	-0.352502	-1.782596	0.130892
25.527624	-0.493526	-0.342429	-1.379728	0.120819
25.558920	-0.584126	-0.332355	-1.047373	0.120819
25.590216	-0.654638	-0.322282	-0.785530	0.120819
25.621511	-0.694931	-0.312209	-0.574052	0.120819
25.652807	-0.715077	-0.302136	-0.412941	0.120819
25.684103	-0.725150	-0.292063	-0.271916	0.120819
25.715399	-0.735223	-0.281990	-0.171244	0.120819
25.746695	-0.735223	-0.271916	-0.090659	0.110745
25.777990	-0.725150	-0.271916	-0.030220	0.100672
25.809288	-0.715077	-0.261843	0.020087	0.100672
25.840584	-0.705004	-0.261843	0.060380	0.090599
25.871880	-0.684857	-0.251830	0.090599	0.080526
25.903175	-0.664711	-0.241756	0.120819	0.080526
25.934471	-0.644565	-0.231683	0.140965	0.070453
25.965767	-0.624418	-0.211537	0.151038	0.060380
25.997063	-0.604272	-0.201464	0.161111	0.060380
26.028358	-0.584126	-0.191391	0.171185	0.060380
26.059654	-0.563979	-0.191391	0.171185	0.050306
26.090950	-0.553906	-0.181317	0.171185	0.040233
26.122246	-0.543833	-0.171244	0.171185	0.040233
26.153542	-0.523686	-0.171244	0.181258	0.040233
26.184837	-0.503600	-0.161171	0.181258	0.040233
26.216133	-0.483453	-0.151098	0.191331	0.040233
26.247429	-0.473380	-0.141025	0.181258	0.040233
26.278725	-0.453234	-0.141025	0.181258	0.030160
26.310022	-0.443161	-0.141025	0.171185	0.020087
26.341318	-0.423014	-0.141025	0.171185	0.010014
26.372614	-0.402868	-0.141025	0.161111	0.010014
26.403910	-0.392795	-0.141025	0.161111	0.010014
26.435205	-0.372648	-0.130951	0.161111	0.000000
26.466501	-0.362575	-0.120878	0.151038	0.000000
26.497797	-0.342429	-0.110805	0.151038	0.000000
26.529093	-0.332355	-0.110805	0.151038	-0.010073
26.560389	-0.332355	-0.110805	0.140965	-0.010073
26.591684	-0.322282	-0.110805	0.140965	-0.020146
26.622980	-0.312209	-0.110805	0.130892	-0.020146
26.654276	-0.312209	-0.090659	0.120819	-0.010073
26.685572	-0.302136	-0.080585	0.120819	-0.010073
26.716867	-0.292063	-0.070512	0.110745	-0.010073
26.748163	-0.281990	-0.070512	0.110745	-0.010073
26.779461	-0.261843	-0.070512	0.110745	-0.020146
26.810757	-0.251830	-0.080585	0.100672	-0.030220
26.842052	-0.231683	-0.080585	0.100672	-0.040293
26.873348	-0.221610	-0.080585	0.090599	-0.050366
26.904644	-0.221610	-0.070512	0.080526	-0.050366
26.935940	-0.211537	-0.070512	0.080526	-0.050366
26.967236	-0.211537	-0.060439	0.070453	-0.050366
26.998531	-0.201464	-0.060439	0.070453	-0.040293
27.029827	-0.191391	-0.050366	0.060380	-0.040293
27.061123	-0.171244	-0.050366	0.050306	-0.040293
27.092419	-0.161171	-0.050366	0.040233	-0.040293
27.123714	-0.161171	-0.050366	0.030160	-0.040293
27.155010	-0.151098	-0.050366	0.020087	-0.050366
27.186306	-0.151098	-0.040293	0.010014	-0.050366
27.217602	-0.151098	-0.030220	0.010014	-0.040293
27.248898	-0.141025	-0.020146	0.010014	-0.040293
27.280195	-0.141025	-0.020146	0.010014	-0.040293
27.311491	-0.130951	-0.020146	0.010014	-0.040293
27.342787	-0.120878	-0.030220	0.010014	-0.050366
27.374083	-0.110805	-0.040293	0.010014	-0.050366
27.405378	-0.110805	-0.040293	0.010014	-0.050366
27.436674	-0.110805	-0.030220	0.000000	-0.050366
27.467970	-0.110805	-0.020146	-0.010073	-0.050366
27.499266	-0.100732	-0.020146	-0.010073	-0.050366
27.530561	-0.090659	-0.020146	-0.010073	-0.060439
27.561857	-0.080585	-0.010073	-0.010073	-0.060439
27.593153	-0.080585	-0.010073	-0.010073	-0.060439
27.624449	-0.070512	-0.010073	-0.010073	-0.070512
27.655745	-0.060439	-0.010073	-0.020146	-0.070512
27.687040	-0.060439	-0.020146	-0.030220	-0.070512
27.718336	-0.060439	-0.030220	-0.040293	-0.060439
27.749632	-0.050366	-0.030220	-0.050366	-0.060439
27.780930	-0.040293	-0.040293	-0.050366	-0.060439
27.812225	-0.030220	-0.040293	-0.050366	-0.060439
27.843521	-0.030220	-0.030220	-0.050366	-0.070512
27.874817	-0.030220	-0.030220	-0.060439	-0.070512
27.906113	-0.040293	-0.020146	-0.060439	-0.070512
27.937408	-0.040293	-0.030220	-0.060439	-0.070512
27.968704	-0.040293	-0.030220	-0.070512	-0.070512
