24.993355	329.991760	329.991760	329.991760	329.991760
25.002735	329.991760	329.991760	329.991760	329.991760
25.012114	329.991760	329.991760	329.991760	329.991760
25.021494	329.991760	329.991760	329.991760	329.991760
25.030874	329.991760	329.991760	329.991760	329.991760
25.040253	329.991760	329.991760	329.991760	329.991760
25.049633	329.991760	329.991760	329.991760	329.991760
25.059013	329.991760	329.991760	329.991760	329.991760
25.068392	329.991760	329.991760	329.991760	329.991760
25.077772	329.991760	329.991760	329.991760	329.991760
25.087152	329.991760	329.991760	329.991760	329.991760
25.096531	329.991760	329.991760	329.991760	329.991760
25.105911	329.991760	329.991760	329.991760	329.991760
25.115292	329.991760	329.991760	329.991760	329.991760
25.124670	329.991760	329.991760	329.991760	329.991760
25.134050	329.991760	329.991760	329.991760	329.991760
25.143431	329.991760	329.991760	329.991760	329.991760
25.152811	329.991760	329.991760	329.991760	329.991760
25.162189	329.991760	329.991760	329.991760	329.991760
25.171570	329.991760	329.991760	329.991760	329.991760
25.180950	329.991760	329.991760	329.991760	329.991760
25.190329	329.991760	329.991760	329.991760	329.991760
25.199709	329.991760	329.991760	329.991760	329.991760
25.209089	329.991760	329.991760	329.991760	329.991760
25.218468	329.991760	329.991760	329.991760	329.991760
25.227848	329.991760	329.991760	329.991760	329.991760
25.237228	329.991760	329.991760	329.991760	329.991760
25.246607	329.991760	329.991760	329.991760	329.991760
25.255987	329.991760	329.991760	329.991760	329.991760
25.265368	329.991760	329.991760	329.991760	329.991760
25.274746	329.991760	329.991760	329.991760	329.991760
25.284126	329.991760	329.991760	329.991760	329.991760
25.293507	329.991760	329.991760	329.991760	329.991760
25.302885	329.991760	329.991760	329.991760	329.991760
25.312265	329.991760	329.991760	329.991760	329.991760
25.321646	329.991760	329.991760	329.991760	329.991760
25.331024	329.991760	329.991760	329.991760	329.991760
25.340405	329.991760	329.991760	329.991760	329.991760
25.349785	329.991760	329.991760	329.991760	329.991760
25.359163	329.991760	329.991760	329.991760	329.991760
25.368544	329.991760	329.991760	329.991760	329.991760
25.377924	329.991760	329.991760	329.991760	329.991760
25.387302	329.991760	329.991760	329.991760	329.991760
25.396683	329.991760	329.991760	329.991760	329.991760
25.406063	329.991760	329.991760	329.991760	329.991760
25.415442	329.991760	329.991760	329.991760	329.991760
25.424822	329.991760	329.991760	329.991760	329.991760
25.434202	329.991760	329.991760	329.991760	329.991760
25.443581	329.991760	329.991760	329.991760	329.991760
25.452961	329.991760	329.991760	329.991760	329.991760
25.462341	329.991760	329.991760	329.991760	329.991760
25.471720	329.991760	329.991760	329.991760	329.991760
25.481100	329.991760	329.991760	329.991760	329.991760
25.490480	329.991760	329.991760	329.991760	329.991760
25.499859	329.991760	329.991760	329.991760	329.991760
25.509239	329.991760	329.991760	329.991760	329.991760
25.518620	329.991760	329.991760	329.991760	329.991760
25.527998	329.991760	329.991760	329.991760	329.991760
25.537378	329.991760	329.991760	329.991760	329.991760
25.546759	329.991760	329.991760	329.991760	329.991760
25.556137	329.991760	329.991760	329.991760	329.991760
25.565517	329.991760	329.991760	329.991760	329.991760
25.574898	329.991760	329.991760	329.991760	329.991760
25.584276	329.991760	329.991760	329.991760	329.991760
25.593657	329.991760	329.991760	329.991760	329.991760
25.603037	329.991760	329.991760	329.991760	329.991760
25.612415	329.991760	329.991760	329.991760	329.991760
25.621796	329.991760	329.991760	329.991760	329.991760
25.631176	329.991760	329.991760	329.991760	329.991760
25.640554	329.991760	329.991760	329.991760	329.991760
25.649935	329.991760	329.991760	329.991760	329.991760
25.659315	329.991760	329.991760	329.991760	329.991760
25.668694	329.991760	329.991760	329.991760	329.991760
25.678074	329.991760	329.991760	329.991760	329.991760
25.687454	329.991760	329.991760	329.991760	329.991760
25.696833	329.991760	329.991760	329.991760	329.991760
25.706213	329.991760	329.991760	329.991760	329.991760
25.715593	329.991760	329.991760	329.991760	329.991760
25.724972	329.991760	329.991760	329.991760	329.991760
25.734352	329.991760	329.991760	329.991760	329.991760
25.743732	329.991760	329.991760	329.991760	329.991760
25.753111	329.991760	329.991760	329.991760	329.991760
25.762491	329.991760	329.991760	329.991760	329.991760
25.771872	329.991760	329.991760	329.991760	329.991760
25.781250	329.991760	329.991760	329.991760	329.991760
25.790630	329.991760	329.991760	329.991760	329.991760
25.800011	329.991760	329.991760	329.991760	329.991760
25.809389	329.991760	329.991760	329.991760	329.991760
25.818769	329.991760	329.991760	329.991760	329.991760
25.828150	329.991760	329.991760	329.991760	329.991760
25.837528	329.991760	329.991760	329.991760	329.991760
25.846909	329.991760	329.991760	329.991760	329.991760
25.856289	329.991760	329.991760	329.991760	329.991760
25.865667	329.991760	329.991760	329.991760	329.991760
25.875048	329.991760	329.991760	329.991760	329.991760
25.884428	329.991760	329.991760	329.991760	329.991760
25.893806	329.991760	329.991760	329.991760	329.991760
25.903187	329.991760	329.991760	329.991760	329.991760
25.912567	329.991760	329.991760	329.991760	329.991760
25.921946	329.991760	329.991760	329.991760	329.991760
25.931326	329.991760	329.991760	329.991760	329.991760
25.940706	329.991760	329.991760	329.991760	329.991760
25.950087	329.991760	329.991760	329.991760	329.991760
25.959465	329.991760	329.991760	329.991760	329.991760
25.968845	329.991760	329.991760	329.991760	329.991760
25.978226	329.991760	329.991760	329.991760	329.991760
25.987604	329.991760	329.991760	329.991760	329.991760
25.996984	329.991760	329.991760	329.991760	329.991760
26.006365	329.991760	329.991760	329.991760	329.991760
26.015743	329.991760	329.991760	329.991760	329.991760
26.025124	329.991760	329.991760	329.991760	329.991760
26.034504	329.991760	329.991760	329.991760	329.991760
26.043882	329.991760	329.991760	329.991760	329.991760
26.053263	329.991760	329.991760	329.991760	329.991760
26.062643	329.991760	329.991760	329.991760	329.991760
26.072021	329.991760	329.991760	329.991760	329.991760
26.081402	329.991760	329.991760	329.991760	329.991760
26.090782	329.991760	329.991760	329.991760	329.991760
26.100161	329.991760	329.991760	329.991760	329.991760
26.109541	329.991760	329.991760	329.991760	329.991760
26.118921	329.991760	329.991760	329.991760	329.991760
26.128300	329.991760	329.991760	329.991760	329.991760
26.137680	329.991760	329.991760	329.991760	329.991760
26.147060	329.991760	329.991760	329.991760	329.991760
26.156439	329.991760	329.991760	329.991760	329.991760
26.165819	329.991760	329.991760	329.991760	329.991760
26.175200	329.991760	329.991760	329.991760	329.991760
26.184578	329.991760	329.991760	329.991760	329.991760
26.193958	329.991760	329.991760	329.991760	329.991760
26.203339	329.991760	329.991760	329.991760	329.991760
26.212717	329.991760	329.991760	329.991760	329.991760
26.222097	329.991760	329.991760	329.991760	329.991760
26.231478	329.991760	329.991760	329.991760	329.991760
26.240856	329.991760	329.991760	329.991760	329.991760
26.250237	329.991760	329.991760	329.991760	329.991760
26.259617	329.991760	329.991760	329.991760	329.991760
26.268995	329.991760	329.991760	329.991760	329.991760
26.278376	329.991760	329.991760	329.991760	329.991760
26.287756	329.991760	329.991760	329.991760	329.991760
26.297134	329.991760	329.991760	329.991760	329.991760
26.306515	329.991760	329.991760	329.991760	329.991760
26.315895	329.991760	329.991760	329.991760	329.991760
26.325274	329.991760	329.991760	329.991760	329.991760
26.334654	329.991760	329.991760	329.991760	329.991760
26.344034	329.991760	329.991760	329.991760	329.991760
26.353413	329.991760	329.991760	329.991760	329.991760
26.362793	329.991760	329.991760	329.991760	329.991760
26.372173	329.991760	329.991760	329.991760	329.991760
26.381552	329.991760	329.991760	329.991760	329.991760
26.390932	329.991760	329.991760	329.991760	329.991760
26.400312	329.991760	329.991760	329.991760	329.991760
26.409691	329.991760	329.991760	329.991760	329.991760
26.419071	329.991760	329.991760	329.991760	329.991760
26.428452	329.991760	329.991760	329.991760	329.991760
26.437830	329.991760	329.991760	329.991760	329.991760
26.447210	329.991760	329.991760	329.991760	329.991760
26.456591	329.991760	329.991760	329.991760	329.991760
26.465969	329.991760	329.991760	329.991760	329.991760
26.475349	329.991760	329.991760	329.991760	329.991760
26.484730	329.991760	329.991760	329.991760	329.991760
26.494108	329.991760	329.991760	329.991760	329.991760
26.503489	329.991760	329.991760	329.991760	329.991760
26.512869	329.991760	329.991760	329.991760	329.991760
26.522247	329.991760	329.991760	329.991760	329.991760
26.531628	329.991760	329.991760	329.991760	329.991760
26.541008	329.991760	329.991760	329.991760	329.991760
26.550386	329.991760	329.991760	329.991760	329.991760
26.559767	329.991760	329.991760	329.991760	329.991760
26.569147	329.991760	329.991760	329.991760	329.991760
26.578526	329.991760	329.991760	329.991760	329.991760
26.587906	329.991760	329.991760	329.991760	329.991760
26.597286	329.991760	329.991760	329.991760	329.991760
26.606665	329.991760	329.991760	329.991760	329.991760
26.616045	329.991760	329.991760	329.991760	329.991760
26.625425	329.991760	329.991760	329.991760	329.991760
26.634804	329.991760	329.991760	329.991760	329.991760
26.644184	329.991760	329.991760	329.991760	329.991760
26.653564	329.991760	329.991760	329.991760	329.991760
26.662943	329.991760	329.991760	329.991760	329.991760
26.672323	329.991760	329.991760	329.991760	329.991760
26.681704	329.991760	329.991760	329.991760	329.991760
26.691082	329.991760	329.991760	329.991760	329.991760
26.700462	329.991760	329.991760	329.991760	329.991760
26.709843	329.991760	329.991760	329.991760	329.991760
26.719221	329.991760	329.991760	329.991760	329.991760
26.728601	329.991760	329.991760	329.991760	329.991760
26.737982	329.991760	329.991760	329.991760	329.991760
26.747360	329.991760	329.991760	329.991760	329.991760
26.756741	329.991760	329.991760	329.991760	329.991760
26.766121	329.991760	329.991760	329.991760	329.991760
26.775501	329.991760	329.991760	329.991760	329.991760
26.784880	329.991760	329.991760	329.991760	329.991760
26.794260	329.991760	329.991760	329.991760	329.991760
26.803640	329.991760	329.991760	329.991760	329.991760
26.813019	329.991760	329.991760	329.991760	329.991760
26.822399	329.991760	329.991760	329.991760	329.991760
26.831779	329.991760	329.991760	329.991760	329.991760
26.841158	329.991760	329.991760	329.991760	329.991760
26.850538	329.991760	329.991760	329.991760	329.991760
26.859919	329.991760	329.991760	329.991760	329.991760
26.869297	329.991760	329.991760	329.991760	329.991760
26.878677	329.991760	329.991760	329.991760	329.991760
26.888058	329.991760	329.991760	329.991760	329.991760
26.897436	329.991760	329.991760	329.991760	329.991760
26.906816	329.991760	329.991760	329.991760	329.991760
26.916197	329.991760	329.991760	329.991760	329.991760
26.925575	329.991760	329.991760	329.991760	329.991760
26.934956	329.991760	329.991760	329.991760	329.991760
26.944336	329.991760	329.991760	329.991760	329.991760
26.953714	329.991760	329.991760	329.991760	329.991760
26.963095	329.991760	329.991760	329.991760	329.991760
26.972475	329.991760	329.991760	329.991760	329.991760
26.981853	329.991760	329.991760	329.991760	329.991760
26.991234	329.991760	329.991760	329.991760	329.991760
27.000614	329.991760	329.991760	329.991760	329.991760
27.009993	329.991760	329.991760	329.991760	329.991760
27.019373	329.991760	329.991760	329.991760	329.991760
27.028753	329.991760	329.991760	329.991760	329.991760
27.038132	329.991760	329.991760	329.991760	329.991760
27.047512	329.991760	329.991760	329.991760	329.991760
27.056892	329.991760	329.991760	329.991760	329.991760
27.066271	329.991760	329.991760	329.991760	329.991760
27.075651	329.991760	329.991760	329.991760	329.991760
27.085032	329.991760	329.991760	329.991760	329.991760
27.094410	329.991760	329.991760	329.991760	329.991760
27.103790	329.991760	329.991760	329.991760	329.991760
27.113171	329.991760	329.991760	329.991760	329.991760
27.122549	329.991760	329.991760	329.991760	329.991760
27.131929	329.991760	329.991760	329.991760	329.991760
27.141310	329.991760	329.991760	329.991760	329.991760
27.150688	329.991760	329.991760	329.991760	329.991760
27.160069	329.991760	329.991760	329.991760	329.991760
27.169449	329.991760	329.991760	329.991760	329.991760
27.178827	329.991760	329.991760	329.991760	329.991760
27.188208	329.991760	329.991760	329.991760	329.991760
27.197588	329.991760	329.991760	329.991760	329.991760
27.206966	329.991760	329.991760	329.991760	329.991760
27.216347	329.991760	329.991760	329.991760	329.991760
27.225727	329.991760	329.991760	329.991760	329.991760
27.235106	329.991760	329.991760	329.991760	329.991760
27.244486	329.991760	329.991760	329.991760	329.991760
27.253866	329.991760	329.991760	329.991760	329.991760
27.263245	329.991760	329.991760	329.991760	329.991760
27.272625	329.991760	329.991760	329.991760	329.991760
27.282005	329.991760	329.991760	329.991760	329.991760
27.291384	329.991760	329.991760	329.991760	329.991760
27.300764	329.991760	329.991760	329.991760	329.991760
27.310144	329.991760	329.991760	329.991760	329.991760
27.319523	329.991760	329.991760	329.991760	329.991760
27.328903	329.991760	329.991760	329.991760	329.991760
27.338284	329.991760	329.991760	329.991760	329.991760
27.347662	329.991760	329.991760	329.991760	329.991760
27.357042	329.991760	329.991760	329.991760	329.991760
27.366423	329.991760	329.991760	329.991760	329.991760
27.375801	329.991760	329.991760	329.991760	329.991760
27.385181	329.991760	329.991760	329.991760	329.991760
27.394562	329.991760	329.991760	329.991760	329.991760
27.403940	329.991760	329.991760	329.991760	329.991760
27.413321	329.991760	329.991760	329.991760	329.991760
27.422701	329.991760	329.991760	329.991760	329.991760
27.432079	329.991760	329.991760	329.991760	329.991760
27.441460	329.991760	329.991760	329.991760	329.991760
27.450840	329.991760	329.991760	329.991760	329.991760
27.460218	329.991760	329.991760	329.991760	329.991760
27.469599	329.991760	329.991760	329.991760	329.991760
27.478979	329.991760	329.991760	329.991760	329.991760
27.488358	329.991760	329.991760	329.991760	329.991760
27.497738	329.991760	329.991760	329.991760	329.991760
27.507118	329.991760	329.991760	329.991760	329.991760
27.516497	329.991760	329.991760	329.991760	329.991760
27.525877	329.991760	329.991760	329.991760	329.991760
27.535257	329.991760	329.991760	329.991760	329.991760
27.544636	329.991760	329.991760	329.991760	329.991760
27.554016	329.991760	329.991760	329.991760	329.991760
27.563396	329.991760	329.991760	329.991760	329.991760
27.572777	329.991760	329.991760	329.991760	329.991760
27.582155	329.991760	329.991760	329.991760	329.991760
27.591536	329.991760	329.991760	329.991760	329.991760
27.600916	329.991760	329.991760	329.991760	329.991760
27.610294	329.991760	329.991760	329.991760	329.991760
27.619675	329.991760	329.991760	329.991760	329.991760
27.629055	329.991760	329.991760	329.991760	329.991760
27.638433	329.991760	329.991760	329.991760	329.991760
27.647814	329.991760	329.991760	329.991760	329.991760
27.657194	329.991760	329.991760	329.991760	329.991760
27.666573	329.991760	329.991760	329.991760	329.991760
27.675953	329.991760	329.991760	329.991760	329.991760
27.685333	329.991760	329.991760	329.991760	329.991760
27.694712	329.991760	329.991760	329.991760	329.991760
27.704092	329.991760	329.991760	329.991760	329.991760
27.713472	329.991760	329.991760	329.991760	329.991760
27.722851	329.991760	329.991760	329.991760	329.991760
27.732231	329.991760	329.991760	329.991760	329.991760
27.741611	329.991760	329.991760	329.991760	329.991760
27.750990	329.991760	329.991760	329.991760	329.991760
27.760370	329.991760	329.991760	329.991760	329.991760
27.769751	329.991760	329.991760	329.991760	329.991760
27.779129	329.991760	329.991760	329.991760	329.991760
27.788509	329.991760	329.991760	329.991760	329.991760
27.797890	329.991760	329.991760	329.991760	329.991760
27.807268	329.991760	329.991760	329.991760	329.991760
27.816648	329.991760	329.991760	329.991760	329.991760
27.826029	329.991760	329.991760	329.991760	329.991760
27.835407	329.991760	329.991760	329.991760	329.991760
27.844788	329.991760	329.991760	329.991760	329.991760
27.854168	329.991760	329.991760	329.991760	329.991760
27.863546	329.991760	329.991760	329.991760	329.991760
27.872927	329.991760	329.991760	329.991760	329.991760
27.882307	329.991760	329.991760	329.991760	329.991760
27.891685	329.991760	329.991760	329.991760	329.991760
27.901066	329.991760	329.991760	329.991760	329.991760
27.910446	329.991760	329.991760	329.991760	329.991760
27.919825	329.991760	329.991760	329.991760	329.991760
27.929205	329.991760	329.991760	329.991760	329.991760
27.938585	329.991760	329.991760	329.991760	329.991760
27.947964	329.991760	329.991760	329.991760	329.991760
27.957344	329.991760	329.991760	329.991760	329.991760
27.966724	329.991760	329.991760	329.991760	329.991760
27.976103	329.991760	329.991760	329.991760	329.991760
27.985483	329.991760	329.991760	329.991760	329.991760
27.994864	329.991760	329.991760	329.991760	329.991760
28.004242	329.991760	329.991760	329.991760	329.991760
28.013622	329.991760	329.991760	329.991760	329.991760
28.023003	329.991760	329.991760	329.991760	329.991760
28.032381	329.991760	329.991760	329.991760	329.991760
28.041761	329.991760	329.991760	329.991760	329.991760
28.051142	329.991760	329.991760	329.991760	329.991760
28.060520	329.991760	329.991760	329.991760	329.991760
28.069901	329.991760	329.991760	329.991760	329.991760
28.079281	329.991760	329.991760	329.991760	329.991760
28.088659	329.991760	329.991760	329.991760	329.991760
28.098040	329.991760	329.991760	329.991760	329.991760
28.107420	329.991760	329.991760	329.991760	329.991760
28.116798	329.991760	329.991760	329.991760	329.991760
28.126179	329.991760	329.991760	329.991760	329.991760
28.135559	329.991760	329.991760	329.991760	329.991760
28.144938	329.991760	329.991760	329.991760	329.991760
28.154318	329.991760	329.991760	329.991760	329.991760
28.163698	329.991760	329.991760	329.991760	329.991760
28.173077	329.991760	329.991760	329.991760	329.991760
28.182457	329.991760	329.991760	329.991760	329.991760
28.191837	329.991760	329.991760	329.991760	329.991760
28.201216	329.991760	329.991760	329.991760	329.991760
28.210596	329.991760	329.991760	329.991760	329.991760
28.219976	329.991760	329.991760	329.991760	329.991760
28.229355	329.991760	329.991760	329.991760	329.991760
28.238735	329.991760	329.991760	329.991760	329.991760
28.248116	329.991760	329.991760	329.991760	329.991760
28.257494	329.991760	329.991760	329.991760	329.991760
28.266874	329.991760	329.991760	329.991760	329.991760
28.276255	329.991760	329.991760	329.991760	329.991760
28.285633	329.991760	329.991760	329.991760	329.991760
28.295013	329.991760	329.991760	329.991760	329.991760
28.304394	329.991760	329.991760	329.991760	329.991760
28.313772	329.991760	329.991760	329.991760	329.991760
28.323153	329.991760	329.991760	329.991760	329.991760
28.332533	329.991760	329.991760	329.991760	329.991760
28.341911	329.991760	329.991760	329.991760	329.991760
28.351292	329.991760	329.991760	329.991760	329.991760
28.360672	329.991760	329.991760	329.991760	329.991760
28.370052	329.991760	329.991760	329.991760	329.991760
28.379431	329.991760	329.991760	329.991760	329.991760
28.388811	329.991760	329.991760	329.991760	329.991760
28.398191	329.991760	329.991760	329.991760	329.991760
28.407570	329.991760	329.991760	329.991760	329.991760
28.416950	329.991760	329.991760	329.991760	329.991760
28.426331	329.991760	329.991760	329.991760	329.991760
28.435709	329.991760	329.991760	329.991760	329.991760
28.445089	329.991760	329.991760	329.991760	329.991760
28.454470	329.991760	329.991760	329.991760	329.991760
28.463848	329.991760	329.991760	329.991760	329.991760
28.473228	329.991760	329.991760	329.991760	329.991760
28.482609	329.991760	329.991760	329.991760	329.991760
28.491987	329.991760	329.991760	329.991760	329.991760
28.501368	329.991760	329.991760	329.991760	329.991760
28.510748	329.991760	329.991760	329.991760	329.991760
28.520126	329.991760	329.991760	329.991760	329.991760
28.529507	329.991760	329.991760	329.991760	329.991760
28.538887	329.991760	329.991760	329.991760	329.991760
28.548265	329.991760	329.991760	329.991760	329.991760
28.557646	329.991760	329.991760	329.991760	329.991760
28.567026	329.991760	329.991760	329.991760	329.991760
28.576405	329.991760	329.991760	329.991760	329.991760
28.585785	329.991760	329.991760	329.991760	329.991760
28.595165	329.991760	329.991760	329.991760	329.991760
28.604544	329.991760	329.991760	329.991760	329.991760
28.613924	329.991760	329.991760	329.991760	329.991760
28.623304	329.991760	329.991760	329.991760	329.991760
28.632683	329.991760	329.991760	329.991760	329.991760
28.642063	329.991760	329.991760	329.991760	329.991760
28.651443	329.991760	329.991760	329.991760	329.991760
28.660822	329.991760	329.991760	329.991760	329.991760
28.670202	329.991760	329.991760	329.991760	329.991760
28.679583	329.991760	329.991760	329.991760	329.991760
28.688961	329.991760	329.991760	329.991760	329.991760
28.698341	329.991760	329.991760	329.991760	329.991760
28.707722	329.991760	329.991760	329.991760	329.991760
28.717100	329.991760	329.991760	329.991760	329.991760
28.726480	329.991760	329.991760	329.991760	329.991760
28.735861	329.991760	329.991760	329.991760	329.991760
28.745239	329.991760	329.991760	329.991760	329.991760
28.754620	329.991760	329.991760	329.991760	329.991760
28.764000	329.991760	329.991760	329.991760	329.991760
28.773378	329.991760	329.991760	329.991760	329.991760
28.782759	329.991760	329.991760	329.991760	329.991760
28.792139	329.991760	329.991760	329.991760	329.991760
28.801517	329.991760	329.991760	329.991760	329.991760
28.810898	329.991760	329.991760	329.991760	329.991760
28.820278	329.991760	329.991760	329.991760	329.991760
28.829657	329.991760	329.991760	329.991760	329.991760
28.839037	329.991760	329.991760	329.991760	329.991760
28.848417	329.991760	329.991760	329.991760	329.991760
28.857796	329.991760	329.991760	329.991760	329.991760
28.867176	329.991760	329.991760	329.991760	329.991760
28.876556	329.991760	329.991760	329.991760	329.991760
28.885935	329.991760	329.991760	329.991760	329.991760
28.895315	329.991760	329.991760	329.991760	329.991760
28.904696	329.991760	329.991760	329.991760	329.991760
28.914074	329.991760	329.991760	329.991760	329.991760
28.923454	329.991760	329.991760	329.991760	329.991760
28.932835	329.991760	329.991760	329.991760	329.991760
28.942213	329.991760	329.991760	329.991760	329.991760
28.951593	329.991760	329.991760	329.991760	329.991760
28.960974	329.991760	329.991760	329.991760	329.991760
28.970352	329.991760	329.991760	329.991760	329.991760
28.979733	329.991760	329.991760	329.991760	329.991760
28.989113	329.991760	329.991760	329.991760	329.991760
28.998491	329.991760	329.991760	329.991760	329.991760
29.007872	329.991760	329.991760	329.991760	329.991760
29.017252	329.991760	329.991760	329.991760	329.991760
29.026630	329.991760	329.991760	329.991760	329.991760
29.036011	329.991760	329.991760	329.991760	329.991760
29.045391	329.991760	329.991760	329.991760	329.991760
29.054770	329.991760	329.991760	329.991760	329.991760
29.064150	329.991760	329.991760	329.991760	329.991760
29.073530	329.991760	329.991760	329.991760	329.991760
29.082909	329.991760	329.991760	329.991760	329.991760
29.092289	329.991760	329.991760	329.991760	329.991760
29.101669	329.991760	329.991760	329.991760	329.991760
29.111048	329.991760	329.991760	329.991760	329.991760
29.120428	329.991760	329.991760	329.991760	329.991760
29.129808	329.991760	329.991760	329.991760	329.991760
29.139187	329.991760	329.991760	329.991760	329.991760
29.148567	329.991760	329.991760	329.991760	329.991760
29.157948	329.991760	329.991760	329.991760	329.991760
29.167326	329.991760	329.991760	329.991760	329.991760
29.176706	329.991760	329.991760	329.991760	329.991760
29.186087	329.991760	329.991760	329.991760	329.991760
29.195467	329.991760	329.991760	329.991760	329.991760
29.204845	329.991760	329.991760	329.991760	329.991760
29.214226	329.991760	329.991760	329.991760	329.991760
29.223606	329.991760	329.991760	329.991760	329.991760
29.232985	329.991760	329.991760	329.991760	329.991760
29.242365	329.991760	329.991760	329.991760	329.991760
29.251745	329.991760	329.991760	329.991760	329.991760
29.261124	329.991760	329.991760	329.991760	329.991760
29.270504	329.991760	329.991760	329.991760	329.991760
29.279884	329.991760	329.991760	329.991760	329.991760
29.289263	329.991760	329.991760	329.991760	329.991760
29.298643	329.991760	329.991760	329.991760	329.991760
29.308023	329.991760	329.991760	329.991760	329.991760
29.317402	329.991760	329.991760	329.991760	329.991760
29.326782	329.991760	329.991760	329.991760	329.991760
29.336163	329.991760	329.991760	329.991760	329.991760
29.345541	329.991760	329.991760	329.991760	329.991760
29.354921	329.991760	329.991760	329.991760	329.991760
29.364302	329.991760	329.991760	329.991760	329.991760
29.373680	329.991760	329.991760	329.991760	329.991760
29.383060	329.991760	329.991760	329.991760	329.991760
29.392441	329.991760	329.991760	329.991760	329.991760
29.401819	329.991760	329.991760	329.991760	329.991760
29.411200	329.991760	329.991760	329.991760	329.991760
29.420580	329.991760	329.991760	329.991760	329.991760
29.429958	329.991760	329.991760	329.991760	329.991760
29.439339	329.991760	329.991760	329.991760	329.991760
29.448719	329.991760	329.991760	329.991760	329.991760
29.458097	329.991760	329.991760	329.991760	329.991760
29.467478	329.991760	329.991760	329.991760	329.991760
29.476858	329.991760	329.991760	329.991760	329.991760
29.486237	329.991760	329.991760	329.991760	329.991760
29.495617	329.991760	329.991760	329.991760	329.991760
29.504997	329.991760	329.991760	329.991760	329.991760
29.514376	329.991760	329.991760	329.991760	329.991760
29.523756	329.991760	329.991760	329.991760	329.991760
29.533136	329.991760	329.991760	329.991760	329.991760
29.542515	329.991760	329.991760	329.991760	329.991760
29.551895	329.991760	329.991760	329.991760	329.991760
29.561275	329.991760	329.991760	329.991760	329.991760
29.570654	329.991760	329.991760	329.991760	329.991760
29.580034	329.991760	329.991760	329.991760	329.991760
29.589415	329.991760	329.991760	329.991760	329.991760
29.598793	329.991760	329.991760	329.991760	329.991760
29.608173	329.991760	329.991760	329.991760	329.991760
29.617554	329.991760	329.991760	329.991760	329.991760
29.626932	329.991760	329.991760	329.991760	329.991760
29.636312	329.991760	329.991760	329.991760	329.991760
29.645693	329.991760	329.991760	329.991760	329.991760
29.655071	329.991760	329.991760	329.991760	329.991760
29.664452	329.991760	329.991760	329.991760	329.991760
29.673832	329.991760	329.991760	329.991760	329.991760
29.683210	329.991760	329.991760	329.991760	329.991760
29.692591	329.991760	329.991760	329.991760	329.991760
29.701971	329.991760	329.991760	329.991760	329.991760
29.711349	329.991760	329.991760	329.991760	329.991760
29.720730	329.991760	329.991760	329.991760	329.991760
29.730110	329.991760	329.991760	329.991760	329.991760
29.739489	329.991760	329.991760	329.991760	329.991760
29.748869	329.991760	329.991760	329.991760	329.991760
29.758249	329.991760	329.991760	329.991760	329.991760
29.767628	329.991760	329.991760	329.991760	329.991760
29.777008	329.991760	329.991760	329.991760	329.991760
29.786388	329.991760	329.991760	329.991760	329.991760
29.795767	329.991760	329.991760	329.991760	329.991760
29.805147	329.991760	329.991760	329.991760	329.991760
29.814528	329.991760	329.991760	329.991760	329.991760
29.823906	329.991760	329.991760	329.991760	329.991760
29.833286	329.991760	329.991760	329.991760	329.991760
29.842667	329.991760	329.991760	329.991760	329.991760
29.852045	329.991760	329.991760	329.991760	329.991760
29.861425	329.991760	329.991760	329.991760	329.991760
29.870806	329.991760	329.991760	329.991760	329.991760
29.880184	329.991760	329.991760	329.991760	329.991760
29.889565	329.991760	329.991760	329.991760	329.991760
29.898945	329.991760	329.991760	329.991760	329.991760
29.908323	329.991760	329.991760	329.991760	329.991760
29.917704	329.991760	329.991760	329.991760	329.991760
29.927084	329.991760	329.991760	329.991760	329.991760
29.936462	329.991760	329.991760	329.991760	329.991760
29.945843	329.991760	329.991760	329.991760	329.991760
29.955223	329.991760	329.991760	329.991760	329.991760
29.964602	329.991760	329.991760	329.991760	329.991760
29.973982	329.991760	329.991760	329.991760	329.991760
29.983362	329.991760	329.991760	329.991760	329.991760
29.992743	329.991760	329.991760	329.991760	329.991760
30.002121	329.991760	329.991760	329.991760	329.991760
30.011501	329.991760	329.991760	329.991760	329.991760
30.020882	329.991760	329.991760	329.991760	329.991760
30.030260	329.991760	329.991760	329.991760	329.991760
30.039640	329.991760	329.991760	329.991760	329.991760
30.049021	329.991760	329.991760	329.991760	329.991760
30.058399	329.991760	329.991760	329.991760	329.991760
30.067780	329.991760	329.991760	329.991760	329.991760
30.077160	329.991760	329.991760	329.991760	329.991760
30.086538	329.991760	329.991760	329.991760	329.991760
30.095919	329.991760	329.991760	329.991760	329.991760
30.105299	329.991760	329.991760	329.991760	329.991760
30.114677	329.991760	329.991760	329.991760	329.991760
30.124058	329.991760	329.991760	329.991760	329.991760
30.133438	329.991760	329.991760	329.991760	329.991760
30.142817	329.991760	329.991760	329.991760	329.991760
30.152197	329.991760	329.991760	329.991760	329.991760
30.161577	329.991760	329.991760	329.991760	329.991760
30.170956	329.991760	329.991760	329.991760	329.991760
30.180336	329.991760	329.991760	329.991760	329.991760
30.189716	329.991760	329.991760	329.991760	329.991760
30.199095	329.991760	329.991760	329.991760	329.991760
30.208475	329.991760	329.991760	329.991760	329.991760
30.217855	329.991760	329.991760	329.991760	329.991760
30.227234	329.991760	329.991760	329.991760	329.991760
30.236614	329.991760	329.991760	329.991760	329.991760
30.245995	329.991760	329.991760	329.991760	329.991760
30.255373	329.991760	329.991760	329.991760	329.991760
30.264753	329.991760	329.991760	329.991760	329.991760
30.274134	329.991760	329.991760	329.991760	329.991760
30.283512	329.991760	329.991760	329.991760	329.991760
30.292892	329.991760	329.991760	329.991760	329.991760
30.302273	329.991760	329.991760	329.991760	329.991760
30.311651	329.991760	329.991760	329.991760	329.991760
30.321032	329.991760	329.991760	329.991760	329.991760
30.330412	329.991760	329.991760	329.991760	329.991760
30.339790	329.991760	329.991760	329.991760	329.991760
30.349171	329.991760	329.991760	329.991760	329.991760
30.358551	329.991760	329.991760	329.991760	329.991760
30.367929	329.991760	329.991760	329.991760	329.991760
30.377310	329.991760	329.991760	329.991760	329.991760
30.386690	329.991760	329.991760	329.991760	329.991760
30.396069	329.991760	329.991760	329.991760	329.991760
30.405449	329.991760	329.991760	329.991760	329.991760
30.414829	329.991760	329.991760	329.991760	329.991760
30.424208	329.991760	329.991760	329.991760	329.991760
30.433588	329.991760	329.991760	329.991760	329.991760
30.442968	329.991760	329.991760	329.991760	329.991760
30.452347	329.991760	329.991760	329.991760	329.991760
30.461727	329.991760	329.991760	329.991760	329.991760
30.471107	329.991760	329.991760	329.991760	329.991760
30.480486	329.991760	329.991760	329.991760	329.991760
30.489866	329.991760	329.991760	329.991760	329.991760
30.499247	329.991760	329.991760	329.991760	329.991760
30.508625	329.991760	329.991760	329.991760	329.991760
30.518005	329.991760	329.991760	329.991760	329.991760
30.527386	329.991760	329.991760	329.991760	329.991760
30.536764	329.991760	329.991760	329.991760	329.991760
30.546144	329.991760	329.991760	329.991760	329.991760
30.555525	329.991760	329.991760	329.991760	329.991760
30.564903	329.991760	329.991760	329.991760	329.991760
30.574284	329.991760	329.991760	329.991760	329.991760
30.583664	329.991760	329.991760	329.991760	329.991760
30.593042	329.991760	329.991760	329.991760	329.991760
30.602423	329.991760	329.991760	329.991760	329.991760
30.611803	329.991760	329.991760	329.991760	329.991760
30.621181	329.991760	329.991760	329.991760	329.991760
30.630562	329.991760	329.991760	329.991760	329.991760
30.639942	329.991760	329.991760	329.991760	329.991760
30.649321	329.991760	329.991760	329.991760	329.991760
30.658701	329.991760	329.991760	329.991760	329.991760
30.668081	329.991760	329.991760	329.991760	329.991760
30.677460	329.991760	329.991760	329.991760	329.991760
30.686840	329.991760	329.991760	329.991760	329.991760
30.696220	329.991760	329.991760	329.991760	329.991760
30.705599	329.991760	329.991760	329.991760	329.991760
30.714979	329.991760	329.991760	329.991760	329.991760
30.724360	329.991760	329.991760	329.991760	329.991760
30.733738	329.991760	329.991760	329.991760	329.991760
30.743118	329.991760	329.991760	329.991760	329.991760
30.752499	329.991760	329.991760	329.991760	329.991760
30.761877	329.991760	329.991760	329.991760	329.991760
30.771257	329.991760	329.991760	329.991760	329.991760
30.780638	329.991760	329.991760	329.991760	329.991760
30.790018	329.991760	329.991760	329.991760	329.991760
30.799397	329.991760	329.991760	329.991760	329.991760
30.808777	329.991760	329.991760	329.991760	329.991760
30.818157	329.991760	329.991760	329.991760	329.991760
30.827536	329.991760	329.991760	329.991760	329.991760
30.836916	329.991760	329.991760	329.991760	329.991760
30.846296	329.991760	329.991760	329.991760	329.991760
30.855675	329.991760	329.991760	329.991760	329.991760
30.865055	329.991760	329.991760	329.991760	329.991760
30.874435	329.991760	329.991760	329.991760	329.991760
30.883814	329.991760	329.991760	329.991760	329.991760
30.893194	329.991760	329.991760	329.991760	329.991760
30.902575	329.991760	329.991760	329.991760	329.991760
30.911953	329.991760	329.991760	329.991760	329.991760
30.921333	329.991760	329.991760	329.991760	329.991760
30.930714	329.991760	329.991760	329.991760	329.991760
30.940092	329.991760	329.991760	329.991760	329.991760
30.949472	329.991760	329.991760	329.991760	329.991760
30.958853	329.991760	329.991760	329.991760	329.991760
30.968231	329.991760	329.991760	329.991760	329.991760
30.977612	329.991760	329.991760	329.991760	329.991760
30.986992	329.991760	329.991760	329.991760	329.991760
30.996370	329.991760	329.991760	329.991760	329.991760
31.005751	329.991760	329.991760	329.991760	329.991760
31.015131	329.991760	329.991760	329.991760	329.991760
31.024509	329.991760	329.991760	329.991760	329.991760
31.033890	329.991760	329.991760	329.991760	329.991760
31.043270	329.991760	329.991760	329.991760	329.991760
31.052649	329.991760	329.991760	329.991760	329.991760
31.062029	329.991760	329.991760	329.991760	329.991760
31.071409	329.991760	329.991760	329.991760	329.991760
31.080788	329.991760	329.991760	329.991760	329.991760
31.090168	329.991760	329.991760	329.991760	329.991760
31.099548	329.991760	329.991760	329.991760	329.991760
31.108927	329.991760	329.991760	329.991760	329.991760
31.118307	329.991760	329.991760	329.991760	329.991760
31.127687	329.991760	329.991760	329.991760	329.991760
31.137066	329.991760	329.991760	329.991760	329.991760
31.146446	329.991760	329.991760	329.991760	329.991760
31.155827	329.991760	329.991760	329.991760	329.991760
31.165205	329.991760	329.991760	329.991760	329.991760
31.174585	329.991760	329.991760	329.991760	329.991760
31.183966	329.991760	329.991760	329.991760	329.991760
31.193344	329.991760	329.991760	329.991760	329.991760
31.202724	329.991760	329.991760	329.991760	329.991760
31.212105	329.991760	329.991760	329.991760	329.991760
31.221483	329.991760	329.991760	329.991760	329.991760
31.230864	329.991760	329.991760	329.991760	329.991760
31.240244	329.991760	329.991760	329.991760	329.991760
31.249622	329.991760	329.991760	329.991760	329.991760
31.259003	329.991760	329.991760	329.991760	329.991760
31.268383	329.991760	329.991760	329.991760	329.991760
31.277761	329.991760	329.991760	329.991760	329.991760
31.287142	329.991760	329.991760	329.991760	329.991760
31.296522	329.991760	329.991760	329.991760	329.991760
31.305901	329.991760	329.991760	329.991760	329.991760
31.315281	329.991760	329.991760	329.991760	329.991760
31.324661	329.991760	329.991760	329.991760	329.991760
31.334040	329.991760	329.991760	329.991760	329.991760
31.343420	329.991760	329.991760	329.991760	329.991760
31.352800	329.991760	329.991760	329.991760	329.991760
31.362179	329.991760	329.991760	329.991760	329.991760
31.371559	329.991760	329.991760	329.991760	329.991760
31.380939	329.991760	329.991760	329.991760	329.991760
31.390318	329.991760	329.991760	329.991760	329.991760
31.399698	329.991760	329.991760	329.991760	329.991760
31.409079	329.991760	329.991760	329.991760	329.991760
31.418457	329.991760	329.991760	329.991760	329.991760
31.427837	329.991760	329.991760	329.991760	329.991760
31.437218	329.991760	329.991760	329.991760	329.991760
31.446596	329.991760	329.991760	329.991760	329.991760
31.455976	329.991760	329.991760	329.991760	329.991760
31.465357	329.991760	329.991760	329.991760	329.991760
31.474735	329.991760	329.991760	329.991760	329.991760
31.484116	329.991760	329.991760	329.991760	329.991760
31.493496	329.991760	329.991760	329.991760	329.991760
31.502874	329.991760	329.991760	329.991760	329.991760
31.512255	329.991760	329.991760	329.991760	329.991760
31.521635	329.991760	329.991760	329.991760	329.991760
31.531013	329.991760	329.991760	329.991760	329.991760
31.540394	329.991760	329.991760	329.991760	329.991760
31.549774	329.991760	329.991760	329.991760	329.991760
31.559153	329.991760	329.991760	329.991760	329.991760
31.568533	329.991760	329.991760	329.991760	329.991760
31.577913	329.991760	329.991760	329.991760	329.991760
31.587292	329.991760	329.991760	329.991760	329.991760
31.596672	329.991760	329.991760	329.991760	329.991760
31.606052	329.991760	329.991760	329.991760	329.991760
31.615433	329.991760	329.991760	329.991760	329.991760
31.624811	329.991760	329.991760	329.991760	329.991760
31.634192	329.991760	329.991760	329.991760	329.991760
31.643572	329.991760	329.991760	329.991760	329.991760
31.652950	329.991760	329.991760	329.991760	329.991760
31.662331	329.991760	329.991760	329.991760	329.991760
31.671711	329.991760	329.991760	329.991760	329.991760
31.681089	329.991760	329.991760	329.991760	329.991760
31.690470	329.991760	329.991760	329.991760	329.991760
31.699850	329.991760	329.991760	329.991760	329.991760
31.709229	329.991760	329.991760	329.991760	329.991760
31.718609	329.991760	329.991760	329.991760	329.991760
31.727989	329.991760	329.991760	329.991760	329.991760
31.737368	329.991760	329.991760	329.991760	329.991760
31.746748	329.991760	329.991760	329.991760	329.991760
31.756128	329.991760	329.991760	329.991760	329.991760
31.765507	329.991760	329.991760	329.991760	329.991760
31.774887	329.991760	329.991760	329.991760	329.991760
31.784267	329.991760	329.991760	329.991760	329.991760
31.793646	329.991760	329.991760	329.991760	329.991760
31.803026	329.991760	329.991760	329.991760	329.991760
31.812407	329.991760	329.991760	329.991760	329.991760
31.821785	329.991760	329.991760	329.991760	329.991760
31.831165	329.991760	329.991760	329.991760	329.991760
31.840546	329.991760	329.991760	329.991760	329.991760
31.849924	329.991760	329.991760	329.991760	329.991760
31.859304	329.991760	329.991760	329.991760	329.991760
31.868685	329.991760	329.991760	329.991760	329.991760
31.878063	329.991760	329.991760	329.991760	329.991760
31.887444	329.991760	329.991760	329.991760	329.991760
31.896824	329.991760	329.991760	329.991760	329.991760
31.906202	329.991760	329.991760	329.991760	329.991760
31.915583	329.991760	329.991760	329.991760	329.991760
31.924963	329.991760	329.991760	329.991760	329.991760
31.934341	329.991760	329.991760	329.991760	329.991760
31.943722	329.991760	329.991760	329.991760	329.991760
31.953102	329.991760	329.991760	329.991760	329.991760
31.962481	329.991760	329.991760	329.991760	329.991760
31.971861	329.991760	329.991760	329.991760	329.991760
31.981241	329.991760	329.991760	329.991760	329.991760
31.990620	329.991760	329.991760	329.991760	329.991760
