21.940655	0.000000	-0.060439	0.030160	0.050306
21.979643	0.000000	-0.070512	0.020087	0.060380
22.018633	0.000000	-0.070512	0.010014	0.060380
22.057623	0.000000	-0.070512	0.020087	0.070453
22.096613	0.000000	-0.080585	0.020087	0.080526
22.135603	0.000000	-0.090659	0.020087	0.080526
22.174593	0.000000	-0.090659	0.030160	0.080526
22.213581	0.000000	-0.100732	0.040233	0.070453
22.252571	0.000000	-0.100732	0.040233	0.080526
22.291561	0.000000	-0.100732	0.050306	0.080526
22.330551	0.000000	-0.100732	0.040233	0.080526
22.369541	-0.010073	-0.110805	0.040233	0.080526
22.408531	-0.020146	-0.130951	0.040233	0.080526
22.447521	-0.020146	-0.141025	0.040233	0.090599
22.486509	-0.030220	-0.141025	0.040233	0.090599
22.525499	-0.030220	-0.151098	0.040233	0.100672
22.564489	-0.030220	-0.151098	0.050306	0.100672
22.603479	-0.030220	-0.161171	0.050306	0.110745
22.642469	-0.030220	-0.171244	0.050306	0.110745
22.681459	-0.040293	-0.181317	0.040233	0.120819
22.720448	-0.040293	-0.191391	0.040233	0.120819
22.759438	-0.050366	-0.201464	0.050306	0.120819
22.798428	-0.050366	-0.211537	0.050306	0.130892
22.837418	-0.050366	-0.221610	0.060380	0.130892
22.876408	-0.050366	-0.231683	0.060380	0.130892
22.915398	-0.050366	-0.241756	0.060380	0.130892
22.954386	-0.050366	-0.251830	0.070453	0.140965
22.993376	-0.060439	-0.261843	0.070453	0.140965
23.032366	-0.070512	-0.261843	0.060380	0.151038
23.071356	-0.070512	-0.271916	0.060380	0.161111
23.110346	-0.080585	-0.281990	0.060380	0.181258
23.149336	-0.080585	-0.302136	0.060380	0.191331
23.188324	-0.090659	-0.322282	0.060380	0.191331
23.227314	-0.090659	-0.332355	0.060380	0.191331
23.266304	-0.100732	-0.352502	0.060380	0.201404
23.305294	-0.100732	-0.362575	0.060380	0.211477
23.344284	-0.110805	-0.382721	0.070453	0.221550
23.383274	-0.120878	-0.412941	0.060380	0.231624
23.422262	-0.120878	-0.433087	0.060380	0.241697
23.461252	-0.120878	-0.463307	0.070453	0.261784
23.500242	-0.130951	-0.493526	0.090599	0.271857
23.539232	-0.130951	-0.523686	0.110745	0.281930
23.578222	-0.141025	-0.553906	0.110745	0.292003
23.617212	-0.141025	-0.594199	0.110745	0.312150
23.656202	-0.151098	-0.624418	0.110745	0.332296
23.695190	-0.161171	-0.664711	0.110745	0.362515
23.734180	-0.171244	-0.725150	0.110745	0.382662
23.773170	-0.181317	-0.785530	0.110745	0.402808
23.812160	-0.191391	-0.845969	0.110745	0.433028
23.851151	-0.211537	-0.926554	0.110745	0.473320
23.890141	-0.221610	-1.017213	0.130892	0.503540
23.929129	-0.221610	-1.117885	0.140965	0.543773
23.968119	-0.231683	-1.238763	0.140965	0.604212
24.007109	-0.241756	-1.379728	0.151038	0.684798
24.046099	-0.251830	-1.560986	0.161111	0.785470
24.085089	-0.261843	-1.772523	0.171185	0.906348
24.124079	-0.281990	-2.044439	0.171185	1.047313
24.163067	-0.292063	-2.376735	0.171185	1.238704
24.202057	-0.302136	-2.779603	0.171185	1.490474
24.241047	-0.302136	-3.252923	0.181258	1.792610
24.280037	-0.312209	-3.806829	0.201404	2.155125
24.319027	-0.332355	-4.441261	0.201404	2.578139
24.358017	-0.342429	-5.105972	0.201404	3.051460
24.397005	-0.362575	-5.800843	0.201404	3.555000
24.435995	-0.372648	-6.475568	0.211477	4.048467
24.474985	-0.392795	-7.089913	0.221550	4.481494
24.513975	-0.412941	-7.603526	0.231624	4.823923
24.552965	-0.433087	-7.956028	0.241697	5.045474
24.591955	-0.453234	-8.177578	0.261784	5.136132
24.630943	-0.483453	-8.288324	0.271857	5.136132
24.669933	-0.513673	-8.318543	0.292003	5.065620
24.708923	-0.543833	-8.268177	0.302076	4.944742
24.747913	-0.574052	-8.086920	0.312150	4.753411
24.786903	-0.594199	-7.764637	0.322223	4.481494
24.825893	-0.634491	-7.240951	0.342369	4.108906
24.864883	-0.674784	-6.495714	0.362515	3.605366
24.903872	-0.715077	-5.549073	0.382662	2.980947
24.942862	-0.765443	-4.421115	0.412881	2.276003
24.981852	-0.825822	-3.232777	0.443101	1.560926
25.020842	-0.896335	-2.185404	0.483394	0.916421
25.059832	-0.976920	-1.399875	0.503540	0.473320
25.098822	-1.077592	-0.946701	0.533700	0.251770
25.137810	-1.178324	-0.735223	0.573993	0.191331
25.176800	-1.299143	-0.664711	0.624359	0.201404
25.215790	-1.450241	-0.634491	0.694871	0.211477
25.254780	-1.631498	-0.614345	0.785470	0.211477
25.293770	-1.873195	-0.594199	0.886202	0.211477
25.332760	-2.175331	-0.574052	1.007080	0.231624
25.371748	-2.568126	-0.553906	1.137972	0.241697
25.410738	-3.061593	-0.553906	1.309156	0.251770
25.449728	-3.645658	-0.553906	1.520693	0.261784
25.488718	-4.330516	-0.553906	1.772463	0.271857
25.527708	-5.116045	-0.543833	2.054453	0.271857
25.566698	-5.972028	-0.533760	2.346456	0.281930
25.605686	-6.797850	-0.523686	2.618372	0.271857
25.644676	-7.522941	-0.503600	2.870142	0.261784
25.683666	-8.107066	-0.483453	3.071606	0.251770
25.722656	-8.560240	-0.463307	3.212571	0.241697
25.761646	-8.892595	-0.433087	3.303230	0.231624
25.800636	-9.144365	-0.412941	3.333449	0.221550
25.839624	-9.305477	-0.392795	3.313303	0.211477
25.878614	-9.386063	-0.372648	3.232718	0.201404
25.917604	-9.365916	-0.362575	3.101766	0.191331
25.956594	-9.184658	-0.352502	2.910435	0.181258
25.995584	-8.761703	-0.332355	2.658665	0.171185
26.034575	-7.986248	-0.322282	2.376676	0.161111
26.073565	-6.848216	-0.302136	2.074540	0.161111
26.112553	-5.498707	-0.292063	1.772463	0.161111
26.151543	-4.149199	-0.271916	1.480401	0.161111
26.190533	-2.991080	-0.261843	1.218557	0.151038
26.229523	-2.104819	-0.241756	0.997007	0.151038
26.268513	-1.480460	-0.231683	0.805616	0.140965
26.307503	-1.087666	-0.221610	0.654578	0.130892
26.346491	-0.835896	-0.211537	0.543773	0.130892
26.385481	-0.694931	-0.191391	0.463247	0.120819
26.424471	-0.604272	-0.181317	0.412881	0.120819
26.463461	-0.563979	-0.181317	0.372589	0.110745
26.502451	-0.543833	-0.171244	0.342369	0.110745
26.541441	-0.533760	-0.161171	0.322223	0.110745
26.580429	-0.533760	-0.151098	0.312150	0.100672
26.619419	-0.543833	-0.141025	0.302076	0.090599
26.658409	-0.543833	-0.141025	0.292003	0.080526
26.697399	-0.543833	-0.141025	0.271857	0.080526
26.736389	-0.533760	-0.130951	0.271857	0.080526
26.775379	-0.523686	-0.120878	0.261784	0.070453
26.814367	-0.503600	-0.100732	0.251770	0.070453
26.853357	-0.483453	-0.090659	0.241697	0.070453
26.892347	-0.473380	-0.080585	0.231624	0.070453
26.931337	-0.453234	-0.070512	0.221550	0.060380
26.970327	-0.433087	-0.060439	0.221550	0.060380
27.009317	-0.412941	-0.060439	0.211477	0.050306
27.048306	-0.392795	-0.060439	0.201404	0.050306
27.087296	-0.372648	-0.050366	0.191331	0.060380
27.126286	-0.352502	-0.040293	0.181258	0.070453
27.165276	-0.342429	-0.040293	0.181258	0.060380
27.204266	-0.322282	-0.030220	0.181258	0.050306
27.243256	-0.312209	-0.030220	0.171185	0.050306
27.282246	-0.292063	-0.030220	0.161111	0.050306
27.321234	-0.281990	-0.030220	0.161111	0.040233
27.360224	-0.261843	-0.030220	0.161111	0.030160
27.399214	-0.251830	-0.030220	0.161111	0.030160
27.438204	-0.241756	-0.030220	0.140965	0.040233
27.477194	-0.231683	-0.020146	0.130892	0.050306
27.516184	-0.221610	-0.010073	0.130892	0.050306
27.555172	-0.211537	-0.010073	0.130892	0.050306
27.594162	-0.201464	0.000000	0.130892	0.040233
27.633152	-0.191391	0.000000	0.120819	0.040233
27.672142	-0.181317	0.010014	0.110745	0.040233
27.711132	-0.171244	0.010014	0.110745	0.030160
27.750122	-0.161171	0.010014	0.110745	0.030160
27.789110	-0.151098	0.010014	0.110745	0.020087
27.828100	-0.141025	0.020087	0.100672	0.030160
27.867090	-0.130951	0.020087	0.100672	0.030160
27.906080	-0.110805	0.020087	0.100672	0.030160
27.945070	-0.110805	0.020087	0.090599	0.020087
27.984060	-0.100732	0.020087	0.090599	0.010014
28.023048	-0.100732	0.030160	0.090599	0.010014
28.062038	-0.090659	0.030160	0.080526	0.020087
28.101028	-0.080585	0.040233	0.080526	0.010014
28.140018	-0.070512	0.040233	0.070453	0.010014
28.179008	-0.070512	0.040233	0.060380	0.010014
28.217999	-0.060439	0.050306	0.060380	0.020087
28.256987	-0.060439	0.050306	0.060380	0.020087
28.295977	-0.060439	0.050306	0.060380	0.010014
28.334967	-0.050366	0.040233	0.060380	0.000000
28.373957	-0.050366	0.050306	0.060380	0.000000
28.412947	-0.040293	0.050306	0.050306	0.000000
28.451937	-0.040293	0.060380	0.050306	0.000000
28.490927	-0.040293	0.060380	0.040233	0.000000
28.529915	-0.040293	0.060380	0.030160	0.000000
28.568905	-0.040293	0.050306	0.030160	0.000000
28.607895	-0.030220	0.050306	0.030160	0.000000
28.646885	-0.020146	0.060380	0.030160	0.000000
28.685875	-0.010073	0.060380	0.030160	0.000000
28.724865	-0.010073	0.070453	0.030160	0.000000
28.763853	0.000000	0.070453	0.030160	0.000000
28.802843	0.010014	0.080526	0.030160	0.010014
28.841833	0.010014	0.080526	0.020087	0.010014
28.880823	0.020087	0.090599	0.020087	0.000000
28.919813	0.020087	0.090599	0.020087	-0.010073
28.958803	0.030160	0.090599	0.030160	-0.010073
28.997791	0.030160	0.080526	0.030160	-0.010073
29.036781	0.040233	0.080526	0.030160	-0.010073
29.075771	0.030160	0.090599	0.030160	-0.010073
29.114761	0.030160	0.090599	0.020087	-0.010073
29.153751	0.040233	0.090599	0.020087	-0.020146
29.192741	0.040233	0.100672	0.010014	-0.020146
29.231730	0.040233	0.100672	0.000000	-0.020146
29.270720	0.040233	0.090599	0.000000	-0.020146
29.309710	0.040233	0.090599	0.010014	-0.020146
29.348700	0.050306	0.090599	0.010014	-0.020146
29.387690	0.050306	0.090599	0.010014	-0.030220
29.426680	0.050306	0.090599	0.000000	-0.020146
29.465668	0.050306	0.090599	-0.010073	-0.020146
29.504658	0.060380	0.090599	-0.010073	-0.020146
29.543648	0.060380	0.090599	-0.010073	-0.020146
29.582638	0.060380	0.090599	0.000000	-0.020146
29.621628	0.060380	0.100672	0.000000	-0.020146
29.660618	0.060380	0.100672	0.000000	-0.030220
29.699608	0.060380	0.110745	0.010014	-0.030220
29.738596	0.070453	0.110745	0.010014	-0.040293
29.777586	0.070453	0.120819	0.000000	-0.030220
29.816576	0.070453	0.120819	-0.010073	-0.030220
29.855566	0.070453	0.120819	-0.020146	-0.030220
29.894556	0.070453	0.120819	-0.020146	-0.030220
29.933546	0.070453	0.120819	-0.020146	-0.040293
29.972534	0.080526	0.120819	-0.010073	-0.040293
30.011524	0.090599	0.120819	-0.010073	-0.030220
30.050514	0.090599	0.120819	0.000000	-0.030220
30.089504	0.090599	0.120819	0.000000	-0.040293
30.128494	0.090599	0.120819	-0.010073	-0.030220
30.167484	0.090599	0.130892	-0.010073	-0.020146
30.206472	0.090599	0.130892	-0.020146	-0.020146
30.245462	0.090599	0.130892	-0.020146	-0.020146
30.284452	0.090599	0.120819	-0.030220	-0.030220
30.323442	0.090599	0.120819	-0.030220	-0.030220
30.362432	0.090599	0.120819	-0.030220	-0.030220
30.401423	0.090599	0.120819	-0.040293	-0.030220
30.440411	0.080526	0.120819	-0.040293	-0.040293
30.479401	0.080526	0.120819	-0.030220	-0.040293
30.518391	0.090599	0.130892	-0.030220	-0.040293
30.557381	0.100672	0.140965	-0.030220	-0.030220
30.596371	0.100672	0.140965	-0.030220	-0.020146
30.635361	0.100672	0.140965	-0.020146	-0.030220
30.674349	0.100672	0.140965	-0.020146	-0.040293
30.713339	0.090599	0.140965	-0.020146	-0.040293
30.752329	0.100672	0.151038	-0.020146	-0.040293
30.791319	0.110745	0.151038	-0.030220	-0.040293
30.830309	0.110745	0.151038	-0.030220	-0.040293
30.869299	0.120819	0.151038	-0.040293	-0.040293
30.908289	0.120819	0.140965	-0.040293	-0.030220
30.947277	0.120819	0.151038	-0.040293	-0.020146
30.986267	0.120819	0.140965	-0.040293	-0.030220
31.025257	0.120819	0.140965	-0.030220	-0.040293
31.064247	0.120819	0.140965	-0.030220	-0.040293
31.103237	0.120819	0.140965	-0.030220	-0.030220
31.142227	0.120819	0.151038	-0.030220	-0.020146
31.181215	0.120819	0.151038	-0.030220	-0.020146
31.220205	0.120819	0.140965	-0.030220	-0.020146
31.259195	0.120819	0.140965	-0.030220	-0.020146
31.298185	0.130892	0.151038	-0.020146	-0.020146
31.337175	0.130892	0.151038	-0.020146	-0.020146
31.376165	0.130892	0.151038	-0.020146	-0.040293
31.415154	0.130892	0.140965	-0.030220	-0.050366
31.454144	0.120819	0.151038	-0.030220	-0.050366
31.493134	0.120819	0.151038	-0.030220	-0.050366
31.532124	0.110745	0.151038	-0.030220	-0.040293
31.571114	0.110745	0.151038	-0.030220	-0.050366
31.610104	0.110745	0.151038	-0.030220	-0.050366
31.649092	0.120819	0.140965	-0.030220	-0.050366
31.688082	0.130892	0.140965	-0.030220	-0.040293
31.727072	0.130892	0.130892	-0.030220	-0.040293
31.766062	0.140965	0.130892	-0.040293	-0.040293
31.805052	0.140965	0.130892	-0.040293	-0.030220
31.844042	0.140965	0.140965	-0.030220	-0.030220
31.883030	0.140965	0.140965	-0.020146	-0.020146
31.922020	0.140965	0.140965	-0.020146	-0.020146
31.961010	0.130892	0.140965	-0.030220	-0.020146
