22.510115	0.020131	0.104055	-0.020146	-0.040293
22.549194	0.023484	0.110775	-0.020146	-0.043646
22.588276	0.023484	0.117481	-0.020146	-0.046998
22.627357	0.026852	0.124201	-0.020146	-0.046998
22.666439	0.030205	0.134274	-0.026867	-0.046998
22.705521	0.033557	0.140980	-0.030220	-0.050366
22.744602	0.036925	0.151053	-0.030220	-0.057071
22.783682	0.040278	0.157773	-0.026867	-0.060439
22.822763	0.043631	0.167847	-0.026867	-0.057071
22.861845	0.046983	0.177905	-0.030220	-0.060439
22.900927	0.050351	0.187978	-0.026867	-0.067145
22.940008	0.053704	0.201404	-0.023499	-0.070497
22.979090	0.060424	0.211477	-0.020146	-0.070497
23.018169	0.063777	0.224903	-0.026867	-0.063792
23.057251	0.067130	0.234976	-0.030220	-0.063792
23.096333	0.070482	0.248402	-0.030220	-0.067145
23.135414	0.073850	0.258476	-0.030220	-0.073865
23.174496	0.080556	0.271901	-0.030220	-0.070497
23.213577	0.087276	0.285327	-0.036940	-0.070497
23.252657	0.090629	0.295401	-0.040293	-0.077218
23.291739	0.097349	0.308827	-0.036940	-0.087291
23.330820	0.104055	0.325620	-0.033572	-0.090644
23.369902	0.110775	0.339046	-0.036940	-0.083938
23.408983	0.117481	0.355825	-0.043646	-0.080571
23.448065	0.124201	0.369251	-0.046998	-0.083938
23.487144	0.130907	0.386044	-0.043646	-0.090644
23.526226	0.137627	0.402823	-0.040293	-0.093997
23.565308	0.144348	0.419617	-0.040293	-0.100717
23.604389	0.151053	0.439748	-0.043646	-0.107422
23.643471	0.161126	0.456542	-0.043646	-0.110790
23.682550	0.167847	0.476673	-0.046998	-0.110790
23.721632	0.177905	0.496820	-0.050366	-0.110790
23.760714	0.184625	0.516966	-0.053719	-0.114143
23.799795	0.191346	0.540465	-0.057071	-0.117496
23.838877	0.201404	0.560597	-0.053719	-0.120863
23.877958	0.211477	0.584096	-0.050366	-0.127569
23.917038	0.218198	0.607595	-0.050366	-0.130922
23.956120	0.228271	0.634462	-0.053719	-0.134289
23.995201	0.238329	0.661314	-0.057071	-0.137642
24.034283	0.248402	0.688165	-0.063792	-0.137642
24.073364	0.258476	0.715017	-0.063792	-0.144362
24.112446	0.271901	0.745237	-0.063792	-0.154421
24.151525	0.281975	0.775442	-0.063792	-0.161141
24.190607	0.292048	0.809014	-0.063792	-0.167862
24.229689	0.305474	0.842586	-0.067145	-0.171214
24.268770	0.315547	0.876158	-0.070497	-0.174567
24.307852	0.328973	0.913084	-0.073865	-0.184640
24.346933	0.342399	0.953361	-0.080571	-0.191361
24.386013	0.355825	0.990286	-0.080571	-0.198066
24.425095	0.369251	1.030579	-0.080571	-0.204787
24.464176	0.382692	1.074225	-0.080571	-0.214845
24.503258	0.399470	1.114503	-0.083938	-0.228286
24.542339	0.412896	1.161501	-0.090644	-0.241712
24.581421	0.429690	1.208499	-0.093997	-0.245064
24.620501	0.443116	1.255497	-0.093997	-0.255138
24.659582	0.459895	1.309201	-0.097364	-0.271916
24.698664	0.476673	1.369625	-0.100717	-0.288710
24.737745	0.496820	1.433417	-0.104070	-0.295416
24.776827	0.513613	1.500547	-0.107422	-0.302136
24.815907	0.533745	1.574397	-0.110790	-0.312209
24.854988	0.553891	1.651615	-0.117496	-0.335708
24.894070	0.574037	1.732185	-0.120863	-0.365913
24.933151	0.597537	1.816109	-0.120863	-0.396132
24.972233	0.617668	1.906738	-0.120863	-0.416264
25.011314	0.641167	2.007455	-0.127569	-0.439763
25.050394	0.664666	2.111509	-0.134289	-0.469983
25.089476	0.691518	2.232373	-0.140995	-0.510260
25.128557	0.718385	2.366647	-0.144362	-0.557259
25.167639	0.745237	2.524421	-0.147715	-0.607610
25.206720	0.775442	2.712414	-0.154421	-0.668034
25.245802	0.802308	2.944037	-0.161141	-0.745252
25.284882	0.832513	3.249526	-0.164494	-0.845954
25.323963	0.866085	3.659070	-0.164494	-0.973523
25.363045	0.896305	4.233107	-0.174567	-1.158163
25.402126	0.933230	5.297258	-0.187993	-1.524061
25.441208	0.970155	6.549403	-0.198066	-1.963824
25.480289	1.007080	8.281589	-0.201419	-2.581507
25.519369	1.047358	10.584458	-0.208139	-3.407314
25.558451	1.087651	13.531864	-0.214845	-4.461393
25.597532	1.127928	17.033175	-0.224918	-5.696759
25.636614	1.171574	20.789593	-0.228286	-6.935477
25.675695	1.215205	24.408384	-0.238344	-7.919058
25.714777	1.258850	27.369230	-0.255138	-8.432672
25.753857	1.305848	29.333040	-0.271916	-8.405820
25.792938	1.359552	30.209198	-0.285342	-7.945910
25.832020	1.416624	29.991001	-0.295416	-7.187247
25.871101	1.480415	28.688505	-0.305489	-6.217077
25.910183	1.547545	26.288286	-0.322267	-5.112648
25.949263	1.618043	22.914543	-0.342414	-3.927648
25.988344	1.695260	18.913061	-0.369266	-2.752707
26.027426	1.775816	14.810860	-0.392765	-1.725480
26.066507	1.859739	11.269286	-0.416264	-0.983596
26.105589	1.947030	8.681074	-0.443131	-0.584111
26.144670	2.041027	6.952241	-0.476688	-0.429690
26.183750	2.168581	5.824298	-0.527054	-0.382707
26.222832	2.279356	5.052209	-0.570685	-0.362560
26.261913	2.403572	4.484877	-0.627756	-0.349134
26.300995	2.537847	4.048481	-0.698254	-0.345767
26.340076	2.685562	3.702715	-0.772104	-0.345767
26.379158	2.856761	3.410652	-0.859380	-0.342414
26.418238	3.064886	3.162235	-0.963449	-0.332341
26.457319	3.320024	2.940685	-1.101092	-0.315562
26.496401	3.669143	2.739265	-1.275644	-0.298783
26.535482	4.172683	2.561346	-1.507282	-0.285342
26.574564	4.974991	2.400219	-1.806051	-0.271916
26.613646	6.351352	2.255872	-2.171948	-0.255138
26.652725	8.600503	2.124950	-2.534509	-0.241712
26.691807	11.813105	2.007455	-2.799705	-0.231639
26.730888	15.781030	1.900032	-2.903774	-0.228286
26.769970	20.027563	1.802683	-2.823204	-0.224918
26.809052	24.045839	1.715392	-2.547935	-0.218213
26.848133	27.537077	1.631469	-2.067894	-0.214845
26.887213	30.259565	1.554266	-1.406565	-0.208139
26.926294	32.045452	1.480415	-0.604257	-0.198066
26.965376	32.703415	1.409918	0.221550	-0.187993
27.004457	31.924606	1.342773	0.849307	-0.174567
27.043539	29.638529	1.282349	1.111150	-0.167862
27.082619	26.160717	1.225278	1.027226	-0.164494
27.121700	22.125662	1.171574	0.731811	-0.161141
27.160782	18.177881	1.117855	0.382692	-0.157788
27.199863	14.663160	1.070857	0.073850	-0.151068
27.238945	11.779531	1.023859	-0.154421	-0.147715
27.278027	9.540454	0.980228	-0.295416	-0.140995
27.317106	7.831767	0.939935	-0.372633	-0.130922
27.356188	6.559476	0.899658	-0.412911	-0.117496
27.395269	5.619526	0.862733	-0.429690	-0.110790
27.434351	4.914567	0.829160	-0.426337	-0.107422
27.473433	4.374102	0.795588	-0.406206	-0.114143
27.512514	3.947765	0.762016	-0.386059	-0.114143
27.551594	3.601998	0.731811	-0.369266	-0.107422
27.590675	3.309950	0.701591	-0.352487	-0.097364
27.629757	3.064886	0.674739	-0.328988	-0.090644
27.668839	2.846688	0.647888	-0.308841	-0.087291
27.707920	2.655342	0.621036	-0.292063	-0.087291
27.747002	2.487495	0.594169	-0.285342	-0.090644
27.786081	2.336428	0.570670	-0.275284	-0.093997
27.825163	2.202153	0.547171	-0.255138	-0.097364
27.864244	2.081305	0.527039	-0.238344	-0.087291
27.903326	1.970530	0.503540	-0.228286	-0.077218
27.942408	1.869813	0.483394	-0.224918	-0.070497
27.981489	1.775816	0.463247	-0.218213	-0.067145
28.020569	1.688540	0.443116	-0.208139	-0.067145
28.059650	1.607969	0.426322	-0.201419	-0.063792
28.098732	1.530766	0.409544	-0.194713	-0.057071
28.137814	1.456916	0.392750	-0.184640	-0.053719
28.176895	1.389772	0.375971	-0.174567	-0.057071
28.215975	1.325995	0.359192	-0.164494	-0.057071
28.255056	1.265571	0.345752	-0.161141	-0.053719
28.294138	1.211852	0.328973	-0.161141	-0.053719
28.333220	1.158148	0.315547	-0.157788	-0.053719
28.372301	1.107782	0.298768	-0.144362	-0.053719
28.411383	1.060784	0.285327	-0.130922	-0.046998
28.450462	1.013786	0.271901	-0.124216	-0.040293
28.489544	0.973508	0.258476	-0.120863	-0.036940
28.528625	0.929862	0.245050	-0.117496	-0.040293
28.567707	0.892937	0.234976	-0.114143	-0.040293
28.606789	0.856012	0.221550	-0.110790	-0.036940
28.645870	0.822440	0.211477	-0.104070	-0.033572
28.684950	0.788882	0.201404	-0.100717	-0.026867
28.724031	0.758663	0.191346	-0.093997	-0.023499
28.763113	0.725091	0.181273	-0.093997	-0.020146
28.802195	0.698239	0.167847	-0.097364	-0.023499
28.841276	0.668019	0.157773	-0.100717	-0.030220
28.880358	0.641167	0.147700	-0.093997	-0.033572
28.919437	0.617668	0.140980	-0.083938	-0.030220
28.958519	0.590816	0.130907	-0.077218	-0.020146
28.997601	0.567317	0.120848	-0.073865	-0.013441
29.036682	0.543818	0.114128	-0.073865	-0.010073
29.075764	0.523672	0.104055	-0.070497	-0.013441
29.114845	0.503540	0.093982	-0.067145	-0.020146
29.153925	0.483394	0.083923	-0.060439	-0.020146
29.193007	0.463247	0.077203	-0.057071	-0.016794
29.232088	0.443116	0.067130	-0.053719	-0.013441
29.271170	0.426322	0.060424	-0.050366	-0.006720
29.310251	0.406191	0.053704	-0.053719	0.000000
29.349333	0.389397	0.046983	-0.053719	0.003353
29.388412	0.372618	0.036925	-0.057071	0.000000
29.427494	0.355825	0.030205	-0.053719	-0.003368
29.466576	0.342399	0.023484	-0.050366	-0.010073
29.505657	0.328973	0.016779	-0.040293	-0.013441
29.544739	0.315547	0.013426	-0.036940	-0.010073
29.583818	0.298768	0.006706	-0.036940	-0.010073
29.622900	0.285327	0.000000	-0.036940	-0.006720
29.661982	0.271901	-0.006720	-0.030220	-0.006720
29.701063	0.258476	-0.013441	-0.026867	-0.006720
29.740145	0.245050	-0.020146	-0.033572	-0.003368
29.779226	0.231624	-0.026867	-0.036940	-0.003368
29.818306	0.221550	-0.033572	-0.033572	-0.003368
29.857388	0.211477	-0.036940	-0.026867	0.000000
29.896469	0.198051	-0.043646	-0.026867	0.003353
29.935551	0.187978	-0.050366	-0.026867	0.003353
29.974632	0.177905	-0.053719	-0.026867	0.003353
30.013714	0.167847	-0.060439	-0.023499	0.000000
30.052794	0.157773	-0.063792	-0.016794	-0.003368
30.091875	0.147700	-0.070497	-0.020146	0.000000
30.130957	0.137627	-0.073865	-0.020146	0.006706
30.170038	0.127554	-0.077218	-0.020146	0.006706
30.209120	0.117481	-0.083938	-0.020146	0.003353
30.248201	0.110775	-0.087291	-0.023499	0.000000
30.287281	0.100702	-0.090644	-0.026867	0.003353
30.326363	0.093982	-0.097364	-0.026867	0.003353
30.365444	0.083923	-0.100717	-0.023499	0.006706
30.404526	0.077203	-0.104070	-0.016794	0.010058
30.443607	0.070482	-0.107422	-0.020146	0.013426
30.482689	0.060424	-0.114143	-0.020146	0.013426
30.521769	0.053704	-0.117496	-0.016794	0.010058
30.560850	0.046983	-0.124216	-0.006720	0.010058
30.599932	0.040278	-0.127569	-0.003368	0.013426
30.639013	0.033557	-0.130922	-0.006720	0.016779
30.678095	0.023484	-0.134289	-0.010073	0.020131
30.717175	0.016779	-0.137642	-0.006720	0.020131
30.756256	0.013426	-0.140995	-0.003368	0.020131
30.795338	0.006706	-0.144362	-0.006720	0.016779
30.834419	0.000000	-0.151068	-0.010073	0.010058
30.873501	-0.006720	-0.154421	-0.006720	0.006706
30.912582	-0.013441	-0.154421	0.000000	0.006706
30.951662	-0.020146	-0.157788	0.003353	0.013426
30.990744	-0.026867	-0.161141	0.003353	0.020131
31.029825	-0.033572	-0.164494	0.003353	0.023484
31.068907	-0.036940	-0.167862	0.003353	0.023484
31.107988	-0.043646	-0.171214	0.006706	0.020131
31.147070	-0.050366	-0.174567	0.010058	0.016779
31.186150	-0.053719	-0.177920	0.006706	0.016779
31.225231	-0.060439	-0.184640	0.006706	0.020131
31.264313	-0.063792	-0.184640	0.006706	0.023484
31.303394	-0.070497	-0.187993	0.003353	0.030205
31.342476	-0.073865	-0.191361	0.003353	0.030205
31.381557	-0.080571	-0.194713	0.003353	0.026852
31.420637	-0.083938	-0.194713	0.003353	0.020131
31.459719	-0.087291	-0.198066	0.006706	0.016779
31.498800	-0.093997	-0.201419	0.013426	0.023484
31.537882	-0.097364	-0.204787	0.016779	0.026852
31.576963	-0.104070	-0.208139	0.016779	0.030205
31.616045	-0.107422	-0.208139	0.013426	0.030205
31.655125	-0.114143	-0.211492	0.016779	0.030205
31.694206	-0.117496	-0.214845	0.016779	0.030205
31.733288	-0.124216	-0.218213	0.016779	0.030205
31.772369	-0.127569	-0.221565	0.013426	0.033557
31.811451	-0.130922	-0.221565	0.013426	0.033557
31.850531	-0.130922	-0.224918	0.016779	0.033557
31.889612	-0.134289	-0.224918	0.016779	0.033557
31.928694	-0.137642	-0.228286	0.013426	0.033557
31.967775	-0.140995	-0.231639	0.013426	0.036925
32.006855	-0.147715	-0.234991	0.016779	0.043631
32.045937	-0.151068	-0.234991	0.016779	0.043631
32.085018	-0.154421	-0.238344	0.020131	0.043631
32.124100	-0.157788	-0.238344	0.016779	0.043631
32.163181	-0.161141	-0.241712	0.020131	0.036925
32.202263	-0.164494	-0.241712	0.023484	0.033557
32.241344	-0.167862	-0.245064	0.030205	0.033557
32.280426	-0.171214	-0.245064	0.030205	0.036925
32.319508	-0.174567	-0.248417	0.026852	0.040278
32.358589	-0.177920	-0.248417	0.023484	0.040278
32.397671	-0.184640	-0.251785	0.026852	0.043631
32.436749	-0.184640	-0.251785	0.023484	0.043631
32.475830	-0.187993	-0.251785	0.020131	0.043631
32.514912	-0.191361	-0.255138	0.020131	0.040278
32.553993	-0.194713	-0.255138	0.026852	0.036925
32.593075	-0.198066	-0.258490	0.033557	0.036925
32.632156	-0.201419	-0.258490	0.030205	0.040278
32.671238	-0.204787	-0.261843	0.026852	0.043631
32.710320	-0.208139	-0.261843	0.023484	0.043631
32.749401	-0.211492	-0.265211	0.023484	0.043631
32.788483	-0.214845	-0.265211	0.030205	0.040278
32.827564	-0.218213	-0.268564	0.033557	0.036925
32.866642	-0.218213	-0.268564	0.040278	0.036925
32.905724	-0.221565	-0.271916	0.043631	0.040278
32.944805	-0.224918	-0.271916	0.040278	0.043631
32.983887	-0.228286	-0.271916	0.033557	0.050351
33.022968	-0.228286	-0.271916	0.033557	0.053704
33.062050	-0.231639	-0.275284	0.033557	0.046983
33.101131	-0.234991	-0.275284	0.036925	0.043631
33.140213	-0.238344	-0.275284	0.036925	0.043631
33.179295	-0.238344	-0.278637	0.033557	0.043631
33.218376	-0.241712	-0.278637	0.033557	0.040278
33.257458	-0.241712	-0.278637	0.033557	0.036925
33.296539	-0.245064	-0.278637	0.036925	0.040278
33.335617	-0.248417	-0.278637	0.036925	0.046983
33.374699	-0.248417	-0.278637	0.036925	0.050351
33.413780	-0.251785	-0.278637	0.033557	0.046983
33.452862	-0.255138	-0.278637	0.036925	0.040278
33.491943	-0.258490	-0.281990	0.040278	0.040278
33.531025	-0.261843	-0.281990	0.043631	0.040278
33.570107	-0.265211	-0.281990	0.043631	0.040278
33.609188	-0.265211	-0.281990	0.043631	0.043631
33.648270	-0.268564	-0.281990	0.036925	0.046983
33.687351	-0.268564	-0.281990	0.033557	0.050351
33.726433	-0.271916	-0.281990	0.026852	0.046983
33.765514	-0.271916	-0.281990	0.026852	0.043631
33.804592	-0.271916	-0.281990	0.030205	0.043631
33.843674	-0.271916	-0.278637	0.036925	0.046983
33.882755	-0.275284	-0.278637	0.036925	0.046983
33.921837	-0.275284	-0.278637	0.033557	0.043631
33.960918	-0.275284	-0.275284	0.036925	0.040278
