20.958424	-0.026867	-0.023499	51.035732	51.096157
20.989719	-0.023499	-0.023499	51.035732	51.099525
21.021015	-0.023499	-0.023499	51.035732	51.102875
21.052311	-0.023499	-0.023499	51.035732	51.106228
21.083607	-0.020146	-0.023499	51.035732	51.106228
21.114902	-0.020146	-0.023499	51.039101	51.106228
21.146198	-0.020146	-0.023499	51.039101	51.106228
21.177494	-0.020146	-0.023499	51.042454	51.106228
21.208790	-0.020146	-0.020146	51.045807	51.106228
21.240086	-0.020146	-0.020146	51.049156	51.106228
21.271381	-0.020146	-0.016794	51.052525	51.106228
21.302677	-0.016794	-0.016794	51.052525	51.102875
21.333973	-0.016794	-0.013441	51.052525	51.102875
21.365271	-0.016794	-0.013441	51.049156	51.102875
21.396566	-0.016794	-0.013441	51.049156	51.102875
21.427862	-0.016794	-0.010073	51.045807	51.099525
21.459158	-0.016794	-0.010073	51.042454	51.096157
21.490454	-0.016794	-0.006720	51.039101	51.092804
21.521749	-0.016794	-0.003368	51.039101	51.089451
21.553045	-0.016794	-0.003368	51.035732	51.089451
21.584341	-0.013441	0.000000	51.039101	51.086098
21.615637	-0.013441	0.003353	51.039101	51.089451
21.646933	-0.010073	0.003353	51.039101	51.089451
21.678228	-0.010073	0.006706	51.039101	51.092804
21.709524	-0.006720	0.006706	51.039101	51.096157
21.740820	-0.006720	0.006706	51.042454	51.096157
21.772116	-0.003368	0.010058	51.042454	51.096157
21.803411	0.000000	0.010058	51.042454	51.096157
21.834707	0.000000	0.013426	51.039101	51.092804
21.866005	0.003353	0.016779	51.039101	51.092804
21.897301	0.003353	0.020131	51.039101	51.089451
21.928596	0.003353	0.020131	51.042454	51.086098
21.959892	0.003353	0.020131	51.039101	51.082729
21.991188	0.003353	0.016779	51.039101	51.079376
22.022484	0.003353	0.020131	51.039101	51.076023
22.053780	0.006706	0.020131	51.035732	51.072659
22.085075	0.006706	0.023484	51.032379	51.069305
22.116371	0.006706	0.023484	51.032379	51.069305
22.147667	0.010058	0.026852	51.029026	51.065952
22.178963	0.010058	0.030205	51.025673	51.065952
22.210258	0.010058	0.030205	51.025673	51.065952
22.241554	0.010058	0.033557	51.022305	51.069305
22.272850	0.010058	0.036925	51.022305	51.069305
22.304146	0.013426	0.040278	51.022305	51.072659
22.335442	0.013426	0.040278	51.029026	51.072659
22.366739	0.016779	0.043631	51.032379	51.076023
22.398035	0.016779	0.046983	51.035732	51.079376
22.429331	0.020131	0.050351	51.039101	51.082729
22.460627	0.020131	0.053704	51.039101	51.086098
22.491922	0.020131	0.057057	51.035732	51.082729
22.523218	0.020131	0.060424	51.032379	51.082729
22.554514	0.023484	0.063777	51.029026	51.079376
22.585810	0.023484	0.067130	51.025673	51.076023
22.617105	0.023484	0.070482	51.022305	51.072659
22.648401	0.023484	0.073850	51.022305	51.065952
22.679697	0.026852	0.073850	51.018951	51.062599
22.710993	0.026852	0.077203	51.018951	51.059231
22.742289	0.030205	0.080556	51.022305	51.055878
22.773584	0.030205	0.083923	51.022305	51.055878
22.804880	0.026852	0.090629	51.025673	51.059231
22.836176	0.030205	0.093982	51.029026	51.059231
22.867474	0.030205	0.097349	51.035732	51.059231
22.898769	0.033557	0.104055	51.039101	51.059231
22.930065	0.036925	0.107422	51.042454	51.059231
22.961361	0.040278	0.110775	51.042454	51.062599
22.992657	0.043631	0.114128	51.039101	51.065952
23.023952	0.046983	0.120848	51.039101	51.069305
23.055248	0.050351	0.124201	51.035732	51.069305
23.086544	0.050351	0.127554	51.032379	51.065952
23.117840	0.053704	0.134274	51.029026	51.065952
23.149136	0.057057	0.140980	51.025673	51.065952
23.180431	0.057057	0.147700	51.022305	51.065952
23.211727	0.060424	0.154406	51.022305	51.065952
23.243023	0.063777	0.161126	51.025673	51.062599
23.274319	0.063777	0.167847	51.029026	51.059231
23.305614	0.067130	0.174552	51.029026	51.052525
23.336912	0.070482	0.181273	51.032379	51.049156
23.368208	0.070482	0.191346	51.032379	51.042454
23.399504	0.073850	0.198051	51.032379	51.039101
23.430799	0.073850	0.208125	51.032379	51.032379
23.462095	0.077203	0.218198	51.032379	51.025673
23.493391	0.080556	0.228271	51.032379	51.022305
23.524687	0.080556	0.238329	51.032379	51.018951
23.555983	0.083923	0.248402	51.032379	51.018951
23.587278	0.087276	0.258476	51.032379	51.018951
23.618574	0.090629	0.268549	51.032379	51.015602
23.649870	0.093982	0.281975	51.032379	51.015602
23.681166	0.097349	0.295401	51.032379	51.012234
23.712461	0.100702	0.312194	51.032379	51.008881
23.743757	0.104055	0.328973	51.032379	51.005527
23.775053	0.107422	0.345752	51.032379	51.005527
23.806349	0.110775	0.362545	51.035732	51.002174
23.837646	0.117481	0.379324	51.035732	50.995453
23.868942	0.120848	0.396118	51.035732	50.992100
23.900238	0.124201	0.416249	51.035732	50.985382
23.931534	0.127554	0.439748	51.032379	50.978676
23.962830	0.130907	0.466615	51.029026	50.971954
23.994125	0.134274	0.493467	51.022305	50.965233
24.025421	0.140980	0.530392	51.018951	50.955177
24.056717	0.147700	0.567317	51.015602	50.948456
24.088013	0.154406	0.614315	51.012234	50.941734
24.119308	0.161126	0.661314	51.005527	50.935028
24.150604	0.167847	0.721738	51.005527	50.928310
24.181900	0.174552	0.792235	51.005527	50.918251
24.213196	0.181273	0.876158	51.008881	50.904812
24.244492	0.187978	0.980228	51.012234	50.888031
24.275787	0.194699	1.104429	51.012234	50.864532
24.307083	0.204772	1.262203	51.012234	50.834312
24.338381	0.211477	1.460269	51.012234	50.794037
24.369677	0.218198	1.715392	51.005527	50.736965
24.400972	0.228271	2.037659	51.002174	50.656406
24.432268	0.238329	2.450571	50.998806	50.542267
24.463564	0.248402	2.957463	50.995453	50.394566
24.494860	0.258476	3.558367	50.988735	50.203220
24.526155	0.268549	4.216328	50.982029	49.978302
24.557451	0.278622	4.864216	50.978676	49.739956
24.588747	0.288695	5.404681	50.975307	49.521759
24.620043	0.302121	5.740375	50.971954	49.370689
24.651339	0.315547	5.820945	50.965233	49.313622
24.682634	0.328973	5.656451	50.961884	49.350544
24.713930	0.342399	5.293906	50.951809	49.471394
24.745226	0.359192	4.780293	50.945103	49.656033
24.776522	0.375971	4.169330	50.938381	49.874229
24.807819	0.392750	3.524795	50.935028	50.102501
24.839115	0.412896	2.907112	50.931679	50.317348
24.870411	0.436395	2.366647	50.924957	50.501987
24.901707	0.459895	1.936957	50.924957	50.642967
24.933002	0.490114	1.611337	50.918251	50.736965
24.964298	0.520319	1.379699	50.914883	50.800755
24.995594	0.557244	1.205131	50.911530	50.837681
25.026890	0.597537	1.044005	50.904812	50.871254
25.058186	0.644535	0.943303	50.894753	50.891384
25.089481	0.698239	0.859380	50.881310	50.904812
25.120777	0.758663	0.788882	50.871254	50.918251
25.152073	0.832513	0.725091	50.861179	50.931679
25.183369	0.919804	0.674739	50.847755	50.941734
25.214664	1.023859	0.627741	50.834312	50.948456
25.245960	1.154780	0.584096	50.817535	50.958530
25.277256	1.322627	0.550538	50.797386	50.968601
25.308554	1.547545	0.516966	50.770535	50.975307
25.339849	1.869813	0.490114	50.736965	50.982029
25.371145	2.339795	0.463247	50.703407	50.988735
25.402441	2.970889	0.436395	50.676540	50.998806
25.433737	3.729567	0.412896	50.646336	51.002174
25.465033	4.508376	0.392750	50.602688	51.008881
25.496328	5.196557	0.372618	50.548985	51.012234
25.527624	5.713522	0.355825	50.495266	51.015602
25.558920	5.998865	0.335693	50.454990	51.018951
25.590216	6.032437	0.322267	50.428123	51.018951
25.621511	5.817592	0.305474	50.418064	51.018951
25.652807	5.391255	0.292048	50.424770	51.018951
25.684103	4.813865	0.278622	50.451622	51.022305
25.715399	4.159257	0.268549	50.491913	51.025673
25.746695	3.514722	0.258476	50.542267	51.025673
25.777990	2.923891	0.245050	50.602688	51.029026
25.809288	2.427071	0.234976	50.663113	51.032379
25.840584	2.024233	0.224903	50.716831	51.035732
25.871880	1.705319	0.218198	50.763832	51.039101
25.903175	1.453549	0.211477	50.807461	51.039101
25.934471	1.258850	0.201404	50.841034	51.035732
25.965767	1.107782	0.191346	50.867886	51.035732
25.997063	0.983581	0.184625	50.891384	51.032379
26.028358	0.886232	0.177905	50.908176	51.032379
26.059654	0.805661	0.171199	50.924957	51.032379
26.090950	0.741884	0.164479	50.938381	51.032379
26.122246	0.681460	0.154406	50.948456	51.032379
26.153542	0.631094	0.147700	50.955177	51.032379
26.184837	0.587463	0.144348	50.958530	51.032379
26.216133	0.547171	0.137627	50.958530	51.032379
26.247429	0.513613	0.134274	50.961884	51.032379
26.278725	0.480041	0.130907	50.965233	51.032379
26.310022	0.453174	0.124201	50.968601	51.029026
26.341318	0.429690	0.124201	50.975307	51.032379
26.372614	0.406191	0.120848	50.982029	51.035732
26.403910	0.386044	0.114128	50.988735	51.039101
26.435205	0.362545	0.110775	50.995453	51.042454
26.466501	0.345752	0.107422	51.002174	51.042454
26.497797	0.325620	0.100702	51.005527	51.042454
26.529093	0.308827	0.097349	51.012234	51.042454
26.560389	0.292048	0.090629	51.018951	51.039101
26.591684	0.278622	0.087276	51.022305	51.039101
26.622980	0.261828	0.087276	51.022305	51.039101
26.654276	0.251770	0.083923	51.018951	51.042454
26.685572	0.238329	0.080556	51.015602	51.042454
26.716867	0.228271	0.080556	51.012234	51.042454
26.748163	0.218198	0.080556	51.012234	51.042454
26.779461	0.211477	0.077203	51.012234	51.042454
26.810757	0.204772	0.077203	51.012234	51.045807
26.842052	0.194699	0.077203	51.015602	51.049156
26.873348	0.187978	0.077203	51.018951	51.049156
26.904644	0.181273	0.073850	51.022305	51.049156
26.935940	0.171199	0.073850	51.025673	51.045807
26.967236	0.164479	0.070482	51.025673	51.045807
26.998531	0.157773	0.070482	51.025673	51.049156
27.029827	0.154406	0.067130	51.025673	51.049156
27.061123	0.147700	0.063777	51.029026	51.049156
27.092419	0.144348	0.060424	51.029026	51.045807
27.123714	0.137627	0.060424	51.029026	51.042454
27.155010	0.130907	0.057057	51.032379	51.039101
27.186306	0.127554	0.053704	51.032379	51.039101
27.217602	0.120848	0.053704	51.035732	51.042454
27.248898	0.117481	0.050351	51.039101	51.042454
27.280195	0.110775	0.050351	51.039101	51.045807
27.311491	0.107422	0.050351	51.039101	51.049156
27.342787	0.100702	0.046983	51.039101	51.052525
27.374083	0.097349	0.046983	51.035732	51.055878
27.405378	0.093982	0.043631	51.032379	51.055878
27.436674	0.087276	0.043631	51.029026	51.055878
27.467970	0.083923	0.040278	51.029026	51.055878
27.499266	0.080556	0.040278	51.029026	51.052525
27.530561	0.077203	0.036925	51.029026	51.049156
27.561857	0.073850	0.036925	51.025673	51.045807
27.593153	0.070482	0.033557	51.022305	51.042454
27.624449	0.067130	0.033557	51.022305	51.039101
27.655745	0.063777	0.030205	51.022305	51.032379
27.687040	0.063777	0.026852	51.022305	51.029026
27.718336	0.060424	0.026852	51.025673	51.025673
27.749632	0.057057	0.030205	51.029026	51.029026
27.780930	0.050351	0.030205	51.032379	51.032379
27.812225	0.046983	0.030205	51.035732	51.039101
27.843521	0.043631	0.030205	51.042454	51.045807
27.874817	0.043631	0.033557	51.045807	51.045807
27.906113	0.040278	0.033557	51.045807	51.049156
27.937408	0.036925	0.036925	51.045807	51.045807
27.968704	0.036925	0.036925	51.045807	51.045807
