26.000483	0.000000	-0.010073	-0.040293	-0.060439
26.031731	0.010014	-0.020146	-0.040293	-0.060439
26.062979	0.010014	-0.020146	-0.040293	-0.060439
26.094227	0.010014	-0.020146	-0.040293	-0.060439
26.125475	0.020087	-0.030220	-0.030220	-0.070512
26.156723	0.020087	-0.020146	-0.040293	-0.070512
26.187971	0.020087	-0.030220	-0.040293	-0.070512
26.219219	0.020087	-0.030220	-0.040293	-0.070512
26.250467	0.010014	-0.030220	-0.030220	-0.080585
26.281715	0.010014	-0.040293	-0.030220	-0.080585
26.312963	0.010014	-0.030220	-0.020146	-0.080585
26.344212	0.010014	-0.020146	-0.020146	-0.080585
26.375460	0.000000	-0.020146	-0.030220	-0.080585
26.406708	0.000000	-0.030220	-0.030220	-0.080585
26.437956	0.000000	-0.030220	-0.030220	-0.070512
26.469204	-0.010073	-0.030220	-0.030220	-0.070512
26.500452	-0.010073	-0.030220	-0.040293	-0.070512
26.531700	-0.010073	-0.040293	-0.040293	-0.080585
26.562948	0.000000	-0.050366	-0.040293	-0.090659
26.594196	0.000000	-0.050366	-0.050366	-0.090659
26.625444	0.010014	-0.050366	-0.050366	-0.090659
26.656693	0.010014	-0.050366	-0.050366	-0.090659
26.687941	0.010014	-0.050366	-0.050366	-0.090659
26.719189	0.010014	-0.050366	-0.040293	-0.090659
26.750437	0.010014	-0.050366	-0.040293	-0.100732
26.781685	0.010014	-0.050366	-0.040293	-0.100732
26.812933	0.010014	-0.050366	-0.040293	-0.100732
26.844181	0.010014	-0.050366	-0.040293	-0.100732
26.875429	0.010014	-0.050366	-0.040293	-0.100732
26.906677	0.010014	-0.040293	-0.050366	-0.100732
26.937925	0.000000	-0.040293	-0.050366	-0.100732
26.969173	0.000000	-0.040293	-0.050366	-0.100732
27.000422	0.000000	-0.040293	-0.050366	-0.100732
27.031670	0.000000	-0.040293	-0.050366	-0.100732
27.062918	-0.010073	-0.050366	-0.060439	-0.110805
27.094166	-0.010073	-0.050366	-0.050366	-0.110805
27.125414	-0.010073	-0.060439	-0.050366	-0.110805
27.156662	-0.010073	-0.060439	-0.050366	-0.110805
27.187910	-0.010073	-0.070512	-0.060439	-0.110805
27.219158	-0.010073	-0.070512	-0.060439	-0.110805
27.250406	0.000000	-0.070512	-0.060439	-0.110805
27.281654	0.000000	-0.070512	-0.060439	-0.110805
27.312902	0.000000	-0.070512	-0.060439	-0.110805
27.344151	0.000000	-0.060439	-0.050366	-0.100732
27.375399	-0.010073	-0.060439	-0.050366	-0.100732
27.406647	-0.010073	-0.060439	-0.050366	-0.100732
27.437895	-0.020146	-0.060439	-0.050366	-0.110805
27.469143	-0.020146	-0.060439	-0.050366	-0.110805
27.500391	-0.020146	-0.060439	-0.060439	-0.120878
27.531639	-0.020146	-0.060439	-0.060439	-0.120878
27.562887	-0.010073	-0.070512	-0.060439	-0.120878
27.594135	-0.010073	-0.070512	-0.060439	-0.120878
27.625383	-0.010073	-0.080585	-0.060439	-0.120878
27.656631	-0.010073	-0.080585	-0.060439	-0.120878
27.687880	-0.010073	-0.080585	-0.060439	-0.120878
27.719128	-0.010073	-0.080585	-0.060439	-0.120878
27.750376	0.000000	-0.080585	-0.060439	-0.120878
27.781624	0.000000	-0.080585	-0.060439	-0.120878
27.812872	0.000000	-0.080585	-0.060439	-0.130951
27.844120	0.000000	-0.080585	-0.060439	-0.130951
27.875368	0.000000	-0.080585	-0.060439	-0.141025
27.906616	0.000000	-0.090659	-0.060439	-0.141025
27.937866	-0.010073	-0.090659	-0.060439	-0.141025
27.969114	-0.010073	-0.090659	-0.070512	-0.151098
28.000362	-0.020146	-0.090659	-0.080585	-0.151098
28.031610	-0.020146	-0.090659	-0.080585	-0.161171
28.062859	-0.030220	-0.090659	-0.080585	-0.171244
28.094107	-0.030220	-0.100732	-0.080585	-0.171244
28.125355	-0.030220	-0.100732	-0.080585	-0.171244
28.156603	-0.030220	-0.100732	-0.080585	-0.181317
28.187851	-0.030220	-0.100732	-0.080585	-0.181317
28.219099	-0.030220	-0.100732	-0.080585	-0.181317
28.250347	-0.030220	-0.110805	-0.080585	-0.181317
28.281595	-0.030220	-0.110805	-0.080585	-0.171244
28.312843	-0.030220	-0.110805	-0.080585	-0.181317
28.344091	-0.030220	-0.120878	-0.080585	-0.181317
28.375340	-0.040293	-0.120878	-0.090659	-0.181317
28.406588	-0.040293	-0.130951	-0.090659	-0.191391
28.437836	-0.040293	-0.130951	-0.090659	-0.191391
28.469084	-0.040293	-0.130951	-0.090659	-0.191391
28.500332	-0.040293	-0.130951	-0.090659	-0.191391
28.531580	-0.050366	-0.141025	-0.100732	-0.201464
28.562828	-0.050366	-0.151098	-0.110805	-0.221610
28.594076	-0.050366	-0.151098	-0.110805	-0.231683
28.625324	-0.050366	-0.161171	-0.100732	-0.231683
28.656572	-0.050366	-0.171244	-0.110805	-0.241756
28.687820	-0.060439	-0.181317	-0.110805	-0.251830
28.719069	-0.060439	-0.191391	-0.120878	-0.261843
28.750317	-0.060439	-0.201464	-0.120878	-0.271916
28.781565	-0.060439	-0.211537	-0.110805	-0.281990
28.812813	-0.060439	-0.231683	-0.110805	-0.292063
28.844061	-0.060439	-0.241756	-0.120878	-0.302136
28.875309	-0.060439	-0.241756	-0.120878	-0.322282
28.906557	-0.060439	-0.251830	-0.120878	-0.342429
28.937805	-0.060439	-0.261843	-0.120878	-0.352502
28.969053	-0.060439	-0.271916	-0.120878	-0.372648
29.000301	-0.060439	-0.292063	-0.130951	-0.392795
29.031549	-0.070512	-0.302136	-0.130951	-0.402868
29.062798	-0.080585	-0.312209	-0.130951	-0.423014
29.094046	-0.090659	-0.332355	-0.141025	-0.443161
29.125294	-0.090659	-0.362575	-0.141025	-0.473380
29.156542	-0.090659	-0.392795	-0.141025	-0.503600
29.187790	-0.100732	-0.433087	-0.151098	-0.543833
29.219038	-0.100732	-0.463307	-0.151098	-0.584126
29.250286	-0.100732	-0.503600	-0.161171	-0.644565
29.281534	-0.100732	-0.553906	-0.161171	-0.705004
29.312782	-0.100732	-0.614345	-0.171244	-0.775456
29.344030	-0.100732	-0.684857	-0.171244	-0.866115
29.375278	-0.100732	-0.775456	-0.181317	-0.986993
29.406527	-0.110805	-0.906408	-0.181317	-1.138031
29.437775	-0.110805	-1.097739	-0.191391	-1.349509
29.469023	-0.120878	-1.369655	-0.201464	-1.621425
29.500271	-0.130951	-1.732230	-0.211537	-1.994073
29.531519	-0.130951	-2.215624	-0.211537	-2.447248
29.562767	-0.130951	-2.819896	-0.211537	-2.991080
29.594015	-0.141025	-3.494620	-0.221610	-3.544986
29.625263	-0.141025	-4.159272	-0.221610	-4.018307
29.656511	-0.151098	-4.622579	-0.231683	-4.260004
29.687759	-0.161171	-4.582286	-0.241756	-4.018307
29.719007	-0.171244	-3.917575	-0.251830	-3.363669
29.750256	-0.181317	-2.910495	-0.261843	-2.568126
29.781504	-0.191391	-2.074599	-0.261843	-1.943707
29.812752	-0.191391	-1.560986	-0.271916	-1.550913
29.844000	-0.191391	-1.248837	-0.281990	-1.299143
29.875248	-0.201464	-1.037300	-0.292063	-1.117885
29.906496	-0.211537	-0.886261	-0.312209	-0.976920
29.937744	-0.221610	-0.775456	-0.322282	-0.866115
29.968992	-0.241756	-0.694931	-0.332355	-0.775456
30.000240	-0.251830	-0.614345	-0.342429	-0.715077
30.031488	-0.271916	-0.553906	-0.362575	-0.654638
30.062737	-0.292063	-0.503600	-0.382721	-0.604272
30.093985	-0.312209	-0.463307	-0.402868	-0.563979
30.125233	-0.332355	-0.423014	-0.433087	-0.533760
30.156481	-0.362575	-0.402868	-0.463307	-0.503600
30.187729	-0.392795	-0.372648	-0.503600	-0.473380
30.218977	-0.423014	-0.352502	-0.543833	-0.443161
30.250225	-0.463307	-0.342429	-0.594199	-0.412941
30.281473	-0.503600	-0.322282	-0.644565	-0.382721
30.312721	-0.543833	-0.312209	-0.694931	-0.372648
30.343969	-0.594199	-0.292063	-0.755370	-0.352502
30.375219	-0.654638	-0.281990	-0.825822	-0.342429
30.406467	-0.745296	-0.271916	-0.936627	-0.332355
30.437716	-0.916481	-0.261843	-1.158178	-0.322282
30.468964	-1.127958	-0.251830	-1.430094	-0.302136
30.500212	-1.440167	-0.241756	-1.893342	-0.292063
30.531460	-1.873195	-0.221610	-2.699018	-0.271916
30.562708	-2.417028	-0.221610	-3.857195	-0.271916
30.593956	-2.970934	-0.211537	-4.884422	-0.271916
30.625204	-3.353596	-0.201464	-5.317450	-0.261843
30.656452	-3.434181	-0.191391	-5.126119	-0.261843
30.687700	-3.242850	-0.181317	-4.541993	-0.251830
30.718948	-2.890348	-0.181317	-3.796756	-0.241756
30.750196	-2.467394	-0.171244	-3.081739	-0.241756
30.781445	-2.064526	-0.171244	-2.457321	-0.231683
30.812693	-1.722157	-0.161171	-1.963854	-0.221610
30.843941	-1.430094	-0.161171	-1.601279	-0.211537
30.875189	-1.198471	-0.151098	-1.319289	-0.201464
30.906437	-1.007140	-0.151098	-1.117885	-0.201464
30.937685	-0.866115	-0.141025	-0.956774	-0.201464
30.968933	-0.755370	-0.141025	-0.835896	-0.191391
31.000181	-0.664711	-0.130951	-0.745296	-0.191391
31.031429	-0.594199	-0.130951	-0.664711	-0.181317
31.062677	-0.533760	-0.120878	-0.604272	-0.181317
31.093925	-0.483453	-0.120878	-0.553906	-0.171244
31.125174	-0.433087	-0.120878	-0.523686	-0.161171
31.156422	-0.402868	-0.110805	-0.493526	-0.161171
31.187670	-0.372648	-0.100732	-0.463307	-0.151098
31.218918	-0.352502	-0.100732	-0.443161	-0.151098
31.250166	-0.342429	-0.100732	-0.423014	-0.151098
31.281414	-0.322282	-0.100732	-0.392795	-0.151098
31.312662	-0.292063	-0.100732	-0.372648	-0.151098
31.343910	-0.271916	-0.100732	-0.352502	-0.161171
31.375158	-0.251830	-0.090659	-0.342429	-0.151098
31.406406	-0.241756	-0.090659	-0.322282	-0.151098
31.437654	-0.221610	-0.090659	-0.312209	-0.141025
31.468903	-0.221610	-0.080585	-0.292063	-0.141025
31.500151	-0.211537	-0.080585	-0.281990	-0.141025
31.531399	-0.201464	-0.070512	-0.271916	-0.141025
31.562647	-0.191391	-0.070512	-0.251830	-0.130951
31.593895	-0.181317	-0.070512	-0.241756	-0.130951
31.625143	-0.171244	-0.080585	-0.241756	-0.130951
31.656391	-0.161171	-0.080585	-0.231683	-0.120878
31.687639	-0.151098	-0.070512	-0.231683	-0.120878
31.718887	-0.151098	-0.070512	-0.231683	-0.120878
31.750135	-0.141025	-0.060439	-0.231683	-0.120878
31.781384	-0.151098	-0.060439	-0.221610	-0.120878
31.812632	-0.151098	-0.060439	-0.211537	-0.110805
31.843880	-0.151098	-0.060439	-0.211537	-0.110805
31.875128	-0.151098	-0.060439	-0.201464	-0.110805
31.906376	-0.141025	-0.060439	-0.191391	-0.100732
31.937624	-0.120878	-0.060439	-0.191391	-0.110805
31.968872	-0.110805	-0.060439	-0.181317	-0.110805
32.000122	-0.110805	-0.060439	-0.171244	-0.120878
32.031368	-0.110805	-0.060439	-0.161171	-0.120878
32.062618	-0.100732	-0.050366	-0.151098	-0.120878
32.093864	-0.100732	-0.050366	-0.141025	-0.110805
32.125114	-0.100732	-0.050366	-0.151098	-0.110805
32.156361	-0.100732	-0.060439	-0.151098	-0.100732
32.187611	-0.100732	-0.050366	-0.151098	-0.100732
32.218857	-0.100732	-0.040293	-0.141025	-0.100732
32.250107	-0.100732	-0.040293	-0.141025	-0.100732
32.281353	-0.100732	-0.040293	-0.141025	-0.100732
32.312603	-0.100732	-0.040293	-0.141025	-0.100732
32.343849	-0.100732	-0.040293	-0.141025	-0.110805
32.375099	-0.090659	-0.040293	-0.130951	-0.110805
32.406345	-0.090659	-0.040293	-0.141025	-0.100732
32.437595	-0.090659	-0.040293	-0.141025	-0.100732
32.468842	-0.080585	-0.040293	-0.141025	-0.100732
32.500092	-0.080585	-0.040293	-0.130951	-0.100732
32.531338	-0.070512	-0.040293	-0.130951	-0.100732
32.562588	-0.070512	-0.040293	-0.130951	-0.100732
32.593834	-0.060439	-0.040293	-0.130951	-0.100732
32.625084	-0.060439	-0.040293	-0.120878	-0.100732
32.656330	-0.050366	-0.040293	-0.120878	-0.090659
32.687580	-0.060439	-0.040293	-0.120878	-0.080585
32.718826	-0.060439	-0.040293	-0.120878	-0.080585
32.750076	-0.060439	-0.040293	-0.120878	-0.080585
32.781322	-0.060439	-0.040293	-0.120878	-0.080585
32.812572	-0.050366	-0.030220	-0.110805	-0.080585
32.843819	-0.050366	-0.030220	-0.110805	-0.080585
32.875069	-0.050366	-0.030220	-0.120878	-0.090659
32.906315	-0.060439	-0.040293	-0.120878	-0.090659
32.937565	-0.060439	-0.030220	-0.120878	-0.090659
32.968811	-0.050366	-0.030220	-0.120878	-0.090659
33.000061	-0.050366	-0.030220	-0.110805	-0.080585
33.031307	-0.050366	-0.030220	-0.110805	-0.080585
33.062557	-0.050366	-0.020146	-0.110805	-0.080585
33.093803	-0.040293	-0.020146	-0.110805	-0.080585
33.125053	-0.030220	-0.020146	-0.100732	-0.070512
33.156300	-0.030220	-0.020146	-0.090659	-0.070512
33.187550	-0.040293	-0.020146	-0.090659	-0.070512
33.218796	-0.030220	-0.020146	-0.080585	-0.060439
33.250046	-0.030220	-0.020146	-0.080585	-0.060439
33.281292	-0.040293	-0.020146	-0.090659	-0.060439
33.312542	-0.040293	-0.030220	-0.090659	-0.070512
33.343788	-0.040293	-0.030220	-0.090659	-0.070512
33.375038	-0.040293	-0.030220	-0.100732	-0.070512
33.406284	-0.040293	-0.020146	-0.090659	-0.070512
33.437534	-0.040293	-0.020146	-0.090659	-0.070512
33.468781	-0.030220	-0.030220	-0.080585	-0.080585
33.500031	-0.030220	-0.040293	-0.080585	-0.080585
33.531277	-0.030220	-0.040293	-0.080585	-0.080585
33.562527	-0.030220	-0.040293	-0.080585	-0.080585
33.593773	-0.020146	-0.030220	-0.080585	-0.080585
33.625023	-0.020146	-0.030220	-0.080585	-0.090659
33.656269	-0.020146	-0.030220	-0.080585	-0.090659
33.687519	-0.020146	-0.020146	-0.080585	-0.090659
33.718765	-0.020146	-0.020146	-0.080585	-0.080585
33.750015	-0.020146	-0.020146	-0.080585	-0.070512
33.781261	-0.030220	-0.020146	-0.080585	-0.070512
33.812511	-0.030220	-0.020146	-0.080585	-0.070512
33.843758	-0.040293	-0.020146	-0.090659	-0.070512
33.875008	-0.040293	-0.010073	-0.090659	-0.070512
33.906254	-0.040293	-0.010073	-0.090659	-0.080585
33.937504	-0.030220	-0.020146	-0.090659	-0.080585
33.968750	-0.030220	-0.020146	-0.090659	-0.080585
