20.958424	-0.030220	-0.010073	-0.010073	-0.060439
20.989719	-0.030220	-0.010073	-0.010073	-0.050366
21.021015	-0.030220	-0.010073	-0.010073	-0.050366
21.052311	-0.020146	-0.010073	0.000000	-0.050366
21.083607	-0.030220	-0.010073	0.000000	-0.050366
21.114902	-0.030220	-0.010073	0.010014	-0.050366
21.146198	-0.030220	-0.010073	0.010014	-0.050366
21.177494	-0.030220	-0.010073	0.020087	-0.050366
21.208790	-0.030220	-0.020146	0.020087	-0.050366
21.240086	-0.030220	-0.020146	0.020087	-0.050366
21.271381	-0.030220	-0.020146	0.020087	-0.050366
21.302677	-0.030220	-0.020146	0.020087	-0.040293
21.333973	-0.020146	-0.020146	0.020087	-0.040293
21.365271	-0.030220	-0.020146	0.020087	-0.030220
21.396566	-0.030220	-0.020146	0.020087	-0.030220
21.427862	-0.030220	-0.020146	0.020087	-0.020146
21.459158	-0.030220	-0.020146	0.020087	-0.020146
21.490454	-0.030220	-0.020146	0.020087	-0.020146
21.521749	-0.040293	-0.030220	0.030160	-0.020146
21.553045	-0.030220	-0.020146	0.030160	-0.020146
21.584341	-0.020146	-0.020146	0.030160	-0.020146
21.615637	-0.020146	-0.020146	0.030160	-0.020146
21.646933	-0.020146	-0.010073	0.040233	-0.020146
21.678228	-0.030220	-0.010073	0.040233	-0.020146
21.709524	-0.030220	-0.020146	0.040233	-0.020146
21.740820	-0.030220	-0.020146	0.040233	-0.010073
21.772116	-0.030220	-0.030220	0.040233	-0.010073
21.803411	-0.020146	-0.030220	0.040233	-0.010073
21.834707	-0.020146	-0.020146	0.050306	0.000000
21.866005	-0.010073	-0.020146	0.060380	0.000000
21.897301	-0.010073	-0.010073	0.060380	0.010014
21.928596	-0.010073	-0.010073	0.060380	0.010014
21.959892	-0.020146	-0.010073	0.060380	0.020087
21.991188	-0.020146	-0.010073	0.050306	0.020087
22.022484	-0.030220	-0.010073	0.040233	0.010014
22.053780	-0.040293	-0.010073	0.040233	0.020087
22.085075	-0.050366	-0.010073	0.040233	0.020087
22.116371	-0.040293	-0.010073	0.040233	0.030160
22.147667	-0.040293	-0.010073	0.050306	0.030160
22.178963	-0.030220	-0.010073	0.050306	0.040233
22.210258	-0.020146	0.000000	0.060380	0.040233
22.241554	-0.020146	0.000000	0.060380	0.050306
22.272850	-0.020146	-0.010073	0.060380	0.060380
22.304146	-0.030220	-0.010073	0.060380	0.060380
22.335442	-0.030220	-0.020146	0.060380	0.060380
22.366739	-0.030220	-0.010073	0.050306	0.060380
22.398035	-0.020146	-0.010073	0.050306	0.060380
22.429331	-0.030220	0.000000	0.040233	0.060380
22.460627	-0.030220	0.000000	0.040233	0.070453
22.491922	-0.030220	0.000000	0.040233	0.080526
22.523218	-0.030220	-0.010073	0.040233	0.080526
22.554514	-0.030220	-0.010073	0.050306	0.080526
22.585810	-0.040293	-0.010073	0.060380	0.090599
22.617105	-0.040293	-0.010073	0.070453	0.100672
22.648401	-0.040293	-0.010073	0.070453	0.100672
22.679697	-0.040293	-0.010073	0.070453	0.110745
22.710993	-0.030220	0.000000	0.080526	0.110745
22.742289	-0.020146	0.000000	0.080526	0.120819
22.773584	-0.020146	0.000000	0.080526	0.120819
22.804880	-0.010073	0.000000	0.080526	0.130892
22.836176	-0.020146	-0.010073	0.080526	0.140965
22.867474	-0.030220	-0.010073	0.080526	0.151038
22.898769	-0.030220	-0.020146	0.090599	0.151038
22.930065	-0.030220	-0.020146	0.090599	0.161111
22.961361	-0.030220	-0.020146	0.100672	0.171185
22.992657	-0.030220	-0.020146	0.100672	0.181258
23.023952	-0.030220	-0.020146	0.110745	0.191331
23.055248	-0.030220	-0.020146	0.110745	0.201404
23.086544	-0.030220	-0.020146	0.110745	0.211477
23.117840	-0.040293	-0.020146	0.110745	0.221550
23.149136	-0.040293	-0.020146	0.120819	0.241697
23.180431	-0.040293	-0.020146	0.120819	0.261784
23.211727	-0.030220	-0.020146	0.120819	0.271857
23.243023	-0.030220	-0.010073	0.120819	0.292003
23.274319	-0.030220	-0.010073	0.120819	0.302076
23.305614	-0.030220	-0.020146	0.120819	0.322223
23.336912	-0.020146	-0.020146	0.120819	0.352442
23.368208	-0.010073	-0.020146	0.120819	0.372589
23.399504	0.000000	-0.030220	0.120819	0.402808
23.430799	0.000000	-0.030220	0.130892	0.422955
23.462095	0.000000	-0.030220	0.140965	0.463247
23.493391	-0.010073	-0.030220	0.151038	0.493467
23.524687	0.000000	-0.030220	0.151038	0.523627
23.555983	0.000000	-0.040293	0.161111	0.563920
23.587278	-0.010073	-0.040293	0.161111	0.614285
23.618574	-0.010073	-0.050366	0.171185	0.664651
23.649870	-0.010073	-0.070512	0.171185	0.725091
23.681166	-0.020146	-0.080585	0.171185	0.795543
23.712461	-0.020146	-0.100732	0.191331	0.876129
23.743757	-0.020146	-0.130951	0.201404	0.966787
23.775053	-0.020146	-0.151098	0.211477	1.067460
23.806349	-0.010073	-0.181317	0.221550	1.198411
23.837646	-0.010073	-0.211537	0.231624	1.349449
23.868942	-0.010073	-0.251830	0.241697	1.530766
23.900238	-0.020146	-0.292063	0.241697	1.772463
23.931534	-0.030220	-0.342429	0.241697	2.074540
23.962830	-0.030220	-0.392795	0.251770	2.437115
23.994125	-0.020146	-0.443161	0.261784	2.880216
24.025421	-0.010073	-0.483453	0.271857	3.413975
24.056717	-0.010073	-0.503600	0.281930	4.048467
24.088013	-0.010073	-0.483453	0.292003	4.743338
24.119308	-0.010073	-0.412941	0.302076	5.498648
24.150604	-0.010073	-0.281990	0.312150	6.223738
24.181900	-0.020146	-0.090659	0.332296	6.838083
24.213196	-0.030220	0.140965	0.342369	7.261038
24.244492	-0.030220	0.382662	0.352442	7.402062
24.275787	-0.030220	0.624359	0.372589	7.281184
24.307083	-0.020146	0.825763	0.392735	6.968975
24.338381	-0.020146	0.986934	0.422955	6.546021
24.369677	-0.020146	1.127899	0.443101	6.012261
24.400972	-0.030220	1.248777	0.453174	5.367756
24.432268	-0.050366	1.369596	0.473320	4.592299
24.463564	-0.050366	1.510620	0.493467	3.695965
24.494860	-0.060439	1.641512	0.523627	2.698958
24.526155	-0.060439	1.752317	0.543773	1.651585
24.557451	-0.060439	1.822770	0.573993	0.654578
24.588747	-0.060439	1.822770	0.604212	-0.141025
24.620043	-0.070512	1.722097	0.644505	-0.634491
24.651339	-0.080585	1.540840	0.684798	-0.805676
24.682634	-0.090659	1.309156	0.735164	-0.745296
24.713930	-0.090659	1.077533	0.795543	-0.553906
24.745226	-0.100732	0.876129	0.855982	-0.352502
24.776522	-0.110805	0.715017	0.926495	-0.171244
24.807819	-0.130951	0.584066	1.007080	-0.040293
24.839115	-0.161171	0.473320	1.097679	0.050306
24.870411	-0.191391	0.392735	1.198411	0.100672
24.901707	-0.231683	0.342369	1.319230	0.140965
24.933002	-0.271916	0.292003	1.470327	0.171185
24.964298	-0.322282	0.251770	1.651585	0.191331
24.995594	-0.392795	0.221550	1.883209	0.211477
25.026890	-0.503600	0.181258	2.185345	0.221550
25.058186	-0.644565	0.161111	2.568066	0.221550
25.089481	-0.815749	0.130892	3.061533	0.221550
25.120777	-1.007140	0.110745	3.665745	0.221550
25.152073	-1.228690	0.100672	4.410982	0.221550
25.183369	-1.440167	0.100672	5.226731	0.231624
25.214664	-1.560986	0.100672	6.022334	0.221550
25.245960	-1.560986	0.090599	6.666899	0.211477
25.277256	-1.440167	0.080526	7.130146	0.191331
25.308554	-1.248837	0.080526	7.371843	0.171185
25.339849	-1.017213	0.080526	7.432282	0.161111
25.371145	-0.785530	0.090599	7.331550	0.151038
25.402441	-0.563979	0.090599	7.079780	0.140965
25.433737	-0.342429	0.090599	6.687045	0.130892
25.465033	-0.090659	0.080526	6.133139	0.120819
25.496328	0.251770	0.070453	5.408049	0.110745
25.527624	0.694871	0.060380	4.501641	0.100672
25.558920	1.218557	0.060380	3.464341	0.090599
25.590216	1.701951	0.050306	2.427042	0.080526
25.621511	2.044380	0.040233	1.510620	0.080526
25.652807	2.185345	0.040233	0.805616	0.080526
25.684103	2.145052	0.040233	0.322223	0.080526
25.715399	1.983941	0.040233	0.040233	0.080526
25.746695	1.742244	0.020087	-0.080585	0.070453
25.777990	1.490474	0.010014	-0.110805	0.070453
25.809288	1.238704	0.020087	-0.080585	0.070453
25.840584	1.017153	0.010014	-0.020146	0.060380
25.871880	0.835836	0.010014	0.040233	0.050306
25.903175	0.694871	0.000000	0.100672	0.040233
25.934471	0.584066	-0.010073	0.161111	0.040233
25.965767	0.483394	-0.010073	0.201404	0.030160
25.997063	0.412881	0.000000	0.231624	0.030160
26.028358	0.342369	0.010014	0.261784	0.030160
26.059654	0.292003	0.020087	0.281930	0.040233
26.090950	0.251770	0.030160	0.302076	0.040233
26.122246	0.211477	0.030160	0.322223	0.030160
26.153542	0.181258	0.020087	0.332296	0.030160
26.184837	0.161111	0.020087	0.342369	0.030160
26.216133	0.140965	0.020087	0.352442	0.030160
26.247429	0.130892	0.020087	0.362515	0.040233
26.278725	0.120819	0.020087	0.362515	0.040233
26.310022	0.110745	0.010014	0.362515	0.060380
26.341318	0.100672	0.010014	0.362515	0.070453
26.372614	0.080526	0.010014	0.352442	0.070453
26.403910	0.070453	0.010014	0.342369	0.060380
26.435205	0.050306	0.020087	0.332296	0.060380
26.466501	0.040233	0.020087	0.322223	0.060380
26.497797	0.040233	0.020087	0.312150	0.060380
26.529093	0.040233	0.030160	0.312150	0.060380
26.560389	0.040233	0.020087	0.312150	0.050306
26.591684	0.050306	0.000000	0.312150	0.050306
26.622980	0.040233	-0.010073	0.302076	0.040233
26.654276	0.040233	-0.010073	0.302076	0.040233
26.685572	0.040233	-0.010073	0.292003	0.040233
26.716867	0.040233	-0.010073	0.292003	0.050306
26.748163	0.030160	0.000000	0.292003	0.050306
26.779461	0.020087	0.010014	0.302076	0.040233
26.810757	0.020087	0.020087	0.312150	0.040233
26.842052	0.020087	0.020087	0.312150	0.040233
26.873348	0.010014	0.010014	0.302076	0.040233
26.904644	0.010014	0.020087	0.281930	0.050306
26.935940	0.010014	0.010014	0.261784	0.060380
26.967236	0.000000	0.000000	0.241697	0.060380
26.998531	0.000000	-0.010073	0.221550	0.070453
27.029827	0.010014	-0.010073	0.211477	0.080526
27.061123	0.000000	-0.010073	0.221550	0.090599
27.092419	0.000000	-0.010073	0.231624	0.100672
27.123714	0.000000	-0.020146	0.241697	0.110745
27.155010	-0.010073	-0.030220	0.231624	0.110745
27.186306	0.000000	-0.030220	0.211477	0.120819
27.217602	0.010014	-0.030220	0.191331	0.120819
27.248898	0.010014	-0.030220	0.181258	0.130892
27.280195	0.020087	-0.030220	0.181258	0.130892
27.311491	0.020087	-0.030220	0.181258	0.140965
27.342787	0.010014	-0.020146	0.201404	0.151038
27.374083	0.000000	-0.020146	0.221550	0.161111
27.405378	0.000000	-0.030220	0.251770	0.171185
27.436674	-0.020146	-0.030220	0.271857	0.181258
27.467970	-0.030220	-0.020146	0.281930	0.181258
27.499266	-0.020146	-0.020146	0.292003	0.181258
27.530561	-0.020146	-0.020146	0.281930	0.161111
27.561857	-0.020146	-0.030220	0.261784	0.151038
27.593153	-0.030220	-0.020146	0.231624	0.140965
27.624449	-0.030220	-0.020146	0.211477	0.130892
27.655745	-0.030220	-0.020146	0.191331	0.130892
27.687040	-0.030220	-0.020146	0.181258	0.120819
27.718336	-0.020146	-0.020146	0.181258	0.110745
27.749632	-0.010073	-0.010073	0.191331	0.100672
27.780930	-0.010073	0.000000	0.201404	0.110745
27.812225	-0.010073	0.010014	0.191331	0.120819
27.843521	-0.010073	0.020087	0.181258	0.151038
27.874817	-0.010073	0.020087	0.171185	0.181258
27.906113	-0.010073	0.010014	0.161111	0.191331
27.937408	0.000000	0.010014	0.151038	0.191331
27.968704	0.000000	0.000000	0.161111	0.171185
