26.000483	-0.033617	-0.033617	-0.033617	0.100613
26.031731	-0.033617	0.000000	0.000000	0.100613
26.062979	-0.033617	0.000000	0.000000	0.100613
26.094227	-0.033617	0.000000	0.000000	0.100613
26.125475	0.000000	0.000000	0.000000	0.100613
26.156723	-0.033617	0.000000	0.000000	0.100613
26.187971	-0.033617	0.000000	0.033379	0.100613
26.219219	-0.033617	0.000000	0.033379	0.100613
26.250467	-0.033617	0.033379	0.033379	0.100613
26.281715	-0.033617	0.033379	0.033379	0.100613
26.312963	-0.033617	0.033379	0.033379	0.100613
26.344212	-0.033617	0.033379	0.000000	0.100613
26.375460	-0.033617	0.066996	0.000000	0.100613
26.406708	0.000000	0.066996	0.000000	0.100613
26.437956	0.000000	0.066996	0.000000	0.100613
26.469204	0.000000	0.066996	0.000000	0.100613
26.500452	0.000000	0.066996	-0.033617	0.100613
26.531700	0.000000	0.066996	-0.033617	0.100613
26.562948	0.000000	0.066996	-0.033617	0.100613
26.594196	0.000000	0.066996	-0.033617	0.100613
26.625444	0.000000	0.066996	-0.033617	0.066996
26.656693	0.000000	0.100613	-0.033617	0.066996
26.687941	0.000000	0.100613	-0.033617	0.066996
26.719189	0.000000	0.100613	-0.033617	0.066996
26.750437	0.000000	0.100613	-0.033617	0.066996
26.781685	0.000000	0.134230	-0.033617	0.066996
26.812933	0.000000	0.134230	-0.033617	0.033379
26.844181	0.000000	0.134230	-0.033617	0.033379
26.875429	0.033379	0.167847	-0.033617	0.033379
26.906677	0.033379	0.167847	-0.033617	0.033379
26.937925	0.033379	0.167847	-0.033617	0.066996
26.969173	0.033379	0.167847	-0.067234	0.066996
27.000422	0.033379	0.167847	-0.067234	0.066996
27.031670	0.066996	0.167847	-0.067234	0.066996
27.062918	0.066996	0.201225	-0.067234	0.066996
27.094166	0.066996	0.201225	-0.067234	0.100613
27.125414	0.066996	0.201225	-0.067234	0.100613
27.156662	0.066996	0.201225	-0.067234	0.100613
27.187910	0.066996	0.201225	-0.067234	0.066996
27.219158	0.066996	0.201225	-0.033617	0.066996
27.250406	0.066996	0.201225	-0.033617	0.066996
27.281654	0.066996	0.234842	-0.033617	0.033379
27.312902	0.066996	0.234842	0.000000	0.066996
27.344151	0.066996	0.268459	0.000000	0.066996
27.375399	0.066996	0.268459	0.000000	0.066996
27.406647	0.066996	0.268459	0.033379	0.066996
27.437895	0.066996	0.268459	0.033379	0.066996
27.469143	0.100613	0.268459	0.033379	0.066996
27.500391	0.100613	0.268459	0.033379	0.066996
27.531639	0.100613	0.302076	0.033379	0.066996
27.562887	0.100613	0.302076	0.000000	0.066996
27.594135	0.100613	0.335693	0.000000	0.066996
27.625383	0.100613	0.335693	-0.033617	0.066996
27.656631	0.100613	0.369072	-0.033617	0.066996
27.687880	0.100613	0.369072	-0.033617	0.066996
27.719128	0.100613	0.369072	-0.033617	0.066996
27.750376	0.100613	0.402689	-0.033617	0.066996
27.781624	0.134230	0.402689	-0.033617	0.033379
27.812872	0.134230	0.436306	0.000000	0.033379
27.844120	0.134230	0.436306	0.000000	0.000000
27.875368	0.134230	0.436306	0.000000	-0.033617
27.906616	0.134230	0.469923	0.000000	-0.033617
27.937866	0.167847	0.469923	0.033379	-0.033617
27.969114	0.167847	0.503540	0.033379	-0.067234
28.000362	0.201225	0.503540	0.033379	-0.067234
28.031610	0.234842	0.536919	0.033379	-0.067234
28.062859	0.234842	0.570536	0.000000	-0.067234
28.094107	0.268459	0.570536	0.000000	-0.067234
28.125355	0.268459	0.604153	0.000000	-0.033617
28.156603	0.268459	0.637770	0.000000	-0.033617
28.187851	0.268459	0.671387	0.000000	-0.033617
28.219099	0.268459	0.704765	-0.033617	-0.033617
28.250347	0.268459	0.704765	-0.033617	-0.067234
28.281595	0.268459	0.738382	-0.067234	-0.067234
28.312843	0.268459	0.805616	-0.067234	-0.067234
28.344091	0.268459	0.839233	-0.067234	-0.067234
28.375340	0.268459	0.872612	-0.067234	-0.100851
28.406588	0.302076	0.906229	-0.067234	-0.100851
28.437836	0.302076	0.939846	-0.067234	-0.134468
28.469084	0.302076	1.007080	-0.067234	-0.134468
28.500332	0.335693	1.074076	-0.067234	-0.168085
28.531580	0.335693	1.107693	-0.033617	-0.168085
28.562828	0.335693	1.174927	-0.033617	-0.201464
28.594076	0.369072	1.241922	-0.033617	-0.201464
28.625324	0.369072	1.309156	-0.033617	-0.201464
28.656572	0.402689	1.376152	-0.033617	-0.201464
28.687820	0.402689	1.443386	-0.033617	-0.235081
28.719069	0.402689	1.544237	-0.033617	-0.235081
28.750317	0.436306	1.644850	-0.033617	-0.235081
28.781565	0.436306	1.779079	-0.033617	-0.235081
28.812813	0.469923	1.913309	-0.033617	-0.268698
28.844061	0.503540	2.081156	-0.067234	-0.268698
28.875309	0.503540	2.249002	-0.067234	-0.302315
28.906557	0.536919	2.450466	-0.067234	-0.335932
28.937805	0.536919	2.719164	-0.067234	-0.402927
28.969053	0.570536	3.021240	-0.067234	-0.470161
29.000301	0.570536	3.424168	-0.100851	-0.537157
29.031549	0.604153	3.894091	-0.100851	-0.638008
29.062798	0.604153	4.531860	-0.100851	-0.805855
29.094046	0.637770	5.337477	-0.100851	-1.007318
29.125294	0.671387	6.378174	-0.100851	-1.275778
29.156542	0.671387	7.754564	-0.067234	-1.645088
29.187790	0.704765	9.500265	-0.067234	-2.182245
29.219038	0.738382	11.648893	-0.067234	-2.820015
29.250286	0.771999	14.166594	-0.067234	-3.659248
29.281534	0.771999	16.751528	-0.067234	-4.599333
29.312782	0.805616	18.933535	-0.067234	-5.472183
29.344030	0.839233	19.907236	-0.100851	-5.942106
29.375278	0.872612	18.967152	-0.100851	-5.673409
29.406527	0.906229	16.012907	-0.100851	-4.498482
29.437775	0.939846	12.085199	-0.134468	-2.887249
29.469023	1.007080	8.828878	-0.134468	-1.645088
29.500271	1.040459	6.747484	-0.168085	-1.007318
29.531519	1.074076	5.404711	-0.168085	-0.671625
29.562767	1.141310	4.498243	-0.168085	-0.470161
29.594015	1.208305	3.826857	-0.168085	-0.369310
29.625263	1.241922	3.323317	-0.201464	-0.302315
29.656511	1.342773	2.920628	-0.201464	-0.302315
29.687759	1.409769	2.618313	-0.201464	-0.302315
29.719007	1.477003	2.383471	-0.168085	-0.302315
29.750256	1.577616	2.148390	-0.168085	-0.302315
29.781504	1.678467	1.980543	-0.168085	-0.268698
29.812752	1.812696	1.812696	-0.168085	-0.268698
29.844000	1.946926	1.678467	-0.201464	-0.268698
29.875248	2.081156	1.577616	-0.235081	-0.235081
29.906496	2.249002	1.477003	-0.268698	-0.201464
29.937744	2.450466	1.409769	-0.302315	-0.168085
29.968992	2.651930	1.309156	-0.369310	-0.168085
30.000240	2.920628	1.241922	-0.402927	-0.134468
30.031488	3.256321	1.174927	-0.470161	-0.134468
30.062737	3.659010	1.107693	-0.570774	-0.100851
30.093985	4.162550	1.040459	-0.638008	-0.100851
30.125233	4.800558	1.007080	-0.772238	-0.067234
30.156481	5.706787	0.939846	-0.906467	-0.067234
30.187729	7.049561	0.906229	-1.074314	-0.067234
30.218977	9.164572	0.872612	-1.275778	-0.067234
30.250225	12.588739	0.839233	-1.343012	-0.067234
30.281473	16.818762	0.805616	-1.208544	-0.067234
30.312721	19.974232	0.771999	-1.175165	-0.067234
30.343969	20.914316	0.738382	-1.275778	-0.033617
30.375219	19.772768	0.704765	-1.376390	-0.033617
30.406467	17.422915	0.671387	-1.410007	-0.033617
30.437716	14.603138	0.637770	-1.343012	-0.033617
30.468964	11.917353	0.604153	-1.175165	0.000000
30.500212	9.601116	0.570536	-1.007318	0.000000
30.531460	7.721186	0.570536	-0.805855	0.033379
30.562708	6.277561	0.536919	-0.671625	0.033379
30.593956	5.169630	0.503540	-0.570774	0.033379
30.625204	4.330397	0.503540	-0.503778	0.033379
30.656452	3.726244	0.469923	-0.470161	0.033379
30.687700	3.222704	0.469923	-0.436544	0.033379
30.718948	2.887011	0.436306	-0.402927	0.066996
30.750196	2.584696	0.436306	-0.402927	0.066996
30.781445	2.349854	0.402689	-0.369310	0.033379
30.812693	2.148390	0.402689	-0.369310	0.033379
30.843941	1.980543	0.369072	-0.335932	0.033379
30.875189	1.846313	0.369072	-0.335932	0.033379
30.906437	1.712084	0.335693	-0.302315	0.000000
30.937685	1.577616	0.335693	-0.268698	0.000000
30.968933	1.477003	0.302076	-0.268698	0.000000
31.000181	1.409769	0.302076	-0.235081	0.000000
31.031429	1.309156	0.302076	-0.201464	0.000000
31.062677	1.241922	0.302076	-0.201464	0.000000
31.093925	1.208305	0.302076	-0.168085	-0.033617
31.125174	1.141310	0.268459	-0.168085	-0.033617
31.156422	1.107693	0.268459	-0.168085	-0.033617
31.187670	1.040459	0.268459	-0.134468	0.000000
31.218918	1.007080	0.268459	-0.134468	0.000000
31.250166	0.939846	0.234842	-0.134468	0.000000
31.281414	0.906229	0.234842	-0.100851	0.033379
31.312662	0.839233	0.234842	-0.100851	0.033379
31.343910	0.805616	0.201225	-0.100851	0.066996
31.375158	0.771999	0.201225	-0.067234	0.066996
31.406406	0.738382	0.167847	-0.067234	0.066996
31.437654	0.738382	0.167847	-0.067234	0.066996
31.468903	0.704765	0.167847	-0.033617	0.066996
31.500151	0.671387	0.167847	-0.033617	0.066996
31.531399	0.637770	0.167847	-0.033617	0.033379
31.562647	0.637770	0.167847	-0.033617	0.000000
31.593895	0.604153	0.167847	-0.033617	0.000000
31.625143	0.570536	0.167847	0.000000	0.000000
31.656391	0.570536	0.134230	0.000000	0.000000
31.687639	0.536919	0.134230	0.000000	0.000000
31.718887	0.503540	0.134230	0.000000	0.000000
31.750135	0.503540	0.134230	0.000000	0.000000
31.781384	0.469923	0.134230	0.000000	0.000000
31.812632	0.469923	0.100613	0.000000	0.033379
31.843880	0.436306	0.100613	0.000000	0.033379
31.875128	0.402689	0.100613	0.000000	0.066996
31.906376	0.402689	0.100613	0.000000	0.066996
31.937624	0.369072	0.100613	0.033379	0.100613
31.968872	0.369072	0.066996	0.033379	0.100613
32.000122	0.369072	0.066996	0.066996	0.134230
32.031368	0.369072	0.066996	0.066996	0.134230
32.062618	0.335693	0.066996	0.066996	0.134230
32.093864	0.335693	0.066996	0.066996	0.100613
32.125114	0.335693	0.066996	0.033379	0.100613
32.156361	0.335693	0.066996	0.033379	0.100613
32.187611	0.335693	0.066996	0.033379	0.066996
32.218857	0.302076	0.066996	0.033379	0.066996
32.250107	0.302076	0.066996	0.033379	0.066996
32.281353	0.302076	0.066996	0.033379	0.066996
32.312603	0.268459	0.066996	0.033379	0.066996
32.343849	0.268459	0.066996	0.033379	0.066996
32.375099	0.268459	0.066996	0.033379	0.100613
32.406345	0.234842	0.066996	0.033379	0.100613
32.437595	0.234842	0.033379	0.033379	0.134230
32.468842	0.234842	0.033379	0.033379	0.134230
32.500092	0.201225	0.033379	0.033379	0.134230
32.531338	0.201225	0.033379	0.033379	0.134230
32.562588	0.201225	0.033379	0.033379	0.134230
32.593834	0.201225	0.033379	0.033379	0.100613
32.625084	0.167847	0.033379	0.033379	0.100613
32.656330	0.167847	0.033379	0.033379	0.100613
32.687580	0.167847	0.033379	0.033379	0.066996
32.718826	0.167847	0.033379	0.000000	0.066996
32.750076	0.167847	0.033379	0.000000	0.033379
32.781322	0.134230	0.000000	0.033379	0.033379
32.812572	0.134230	0.000000	0.033379	0.033379
32.843819	0.134230	-0.033617	0.033379	0.066996
32.875069	0.134230	-0.033617	0.033379	0.066996
32.906315	0.100613	0.000000	0.033379	0.066996
32.937565	0.100613	0.000000	0.066996	0.100613
32.968811	0.100613	0.000000	0.066996	0.100613
33.000061	0.100613	0.000000	0.066996	0.134230
33.031307	0.100613	0.000000	0.066996	0.134230
33.062557	0.066996	0.000000	0.066996	0.167847
33.093803	0.066996	0.033379	0.066996	0.167847
33.125053	0.066996	0.033379	0.066996	0.167847
33.156300	0.066996	0.000000	0.066996	0.167847
33.187550	0.066996	0.000000	0.066996	0.134230
33.218796	0.066996	0.000000	0.066996	0.134230
33.250046	0.066996	0.000000	0.033379	0.100613
33.281292	0.066996	0.000000	0.033379	0.100613
33.312542	0.066996	0.000000	0.033379	0.066996
33.343788	0.033379	0.000000	0.033379	0.066996
33.375038	0.066996	0.000000	0.066996	0.066996
33.406284	0.033379	0.000000	0.066996	0.066996
33.437534	0.033379	0.000000	0.066996	0.066996
33.468781	0.033379	0.000000	0.100613	0.066996
33.500031	0.033379	0.000000	0.100613	0.066996
33.531277	0.033379	0.000000	0.100613	0.100613
33.562527	0.033379	-0.033617	0.134230	0.100613
33.593773	0.000000	-0.033617	0.134230	0.100613
33.625023	0.000000	-0.033617	0.100613	0.134230
33.656269	0.000000	-0.033617	0.100613	0.134230
33.687519	0.000000	-0.033617	0.100613	0.134230
33.718765	0.033379	0.000000	0.066996	0.134230
33.750015	0.033379	0.000000	0.066996	0.134230
33.781261	0.000000	0.000000	0.066996	0.134230
33.812511	0.000000	0.000000	0.066996	0.100613
33.843758	0.000000	0.000000	0.066996	0.100613
33.875008	0.000000	0.000000	0.066996	0.066996
33.906254	0.000000	0.000000	0.066996	0.066996
33.937504	0.000000	0.000000	0.066996	0.066996
33.968750	0.000000	0.000000	0.066996	0.066996
