26.000483	-0.067234	-0.134468	0.369072	0.570536
26.031731	-0.033617	-0.134468	0.335693	0.570536
26.062979	-0.033617	-0.134468	0.335693	0.570536
26.094227	-0.033617	-0.134468	0.335693	0.536919
26.125475	-0.033617	-0.134468	0.335693	0.536919
26.156723	-0.033617	-0.134468	0.335693	0.570536
26.187971	-0.067234	-0.134468	0.335693	0.570536
26.219219	-0.067234	-0.134468	0.335693	0.604153
26.250467	-0.067234	-0.100851	0.369072	0.604153
26.281715	-0.067234	-0.100851	0.369072	0.604153
26.312963	-0.067234	-0.100851	0.369072	0.604153
26.344212	-0.067234	-0.100851	0.369072	0.570536
26.375460	-0.033617	-0.067234	0.402689	0.570536
26.406708	-0.033617	-0.100851	0.402689	0.570536
26.437956	-0.033617	-0.067234	0.402689	0.570536
26.469204	-0.067234	-0.067234	0.402689	0.570536
26.500452	-0.067234	-0.067234	0.402689	0.536919
26.531700	-0.067234	-0.067234	0.402689	0.536919
26.562948	-0.067234	-0.067234	0.402689	0.536919
26.594196	-0.067234	-0.067234	0.369072	0.536919
26.625444	-0.033617	-0.067234	0.369072	0.536919
26.656693	-0.033617	-0.067234	0.369072	0.536919
26.687941	-0.033617	-0.067234	0.369072	0.536919
26.719189	-0.033617	-0.067234	0.369072	0.536919
26.750437	-0.033617	-0.067234	0.369072	0.536919
26.781685	-0.033617	-0.033617	0.369072	0.536919
26.812933	-0.033617	-0.033617	0.369072	0.536919
26.844181	-0.033617	-0.033617	0.369072	0.536919
26.875429	-0.033617	0.000000	0.369072	0.536919
26.906677	0.000000	0.000000	0.402689	0.536919
26.937925	0.000000	0.000000	0.402689	0.536919
26.969173	0.000000	0.000000	0.436306	0.503540
27.000422	0.000000	0.033379	0.436306	0.503540
27.031670	0.000000	0.033379	0.436306	0.503540
27.062918	0.000000	0.033379	0.402689	0.503540
27.094166	0.000000	0.033379	0.402689	0.503540
27.125414	0.000000	0.033379	0.402689	0.503540
27.156662	0.000000	0.033379	0.402689	0.503540
27.187910	0.000000	0.033379	0.402689	0.469923
27.219158	0.033379	0.033379	0.402689	0.469923
27.250406	0.033379	0.066996	0.369072	0.503540
27.281654	0.033379	0.066996	0.369072	0.503540
27.312902	0.033379	0.066996	0.369072	0.503540
27.344151	0.033379	0.100613	0.369072	0.503540
27.375399	0.033379	0.100613	0.369072	0.503540
27.406647	0.033379	0.100613	0.369072	0.536919
27.437895	0.033379	0.134230	0.369072	0.536919
27.469143	0.033379	0.134230	0.369072	0.503540
27.500391	0.066996	0.134230	0.402689	0.503540
27.531639	0.066996	0.167847	0.402689	0.503540
27.562887	0.066996	0.167847	0.402689	0.503540
27.594135	0.066996	0.167847	0.402689	0.503540
27.625383	0.066996	0.167847	0.402689	0.469923
27.656631	0.100613	0.167847	0.369072	0.469923
27.687880	0.100613	0.167847	0.369072	0.469923
27.719128	0.100613	0.201225	0.369072	0.436306
27.750376	0.100613	0.201225	0.369072	0.436306
27.781624	0.100613	0.234842	0.402689	0.436306
27.812872	0.100613	0.234842	0.402689	0.402689
27.844120	0.100613	0.234842	0.402689	0.402689
27.875368	0.100613	0.268459	0.402689	0.402689
27.906616	0.100613	0.268459	0.402689	0.402689
27.937866	0.100613	0.268459	0.369072	0.402689
27.969114	0.134230	0.302076	0.369072	0.402689
28.000362	0.134230	0.302076	0.369072	0.436306
28.031610	0.167847	0.335693	0.369072	0.436306
28.062859	0.167847	0.335693	0.369072	0.436306
28.094107	0.167847	0.369072	0.369072	0.402689
28.125355	0.167847	0.369072	0.369072	0.402689
28.156603	0.167847	0.402689	0.369072	0.402689
28.187851	0.167847	0.436306	0.369072	0.402689
28.219099	0.167847	0.469923	0.369072	0.402689
28.250347	0.167847	0.503540	0.369072	0.402689
28.281595	0.167847	0.536919	0.369072	0.369072
28.312843	0.201225	0.570536	0.402689	0.369072
28.344091	0.201225	0.604153	0.402689	0.369072
28.375340	0.201225	0.637770	0.402689	0.369072
28.406588	0.234842	0.671387	0.402689	0.335693
28.437836	0.234842	0.704765	0.402689	0.335693
28.469084	0.234842	0.771999	0.402689	0.335693
28.500332	0.234842	0.839233	0.402689	0.335693
28.531580	0.268459	0.872612	0.402689	0.335693
28.562828	0.268459	0.939846	0.402689	0.335693
28.594076	0.268459	1.007080	0.402689	0.335693
28.625324	0.268459	1.074076	0.402689	0.335693
28.656572	0.268459	1.141310	0.369072	0.302076
28.687820	0.268459	1.241922	0.369072	0.302076
28.719069	0.302076	1.309156	0.335693	0.268459
28.750317	0.302076	1.409769	0.335693	0.268459
28.781565	0.302076	1.510620	0.335693	0.268459
28.812813	0.335693	1.644850	0.335693	0.234842
28.844061	0.335693	1.779079	0.335693	0.234842
28.875309	0.335693	1.946926	0.335693	0.201225
28.906557	0.335693	2.114773	0.335693	0.167847
28.937805	0.369072	2.349854	0.302076	0.100613
28.969053	0.369072	2.618313	0.302076	0.066996
29.000301	0.402689	2.954006	0.302076	0.000000
29.031549	0.402689	3.356934	0.335693	-0.100851
29.062798	0.436306	3.894091	0.335693	-0.201464
29.094046	0.469923	4.565477	0.335693	-0.369310
29.125294	0.469923	5.438328	0.335693	-0.570774
29.156542	0.503540	6.579638	0.335693	-0.839472
29.187790	0.536919	8.056879	0.335693	-1.242161
29.219038	0.570536	9.936810	0.335693	-1.812935
29.250286	0.604153	12.219429	0.335693	-2.517939
29.281534	0.637770	14.737368	0.302076	-3.390789
29.312782	0.671387	17.221451	0.302076	-4.297018
29.344030	0.704765	18.967152	0.268459	-5.069256
29.375278	0.738382	19.269228	0.268459	-5.304337
29.406527	0.771999	17.523766	0.268459	-4.699945
29.437775	0.805616	14.065981	0.268459	-3.323555
29.469023	0.839233	10.306120	0.268459	-1.812935
29.500271	0.872612	7.586718	0.268459	-0.872850
29.531519	0.939846	5.874634	0.268459	-0.436544
29.562767	0.973463	4.766941	0.268459	-0.168085
29.594015	1.040459	3.961086	0.234842	0.000000
29.625263	1.107693	3.390551	0.234842	0.100613
29.656511	1.174927	2.954006	0.234842	0.134230
29.687759	1.241922	2.584696	0.201225	0.167847
29.719007	1.342773	2.316236	0.167847	0.167847
29.750256	1.443386	2.081156	0.167847	0.167847
29.781504	1.544237	1.913309	0.134230	0.167847
29.812752	1.678467	1.745462	0.100613	0.167847
29.844000	1.812696	1.611233	0.100613	0.167847
29.875248	1.946926	1.510620	0.066996	0.201225
29.906496	2.114773	1.409769	0.033379	0.201225
29.937744	2.316236	1.309156	0.000000	0.201225
29.968992	2.517700	1.208305	-0.033617	0.234842
30.000240	2.786160	1.141310	-0.067234	0.268459
30.031488	3.121853	1.074076	-0.134468	0.268459
30.062737	3.524780	1.007080	-0.201464	0.302076
30.093985	4.061937	0.939846	-0.268698	0.302076
30.125233	4.766941	0.872612	-0.369310	0.302076
30.156481	5.706787	0.839233	-0.503778	0.335693
30.187729	7.184029	0.771999	-0.705004	0.335693
30.218977	9.567499	0.738382	-0.872850	0.369072
30.250225	13.226748	0.671387	-0.872850	0.369072
30.281473	17.255068	0.637770	-0.772238	0.402689
30.312721	19.873619	0.637770	-0.772238	0.402689
30.343969	20.242929	0.604153	-0.906467	0.402689
30.375219	18.765688	0.604153	-1.007318	0.436306
30.406467	16.281605	0.570536	-1.007318	0.436306
30.437716	13.528824	0.536919	-0.940084	0.436306
30.468964	10.943890	0.536919	-0.772238	0.436306
30.500212	8.761883	0.503540	-0.570774	0.436306
30.531460	7.016182	0.469923	-0.402927	0.436306
30.562708	5.673170	0.436306	-0.268698	0.436306
30.593956	4.666090	0.402689	-0.168085	0.436306
30.625204	3.894091	0.369072	-0.100851	0.436306
30.656452	3.323317	0.335693	-0.067234	0.436306
30.687700	2.887011	0.302076	-0.033617	0.436306
30.718948	2.551317	0.302076	0.000000	0.436306
30.750196	2.282619	0.268459	0.000000	0.402689
30.781445	2.047777	0.268459	0.000000	0.402689
30.812693	1.879930	0.268459	0.033379	0.402689
30.843941	1.712084	0.268459	0.033379	0.402689
30.875189	1.611233	0.234842	0.066996	0.402689
30.906437	1.477003	0.234842	0.066996	0.402689
30.937685	1.376152	0.201225	0.100613	0.402689
30.968933	1.275539	0.201225	0.100613	0.402689
31.000181	1.208305	0.201225	0.134230	0.402689
31.031429	1.107693	0.201225	0.167847	0.402689
31.062677	1.040459	0.201225	0.167847	0.402689
31.093925	0.973463	0.167847	0.201225	0.402689
31.125174	0.939846	0.167847	0.201225	0.402689
31.156422	0.872612	0.167847	0.234842	0.402689
31.187670	0.839233	0.134230	0.234842	0.402689
31.218918	0.771999	0.134230	0.268459	0.402689
31.250166	0.738382	0.134230	0.268459	0.402689
31.281414	0.671387	0.100613	0.302076	0.402689
31.312662	0.637770	0.100613	0.302076	0.402689
31.343910	0.604153	0.100613	0.302076	0.436306
31.375158	0.570536	0.100613	0.302076	0.436306
31.406406	0.536919	0.100613	0.302076	0.436306
31.437654	0.503540	0.066996	0.335693	0.436306
31.468903	0.469923	0.066996	0.335693	0.436306
31.500151	0.436306	0.033379	0.335693	0.436306
31.531399	0.436306	0.033379	0.335693	0.436306
31.562647	0.402689	0.033379	0.335693	0.436306
31.593895	0.369072	0.033379	0.335693	0.436306
31.625143	0.369072	0.000000	0.369072	0.469923
31.656391	0.335693	0.000000	0.369072	0.469923
31.687639	0.302076	0.000000	0.369072	0.469923
31.718887	0.302076	0.000000	0.369072	0.469923
31.750135	0.268459	-0.033617	0.369072	0.469923
31.781384	0.268459	-0.033617	0.369072	0.469923
31.812632	0.234842	-0.033617	0.369072	0.469923
31.843880	0.201225	-0.033617	0.369072	0.469923
31.875128	0.201225	-0.033617	0.369072	0.469923
31.906376	0.167847	-0.033617	0.369072	0.469923
31.937624	0.134230	-0.033617	0.369072	0.469923
31.968872	0.134230	-0.033617	0.369072	0.436306
32.000122	0.134230	-0.067234	0.369072	0.436306
32.031368	0.100613	-0.067234	0.402689	0.436306
32.062618	0.100613	-0.067234	0.402689	0.436306
32.093864	0.100613	-0.067234	0.402689	0.436306
32.125114	0.100613	-0.067234	0.402689	0.436306
32.156361	0.100613	-0.067234	0.402689	0.436306
32.187611	0.100613	-0.067234	0.402689	0.436306
32.218857	0.100613	-0.067234	0.402689	0.436306
32.250107	0.066996	-0.067234	0.402689	0.436306
32.281353	0.066996	-0.067234	0.402689	0.436306
32.312603	0.033379	-0.067234	0.369072	0.469923
32.343849	0.033379	-0.100851	0.369072	0.469923
32.375099	0.033379	-0.100851	0.369072	0.469923
32.406345	0.000000	-0.100851	0.369072	0.436306
32.437595	0.000000	-0.100851	0.369072	0.436306
32.468842	0.033379	-0.100851	0.402689	0.436306
32.500092	0.000000	-0.100851	0.402689	0.402689
32.531338	0.000000	-0.100851	0.402689	0.402689
32.562588	0.000000	-0.100851	0.402689	0.402689
32.593834	0.000000	-0.100851	0.402689	0.369072
32.625084	-0.033617	-0.134468	0.402689	0.369072
32.656330	-0.033617	-0.134468	0.402689	0.402689
32.687580	-0.033617	-0.134468	0.402689	0.402689
32.718826	-0.067234	-0.134468	0.402689	0.402689
32.750076	-0.067234	-0.134468	0.369072	0.402689
32.781322	-0.067234	-0.134468	0.369072	0.402689
32.812572	-0.067234	-0.134468	0.369072	0.402689
32.843819	-0.100851	-0.134468	0.335693	0.402689
32.875069	-0.100851	-0.134468	0.335693	0.436306
32.906315	-0.100851	-0.134468	0.369072	0.436306
32.937565	-0.100851	-0.134468	0.369072	0.436306
32.968811	-0.100851	-0.134468	0.369072	0.402689
33.000061	-0.100851	-0.134468	0.369072	0.402689
33.031307	-0.067234	-0.134468	0.402689	0.369072
33.062557	-0.067234	-0.134468	0.402689	0.369072
33.093803	-0.100851	-0.134468	0.436306	0.369072
33.125053	-0.100851	-0.134468	0.436306	0.369072
33.156300	-0.100851	-0.134468	0.469923	0.402689
33.187550	-0.100851	-0.134468	0.469923	0.402689
33.218796	-0.100851	-0.134468	0.469923	0.402689
33.250046	-0.100851	-0.168085	0.436306	0.402689
33.281292	-0.134468	-0.168085	0.436306	0.402689
33.312542	-0.134468	-0.168085	0.436306	0.402689
33.343788	-0.134468	-0.168085	0.436306	0.436306
33.375038	-0.134468	-0.168085	0.402689	0.436306
33.406284	-0.134468	-0.168085	0.402689	0.436306
33.437534	-0.134468	-0.168085	0.402689	0.436306
33.468781	-0.134468	-0.168085	0.402689	0.436306
33.500031	-0.134468	-0.134468	0.402689	0.436306
33.531277	-0.134468	-0.168085	0.402689	0.436306
33.562527	-0.134468	-0.168085	0.402689	0.436306
33.593773	-0.168085	-0.168085	0.402689	0.436306
33.625023	-0.168085	-0.134468	0.436306	0.436306
33.656269	-0.168085	-0.134468	0.436306	0.436306
33.687519	-0.168085	-0.134468	0.436306	0.436306
33.718765	-0.168085	-0.134468	0.436306	0.402689
33.750015	-0.168085	-0.134468	0.436306	0.402689
33.781261	-0.168085	-0.168085	0.436306	0.402689
33.812511	-0.168085	-0.168085	0.436306	0.402689
33.843758	-0.168085	-0.168085	0.436306	0.402689
33.875008	-0.168085	-0.168085	0.436306	0.402689
33.906254	-0.168085	-0.168085	0.436306	0.402689
33.937504	-0.168085	-0.168085	0.436306	0.402689
33.968750	-0.168085	-0.168085	0.436306	0.436306
