26.000483	0.000000	0.033379	0.134230	0.302076
26.031731	0.000000	0.033379	0.134230	0.302076
26.062979	0.000000	0.033379	0.134230	0.302076
26.094227	0.000000	0.033379	0.134230	0.302076
26.125475	0.000000	0.033379	0.134230	0.302076
26.156723	0.000000	0.033379	0.167847	0.335693
26.187971	0.000000	0.033379	0.167847	0.335693
26.219219	0.000000	0.033379	0.167847	0.335693
26.250467	0.000000	0.066996	0.167847	0.335693
26.281715	0.000000	0.066996	0.167847	0.369072
26.312963	0.000000	0.066996	0.167847	0.369072
26.344212	0.000000	0.066996	0.167847	0.369072
26.375460	0.000000	0.066996	0.167847	0.369072
26.406708	0.000000	0.066996	0.134230	0.335693
26.437956	0.000000	0.100613	0.134230	0.335693
26.469204	0.033379	0.100613	0.100613	0.335693
26.500452	0.000000	0.100613	0.100613	0.335693
26.531700	0.000000	0.100613	0.100613	0.302076
26.562948	0.000000	0.100613	0.100613	0.302076
26.594196	0.000000	0.100613	0.100613	0.302076
26.625444	0.033379	0.100613	0.134230	0.302076
26.656693	0.033379	0.134230	0.134230	0.302076
26.687941	0.033379	0.134230	0.134230	0.302076
26.719189	0.033379	0.134230	0.134230	0.302076
26.750437	0.033379	0.134230	0.134230	0.302076
26.781685	0.033379	0.167847	0.134230	0.335693
26.812933	0.066996	0.167847	0.134230	0.335693
26.844181	0.066996	0.167847	0.134230	0.335693
26.875429	0.066996	0.167847	0.134230	0.369072
26.906677	0.066996	0.167847	0.100613	0.369072
26.937925	0.033379	0.167847	0.100613	0.335693
26.969173	0.033379	0.167847	0.100613	0.335693
27.000422	0.033379	0.167847	0.100613	0.302076
27.031670	0.033379	0.167847	0.100613	0.302076
27.062918	0.066996	0.167847	0.100613	0.302076
27.094166	0.066996	0.167847	0.134230	0.302076
27.125414	0.066996	0.201225	0.134230	0.302076
27.156662	0.066996	0.201225	0.134230	0.268459
27.187910	0.066996	0.201225	0.167847	0.268459
27.219158	0.066996	0.201225	0.167847	0.268459
27.250406	0.066996	0.201225	0.167847	0.268459
27.281654	0.066996	0.234842	0.134230	0.268459
27.312902	0.066996	0.234842	0.134230	0.268459
27.344151	0.066996	0.268459	0.134230	0.268459
27.375399	0.066996	0.268459	0.134230	0.268459
27.406647	0.066996	0.268459	0.134230	0.234842
27.437895	0.100613	0.268459	0.134230	0.234842
27.469143	0.100613	0.268459	0.134230	0.234842
27.500391	0.100613	0.268459	0.134230	0.234842
27.531639	0.100613	0.302076	0.100613	0.234842
27.562887	0.100613	0.302076	0.100613	0.234842
27.594135	0.100613	0.335693	0.100613	0.201225
27.625383	0.100613	0.335693	0.100613	0.201225
27.656631	0.100613	0.335693	0.100613	0.167847
27.687880	0.100613	0.369072	0.100613	0.167847
27.719128	0.100613	0.369072	0.100613	0.167847
27.750376	0.134230	0.402689	0.100613	0.167847
27.781624	0.134230	0.402689	0.100613	0.167847
27.812872	0.134230	0.436306	0.100613	0.167847
27.844120	0.134230	0.436306	0.100613	0.167847
27.875368	0.134230	0.469923	0.100613	0.167847
27.906616	0.167847	0.469923	0.100613	0.167847
27.937866	0.167847	0.503540	0.100613	0.167847
27.969114	0.167847	0.503540	0.100613	0.167847
28.000362	0.167847	0.536919	0.100613	0.201225
28.031610	0.167847	0.536919	0.100613	0.201225
28.062859	0.201225	0.570536	0.100613	0.201225
28.094107	0.201225	0.570536	0.100613	0.201225
28.125355	0.201225	0.604153	0.066996	0.167847
28.156603	0.201225	0.637770	0.066996	0.167847
28.187851	0.201225	0.671387	0.066996	0.167847
28.219099	0.234842	0.704765	0.066996	0.134230
28.250347	0.234842	0.704765	0.100613	0.134230
28.281595	0.234842	0.738382	0.100613	0.134230
28.312843	0.268459	0.771999	0.134230	0.100613
28.344091	0.268459	0.805616	0.134230	0.100613
28.375340	0.268459	0.839233	0.134230	0.100613
28.406588	0.268459	0.872612	0.134230	0.100613
28.437836	0.268459	0.939846	0.100613	0.100613
28.469084	0.268459	0.973463	0.100613	0.100613
28.500332	0.268459	1.040459	0.100613	0.134230
28.531580	0.268459	1.107693	0.100613	0.134230
28.562828	0.268459	1.174927	0.066996	0.134230
28.594076	0.302076	1.208305	0.066996	0.100613
28.625324	0.335693	1.309156	0.066996	0.100613
28.656572	0.335693	1.376152	0.066996	0.066996
28.687820	0.369072	1.477003	0.066996	0.066996
28.719069	0.369072	1.577616	0.066996	0.033379
28.750317	0.369072	1.678467	0.033379	0.033379
28.781565	0.402689	1.812696	0.033379	0.000000
28.812813	0.402689	1.980543	0.066996	-0.033617
28.844061	0.436306	2.148390	0.066996	-0.067234
28.875309	0.436306	2.349854	0.066996	-0.100851
28.906557	0.469923	2.584696	0.100613	-0.134468
28.937805	0.469923	2.887011	0.100613	-0.201464
28.969053	0.503540	3.256321	0.100613	-0.268698
29.000301	0.503540	3.759861	0.100613	-0.402927
29.031549	0.536919	4.364014	0.100613	-0.537157
29.062798	0.536919	5.136251	0.100613	-0.705004
29.094046	0.570536	6.176949	0.066996	-0.973701
29.125294	0.604153	7.553339	0.066996	-1.309395
29.156542	0.604153	9.265423	0.033379	-1.812935
29.187790	0.604153	11.380196	0.033379	-2.484322
29.219038	0.637770	13.763666	0.033379	-3.289938
29.250286	0.637770	16.180754	0.000000	-4.196405
29.281534	0.671387	18.060684	0.000000	-4.968643
29.312782	0.704765	18.698692	0.000000	-5.371332
29.344030	0.738382	17.456532	0.000000	-5.002022
29.375278	0.771999	14.401674	0.000000	-3.760099
29.406527	0.805616	10.742426	0.033379	-2.249241
29.437775	0.839233	7.889032	0.033379	-1.208544
29.469023	0.872612	6.076097	0.033379	-0.705004
29.500271	0.939846	4.901171	0.033379	-0.402927
29.531519	0.973463	4.095554	0.033379	-0.235081
29.562767	1.007080	3.491163	0.000000	-0.134468
29.594015	1.040459	3.054857	0.000000	-0.067234
29.625263	1.107693	2.685547	0.000000	-0.067234
29.656511	1.141310	2.383471	-0.033617	-0.067234
29.687759	1.208305	2.148390	-0.033617	-0.067234
29.719007	1.275539	1.980543	-0.033617	-0.067234
29.750256	1.342773	1.812696	-0.033617	-0.067234
29.781504	1.409769	1.678467	-0.067234	-0.067234
29.812752	1.477003	1.544237	-0.067234	-0.067234
29.844000	1.577616	1.443386	-0.100851	-0.067234
29.875248	1.678467	1.342773	-0.134468	-0.033617
29.906496	1.779079	1.275539	-0.134468	-0.033617
29.937744	1.946926	1.174927	-0.168085	0.000000
29.968992	2.081156	1.107693	-0.201464	0.000000
30.000240	2.282619	1.040459	-0.201464	0.033379
30.031488	2.484083	0.973463	-0.235081	0.066996
30.062737	2.752542	0.906229	-0.302315	0.066996
30.093985	3.054857	0.872612	-0.335932	0.100613
30.125233	3.457546	0.805616	-0.402927	0.100613
30.156481	3.927708	0.771999	-0.470161	0.100613
30.187729	4.565477	0.738382	-0.570774	0.134230
30.218977	5.438328	0.671387	-0.705004	0.134230
30.250225	6.713867	0.637770	-0.906467	0.134230
30.281473	8.761883	0.604153	-1.074314	0.134230
30.312721	12.018204	0.604153	-1.141548	0.134230
30.343969	15.979528	0.570536	-1.007318	0.134230
30.375219	18.866539	0.536919	-1.007318	0.134230
30.406467	19.638538	0.536919	-1.107931	0.167847
30.437716	18.497229	0.503540	-1.242161	0.167847
30.468964	16.214371	0.503540	-1.275778	0.167847
30.500212	13.595819	0.469923	-1.208544	0.201225
30.531460	11.044502	0.436306	-1.074314	0.201225
30.562708	8.896112	0.436306	-0.906467	0.201225
30.593956	7.150412	0.402689	-0.738621	0.201225
30.625204	5.807638	0.402689	-0.604391	0.201225
30.656452	4.800558	0.369072	-0.503778	0.201225
30.687700	4.028320	0.369072	-0.436544	0.201225
30.718948	3.457546	0.335693	-0.369310	0.167847
30.750196	2.987623	0.335693	-0.335932	0.167847
30.781445	2.651930	0.302076	-0.302315	0.201225
30.812693	2.383471	0.302076	-0.268698	0.201225
30.843941	2.182007	0.302076	-0.268698	0.201225
30.875189	1.980543	0.268459	-0.235081	0.201225
30.906437	1.846313	0.268459	-0.201464	0.201225
30.937685	1.678467	0.268459	-0.201464	0.201225
30.968933	1.577616	0.234842	-0.168085	0.201225
31.000181	1.477003	0.234842	-0.168085	0.201225
31.031429	1.376152	0.234842	-0.168085	0.201225
31.062677	1.309156	0.201225	-0.168085	0.201225
31.093925	1.241922	0.201225	-0.168085	0.234842
31.125174	1.141310	0.167847	-0.134468	0.234842
31.156422	1.074076	0.167847	-0.100851	0.234842
31.187670	1.040459	0.167847	-0.067234	0.234842
31.218918	0.973463	0.167847	-0.067234	0.234842
31.250166	0.939846	0.167847	-0.033617	0.234842
31.281414	0.872612	0.167847	0.000000	0.234842
31.312662	0.839233	0.167847	0.000000	0.234842
31.343910	0.805616	0.134230	0.033379	0.234842
31.375158	0.771999	0.134230	0.033379	0.234842
31.406406	0.738382	0.134230	0.066996	0.201225
31.437654	0.704765	0.100613	0.066996	0.201225
31.468903	0.671387	0.100613	0.066996	0.201225
31.500151	0.637770	0.100613	0.066996	0.201225
31.531399	0.604153	0.100613	0.066996	0.201225
31.562647	0.604153	0.100613	0.066996	0.201225
31.593895	0.570536	0.100613	0.066996	0.234842
31.625143	0.570536	0.100613	0.066996	0.234842
31.656391	0.536919	0.100613	0.066996	0.234842
31.687639	0.536919	0.100613	0.066996	0.234842
31.718887	0.503540	0.066996	0.066996	0.234842
31.750135	0.469923	0.066996	0.100613	0.234842
31.781384	0.436306	0.066996	0.100613	0.234842
31.812632	0.436306	0.066996	0.100613	0.268459
31.843880	0.402689	0.033379	0.134230	0.268459
31.875128	0.402689	0.033379	0.134230	0.268459
31.906376	0.402689	0.033379	0.134230	0.268459
31.937624	0.402689	0.033379	0.167847	0.268459
31.968872	0.369072	0.033379	0.167847	0.234842
32.000122	0.369072	0.033379	0.167847	0.234842
32.031368	0.335693	0.033379	0.167847	0.234842
32.062618	0.335693	0.000000	0.167847	0.234842
32.093864	0.335693	0.000000	0.167847	0.234842
32.125114	0.302076	0.000000	0.167847	0.201225
32.156361	0.302076	0.000000	0.167847	0.234842
32.187611	0.302076	0.000000	0.167847	0.234842
32.218857	0.268459	0.000000	0.167847	0.234842
32.250107	0.268459	0.000000	0.167847	0.234842
32.281353	0.268459	0.000000	0.167847	0.234842
32.312603	0.268459	0.000000	0.201225	0.234842
32.343849	0.268459	0.000000	0.201225	0.234842
32.375099	0.234842	0.000000	0.201225	0.234842
32.406345	0.234842	0.000000	0.201225	0.234842
32.437595	0.234842	0.000000	0.201225	0.201225
32.468842	0.201225	0.000000	0.201225	0.201225
32.500092	0.201225	-0.033617	0.201225	0.201225
32.531338	0.201225	-0.033617	0.201225	0.167847
32.562588	0.201225	-0.033617	0.201225	0.167847
32.593834	0.167847	-0.033617	0.201225	0.167847
32.625084	0.167847	-0.033617	0.201225	0.167847
32.656330	0.134230	-0.033617	0.167847	0.167847
32.687580	0.134230	-0.033617	0.167847	0.167847
32.718826	0.134230	-0.033617	0.167847	0.167847
32.750076	0.134230	-0.033617	0.167847	0.201225
32.781322	0.134230	-0.033617	0.134230	0.201225
32.812572	0.134230	-0.033617	0.134230	0.201225
32.843819	0.100613	-0.033617	0.134230	0.201225
32.875069	0.100613	-0.033617	0.167847	0.201225
32.906315	0.100613	-0.033617	0.167847	0.201225
32.937565	0.100613	-0.033617	0.201225	0.201225
32.968811	0.100613	-0.033617	0.201225	0.201225
33.000061	0.100613	-0.033617	0.234842	0.201225
33.031307	0.100613	-0.033617	0.234842	0.201225
33.062557	0.100613	-0.033617	0.234842	0.234842
33.093803	0.066996	-0.033617	0.234842	0.234842
33.125053	0.066996	-0.033617	0.234842	0.234842
33.156300	0.066996	-0.033617	0.234842	0.234842
33.187550	0.066996	-0.033617	0.234842	0.234842
33.218796	0.066996	-0.033617	0.201225	0.201225
33.250046	0.066996	-0.067234	0.201225	0.201225
33.281292	0.066996	-0.067234	0.234842	0.201225
33.312542	0.066996	-0.067234	0.234842	0.201225
33.343788	0.066996	-0.067234	0.268459	0.167847
33.375038	0.066996	-0.067234	0.268459	0.201225
33.406284	0.066996	-0.033617	0.268459	0.201225
33.437534	0.066996	-0.033617	0.268459	0.201225
33.468781	0.033379	-0.033617	0.268459	0.201225
33.500031	0.033379	-0.033617	0.268459	0.201225
33.531277	0.033379	-0.033617	0.234842	0.201225
33.562527	0.033379	-0.033617	0.234842	0.201225
33.593773	0.033379	-0.067234	0.234842	0.234842
33.625023	0.000000	-0.067234	0.234842	0.234842
33.656269	0.000000	-0.067234	0.234842	0.234842
33.687519	0.000000	-0.033617	0.234842	0.234842
33.718765	0.000000	-0.033617	0.234842	0.234842
33.750015	0.000000	-0.033617	0.234842	0.234842
33.781261	0.000000	-0.033617	0.234842	0.234842
33.812511	0.000000	-0.033617	0.234842	0.234842
33.843758	0.000000	-0.033617	0.234842	0.234842
33.875008	0.000000	-0.033617	0.234842	0.234842
33.906254	0.000000	-0.033617	0.234842	0.234842
33.937504	0.000000	0.000000	0.234842	0.234842
33.968750	0.000000	0.000000	0.234842	0.234842
