26.000483	0.100613	-0.134468	0.167847	0.234842
26.031731	0.100613	-0.134468	0.167847	0.234842
26.062979	0.100613	-0.168085	0.167847	0.234842
26.094227	0.100613	-0.134468	0.167847	0.234842
26.125475	0.100613	-0.134468	0.167847	0.234842
26.156723	0.100613	-0.134468	0.167847	0.234842
26.187971	0.100613	-0.134468	0.167847	0.234842
26.219219	0.100613	-0.100851	0.167847	0.234842
26.250467	0.100613	-0.100851	0.167847	0.234842
26.281715	0.134230	-0.100851	0.167847	0.234842
26.312963	0.134230	-0.100851	0.167847	0.234842
26.344212	0.134230	-0.100851	0.167847	0.268459
26.375460	0.100613	-0.067234	0.134230	0.268459
26.406708	0.100613	-0.067234	0.134230	0.268459
26.437956	0.100613	-0.067234	0.134230	0.268459
26.469204	0.100613	-0.067234	0.134230	0.302076
26.500452	0.100613	-0.067234	0.134230	0.302076
26.531700	0.100613	-0.033617	0.134230	0.302076
26.562948	0.100613	-0.033617	0.100613	0.302076
26.594196	0.066996	-0.033617	0.100613	0.302076
26.625444	0.066996	0.000000	0.100613	0.302076
26.656693	0.100613	0.000000	0.134230	0.302076
26.687941	0.100613	0.000000	0.134230	0.302076
26.719189	0.100613	0.000000	0.134230	0.268459
26.750437	0.100613	0.000000	0.134230	0.268459
26.781685	0.100613	0.033379	0.134230	0.234842
26.812933	0.100613	0.033379	0.134230	0.234842
26.844181	0.100613	0.033379	0.134230	0.234842
26.875429	0.100613	0.033379	0.134230	0.234842
26.906677	0.134230	0.033379	0.134230	0.234842
26.937925	0.134230	0.033379	0.134230	0.234842
26.969173	0.134230	0.033379	0.134230	0.234842
27.000422	0.134230	0.033379	0.134230	0.234842
27.031670	0.134230	0.066996	0.134230	0.234842
27.062918	0.134230	0.066996	0.134230	0.234842
27.094166	0.134230	0.100613	0.134230	0.234842
27.125414	0.134230	0.100613	0.134230	0.234842
27.156662	0.134230	0.134230	0.100613	0.234842
27.187910	0.134230	0.134230	0.100613	0.234842
27.219158	0.134230	0.134230	0.100613	0.234842
27.250406	0.134230	0.134230	0.066996	0.234842
27.281654	0.134230	0.134230	0.066996	0.201225
27.312902	0.134230	0.134230	0.066996	0.201225
27.344151	0.134230	0.167847	0.066996	0.167847
27.375399	0.134230	0.167847	0.066996	0.167847
27.406647	0.134230	0.201225	0.066996	0.167847
27.437895	0.134230	0.201225	0.066996	0.167847
27.469143	0.134230	0.234842	0.100613	0.167847
27.500391	0.134230	0.234842	0.100613	0.201225
27.531639	0.134230	0.234842	0.100613	0.201225
27.562887	0.134230	0.234842	0.100613	0.201225
27.594135	0.134230	0.234842	0.100613	0.234842
27.625383	0.167847	0.268459	0.100613	0.234842
27.656631	0.167847	0.268459	0.066996	0.234842
27.687880	0.167847	0.302076	0.066996	0.234842
27.719128	0.167847	0.302076	0.066996	0.234842
27.750376	0.167847	0.335693	0.066996	0.234842
27.781624	0.201225	0.335693	0.066996	0.234842
27.812872	0.201225	0.369072	0.100613	0.201225
27.844120	0.201225	0.369072	0.100613	0.201225
27.875368	0.201225	0.402689	0.100613	0.167847
27.906616	0.201225	0.402689	0.100613	0.167847
27.937866	0.201225	0.436306	0.100613	0.134230
27.969114	0.201225	0.469923	0.100613	0.134230
28.000362	0.201225	0.503540	0.100613	0.134230
28.031610	0.201225	0.536919	0.100613	0.100613
28.062859	0.201225	0.570536	0.100613	0.100613
28.094107	0.234842	0.604153	0.100613	0.100613
28.125355	0.234842	0.637770	0.100613	0.134230
28.156603	0.234842	0.671387	0.066996	0.134230
28.187851	0.268459	0.671387	0.066996	0.167847
28.219099	0.268459	0.738382	0.066996	0.167847
28.250347	0.268459	0.771999	0.066996	0.167847
28.281595	0.268459	0.805616	0.100613	0.167847
28.312843	0.268459	0.872612	0.100613	0.167847
28.344091	0.268459	0.906229	0.100613	0.167847
28.375340	0.268459	0.973463	0.066996	0.134230
28.406588	0.268459	1.040459	0.066996	0.134230
28.437836	0.268459	1.107693	0.066996	0.100613
28.469084	0.268459	1.174927	0.066996	0.066996
28.500332	0.302076	1.241922	0.066996	0.033379
28.531580	0.302076	1.342773	0.066996	0.000000
28.562828	0.302076	1.443386	0.066996	-0.033617
28.594076	0.302076	1.544237	0.066996	-0.067234
28.625324	0.302076	1.678467	0.033379	-0.100851
28.656572	0.302076	1.812696	0.033379	-0.134468
28.687820	0.335693	1.980543	0.066996	-0.168085
28.719069	0.335693	2.182007	0.066996	-0.201464
28.750317	0.369072	2.416849	0.066996	-0.268698
28.781565	0.369072	2.719164	0.066996	-0.302315
28.812813	0.369072	3.054857	0.066996	-0.369310
28.844061	0.369072	3.524780	0.066996	-0.436544
28.875309	0.369072	4.128933	0.066996	-0.570774
28.906557	0.402689	4.867554	0.066996	-0.738621
28.937805	0.402689	5.841255	0.033379	-0.973701
28.969053	0.402689	7.116795	0.033379	-1.343012
29.000301	0.436306	8.761883	0.033379	-1.779318
29.031549	0.436306	10.742426	0.033379	-2.417088
29.062798	0.469923	13.058901	0.033379	-3.189325
29.094046	0.469923	15.442371	0.000000	-4.062176
29.125294	0.503540	17.422915	0.000000	-4.901409
29.156542	0.503540	18.262148	0.000000	-5.337715
29.187790	0.503540	17.355919	0.000000	-5.102873
29.219038	0.536919	14.569521	0.000000	-4.028559
29.250286	0.536919	10.977507	0.000000	-2.551556
29.281534	0.570536	8.023262	0.000000	-1.443624
29.312782	0.570536	6.109715	0.000000	-0.872850
29.344030	0.604153	4.901171	0.000000	-0.570774
29.375278	0.637770	4.061937	0.000000	-0.369310
29.406527	0.637770	3.457546	0.000000	-0.235081
29.437775	0.671387	2.987623	0.000000	-0.168085
29.469023	0.671387	2.618313	0.000000	-0.168085
29.500271	0.704765	2.349854	0.000000	-0.168085
29.531519	0.738382	2.114773	-0.033617	-0.134468
29.562767	0.771999	1.946926	-0.033617	-0.134468
29.594015	0.805616	1.745462	-0.033617	-0.100851
29.625263	0.839233	1.611233	-0.033617	-0.100851
29.656511	0.906229	1.477003	-0.033617	-0.100851
29.687759	0.939846	1.376152	-0.067234	-0.067234
29.719007	0.973463	1.275539	-0.067234	-0.067234
29.750256	1.007080	1.174927	-0.067234	-0.067234
29.781504	1.074076	1.107693	-0.067234	-0.067234
29.812752	1.107693	1.040459	-0.100851	-0.067234
29.844000	1.174927	0.973463	-0.100851	-0.067234
29.875248	1.241922	0.939846	-0.100851	-0.033617
29.906496	1.309156	0.872612	-0.100851	-0.033617
29.937744	1.376152	0.839233	-0.134468	-0.033617
29.968992	1.443386	0.771999	-0.134468	0.000000
30.000240	1.544237	0.738382	-0.168085	0.000000
30.031488	1.644850	0.704765	-0.168085	0.000000
30.062737	1.745462	0.671387	-0.201464	0.033379
30.093985	1.879930	0.637770	-0.235081	0.033379
30.125233	2.014160	0.604153	-0.268698	0.066996
30.156481	2.215624	0.570536	-0.302315	0.066996
30.187729	2.416849	0.536919	-0.335932	0.066996
30.218977	2.651930	0.536919	-0.369310	0.066996
30.250225	2.920628	0.503540	-0.402927	0.066996
30.281473	3.289700	0.469923	-0.436544	0.100613
30.312721	3.726244	0.436306	-0.537157	0.100613
30.343969	4.297018	0.436306	-0.604391	0.100613
30.375219	5.102634	0.402689	-0.738621	0.100613
30.406467	6.243944	0.369072	-0.872850	0.100613
30.437716	8.090258	0.369072	-1.040697	0.100613
30.468964	11.078119	0.335693	-1.107931	0.134230
30.500212	14.938831	0.335693	-1.040697	0.134230
30.531460	18.094301	0.302076	-0.973701	0.134230
30.562708	19.269228	0.302076	-1.074314	0.134230
30.593956	18.463612	0.302076	-1.175165	0.100613
30.625204	16.382217	0.268459	-1.242161	0.100613
30.656452	13.830900	0.268459	-1.175165	0.100613
30.687700	11.313200	0.268459	-1.074314	0.100613
30.718948	9.130955	0.234842	-0.906467	0.100613
30.750196	7.318258	0.234842	-0.738621	0.100613
30.781445	5.941868	0.234842	-0.604391	0.134230
30.812693	4.867554	0.201225	-0.470161	0.134230
30.843941	4.061937	0.201225	-0.402927	0.134230
30.875189	3.457546	0.167847	-0.335932	0.167847
30.906437	3.021240	0.167847	-0.302315	0.167847
30.937685	2.651930	0.167847	-0.268698	0.167847
30.968933	2.383471	0.134230	-0.235081	0.167847
31.000181	2.182007	0.134230	-0.201464	0.201225
31.031429	1.980543	0.134230	-0.201464	0.201225
31.062677	1.812696	0.134230	-0.168085	0.201225
31.093925	1.678467	0.100613	-0.168085	0.201225
31.125174	1.577616	0.100613	-0.168085	0.201225
31.156422	1.443386	0.100613	-0.168085	0.201225
31.187670	1.376152	0.066996	-0.134468	0.201225
31.218918	1.275539	0.066996	-0.134468	0.167847
31.250166	1.208305	0.066996	-0.134468	0.167847
31.281414	1.141310	0.066996	-0.134468	0.167847
31.312662	1.107693	0.066996	-0.134468	0.167847
31.343910	1.040459	0.033379	-0.100851	0.201225
31.375158	0.973463	0.033379	-0.100851	0.201225
31.406406	0.906229	0.033379	-0.067234	0.201225
31.437654	0.872612	0.033379	-0.067234	0.201225
31.468903	0.805616	0.033379	-0.033617	0.201225
31.500151	0.771999	0.033379	0.000000	0.201225
31.531399	0.738382	0.033379	0.000000	0.234842
31.562647	0.704765	0.033379	0.000000	0.201225
31.593895	0.704765	0.000000	0.000000	0.201225
31.625143	0.671387	0.000000	-0.033617	0.201225
31.656391	0.637770	0.000000	0.000000	0.201225
31.687639	0.604153	0.000000	0.000000	0.201225
31.718887	0.604153	0.000000	0.000000	0.201225
31.750135	0.570536	-0.033617	0.000000	0.167847
31.781384	0.536919	-0.033617	0.033379	0.167847
31.812632	0.503540	-0.033617	0.033379	0.167847
31.843880	0.469923	-0.033617	0.033379	0.167847
31.875128	0.469923	-0.033617	0.033379	0.167847
31.906376	0.436306	-0.033617	0.033379	0.167847
31.937624	0.402689	-0.033617	0.033379	0.167847
31.968872	0.402689	-0.033617	0.000000	0.167847
32.000122	0.369072	-0.033617	0.000000	0.201225
32.031368	0.335693	-0.033617	0.000000	0.201225
32.062618	0.335693	-0.067234	0.000000	0.201225
32.093864	0.335693	-0.067234	0.000000	0.234842
32.125114	0.335693	-0.067234	0.000000	0.201225
32.156361	0.302076	-0.067234	0.000000	0.201225
32.187611	0.302076	-0.067234	0.000000	0.201225
32.218857	0.302076	-0.067234	0.033379	0.201225
32.250107	0.268459	-0.067234	0.066996	0.201225
32.281353	0.268459	-0.067234	0.066996	0.201225
32.312603	0.234842	-0.100851	0.100613	0.201225
32.343849	0.234842	-0.100851	0.134230	0.201225
32.375099	0.234842	-0.100851	0.100613	0.167847
32.406345	0.201225	-0.100851	0.100613	0.167847
32.437595	0.201225	-0.100851	0.066996	0.134230
32.468842	0.201225	-0.100851	0.066996	0.167847
32.500092	0.167847	-0.100851	0.066996	0.167847
32.531338	0.167847	-0.100851	0.033379	0.167847
32.562588	0.167847	-0.100851	0.033379	0.167847
32.593834	0.167847	-0.100851	0.033379	0.167847
32.625084	0.167847	-0.100851	0.033379	0.167847
32.656330	0.167847	-0.100851	0.066996	0.167847
32.687580	0.167847	-0.100851	0.066996	0.167847
32.718826	0.167847	-0.100851	0.100613	0.201225
32.750076	0.134230	-0.100851	0.134230	0.201225
32.781322	0.134230	-0.100851	0.134230	0.201225
32.812572	0.134230	-0.100851	0.167847	0.167847
32.843819	0.100613	-0.100851	0.167847	0.167847
32.875069	0.100613	-0.100851	0.167847	0.167847
32.906315	0.100613	-0.100851	0.201225	0.167847
32.937565	0.100613	-0.100851	0.201225	0.167847
32.968811	0.066996	-0.067234	0.201225	0.167847
33.000061	0.066996	-0.067234	0.201225	0.167847
33.031307	0.066996	-0.067234	0.167847	0.167847
33.062557	0.066996	-0.067234	0.167847	0.167847
33.093803	0.066996	-0.067234	0.167847	0.167847
33.125053	0.066996	-0.067234	0.167847	0.201225
33.156300	0.066996	-0.067234	0.134230	0.201225
33.187550	0.066996	-0.067234	0.134230	0.201225
33.218796	0.033379	-0.067234	0.100613	0.167847
33.250046	0.033379	-0.067234	0.100613	0.167847
33.281292	0.033379	-0.067234	0.134230	0.167847
33.312542	0.033379	-0.067234	0.134230	0.167847
33.343788	0.000000	-0.100851	0.134230	0.167847
33.375038	0.000000	-0.100851	0.134230	0.167847
33.406284	0.000000	-0.067234	0.134230	0.167847
33.437534	0.000000	-0.067234	0.134230	0.167847
33.468781	0.000000	-0.100851	0.167847	0.167847
33.500031	0.000000	-0.100851	0.167847	0.167847
33.531277	0.000000	-0.100851	0.167847	0.167847
33.562527	0.000000	-0.100851	0.134230	0.167847
33.593773	0.000000	-0.100851	0.134230	0.167847
33.625023	0.000000	-0.100851	0.134230	0.167847
33.656269	0.000000	-0.100851	0.134230	0.167847
33.687519	0.000000	-0.100851	0.134230	0.167847
33.718765	0.000000	-0.100851	0.134230	0.167847
33.750015	0.000000	-0.100851	0.134230	0.167847
33.781261	0.000000	-0.067234	0.100613	0.167847
33.812511	0.000000	-0.067234	0.134230	0.167847
33.843758	-0.033617	-0.067234	0.134230	0.167847
33.875008	-0.033617	-0.067234	0.134230	0.134230
33.906254	-0.033617	-0.033617	0.134230	0.134230
33.937504	-0.033617	-0.033617	0.167847	0.134230
33.968750	-0.033617	-0.033617	0.167847	0.167847
