20.958424	0.090629	0.372618	59.263630	59.337482
20.989719	0.110775	0.362545	59.307262	59.340836
21.021015	0.117481	0.359192	59.337482	59.340836
21.052311	0.117481	0.359192	59.347553	59.337482
21.083607	0.120848	0.362545	59.344189	59.337482
21.114902	0.127554	0.359192	59.313984	59.327408
21.146198	0.130907	0.349119	59.287132	59.320686
21.177494	0.130907	0.335693	59.280411	59.317337
21.208790	0.130907	0.322267	59.277058	59.334129
21.240086	0.127554	0.318900	59.270336	59.360981
21.271381	0.127554	0.328973	59.266983	59.391186
21.302677	0.124201	0.349119	59.273705	59.407978
21.333973	0.117481	0.375971	59.283764	59.411331
21.365271	0.117481	0.402823	59.293835	59.404625
21.396566	0.117481	0.426322	59.293835	59.391186
21.427862	0.120848	0.443116	59.290485	59.377758
21.459158	0.117481	0.456542	59.283764	59.367687
21.490454	0.104055	0.469968	59.280411	59.357628
21.521749	0.090629	0.483394	59.283764	59.347553
21.553045	0.083923	0.493467	59.293835	59.334129
21.584341	0.083923	0.506893	59.303909	59.334129
21.615637	0.097349	0.527039	59.320686	59.350906
21.646933	0.107422	0.567317	59.330761	59.360981
21.678228	0.120848	0.604242	59.334129	59.354259
21.709524	0.127554	0.624388	59.347553	59.337482
21.740820	0.134274	0.607595	59.357628	59.313984
21.772116	0.127554	0.574037	59.364334	59.297203
21.803411	0.114128	0.547171	59.367687	59.287132
21.834707	0.104055	0.547171	59.360981	59.290485
21.866005	0.100702	0.557244	59.347553	59.290485
21.897301	0.117481	0.560597	59.310631	59.283764
21.928596	0.154406	0.543818	59.287132	59.273705
21.959892	0.191346	0.510246	59.297203	59.270336
21.991188	0.221550	0.466615	59.313984	59.273705
22.022484	0.238329	0.422969	59.320686	59.270336
22.053780	0.255123	0.372618	59.313984	59.246838
22.085075	0.275269	0.322267	59.303909	59.236763
22.116371	0.292048	0.288695	59.300556	59.246838
22.147667	0.295401	0.268549	59.303909	59.263630
22.178963	0.292048	0.248402	59.310631	59.277058
22.210258	0.285327	0.224903	59.313984	59.280411
22.241554	0.281975	0.204772	59.310631	59.280411
22.272850	0.275269	0.184625	59.320686	59.283764
22.304146	0.265196	0.171199	59.317337	59.293835
22.335442	0.265196	0.157773	59.313984	59.300556
22.366739	0.275269	0.147700	59.307262	59.297203
22.398035	0.295401	0.130907	59.290485	59.290485
22.429331	0.328973	0.114128	59.280411	59.287132
22.460627	0.352472	0.093982	59.293835	59.290485
22.491922	0.355825	0.077203	59.307262	59.307262
22.523218	0.339046	0.067130	59.313984	59.324055
22.554514	0.308827	0.060424	59.317337	59.340836
22.585810	0.278622	0.057057	59.310631	59.350906
22.617105	0.268549	0.053704	59.297203	59.350906
22.648401	0.268549	0.050351	59.300556	59.337482
22.679697	0.265196	0.046983	59.317337	59.327408
22.710993	0.251770	0.043631	59.334129	59.327408
22.742289	0.231624	0.040278	59.334129	59.337482
22.773584	0.218198	0.040278	59.317337	59.350906
22.804880	0.221550	0.043631	59.307262	59.364334
22.836176	0.228271	0.043631	59.324055	59.364334
22.867474	0.224903	0.046983	59.350906	59.367687
22.898769	0.218198	0.046983	59.357628	59.371056
22.930065	0.211477	0.046983	59.357628	59.377758
22.961361	0.198051	0.050351	59.364334	59.381126
22.992657	0.184625	0.050351	59.367687	59.381126
23.023952	0.164479	0.050351	59.367687	59.371056
23.055248	0.147700	0.050351	59.360981	59.357628
23.086544	0.137627	0.053704	59.360981	59.344189
23.117840	0.124201	0.053704	59.357628	59.334129
23.149136	0.114128	0.050351	59.357628	59.330761
23.180431	0.107422	0.050351	59.360981	59.330761
23.211727	0.100702	0.050351	59.367687	59.330761
23.243023	0.093982	0.050351	59.367687	59.334129
23.274319	0.090629	0.050351	59.360981	59.337482
23.305614	0.087276	0.053704	59.354259	59.337482
23.336912	0.083923	0.053704	59.354259	59.337482
23.368208	0.083923	0.053704	59.340836	59.337482
23.399504	0.080556	0.057057	59.317337	59.337482
23.430799	0.083923	0.063777	59.297203	59.340836
23.462095	0.090629	0.070482	59.283764	59.344189
23.493391	0.093982	0.077203	59.290485	59.350906
23.524687	0.090629	0.090629	59.313984	59.360981
23.555983	0.080556	0.104055	59.327408	59.367687
23.587278	0.073850	0.117481	59.327408	59.357628
23.618574	0.073850	0.130907	59.327408	59.344189
23.649870	0.073850	0.144348	59.337482	59.337482
23.681166	0.070482	0.157773	59.354259	59.337482
23.712461	0.063777	0.171199	59.371056	59.337482
23.743757	0.053704	0.184625	59.377758	59.334129
23.775053	0.043631	0.211477	59.374409	59.327408
23.806349	0.036925	0.234976	59.357628	59.324055
23.837646	0.036925	0.271901	59.330761	59.324055
23.868942	0.043631	0.315547	59.307262	59.313984
23.900238	0.053704	0.365898	59.290485	59.300556
23.931534	0.080556	0.426322	59.287132	59.287132
23.962830	0.107422	0.490114	59.303909	59.270336
23.994125	0.124201	0.550538	59.313984	59.250206
24.025421	0.137627	0.604242	59.324055	59.226707
24.056717	0.137627	0.641167	59.327408	59.209911
24.088013	0.130907	0.661314	59.324055	59.196487
24.119308	0.127554	0.661314	59.317337	59.196487
24.150604	0.124201	0.647888	59.313984	59.203209
24.181900	0.117481	0.624388	59.320686	59.219986
24.213196	0.110775	0.584096	59.334129	59.243484
24.244492	0.104055	0.537112	59.360981	59.266983
24.275787	0.097349	0.490114	59.391186	59.297203
24.307083	0.087276	0.449821	59.407978	59.324055
24.338381	0.073850	0.416249	59.407978	59.347553
24.369677	0.063777	0.396118	59.387833	59.371056
24.400972	0.057057	0.389397	59.367687	59.384480
24.432268	0.057057	0.396118	59.347553	59.384480
24.463564	0.060424	0.412896	59.347553	59.384480
24.494860	0.063777	0.439748	59.364334	59.387833
24.526155	0.067130	0.469968	59.384480	59.391186
24.557451	0.067130	0.506893	59.391186	59.397907
24.588747	0.063777	0.560597	59.384480	59.407978
24.620043	0.063777	0.627741	59.374409	59.404625
24.651339	0.063777	0.701591	59.367687	59.391186
24.682634	0.063777	0.768736	59.360981	59.367687
24.713930	0.067130	0.802308	59.354259	59.324055
24.745226	0.070482	0.788882	59.350906	59.273705
24.776522	0.077203	0.731811	59.347553	59.236763
24.807819	0.090629	0.641167	59.347553	59.216633
24.839115	0.104055	0.540465	59.344189	59.226707
24.870411	0.124201	0.456542	59.334129	59.250206
24.901707	0.151053	0.392750	59.330761	59.253559
24.933002	0.191346	0.342399	59.327408	59.260265
24.964298	0.245050	0.305474	59.327408	59.266983
24.995594	0.312194	0.268549	59.327408	59.246838
25.026890	0.375971	0.228271	59.327408	59.223339
25.058186	0.436395	0.181273	59.320686	59.213264
25.089481	0.483394	0.137627	59.313984	59.213264
25.120777	0.513613	0.097349	59.300556	59.226707
25.152073	0.523672	0.073850	59.293835	59.250206
25.183369	0.510246	0.060424	59.297203	59.256912
25.214664	0.483394	0.046983	59.303909	59.256912
25.245960	0.436395	0.036925	59.310631	59.270336
25.277256	0.382692	0.030205	59.313984	59.297203
25.308554	0.325620	0.030205	59.317337	59.324055
25.339849	0.271901	0.030205	59.324055	59.344189
25.371145	0.221550	0.030205	59.334129	59.350906
25.402441	0.181273	0.026852	59.344189	59.350906
25.433737	0.151053	0.023484	59.354259	59.347553
25.465033	0.124201	0.020131	59.354259	59.344189
25.496328	0.107422	0.016779	59.350906	59.337482
25.527624	0.090629	0.013426	59.347553	59.334129
25.558920	0.077203	0.010058	59.344189	59.337482
25.590216	0.067130	0.010058	59.340836	59.334129
25.621511	0.060424	0.006706	59.337482	59.334129
25.652807	0.057057	0.006706	59.344189	59.334129
25.684103	0.050351	0.003353	59.350906	59.330761
25.715399	0.043631	0.000000	59.354259	59.327408
25.746695	0.036925	0.000000	59.357628	59.327408
25.777990	0.030205	0.000000	59.354259	59.330761
25.809288	0.023484	0.000000	59.350906	59.334129
25.840584	0.020131	0.000000	59.350906	59.340836
25.871880	0.020131	0.000000	59.354259	59.344189
25.903175	0.016779	0.000000	59.357628	59.350906
25.934471	0.016779	0.000000	59.360981	59.354259
25.965767	0.016779	-0.003368	59.360981	59.357628
25.997063	0.016779	-0.003368	59.357628	59.357628
26.028358	0.013426	-0.003368	59.354259	59.357628
26.059654	0.013426	-0.003368	59.350906	59.360981
26.090950	0.010058	-0.003368	59.350906	59.360981
26.122246	0.010058	-0.003368	59.347553	59.357628
26.153542	0.006706	-0.003368	59.347553	59.350906
26.184837	0.006706	-0.003368	59.347553	59.347553
26.216133	0.006706	-0.003368	59.344189	59.344189
26.247429	0.006706	-0.003368	59.344189	59.344189
26.278725	0.006706	-0.003368	59.340836	59.340836
26.310022	0.006706	-0.003368	59.340836	59.340836
26.341318	0.006706	-0.003368	59.344189	59.344189
26.372614	0.003353	-0.003368	59.347553	59.350906
26.403910	0.000000	0.000000	59.347553	59.360981
26.435205	0.000000	0.000000	59.350906	59.364334
26.466501	-0.003368	-0.003368	59.354259	59.367687
26.497797	-0.006720	-0.003368	59.350906	59.371056
26.529093	-0.006720	-0.006720	59.347553	59.374409
26.560389	-0.006720	-0.006720	59.340836	59.367687
26.591684	-0.006720	-0.006720	59.334129	59.354259
26.622980	-0.006720	-0.010073	59.330761	59.344189
26.654276	-0.003368	-0.010073	59.330761	59.337482
26.685572	0.000000	-0.010073	59.334129	59.337482
26.716867	0.003353	-0.010073	59.340836	59.340836
26.748163	0.003353	-0.010073	59.354259	59.344189
26.779461	0.003353	-0.010073	59.364334	59.347553
26.810757	0.000000	-0.006720	59.371056	59.344189
26.842052	0.000000	-0.006720	59.377758	59.347553
26.873348	-0.003368	-0.006720	59.384480	59.350906
26.904644	-0.006720	-0.006720	59.387833	59.357628
26.935940	-0.010073	-0.006720	59.381126	59.360981
26.967236	-0.013441	-0.006720	59.371056	59.360981
26.998531	-0.016794	-0.010073	59.360981	59.360981
27.029827	-0.020146	-0.006720	59.354259	59.360981
27.061123	-0.020146	-0.006720	59.350906	59.364334
27.092419	-0.023499	-0.006720	59.347553	59.371056
27.123714	-0.020146	-0.006720	59.347553	59.374409
27.155010	-0.020146	-0.006720	59.350906	59.377758
27.186306	-0.013441	-0.006720	59.357628	59.374409
27.217602	-0.010073	-0.006720	59.364334	59.374409
27.248898	-0.010073	-0.006720	59.374409	59.374409
27.280195	-0.010073	-0.003368	59.377758	59.374409
27.311491	-0.010073	-0.003368	59.377758	59.377758
27.342787	-0.013441	-0.003368	59.374409	59.374409
27.374083	-0.013441	-0.003368	59.374409	59.374409
27.405378	-0.010073	-0.003368	59.374409	59.367687
27.436674	-0.010073	-0.006720	59.377758	59.364334
27.467970	-0.010073	-0.010073	59.374409	59.360981
27.499266	-0.013441	-0.013441	59.371056	59.360981
27.530561	-0.013441	-0.013441	59.367687	59.367687
27.561857	-0.013441	-0.016794	59.364334	59.371056
27.593153	-0.013441	-0.016794	59.364334	59.374409
27.624449	-0.010073	-0.020146	59.360981	59.371056
27.655745	-0.013441	-0.020146	59.360981	59.367687
27.687040	-0.013441	-0.020146	59.360981	59.360981
27.718336	-0.016794	-0.020146	59.360981	59.357628
27.749632	-0.016794	-0.020146	59.360981	59.354259
27.780930	-0.016794	-0.020146	59.360981	59.354259
27.812225	-0.013441	-0.020146	59.364334	59.357628
27.843521	-0.013441	-0.016794	59.367687	59.360981
27.874817	-0.013441	-0.016794	59.374409	59.364334
27.906113	-0.016794	-0.020146	59.377758	59.371056
27.937408	-0.016794	-0.020146	59.384480	59.377758
27.968704	-0.016794	-0.016794	59.384480	59.384480
