20.958424	1.107693	4.565477	828.015076	828.753723
20.989719	1.074076	4.901171	828.015076	828.787354
21.021015	1.107693	5.203247	828.015076	828.753723
21.052311	1.141310	5.471945	828.015076	828.686462
21.083607	1.141310	5.572557	828.015076	828.451660
21.114902	1.141310	5.538940	828.048706	827.981445
21.146198	1.107693	5.438328	828.082336	827.310059
21.177494	1.107693	5.203247	828.082336	826.873779
21.208790	1.074076	4.766941	828.048706	826.806519
21.240086	1.040459	4.196167	828.048706	826.907410
21.271381	1.040459	3.592014	828.082336	826.873779
21.302677	1.040459	3.054857	828.182922	826.873779
21.333973	1.007080	2.685547	828.216553	827.041626
21.365271	0.973463	2.484083	828.182922	827.276489
21.396566	0.939846	2.383471	828.216553	827.477905
21.427862	0.939846	2.316236	828.250183	827.847229
21.459158	0.872612	2.349854	828.250183	828.082336
21.490454	0.872612	2.383471	828.149292	828.182922
21.521749	0.839233	2.383471	828.082336	828.283813
21.553045	0.805616	2.450466	828.048706	828.484985
21.584341	0.771999	2.618313	827.981445	828.518616
21.615637	0.738382	2.786160	827.847229	828.418030
21.646933	0.704765	2.887011	827.713013	828.283813
21.678228	0.671387	2.987623	827.679382	828.250183
21.709524	0.671387	3.121853	827.645752	828.250183
21.740820	0.671387	3.222704	827.612183	828.182922
21.772116	0.671387	3.189087	827.578796	828.048706
21.803411	0.704765	3.021240	827.612183	828.082336
21.834707	0.738382	2.920628	827.746643	828.250183
21.866005	0.805616	2.853394	827.914490	828.384399
21.897301	0.839233	2.819777	828.082336	828.317139
21.928596	0.872612	2.752542	828.182922	828.115967
21.959892	0.872612	2.651930	828.182922	827.948120
21.991188	0.906229	2.551317	828.149292	827.847229
22.022484	0.939846	2.484083	828.149292	827.780029
22.053780	1.007080	2.484083	828.182922	827.847229
22.085075	1.040459	2.584696	828.182922	827.981445
22.116371	1.074076	2.719164	828.115967	828.149292
22.147667	1.040459	2.887011	828.015076	828.384399
22.178963	0.973463	2.987623	827.914490	828.518616
22.210258	0.906229	3.121853	827.847229	828.552246
22.241554	0.839233	3.222704	827.813599	828.518616
22.272850	0.805616	3.289700	827.847229	828.585876
22.304146	0.771999	3.424168	827.847229	828.652832
22.335442	0.771999	3.592014	827.813599	828.652832
22.366739	0.771999	3.793240	827.813599	828.619507
22.398035	0.771999	3.994703	827.847229	828.619507
22.429331	0.805616	4.263401	827.813599	828.720093
22.460627	0.906229	4.531860	827.813599	828.686462
22.491922	0.939846	4.867554	827.880859	828.552246
22.523218	0.973463	5.136251	827.914490	828.350769
22.554514	0.973463	5.304098	827.847229	827.981445
22.585810	1.040459	5.337477	827.780029	827.746643
22.617105	1.074076	5.471945	827.746643	827.746643
22.648401	1.141310	5.639791	827.746643	827.713013
22.679697	1.174927	5.841255	827.780029	827.444336
22.710993	1.208305	5.841255	827.847229	827.041626
22.742289	1.174927	5.673170	827.914490	826.907410
22.773584	1.174927	5.438328	827.948120	827.007996
22.804880	1.208305	5.203247	827.981445	827.343689
22.836176	1.275539	5.035400	828.015076	827.780029
22.867474	1.309156	4.901171	827.948120	827.847229
22.898769	1.376152	4.800558	827.914490	827.713013
22.930065	1.409769	4.733324	827.914490	827.713013
22.961361	1.376152	4.867554	827.948120	827.880859
22.992657	1.342773	5.069017	827.880859	827.981445
23.023952	1.309156	5.270481	827.813599	827.713013
23.055248	1.275539	5.371094	827.780029	827.477905
23.086544	1.275539	5.304098	827.746643	827.209473
23.117840	1.342773	5.136251	827.679382	826.806519
23.149136	1.376152	5.001783	827.612183	826.437256
23.180431	1.477003	4.934788	827.578796	826.269409
23.211727	1.544237	4.867554	827.578796	826.235779
23.243023	1.577616	4.867554	827.612183	826.302979
23.274319	1.577616	4.867554	827.612183	826.302979
23.305614	1.577616	4.800558	827.679382	826.302979
23.336912	1.577616	4.733324	827.679382	826.370239
23.368208	1.577616	4.666090	827.679382	826.470825
23.399504	1.611233	4.498243	827.645752	826.571716
23.430799	1.644850	4.364014	827.578796	826.605103
23.462095	1.712084	4.229784	827.511536	826.672302
23.493391	1.779079	4.162550	827.511536	826.705933
23.524687	1.846313	4.162550	827.612183	826.772949
23.555983	1.879930	4.330397	827.679382	826.772949
23.587278	1.946926	4.565477	827.679382	826.672302
23.618574	2.014160	4.867554	827.645752	826.571716
23.649870	2.047777	5.102634	827.578796	826.571716
23.681166	2.081156	5.337477	827.612183	826.672302
23.712461	2.114773	5.538940	827.713013	826.672302
23.743757	2.148390	5.774021	827.713013	826.605103
23.775053	2.182007	6.143332	827.645752	826.538086
23.806349	2.182007	6.646872	827.578796	826.504456
23.837646	2.215624	7.251024	827.545166	826.504456
23.868942	2.249002	7.922411	827.511536	826.437256
23.900238	2.316236	8.694649	827.511536	826.302979
23.931534	2.416849	9.601116	827.477905	826.235779
23.962830	2.484083	10.809660	827.410950	826.101562
23.994125	2.584696	12.387276	827.410950	825.833069
24.025421	2.752542	14.435291	827.511536	825.396545
24.056717	2.853394	17.053604	827.612183	824.691528
24.088013	2.987623	20.377159	827.645752	823.684448
24.119308	3.088474	24.472713	827.545166	822.341675
24.150604	3.222704	29.306889	827.477905	820.629578
24.181900	3.323317	34.711838	827.477905	818.548218
24.213196	3.491163	40.351631	827.612183	816.298950
24.244492	3.625393	45.420647	827.813599	814.150574
24.275787	3.793240	49.046280	827.813599	812.639954
24.307083	3.961086	50.691368	827.813599	811.934937
24.338381	4.061937	50.120590	827.813599	812.069153
24.369677	4.128933	47.703506	827.780029	813.009033
24.400972	4.128933	43.775795	827.746643	814.452637
24.432268	4.128933	38.874390	827.679382	816.366211
24.463564	4.128933	33.469677	827.612183	818.548218
24.494860	4.128933	28.098345	827.578796	820.730469
24.526155	4.162550	23.264170	827.511536	822.610352
24.557451	4.263401	19.235849	827.377319	823.953125
24.588747	4.431248	16.180754	827.310059	824.859375
24.620043	4.565477	14.032364	827.243103	825.497375
24.651339	4.733324	12.488127	827.175842	825.967285
24.682634	4.867554	11.313200	827.041626	826.336609
24.713930	5.069017	10.339499	826.873779	826.739563
24.745226	5.270481	9.533882	826.705933	826.940796
24.776522	5.471945	8.862495	826.571716	827.007996
24.807819	5.740404	8.291721	826.538086	827.007996
24.839115	6.042480	7.788181	826.504456	827.075256
24.870411	6.411791	7.351875	826.504456	827.175842
24.901707	6.848335	6.948948	826.470825	827.310059
24.933002	7.351875	6.613255	826.470825	827.410950
24.964298	7.922411	6.311178	826.437256	827.444336
24.995594	8.627415	6.076097	826.336609	827.477905
25.026890	9.500265	5.908251	826.269409	827.578796
25.058186	10.641813	5.740404	826.168762	827.713013
25.089481	12.051582	5.572557	825.967285	827.746643
25.120777	13.965130	5.371094	825.598022	827.578796
25.152073	16.650915	5.136251	825.060852	827.444336
25.183369	20.578623	4.968405	824.490295	827.310059
25.214664	25.949955	4.766941	823.919556	827.209473
25.245960	32.361748	4.632711	823.416016	827.243103
25.277256	39.109467	4.464865	822.946045	827.343689
25.308554	45.118568	4.364014	822.442505	827.377319
25.339849	49.751282	4.229784	821.871765	827.276489
25.371145	52.403450	4.061937	821.401855	827.108643
25.402441	52.873375	3.860474	821.234009	826.974365
25.433737	51.228287	3.692627	821.300964	826.940796
25.465033	47.636269	3.491163	821.569702	827.007996
25.496328	42.667866	3.323317	822.005981	827.108643
25.527624	36.994457	3.222704	822.576782	827.310059
25.558920	31.354666	3.088474	823.180908	827.410950
25.590216	26.285648	2.987623	823.818909	827.511536
25.621511	21.988630	2.954006	824.389465	827.511536
25.652807	18.463612	2.920628	824.960205	827.410950
25.684103	15.710831	2.887011	825.396545	827.310059
25.715399	13.528824	2.853394	825.765869	827.243103
25.746695	11.850357	2.786160	826.168762	827.209473
25.777990	10.574579	2.719164	826.538086	827.276489
25.809288	9.567499	2.651930	826.806519	827.377319
25.840584	8.728266	2.618313	826.940796	827.410950
25.871880	8.056879	2.618313	827.041626	827.511536
25.903175	7.486105	2.618313	827.075256	827.545166
25.934471	7.049561	2.618313	827.108643	827.578796
25.965767	6.646872	2.584696	827.075256	827.578796
25.997063	6.344795	2.584696	827.108643	827.545166
26.028358	6.076097	2.551317	827.276489	827.545166
26.059654	5.774021	2.551317	827.477905	827.545166
26.090950	5.505323	2.551317	827.578796	827.545166
26.122246	5.270481	2.517700	827.679382	827.511536
26.153542	5.035400	2.450466	827.713013	827.444336
26.184837	4.833937	2.349854	827.746643	827.444336
26.216133	4.666090	2.249002	827.847229	827.410950
26.247429	4.498243	2.148390	827.914490	827.377319
26.278725	4.297018	2.081156	827.880859	827.410950
26.310022	4.128933	1.980543	827.813599	827.477905
26.341318	3.961086	1.879930	827.880859	827.477905
26.372614	3.793240	1.812696	827.981445	827.444336
26.403910	3.659010	1.745462	828.015076	827.377319
26.435205	3.558397	1.611233	828.015076	827.410950
26.466501	3.424168	1.443386	828.015076	827.444336
26.497797	3.289700	1.342773	827.948120	827.444336
26.529093	3.189087	1.275539	827.847229	827.511536
26.560389	3.088474	1.208305	827.780029	827.545166
26.591684	2.987623	1.141310	827.746643	827.612183
26.622980	2.920628	1.107693	827.780029	827.713013
26.654276	2.887011	1.107693	827.847229	827.813599
26.685572	2.853394	1.107693	827.880859	827.880859
26.716867	2.819777	1.107693	827.914490	827.981445
26.748163	2.752542	1.107693	827.914490	828.015076
26.779461	2.685547	1.141310	827.880859	827.981445
26.810757	2.618313	1.174927	827.914490	827.880859
26.842052	2.517700	1.208305	827.981445	827.813599
26.873348	2.383471	1.241922	828.048706	827.713013
26.904644	2.282619	1.275539	828.082336	827.645752
26.935940	2.215624	1.275539	828.082336	827.645752
26.967236	2.114773	1.275539	828.115967	827.746643
26.998531	2.081156	1.275539	828.115967	827.813599
27.029827	2.047777	1.309156	828.149292	827.914490
27.061123	1.980543	1.376152	828.149292	827.981445
27.092419	1.913309	1.409769	828.115967	827.981445
27.123714	1.812696	1.443386	828.048706	827.948120
27.155010	1.712084	1.443386	827.981445	827.914490
27.186306	1.611233	1.443386	827.948120	827.880859
27.217602	1.577616	1.477003	827.880859	827.981445
27.248898	1.544237	1.510620	827.847229	828.015076
27.280195	1.510620	1.510620	827.914490	827.948120
27.311491	1.477003	1.477003	827.981445	827.914490
27.342787	1.477003	1.510620	827.981445	827.847229
27.374083	1.443386	1.544237	827.981445	827.713013
27.405378	1.443386	1.577616	827.948120	827.645752
27.436674	1.443386	1.577616	827.914490	827.511536
27.467970	1.443386	1.577616	827.880859	827.444336
27.499266	1.443386	1.577616	827.847229	827.410950
27.530561	1.409769	1.577616	827.813599	827.410950
27.561857	1.376152	1.611233	827.780029	827.477905
27.593153	1.342773	1.644850	827.746643	827.511536
27.624449	1.309156	1.712084	827.713013	827.444336
27.655745	1.275539	1.745462	827.645752	827.377319
27.687040	1.241922	1.712084	827.679382	827.343689
27.718336	1.208305	1.678467	827.746643	827.477905
27.749632	1.174927	1.577616	827.780029	827.578796
27.780930	1.174927	1.443386	827.847229	827.612183
27.812225	1.174927	1.376152	827.880859	827.578796
27.843521	1.174927	1.275539	827.813599	827.545166
27.874817	1.174927	1.208305	827.679382	827.679382
27.906113	1.174927	1.174927	827.612183	827.746643
27.937408	1.141310	1.141310	827.645752	827.746643
27.968704	1.107693	1.107693	827.713013	827.713013
