20.958424	-0.026867	-0.060439	-62.613876	-62.754868
20.989719	-0.023499	-0.060439	-62.610523	-62.758221
21.021015	-0.020146	-0.063792	-62.607170	-62.764942
21.052311	-0.020146	-0.067145	-62.610523	-62.771664
21.083607	-0.023499	-0.070497	-62.620594	-62.781723
21.114902	-0.026867	-0.070497	-62.627300	-62.785088
21.146198	-0.026867	-0.070497	-62.634022	-62.785088
21.177494	-0.026867	-0.073865	-62.637375	-62.791794
21.208790	-0.030220	-0.080571	-62.640743	-62.801868
21.240086	-0.030220	-0.083938	-62.640743	-62.805222
21.271381	-0.030220	-0.080571	-62.634022	-62.805222
21.302677	-0.023499	-0.083938	-62.630669	-62.805222
21.333973	-0.020146	-0.087291	-62.627300	-62.815292
21.365271	-0.020146	-0.093997	-62.627300	-62.825367
21.396566	-0.023499	-0.090644	-62.627300	-62.828720
21.427862	-0.023499	-0.087291	-62.627300	-62.832088
21.459158	-0.030220	-0.087291	-62.634022	-62.842144
21.490454	-0.033572	-0.090644	-62.640743	-62.852219
21.521749	-0.036940	-0.093997	-62.644093	-62.858940
21.553045	-0.033572	-0.097364	-62.640743	-62.858940
21.584341	-0.033572	-0.100717	-62.640743	-62.865646
21.615637	-0.040293	-0.104070	-62.650799	-62.872364
21.646933	-0.043646	-0.107422	-62.657520	-62.882439
21.678228	-0.043646	-0.107422	-62.660873	-62.889145
21.709524	-0.040293	-0.107422	-62.660873	-62.895863
21.740820	-0.036940	-0.110790	-62.660873	-62.905937
21.772116	-0.040293	-0.114143	-62.664242	-62.916012
21.803411	-0.040293	-0.117496	-62.670944	-62.922714
21.834707	-0.040293	-0.117496	-62.670944	-62.929436
21.866005	-0.036940	-0.120863	-62.670944	-62.936142
21.897301	-0.040293	-0.124216	-62.674297	-62.946217
21.928596	-0.046998	-0.127569	-62.684372	-62.956287
21.959892	-0.050366	-0.134289	-62.687740	-62.966362
21.991188	-0.050366	-0.137642	-62.691093	-62.976437
22.022484	-0.046998	-0.140995	-62.691093	-62.983139
22.053780	-0.046998	-0.144362	-62.694447	-62.993214
22.085075	-0.050366	-0.147715	-62.697800	-63.003288
22.116371	-0.046998	-0.151068	-62.697800	-63.016712
22.147667	-0.046998	-0.154421	-62.697800	-63.026787
22.178963	-0.043646	-0.157788	-62.697800	-63.036858
22.210258	-0.046998	-0.157788	-62.704517	-63.046932
22.241554	-0.050366	-0.161141	-62.707870	-63.056992
22.272850	-0.053719	-0.164494	-62.711239	-63.067062
22.304146	-0.053719	-0.167862	-62.721298	-63.077137
22.335442	-0.053719	-0.167862	-62.728016	-63.090561
22.366739	-0.053719	-0.171214	-62.738091	-63.103989
22.398035	-0.057071	-0.174567	-62.748165	-63.114063
22.429331	-0.063792	-0.177920	-62.761589	-63.124134
22.460627	-0.067145	-0.184640	-62.768295	-63.137562
22.491922	-0.070497	-0.187993	-62.768295	-63.150986
22.523218	-0.070497	-0.191361	-62.768295	-63.164413
22.554514	-0.073865	-0.191361	-62.771664	-63.177853
22.585810	-0.077218	-0.191361	-62.778370	-63.187912
22.617105	-0.077218	-0.191361	-62.781723	-63.201351
22.648401	-0.077218	-0.198066	-62.785088	-63.214779
22.679697	-0.080571	-0.201419	-62.795162	-63.234909
22.710993	-0.083938	-0.208139	-62.805222	-63.251705
22.742289	-0.083938	-0.214845	-62.811939	-63.271835
22.773584	-0.087291	-0.224918	-62.822014	-63.291981
22.804880	-0.090644	-0.231639	-62.835442	-63.315479
22.836176	-0.093997	-0.238344	-62.848866	-63.335629
22.867474	-0.097364	-0.245064	-62.858940	-63.355774
22.898769	-0.097364	-0.248417	-62.865646	-63.379257
22.930065	-0.097364	-0.255138	-62.872364	-63.402756
22.961361	-0.100717	-0.261843	-62.882439	-63.429623
22.992657	-0.104070	-0.268564	-62.889145	-63.453121
23.023952	-0.104070	-0.271916	-62.892513	-63.479977
23.055248	-0.100717	-0.278637	-62.895863	-63.506828
23.086544	-0.104070	-0.288710	-62.902584	-63.537045
23.117840	-0.104070	-0.295416	-62.909290	-63.577324
23.149136	-0.104070	-0.298783	-62.919365	-63.607544
23.180431	-0.107422	-0.302136	-62.929436	-63.637749
23.211727	-0.114143	-0.308841	-62.946217	-63.671322
23.243023	-0.120863	-0.315562	-62.959641	-63.711597
23.274319	-0.124216	-0.322267	-62.969715	-63.751892
23.305614	-0.127569	-0.325635	-62.979786	-63.788815
23.336912	-0.127569	-0.328988	-62.986507	-63.832447
23.368208	-0.134289	-0.332341	-62.996567	-63.879444
23.399504	-0.137642	-0.335708	-63.006638	-63.929810
23.430799	-0.140995	-0.339061	-63.020065	-63.980164
23.462095	-0.144362	-0.339061	-63.030140	-64.033867
23.493391	-0.151068	-0.342414	-63.043564	-64.087585
23.524687	-0.154421	-0.345767	-63.060360	-64.144653
23.555983	-0.157788	-0.345767	-63.073784	-64.198357
23.587278	-0.157788	-0.342414	-63.083858	-64.255432
23.618574	-0.157788	-0.342414	-63.090561	-64.322578
23.649870	-0.161141	-0.349134	-63.100636	-64.396423
23.681166	-0.164494	-0.349134	-63.110710	-64.473633
23.712461	-0.167862	-0.345767	-63.114063	-64.554199
23.743757	-0.171214	-0.342414	-63.120781	-64.641479
23.775053	-0.177920	-0.339061	-63.134209	-64.735474
23.806349	-0.184640	-0.335708	-63.147633	-64.839539
23.837646	-0.191361	-0.328988	-63.164413	-64.950317
23.868942	-0.194713	-0.318915	-63.181206	-65.071167
23.900238	-0.198066	-0.305489	-63.194633	-65.205437
23.931534	-0.204787	-0.285342	-63.211411	-65.353157
23.962830	-0.211492	-0.251785	-63.231556	-65.517647
23.994125	-0.218213	-0.204787	-63.244984	-65.702278
24.025421	-0.218213	-0.144362	-63.258408	-65.917122
24.056717	-0.224918	-0.070497	-63.275204	-66.165535
24.088013	-0.231639	0.023484	-63.298702	-66.450882
24.119308	-0.238344	0.140980	-63.325554	-66.779854
24.150604	-0.245064	0.285327	-63.349052	-67.169266
24.181900	-0.248417	0.463247	-63.375904	-67.639229
24.213196	-0.251785	0.674739	-63.396053	-68.209915
24.244492	-0.255138	0.943303	-63.412830	-68.904800
24.275787	-0.255138	1.272276	-63.426254	-69.757477
24.307083	-0.258490	1.665041	-63.443050	-70.808205
24.338381	-0.261843	2.128303	-63.463196	-72.114052
24.369677	-0.265211	2.655342	-63.486679	-73.711960
24.400972	-0.268564	3.212601	-63.513546	-75.628784
24.432268	-0.275284	3.749713	-63.540398	-77.901436
24.463564	-0.281990	4.162610	-63.573971	-80.476227
24.494860	-0.285342	4.306957	-63.604176	-83.208786
24.526155	-0.292063	3.991410	-63.637749	-85.901054
24.557451	-0.302136	3.014535	-63.678040	-88.213997
24.588747	-0.308841	1.265571	-63.718319	-89.801834
24.620043	-0.315562	-1.225293	-63.755245	-90.490013
24.651339	-0.318915	-4.243195	-63.792168	-90.335594
24.682634	-0.325635	-7.459149	-63.835815	-89.583633
24.713930	-0.335708	-10.658323	-63.892887	-88.459061
24.745226	-0.339061	-13.662800	-63.939869	-87.062569
24.776522	-0.335708	-16.392008	-63.983517	-85.380730
24.807819	-0.335708	-18.839226	-64.030510	-83.312851
24.839115	-0.335708	-20.923897	-64.087585	-80.801842
24.870411	-0.342414	-22.558720	-64.144653	-77.867867
24.901707	-0.342414	-23.643017	-64.205078	-74.581413
24.933002	-0.345767	-24.019003	-64.262138	-71.174118
24.964298	-0.349134	-23.542315	-64.332634	-67.998421
24.995594	-0.352487	-22.145823	-64.406502	-65.376656
25.026890	-0.352487	-19.960447	-64.487053	-63.631042
25.058186	-0.349134	-17.342016	-64.567627	-62.822014
25.089481	-0.349134	-14.673248	-64.664978	-62.714592
25.120777	-0.349134	-12.289807	-64.769043	-62.949570
25.152073	-0.345767	-10.325998	-64.876465	-63.271835
25.183369	-0.339061	-8.744865	-64.987244	-63.570618
25.214664	-0.328988	-7.486015	-65.104736	-63.819019
25.245960	-0.318915	-6.495714	-65.235657	-64.007011
25.277256	-0.305489	-5.693391	-65.386726	-64.141289
25.308554	-0.275284	-5.035430	-65.547852	-64.228577
25.339849	-0.231639	-4.484892	-65.722420	-64.289001
25.371145	-0.174567	-4.021630	-65.923843	-64.332634
25.402441	-0.104070	-3.635585	-66.155464	-64.366203
25.433737	-0.013441	-3.316671	-66.420662	-64.376282
25.465033	0.100702	-3.041401	-66.722794	-64.366203
25.496328	0.248402	-2.809778	-67.075264	-64.339355
25.527624	0.433043	-2.615079	-67.488182	-64.309135
25.558920	0.671387	-2.443865	-67.991722	-64.272209
25.590216	0.986934	-2.289444	-68.595978	-64.228577
25.621511	1.399845	-2.151817	-69.331139	-64.181580
25.652807	1.940310	-2.034321	-70.264366	-64.141289
25.684103	2.651989	-1.926899	-71.446014	-64.101013
25.715399	3.601998	-1.826182	-72.939857	-64.060730
25.746695	4.850790	-1.735553	-74.813042	-64.020439
25.777990	6.324485	-1.648277	-77.068909	-63.980164
25.809288	7.714272	-1.574412	-79.596695	-63.943237
25.840584	8.566931	-1.500562	-82.208412	-63.909664
25.871880	8.519933	-1.433432	-84.645554	-63.872738
25.903175	7.442355	-1.369640	-86.696655	-63.839169
25.934471	5.471826	-1.315936	-88.287842	-63.808949
25.965767	2.846688	-1.265585	-89.395645	-63.782097
25.997063	-0.144362	-1.218587	-90.063675	-63.755245
26.028358	-3.273040	-1.174942	-90.318817	-63.728394
26.059654	-6.448716	-1.138017	-90.127457	-63.704891
26.090950	-9.604245	-1.101092	-89.449364	-63.678040
26.122246	-12.722850	-1.064166	-88.210640	-63.644470
26.153542	-15.844822	-1.027241	-86.350891	-63.617603
26.184837	-18.832504	-1.000375	-83.856674	-63.597469
26.216133	-21.326721	-0.970170	-80.771637	-63.577324
26.247429	-22.891060	-0.943318	-77.384476	-63.557178
26.278725	-23.206621	-0.916451	-74.094650	-63.533680
26.310022	-22.340521	-0.889599	-71.197617	-63.510178
26.341318	-20.588190	-0.862747	-68.894745	-63.490047
26.372614	-18.342390	-0.839248	-67.219612	-63.473255
26.403910	-15.962317	-0.819102	-66.081612	-63.453121
26.435205	-13.669520	-0.798956	-65.363228	-63.436329
26.466501	-11.621773	-0.782177	-64.946968	-63.426254
26.497797	-9.879515	-0.762030	-64.711975	-63.409477
26.529093	-8.419246	-0.741899	-64.594475	-63.392700
26.560389	-7.214099	-0.721753	-64.540771	-63.372551
26.591684	-6.230503	-0.708327	-64.527351	-63.355774
26.622980	-5.414769	-0.691533	-64.527351	-63.342331
26.654276	-4.740029	-0.674754	-64.523979	-63.322201
26.685572	-4.192844	-0.657976	-64.510551	-63.308777
26.716867	-3.739655	-0.647902	-64.490425	-63.298702
26.748163	-3.370389	-0.641182	-64.460205	-63.295334
26.779461	-3.061548	-0.631109	-64.419922	-63.288628
26.810757	-2.803057	-0.621051	-64.372925	-63.278557
26.842052	-2.588212	-0.610977	-64.325928	-63.268482
26.873348	-2.410293	-0.604257	-64.282280	-63.258408
26.904644	-2.249166	-0.594184	-64.235283	-63.251705
26.935940	-2.104819	-0.584111	-64.188286	-63.241631
26.967236	-1.977250	-0.574052	-64.137939	-63.228207
26.998531	-1.866475	-0.570685	-64.094292	-63.221485
27.029827	-1.765758	-0.563979	-64.054016	-63.214779
27.061123	-1.671776	-0.557259	-64.010368	-63.208057
27.092419	-1.581132	-0.550553	-63.963367	-63.197987
27.123714	-1.500562	-0.543833	-63.926445	-63.194633
27.155010	-1.430064	-0.540480	-63.892887	-63.191280
27.186306	-1.366287	-0.537112	-63.859314	-63.184559
27.217602	-1.302510	-0.530407	-63.819019	-63.174484
27.248898	-1.242086	-0.523686	-63.778744	-63.167782
27.280195	-1.188368	-0.520334	-63.741817	-63.164413
27.311491	-1.138017	-0.520334	-63.711597	-63.164413
27.342787	-1.091018	-0.516981	-63.678040	-63.164413
27.374083	-1.047373	-0.513628	-63.641102	-63.161060
27.405378	-1.007095	-0.510260	-63.610897	-63.161060
27.436674	-0.970170	-0.510260	-63.584045	-63.161060
27.467970	-0.936598	-0.506908	-63.560547	-63.157707
27.499266	-0.906378	-0.500187	-63.533680	-63.150986
27.530561	-0.872821	-0.500187	-63.510178	-63.150986
27.561857	-0.845954	-0.500187	-63.486679	-63.154354
27.593153	-0.822455	-0.503555	-63.469902	-63.157707
27.624449	-0.795603	-0.506908	-63.446404	-63.157707
27.655745	-0.765398	-0.506908	-63.419552	-63.161060
27.687040	-0.738531	-0.510260	-63.392700	-63.167782
27.718336	-0.715032	-0.513628	-63.369198	-63.171135
27.749632	-0.694901	-0.516981	-63.349052	-63.174484
27.780930	-0.674754	-0.520334	-63.328907	-63.181206
27.812225	-0.657976	-0.527054	-63.308777	-63.184559
27.843521	-0.641182	-0.533760	-63.295334	-63.187912
27.874817	-0.624403	-0.540480	-63.281910	-63.194633
27.906113	-0.607610	-0.550553	-63.265129	-63.201351
27.937408	-0.594184	-0.560611	-63.248352	-63.208057
27.968704	-0.584111	-0.570685	-63.234909	-63.221485
