20.958424	-0.134468	-0.235081	-0.033617	-0.100851
20.989719	-0.134468	-0.235081	-0.033617	-0.100851
21.021015	-0.168085	-0.235081	-0.033617	-0.100851
21.052311	-0.168085	-0.201464	-0.033617	-0.100851
21.083607	-0.168085	-0.201464	-0.033617	-0.100851
21.114902	-0.168085	-0.201464	-0.033617	-0.100851
21.146198	-0.168085	-0.201464	-0.033617	-0.100851
21.177494	-0.168085	-0.201464	-0.033617	-0.100851
21.208790	-0.168085	-0.201464	0.000000	-0.100851
21.240086	-0.168085	-0.201464	0.000000	-0.100851
21.271381	-0.168085	-0.201464	0.000000	-0.100851
21.302677	-0.168085	-0.168085	0.000000	-0.100851
21.333973	-0.168085	-0.168085	0.000000	-0.100851
21.365271	-0.168085	-0.168085	0.000000	-0.100851
21.396566	-0.168085	-0.168085	0.000000	-0.100851
21.427862	-0.168085	-0.168085	0.000000	-0.100851
21.459158	-0.168085	-0.168085	-0.033617	-0.100851
21.490454	-0.168085	-0.168085	-0.033617	-0.134468
21.521749	-0.168085	-0.134468	-0.033617	-0.134468
21.553045	-0.168085	-0.134468	-0.033617	-0.134468
21.584341	-0.168085	-0.100851	-0.033617	-0.134468
21.615637	-0.168085	-0.100851	-0.033617	-0.134468
21.646933	-0.168085	-0.100851	-0.033617	-0.134468
21.678228	-0.168085	-0.100851	-0.033617	-0.134468
21.709524	-0.168085	-0.067234	-0.033617	-0.134468
21.740820	-0.168085	-0.067234	0.000000	-0.134468
21.772116	-0.168085	-0.067234	0.000000	-0.168085
21.803411	-0.168085	-0.033617	0.000000	-0.168085
21.834707	-0.168085	-0.033617	0.000000	-0.201464
21.866005	-0.168085	0.000000	0.000000	-0.201464
21.897301	-0.168085	0.000000	0.000000	-0.168085
21.928596	-0.168085	0.033379	0.000000	-0.168085
21.959892	-0.201464	0.033379	0.000000	-0.168085
21.991188	-0.168085	0.033379	0.000000	-0.134468
22.022484	-0.168085	0.033379	0.000000	-0.134468
22.053780	-0.168085	0.033379	0.033379	-0.168085
22.085075	-0.168085	0.033379	0.000000	-0.168085
22.116371	-0.168085	0.033379	0.033379	-0.168085
22.147667	-0.168085	0.033379	0.033379	-0.168085
22.178963	-0.168085	0.033379	0.000000	-0.168085
22.210258	-0.168085	0.033379	0.000000	-0.168085
22.241554	-0.168085	0.066996	0.000000	-0.168085
22.272850	-0.168085	0.100613	0.000000	-0.168085
22.304146	-0.168085	0.100613	0.000000	-0.168085
22.335442	-0.168085	0.134230	0.000000	-0.168085
22.366739	-0.168085	0.134230	0.000000	-0.168085
22.398035	-0.134468	0.167847	0.000000	-0.168085
22.429331	-0.134468	0.167847	0.000000	-0.201464
22.460627	-0.134468	0.201225	0.000000	-0.201464
22.491922	-0.134468	0.201225	-0.033617	-0.201464
22.523218	-0.134468	0.234842	-0.033617	-0.235081
22.554514	-0.134468	0.234842	0.000000	-0.235081
22.585810	-0.100851	0.268459	0.000000	-0.235081
22.617105	-0.100851	0.302076	0.000000	-0.268698
22.648401	-0.100851	0.302076	0.000000	-0.268698
22.679697	-0.100851	0.335693	-0.033617	-0.268698
22.710993	-0.100851	0.335693	-0.033617	-0.268698
22.742289	-0.100851	0.369072	-0.033617	-0.268698
22.773584	-0.100851	0.402689	-0.033617	-0.268698
22.804880	-0.100851	0.436306	-0.033617	-0.268698
22.836176	-0.067234	0.436306	-0.033617	-0.268698
22.867474	-0.067234	0.469923	-0.033617	-0.302315
22.898769	-0.067234	0.503540	-0.033617	-0.302315
22.930065	-0.067234	0.503540	-0.033617	-0.302315
22.961361	-0.067234	0.536919	-0.067234	-0.335932
22.992657	-0.067234	0.570536	-0.067234	-0.335932
23.023952	-0.067234	0.604153	-0.067234	-0.369310
23.055248	-0.067234	0.637770	-0.067234	-0.402927
23.086544	-0.067234	0.704765	-0.067234	-0.436544
23.117840	-0.067234	0.771999	-0.067234	-0.436544
23.149136	-0.067234	0.839233	-0.067234	-0.470161
23.180431	-0.067234	0.906229	-0.067234	-0.470161
23.211727	-0.067234	1.007080	-0.067234	-0.470161
23.243023	-0.033617	1.107693	-0.100851	-0.503778
23.274319	-0.033617	1.208305	-0.100851	-0.503778
23.305614	-0.033617	1.342773	-0.100851	-0.537157
23.336912	-0.033617	1.510620	-0.134468	-0.537157
23.368208	-0.033617	1.678467	-0.134468	-0.570774
23.399504	0.000000	1.913309	-0.134468	-0.604391
23.430799	0.000000	2.215624	-0.168085	-0.638008
23.462095	0.000000	2.517700	-0.168085	-0.705004
23.493391	0.000000	2.954006	-0.168085	-0.839472
23.524687	0.033379	3.457546	-0.168085	-0.973701
23.555983	0.033379	4.128933	-0.168085	-1.141548
23.587278	0.033379	5.001783	-0.168085	-1.410007
23.618574	0.066996	6.076097	-0.168085	-1.712322
23.649870	0.066996	7.385492	-0.168085	-2.182245
23.681166	0.100613	8.963108	-0.168085	-2.719402
23.712461	0.100613	10.675192	-0.168085	-3.357172
23.743757	0.134230	12.353897	-0.201464	-4.028559
23.775053	0.134230	13.730288	-0.201464	-4.599333
23.806349	0.134230	14.569521	-0.201464	-4.935026
23.837646	0.134230	14.703751	-0.201464	-5.035639
23.868942	0.167847	14.166594	-0.235081	-4.867792
23.900238	0.167847	13.125896	-0.235081	-4.465103
23.931534	0.201225	11.715889	-0.235081	-3.894329
23.962830	0.201225	10.071039	-0.235081	-3.256559
23.994125	0.234842	8.392572	-0.235081	-2.584934
24.025421	0.234842	6.814718	-0.235081	-1.947165
24.056717	0.234842	5.471945	-0.235081	-1.477242
24.088013	0.234842	4.431248	-0.235081	-1.107931
24.119308	0.268459	3.692627	-0.235081	-0.872850
24.150604	0.268459	3.121853	-0.235081	-0.705004
24.181900	0.302076	2.719164	-0.268698	-0.604391
24.213196	0.335693	2.416849	-0.268698	-0.537157
24.244492	0.369072	2.148390	-0.268698	-0.470161
24.275787	0.369072	1.946926	-0.268698	-0.436544
24.307083	0.402689	1.745462	-0.268698	-0.402927
24.338381	0.436306	1.611233	-0.268698	-0.369310
24.369677	0.469923	1.477003	-0.302315	-0.335932
24.400972	0.503540	1.376152	-0.302315	-0.302315
24.432268	0.536919	1.275539	-0.335932	-0.268698
24.463564	0.570536	1.174927	-0.369310	-0.268698
24.494860	0.604153	1.107693	-0.369310	-0.235081
24.526155	0.604153	1.040459	-0.402927	-0.201464
24.557451	0.637770	0.973463	-0.402927	-0.168085
24.588747	0.704765	0.906229	-0.436544	-0.134468
24.620043	0.738382	0.839233	-0.436544	-0.134468
24.651339	0.771999	0.771999	-0.470161	-0.100851
24.682634	0.839233	0.738382	-0.470161	-0.100851
24.713930	0.906229	0.671387	-0.470161	-0.100851
24.745226	0.973463	0.637770	-0.503778	-0.100851
24.776522	1.040459	0.604153	-0.503778	-0.100851
24.807819	1.107693	0.570536	-0.503778	-0.100851
24.839115	1.208305	0.536919	-0.503778	-0.100851
24.870411	1.309156	0.503540	-0.503778	-0.100851
24.901707	1.443386	0.469923	-0.503778	-0.100851
24.933002	1.611233	0.436306	-0.537157	-0.100851
24.964298	1.812696	0.402689	-0.537157	-0.100851
24.995594	2.014160	0.369072	-0.604391	-0.100851
25.026890	2.282619	0.335693	-0.638008	-0.100851
25.058186	2.584696	0.335693	-0.671625	-0.100851
25.089481	3.021240	0.302076	-0.738621	-0.100851
25.120777	3.592014	0.302076	-0.839472	-0.100851
25.152073	4.364014	0.268459	-0.940084	-0.100851
25.183369	5.505323	0.234842	-1.107931	-0.100851
25.214664	7.083178	0.234842	-1.242161	-0.100851
25.245960	9.030342	0.201225	-1.376390	-0.100851
25.277256	11.111736	0.167847	-1.544476	-0.100851
25.308554	12.991667	0.167847	-1.712322	-0.134468
25.339849	14.435291	0.134230	-1.880169	-0.134468
25.371145	15.307903	0.134230	-2.014399	-0.134468
25.402441	15.509367	0.100613	-2.115011	-0.134468
25.433737	15.039444	0.100613	-2.115011	-0.134468
25.465033	13.998747	0.100613	-2.048016	-0.100851
25.496328	12.488127	0.066996	-1.913548	-0.100851
25.527624	10.776043	0.066996	-1.779318	-0.100851
25.558920	9.063959	0.066996	-1.577854	-0.100851
25.590216	7.486105	0.033379	-1.410007	-0.067234
25.621511	6.143332	0.033379	-1.242161	-0.067234
25.652807	5.069017	0.033379	-1.074314	-0.067234
25.684103	4.196167	0.033379	-0.940084	-0.067234
25.715399	3.524780	0.000000	-0.805855	-0.067234
25.746695	3.021240	0.000000	-0.705004	-0.067234
25.777990	2.618313	0.000000	-0.604391	-0.100851
25.809288	2.316236	-0.033617	-0.537157	-0.100851
25.840584	2.081156	-0.033617	-0.470161	-0.100851
25.871880	1.846313	-0.067234	-0.436544	-0.100851
25.903175	1.678467	-0.067234	-0.369310	-0.100851
25.934471	1.544237	-0.100851	-0.335932	-0.100851
25.965767	1.409769	-0.067234	-0.302315	-0.100851
25.997063	1.275539	-0.067234	-0.302315	-0.100851
26.028358	1.208305	-0.067234	-0.302315	-0.100851
26.059654	1.107693	-0.067234	-0.268698	-0.100851
26.090950	1.040459	-0.067234	-0.268698	-0.100851
26.122246	0.973463	-0.067234	-0.235081	-0.100851
26.153542	0.906229	-0.067234	-0.235081	-0.100851
26.184837	0.839233	-0.100851	-0.201464	-0.100851
26.216133	0.771999	-0.100851	-0.168085	-0.100851
26.247429	0.704765	-0.134468	-0.168085	-0.134468
26.278725	0.671387	-0.134468	-0.134468	-0.100851
26.310022	0.604153	-0.134468	-0.134468	-0.100851
26.341318	0.570536	-0.134468	-0.134468	-0.100851
26.372614	0.536919	-0.134468	-0.134468	-0.100851
26.403910	0.469923	-0.134468	-0.100851	-0.100851
26.435205	0.436306	-0.168085	-0.100851	-0.100851
26.466501	0.436306	-0.168085	-0.134468	-0.100851
26.497797	0.402689	-0.168085	-0.134468	-0.100851
26.529093	0.369072	-0.168085	-0.134468	-0.100851
26.560389	0.335693	-0.168085	-0.134468	-0.100851
26.591684	0.335693	-0.168085	-0.134468	-0.100851
26.622980	0.302076	-0.168085	-0.134468	-0.100851
26.654276	0.302076	-0.168085	-0.134468	-0.067234
26.685572	0.268459	-0.168085	-0.100851	-0.067234
26.716867	0.268459	-0.168085	-0.100851	-0.067234
26.748163	0.234842	-0.201464	-0.100851	-0.067234
26.779461	0.201225	-0.201464	-0.100851	-0.067234
26.810757	0.201225	-0.168085	-0.100851	-0.067234
26.842052	0.167847	-0.168085	-0.100851	-0.067234
26.873348	0.134230	-0.168085	-0.100851	-0.067234
26.904644	0.134230	-0.168085	-0.100851	-0.067234
26.935940	0.134230	-0.168085	-0.067234	-0.100851
26.967236	0.100613	-0.168085	-0.067234	-0.100851
26.998531	0.100613	-0.168085	-0.067234	-0.100851
27.029827	0.066996	-0.168085	-0.067234	-0.100851
27.061123	0.066996	-0.168085	-0.067234	-0.067234
27.092419	0.033379	-0.168085	-0.067234	-0.067234
27.123714	0.033379	-0.201464	-0.067234	-0.067234
27.155010	0.000000	-0.201464	-0.067234	-0.067234
27.186306	-0.033617	-0.201464	-0.067234	-0.067234
27.217602	-0.033617	-0.201464	-0.067234	-0.033617
27.248898	-0.067234	-0.201464	-0.067234	-0.033617
27.280195	-0.067234	-0.201464	-0.100851	-0.033617
27.311491	-0.067234	-0.201464	-0.100851	-0.033617
27.342787	-0.067234	-0.235081	-0.100851	-0.033617
27.374083	-0.067234	-0.235081	-0.100851	-0.033617
27.405378	-0.067234	-0.235081	-0.100851	-0.033617
27.436674	-0.100851	-0.235081	-0.100851	-0.033617
27.467970	-0.100851	-0.201464	-0.100851	-0.033617
27.499266	-0.100851	-0.201464	-0.100851	-0.033617
27.530561	-0.100851	-0.201464	-0.100851	-0.033617
27.561857	-0.100851	-0.201464	-0.100851	-0.033617
27.593153	-0.134468	-0.201464	-0.100851	0.000000
27.624449	-0.134468	-0.235081	-0.100851	0.000000
27.655745	-0.134468	-0.235081	-0.100851	0.000000
27.687040	-0.134468	-0.201464	-0.100851	0.000000
27.718336	-0.168085	-0.201464	-0.100851	0.000000
27.749632	-0.168085	-0.201464	-0.100851	0.000000
27.780930	-0.168085	-0.201464	-0.067234	0.000000
27.812225	-0.168085	-0.201464	-0.067234	0.000000
27.843521	-0.168085	-0.201464	-0.067234	-0.033617
27.874817	-0.201464	-0.201464	-0.100851	-0.033617
27.906113	-0.201464	-0.201464	-0.100851	-0.033617
27.937408	-0.201464	-0.201464	-0.067234	-0.033617
27.968704	-0.201464	-0.201464	-0.067234	-0.067234
