20.958424	0.110745	0.271857	0.110745	0.302076
20.989719	0.110745	0.281930	0.110745	0.302076
21.021015	0.100672	0.281930	0.120819	0.312150
21.052311	0.100672	0.292003	0.120819	0.322223
21.083607	0.100672	0.292003	0.120819	0.332296
21.114902	0.100672	0.292003	0.120819	0.352442
21.146198	0.110745	0.302076	0.110745	0.362515
21.177494	0.120819	0.302076	0.110745	0.362515
21.208790	0.130892	0.302076	0.110745	0.372589
21.240086	0.130892	0.302076	0.120819	0.382662
21.271381	0.130892	0.302076	0.120819	0.382662
21.302677	0.120819	0.302076	0.130892	0.392735
21.333973	0.120819	0.302076	0.130892	0.392735
21.365271	0.130892	0.312150	0.140965	0.402808
21.396566	0.130892	0.312150	0.140965	0.412881
21.427862	0.140965	0.322223	0.151038	0.422955
21.459158	0.140965	0.322223	0.151038	0.422955
21.490454	0.140965	0.342369	0.161111	0.443101
21.521749	0.151038	0.342369	0.161111	0.453174
21.553045	0.151038	0.352442	0.161111	0.473320
21.584341	0.151038	0.352442	0.161111	0.493467
21.615637	0.151038	0.352442	0.171185	0.503540
21.646933	0.161111	0.362515	0.171185	0.513613
21.678228	0.161111	0.372589	0.181258	0.523627
21.709524	0.171185	0.382662	0.191331	0.543773
21.740820	0.181258	0.382662	0.211477	0.553846
21.772116	0.181258	0.392735	0.221550	0.563920
21.803411	0.181258	0.402808	0.221550	0.573993
21.834707	0.181258	0.402808	0.221550	0.594139
21.866005	0.181258	0.402808	0.221550	0.614285
21.897301	0.181258	0.412881	0.221550	0.644505
21.928596	0.181258	0.412881	0.221550	0.654578
21.959892	0.181258	0.412881	0.231624	0.674725
21.991188	0.191331	0.422955	0.231624	0.694871
22.022484	0.191331	0.422955	0.241697	0.704944
22.053780	0.201404	0.433028	0.251770	0.725091
22.085075	0.211477	0.443101	0.261784	0.745237
22.116371	0.211477	0.453174	0.271857	0.775397
22.147667	0.211477	0.463247	0.281930	0.795543
22.178963	0.221550	0.473320	0.292003	0.815690
22.210258	0.231624	0.473320	0.302076	0.835836
22.241554	0.231624	0.483394	0.312150	0.855982
22.272850	0.241697	0.493467	0.322223	0.886202
22.304146	0.241697	0.503540	0.322223	0.906348
22.335442	0.241697	0.513613	0.332296	0.926495
22.366739	0.251770	0.513613	0.342369	0.956714
22.398035	0.251770	0.513613	0.352442	0.986934
22.429331	0.261784	0.523627	0.362515	1.027226
22.460627	0.261784	0.543773	0.382662	1.057386
22.491922	0.261784	0.553846	0.402808	1.097679
22.523218	0.261784	0.573993	0.412881	1.137972
22.554514	0.261784	0.594139	0.422955	1.178265
22.585810	0.271857	0.604212	0.433028	1.218557
22.617105	0.281930	0.614285	0.443101	1.258850
22.648401	0.292003	0.624359	0.453174	1.309156
22.679697	0.292003	0.644505	0.473320	1.359522
22.710993	0.302076	0.654578	0.483394	1.409888
22.742289	0.312150	0.664651	0.503540	1.470327
22.773584	0.312150	0.684798	0.513613	1.530766
22.804880	0.312150	0.704944	0.523627	1.591146
22.836176	0.312150	0.725091	0.543773	1.661658
22.867474	0.322223	0.745237	0.553846	1.732171
22.898769	0.322223	0.765383	0.563920	1.802683
22.930065	0.332296	0.785470	0.573993	1.893282
22.961361	0.342369	0.805616	0.594139	1.983941
22.992657	0.342369	0.825763	0.614285	2.084613
23.023952	0.352442	0.845909	0.634432	2.205491
23.055248	0.372589	0.866055	0.654578	2.326310
23.086544	0.382662	0.886202	0.674725	2.457261
23.117840	0.392735	0.906348	0.704944	2.608299
23.149136	0.402808	0.926495	0.725091	2.779543
23.180431	0.402808	0.956714	0.755310	2.980947
23.211727	0.402808	0.976861	0.775397	3.202498
23.243023	0.412881	1.007080	0.795543	3.464341
23.274319	0.412881	1.027226	0.805616	3.776550
23.305614	0.422955	1.047313	0.825763	4.139066
23.336912	0.433028	1.077533	0.855982	4.572153
23.368208	0.443101	1.097679	0.886202	5.105913
23.399504	0.453174	1.137972	0.916421	5.750418
23.430799	0.473320	1.178265	0.946641	6.556094
23.462095	0.483394	1.248777	0.976861	7.543027
23.493391	0.493467	1.359522	1.007080	8.781731
23.524687	0.493467	1.530766	1.037240	10.312557
23.555983	0.503540	1.812696	1.077533	12.145400
23.587278	0.513613	2.235711	1.107752	14.300585
23.618574	0.523627	2.849996	1.158118	16.707539
23.649870	0.543773	3.716111	1.198411	19.195021
23.681166	0.553846	4.854143	1.248777	21.541536
23.712461	0.573993	6.193519	1.299083	23.444950
23.743757	0.584066	7.643759	1.349449	24.633289
23.775053	0.604212	9.023487	1.409888	25.005936
23.806349	0.624359	10.201752	1.480401	24.633289
23.837646	0.644505	11.077940	1.540840	23.696720
23.868942	0.664651	11.662006	1.601219	22.387505
23.900238	0.674725	11.994362	1.671731	20.776154
23.931534	0.694871	12.145400	1.752317	18.933178
23.962830	0.715017	12.145400	1.832843	16.818285
23.994125	0.725091	12.054801	1.913428	14.451623
24.025421	0.745237	11.863411	2.014160	11.823177
24.056717	0.765383	11.581480	2.124906	9.033501
24.088013	0.785470	11.168539	2.245784	6.233811
24.119308	0.805616	10.604561	2.376676	3.635526
24.150604	0.825763	9.859324	2.517700	1.500547
24.181900	0.845909	8.973122	2.678812	0.050306
24.213196	0.876129	7.986188	2.860069	-0.684857
24.244492	0.896275	6.989121	3.061533	-0.835896
24.275787	0.926495	6.082773	3.283083	-0.634491
24.307083	0.946641	5.277097	3.544927	-0.292063
24.338381	0.966787	4.592299	3.847063	0.050306
24.369677	0.976861	4.038393	4.219651	0.342369
24.400972	0.986934	3.575146	4.652679	0.573993
24.432268	0.966787	3.202498	5.186439	0.745237
24.463564	0.936568	2.900362	5.841076	0.876129
24.494860	0.886202	2.648592	6.676972	0.966787
24.526155	0.785470	2.437115	7.734418	1.027226
24.557451	0.634432	2.255857	9.124160	1.067460
24.588747	0.412881	2.094686	10.926843	1.087606
24.620043	0.161111	1.953721	13.162554	1.097679
24.651339	-0.010073	1.832843	15.801132	1.097679
24.682634	0.070453	1.722097	18.580675	1.107752
24.713930	0.513613	1.631439	21.219254	1.107752
24.745226	1.319230	1.550853	23.404657	1.097679
24.776522	2.396822	1.480401	24.935425	1.087606
24.807819	3.585219	1.409888	25.801479	1.067460
24.839115	4.743338	1.349449	26.023090	1.047313
24.870411	5.780637	1.289070	25.670588	1.017153
24.901707	6.646752	1.238704	24.844765	0.986934
24.933002	7.361770	1.188338	23.606062	0.956714
24.964298	7.966042	1.148045	22.004784	0.936568
24.995594	8.550108	1.107752	20.010769	0.926495
25.026890	9.174526	1.067460	17.623960	0.916421
25.058186	9.849251	1.037240	14.884710	0.896275
25.089481	10.503888	0.997007	11.923849	0.886202
25.120777	10.957062	0.966787	8.973122	0.866055
25.152073	11.057795	0.926495	6.334543	0.845909
25.183369	10.755658	0.896275	4.179358	0.815690
25.214664	10.090947	0.866055	2.598226	0.795543
25.245960	9.194672	0.845909	1.560926	0.785470
25.277256	8.187592	0.825763	0.956714	0.765383
25.308554	7.180512	0.805616	0.654578	0.745237
25.339849	6.243885	0.795543	0.563920	0.725091
25.371145	5.428135	0.775397	0.594139	0.704944
25.402441	4.723191	0.755310	0.674725	0.684798
25.433737	4.139066	0.745237	0.765383	0.664651
25.465033	3.645599	0.735164	0.855982	0.654578
25.496328	3.242791	0.715017	0.946641	0.644505
25.527624	2.910435	0.704944	1.007080	0.634432
25.558920	2.638519	0.694871	1.057386	0.624359
25.590216	2.406895	0.674725	1.087606	0.604212
25.621511	2.205491	0.664651	1.097679	0.594139
25.652807	2.034307	0.644505	1.107752	0.584066
25.684103	1.893282	0.624359	1.117826	0.573993
25.715399	1.772463	0.614285	1.117826	0.563920
25.746695	1.661658	0.594139	1.107752	0.543773
25.777990	1.560926	0.573993	1.097679	0.533700
25.809288	1.480401	0.553846	1.077533	0.513613
25.840584	1.399815	0.533700	1.047313	0.503540
25.871880	1.339376	0.523627	1.027226	0.493467
25.903175	1.278996	0.523627	0.997007	0.493467
25.934471	1.228631	0.523627	0.976861	0.483394
25.965767	1.178265	0.523627	0.946641	0.473320
25.997063	1.137972	0.523627	0.926495	0.463247
26.028358	1.087606	0.523627	0.906348	0.453174
26.059654	1.027226	0.513613	0.886202	0.443101
26.090950	0.986934	0.503540	0.855982	0.433028
26.122246	0.946641	0.493467	0.845909	0.422955
26.153542	0.916421	0.483394	0.825763	0.422955
26.184837	0.896275	0.483394	0.815690	0.412881
26.216133	0.866055	0.473320	0.795543	0.402808
26.247429	0.845909	0.463247	0.775397	0.392735
26.278725	0.815690	0.453174	0.765383	0.372589
26.310022	0.795543	0.453174	0.745237	0.372589
26.341318	0.775397	0.443101	0.735164	0.362515
26.372614	0.745237	0.443101	0.715017	0.352442
26.403910	0.735164	0.433028	0.694871	0.352442
26.435205	0.715017	0.422955	0.684798	0.342369
26.466501	0.694871	0.422955	0.664651	0.342369
26.497797	0.684798	0.412881	0.654578	0.332296
26.529093	0.664651	0.412881	0.644505	0.332296
26.560389	0.644505	0.412881	0.624359	0.322223
26.591684	0.634432	0.402808	0.614285	0.322223
26.622980	0.614285	0.402808	0.604212	0.312150
26.654276	0.594139	0.392735	0.584066	0.312150
26.685572	0.584066	0.392735	0.573993	0.302076
26.716867	0.573993	0.382662	0.563920	0.302076
26.748163	0.563920	0.372589	0.553846	0.292003
26.779461	0.553846	0.372589	0.543773	0.292003
26.810757	0.543773	0.372589	0.523627	0.281930
26.842052	0.543773	0.372589	0.513613	0.281930
26.873348	0.533700	0.372589	0.493467	0.271857
26.904644	0.523627	0.372589	0.483394	0.271857
26.935940	0.513613	0.372589	0.473320	0.261784
26.967236	0.503540	0.362515	0.453174	0.261784
26.998531	0.493467	0.362515	0.443101	0.251770
27.029827	0.483394	0.362515	0.433028	0.251770
27.061123	0.483394	0.362515	0.422955	0.251770
27.092419	0.473320	0.362515	0.422955	0.241697
27.123714	0.473320	0.362515	0.412881	0.241697
27.155010	0.473320	0.362515	0.402808	0.241697
27.186306	0.463247	0.362515	0.392735	0.231624
27.217602	0.463247	0.362515	0.372589	0.231624
27.248898	0.453174	0.352442	0.362515	0.221550
27.280195	0.443101	0.342369	0.352442	0.221550
27.311491	0.433028	0.332296	0.342369	0.221550
27.342787	0.422955	0.332296	0.332296	0.231624
27.374083	0.412881	0.322223	0.322223	0.231624
27.405378	0.402808	0.322223	0.312150	0.221550
27.436674	0.392735	0.312150	0.312150	0.221550
27.467970	0.382662	0.312150	0.302076	0.221550
27.499266	0.372589	0.312150	0.292003	0.221550
27.530561	0.362515	0.312150	0.292003	0.221550
27.561857	0.362515	0.322223	0.281930	0.211477
27.593153	0.352442	0.322223	0.281930	0.211477
27.624449	0.352442	0.322223	0.281930	0.211477
27.655745	0.352442	0.332296	0.281930	0.211477
27.687040	0.352442	0.332296	0.271857	0.211477
27.718336	0.352442	0.332296	0.271857	0.211477
27.749632	0.352442	0.332296	0.261784	0.211477
27.780930	0.342369	0.322223	0.261784	0.211477
27.812225	0.332296	0.322223	0.251770	0.201404
27.843521	0.332296	0.312150	0.241697	0.191331
27.874817	0.322223	0.312150	0.231624	0.191331
27.906113	0.322223	0.312150	0.221550	0.191331
27.937408	0.322223	0.322223	0.211477	0.191331
27.968704	0.322223	0.322223	0.201404	0.201404
