22.510115	-0.040293	0.040233	-0.110805	-0.181317
22.549194	-0.040293	0.050306	-0.100732	-0.181317
22.588276	-0.030220	0.060380	-0.100732	-0.171244
22.627357	-0.030220	0.060380	-0.100732	-0.161171
22.666439	-0.040293	0.070453	-0.100732	-0.161171
22.705521	-0.030220	0.070453	-0.100732	-0.161171
22.744602	-0.030220	0.080526	-0.090659	-0.161171
22.783682	-0.030220	0.080526	-0.090659	-0.171244
22.822763	-0.020146	0.080526	-0.090659	-0.181317
22.861845	-0.020146	0.070453	-0.100732	-0.181317
22.900927	-0.010073	0.070453	-0.100732	-0.171244
22.940008	-0.010073	0.070453	-0.110805	-0.171244
22.979090	-0.010073	0.070453	-0.110805	-0.181317
23.018169	-0.010073	0.080526	-0.110805	-0.191391
23.057251	0.000000	0.090599	-0.120878	-0.201464
23.096333	0.000000	0.100672	-0.120878	-0.201464
23.135414	0.010014	0.100672	-0.120878	-0.201464
23.174496	0.010014	0.100672	-0.120878	-0.201464
23.213577	0.000000	0.110745	-0.120878	-0.201464
23.252657	0.000000	0.110745	-0.110805	-0.201464
23.291739	0.000000	0.120819	-0.110805	-0.201464
23.330820	0.000000	0.130892	-0.110805	-0.201464
23.369902	0.000000	0.140965	-0.110805	-0.191391
23.408983	0.010014	0.140965	-0.110805	-0.201464
23.448065	0.010014	0.140965	-0.110805	-0.201464
23.487144	0.010014	0.151038	-0.110805	-0.211537
23.526226	0.010014	0.151038	-0.110805	-0.221610
23.565308	0.010014	0.171185	-0.120878	-0.221610
23.604389	0.010014	0.191331	-0.130951	-0.221610
23.643471	0.010014	0.201404	-0.130951	-0.211537
23.682550	0.010014	0.211477	-0.130951	-0.211537
23.721632	0.020087	0.221550	-0.130951	-0.211537
23.760714	0.020087	0.231624	-0.130951	-0.221610
23.799795	0.030160	0.231624	-0.141025	-0.231683
23.838877	0.030160	0.241697	-0.141025	-0.231683
23.877958	0.020087	0.251770	-0.141025	-0.221610
23.917038	0.030160	0.271857	-0.141025	-0.221610
23.956120	0.030160	0.292003	-0.141025	-0.221610
23.995201	0.040233	0.302076	-0.141025	-0.231683
24.034283	0.040233	0.312150	-0.141025	-0.231683
24.073364	0.040233	0.322223	-0.141025	-0.231683
24.112446	0.040233	0.322223	-0.130951	-0.231683
24.151525	0.040233	0.322223	-0.130951	-0.241756
24.190607	0.050306	0.332296	-0.141025	-0.251830
24.229689	0.050306	0.332296	-0.151098	-0.251830
24.268770	0.060380	0.332296	-0.161171	-0.251830
24.307852	0.070453	0.342369	-0.171244	-0.251830
24.346933	0.080526	0.352442	-0.171244	-0.261843
24.386013	0.090599	0.372589	-0.171244	-0.271916
24.425095	0.090599	0.392735	-0.171244	-0.271916
24.464176	0.090599	0.422955	-0.171244	-0.281990
24.503258	0.090599	0.453174	-0.171244	-0.292063
24.542339	0.100672	0.483394	-0.171244	-0.292063
24.581421	0.100672	0.503540	-0.161171	-0.302136
24.620501	0.110745	0.523627	-0.161171	-0.312209
24.659582	0.120819	0.543773	-0.161171	-0.322282
24.698664	0.130892	0.573993	-0.161171	-0.342429
24.737745	0.140965	0.604212	-0.161171	-0.342429
24.776827	0.151038	0.624359	-0.171244	-0.352502
24.815907	0.151038	0.644505	-0.171244	-0.352502
24.854988	0.161111	0.674725	-0.181317	-0.362575
24.894070	0.161111	0.725091	-0.181317	-0.372648
24.933151	0.161111	0.775397	-0.181317	-0.372648
24.972233	0.171185	0.825763	-0.181317	-0.372648
25.011314	0.181258	0.886202	-0.181317	-0.392795
25.050394	0.201404	0.946641	-0.181317	-0.412941
25.089476	0.211477	1.017153	-0.181317	-0.433087
25.128557	0.211477	1.097679	-0.181317	-0.453234
25.167639	0.221550	1.188338	-0.181317	-0.463307
25.206720	0.221550	1.289070	-0.191391	-0.483453
25.245802	0.231624	1.399815	-0.201464	-0.493526
25.284882	0.241697	1.520693	-0.211537	-0.493526
25.323963	0.251770	1.661658	-0.221610	-0.493526
25.363045	0.261784	1.852989	-0.231683	-0.513673
25.402126	0.271857	2.084613	-0.241756	-0.533760
25.441208	0.292003	2.386749	-0.241756	-0.553906
25.480289	0.312150	2.779543	-0.251830	-0.594199
25.519369	0.332296	3.273010	-0.261843	-0.654638
25.558451	0.352442	3.897369	-0.261843	-0.755370
25.597532	0.372589	4.682899	-0.271916	-0.886261
25.636614	0.402808	5.649745	-0.281990	-1.047373
25.675695	0.433028	6.828010	-0.281990	-1.289070
25.714777	0.463247	8.620620	-0.292063	-1.712084
25.753857	0.493467	10.272264	-0.292063	-2.175331
25.792938	0.533700	12.024582	-0.302136	-2.759457
25.832020	0.573993	13.656080	-0.292063	-3.424108
25.871101	0.614285	14.854490	-0.292063	-4.108965
25.910183	0.654578	15.287519	-0.302136	-4.713178
25.949263	0.704944	14.753759	-0.322282	-5.146265
25.988344	0.745237	13.293505	-0.332355	-5.387962
26.027426	0.805616	11.158466	-0.352502	-5.458415
26.066507	0.855982	8.660913	-0.362575	-5.428195
26.105589	0.926495	5.992115	-0.382721	-5.277157
26.144670	0.997007	3.172278	-0.402868	-4.964948
26.183750	1.077533	0.251770	-0.412941	-4.441261
26.222832	1.168191	-2.628505	-0.412941	-3.716171
26.261913	1.278996	-5.236864	-0.423014	-2.829969
26.300995	1.399815	-7.180572	-0.433087	-1.923561
26.340076	1.550853	-8.096992	-0.453234	-1.168251
26.379158	1.722097	-7.875443	-0.473380	-0.715077
26.418238	1.933575	-6.777704	-0.483453	-0.574052
26.457319	2.185345	-5.367815	-0.493526	-0.594199
26.496401	2.497554	-4.088819	-0.493526	-0.644565
26.535482	2.870142	-3.111899	-0.483453	-0.674784
26.574564	3.333449	-2.406955	-0.483453	-0.664711
26.613646	3.927588	-1.883268	-0.463307	-0.644565
26.652725	4.692972	-1.470387	-0.443161	-0.634491
26.691807	5.710125	-1.138031	-0.402868	-0.614345
26.730888	7.110000	-0.876188	-0.302136	-0.604272
26.769970	8.942902	-0.684857	-0.110805	-0.594199
26.809052	11.077940	-0.543833	0.140965	-0.574052
26.848133	13.233066	-0.453234	0.342369	-0.543833
26.887213	14.965237	-0.382721	0.372589	-0.513673
26.926294	15.942156	-0.322282	0.151038	-0.493526
26.965376	16.083122	-0.271916	-0.322282	-0.473380
27.004457	15.488922	-0.221610	-0.936627	-0.443161
27.043539	14.290512	-0.191391	-1.641572	-0.423014
27.082619	12.608707	-0.161171	-2.346516	-0.402868
27.121700	10.453522	-0.141025	-3.021300	-0.372648
27.160782	7.794797	-0.120878	-3.665805	-0.352502
27.199863	4.572153	-0.100732	-4.310369	-0.342429
27.238945	1.007080	-0.080585	-4.884422	-0.352502
27.278027	-2.336442	-0.060439	-5.216718	-0.352502
27.317106	-4.884422	-0.050366	-5.176425	-0.342429
27.356188	-6.354749	-0.050366	-4.783690	-0.332355
27.395269	-6.787777	-0.040293	-4.159272	-0.322282
27.434351	-6.495714	-0.040293	-3.474474	-0.312209
27.473433	-5.609512	-0.040293	-2.678871	-0.302136
27.512514	-4.743397	-0.040293	-2.165258	-0.281990
27.551594	-3.907502	-0.030220	-1.762450	-0.271916
27.590675	-3.152192	-0.020146	-1.440167	-0.271916
27.629757	-2.507687	-0.020146	-1.198471	-0.261843
27.668839	-1.973927	-0.010073	-1.017213	-0.251830
27.707920	-1.530826	-0.010073	-0.876188	-0.251830
27.747002	-1.198471	-0.020146	-0.765443	-0.251830
27.786081	-0.936627	-0.020146	-0.694931	-0.241756
27.825163	-0.745296	-0.010073	-0.644565	-0.241756
27.864244	-0.594199	-0.010073	-0.604272	-0.231683
27.903326	-0.483453	0.000000	-0.563979	-0.221610
27.942408	-0.392795	0.020087	-0.523686	-0.211537
27.981489	-0.322282	0.020087	-0.493526	-0.221610
28.020569	-0.271916	0.020087	-0.473380	-0.221610
28.059650	-0.231683	0.010014	-0.453234	-0.231683
28.098732	-0.201464	0.010014	-0.433087	-0.221610
28.137814	-0.161171	0.010014	-0.423014	-0.211537
28.176895	-0.141025	0.010014	-0.402868	-0.191391
28.215975	-0.120878	0.010014	-0.392795	-0.181317
28.255056	-0.100732	0.000000	-0.372648	-0.181317
28.294138	-0.090659	0.000000	-0.362575	-0.191391
28.333220	-0.080585	-0.010073	-0.352502	-0.191391
28.372301	-0.070512	-0.020146	-0.342429	-0.181317
28.411383	-0.060439	-0.020146	-0.332355	-0.181317
28.450462	-0.050366	-0.020146	-0.322282	-0.181317
28.489544	-0.040293	-0.010073	-0.312209	-0.181317
28.528625	-0.030220	-0.010073	-0.302136	-0.191391
28.567707	-0.020146	-0.010073	-0.281990	-0.191391
28.606789	-0.010073	-0.010073	-0.271916	-0.181317
28.645870	-0.010073	-0.010073	-0.251830	-0.171244
28.684950	-0.010073	-0.010073	-0.241756	-0.181317
28.724031	-0.020146	-0.010073	-0.231683	-0.181317
28.763113	-0.020146	-0.010073	-0.231683	-0.191391
28.802195	-0.020146	-0.010073	-0.231683	-0.201464
28.841276	-0.020146	0.000000	-0.231683	-0.201464
28.880358	-0.020146	0.000000	-0.231683	-0.191391
28.919437	-0.010073	0.000000	-0.221610	-0.191391
28.958519	-0.010073	0.000000	-0.221610	-0.181317
28.997601	-0.010073	-0.010073	-0.221610	-0.181317
29.036682	-0.010073	-0.010073	-0.211537	-0.181317
29.075764	-0.010073	-0.020146	-0.201464	-0.181317
29.114845	-0.020146	-0.020146	-0.201464	-0.171244
29.153925	-0.020146	-0.020146	-0.201464	-0.161171
29.193007	-0.030220	-0.010073	-0.201464	-0.161171
29.232088	-0.030220	-0.010073	-0.201464	-0.161171
29.271170	-0.030220	-0.010073	-0.191391	-0.151098
29.310251	-0.040293	-0.010073	-0.191391	-0.151098
29.349333	-0.040293	-0.010073	-0.181317	-0.151098
29.388412	-0.040293	-0.010073	-0.181317	-0.151098
29.427494	-0.040293	-0.020146	-0.181317	-0.151098
29.466576	-0.040293	-0.020146	-0.191391	-0.161171
29.505657	-0.040293	-0.020146	-0.191391	-0.151098
29.544739	-0.040293	-0.030220	-0.181317	-0.151098
29.583818	-0.040293	-0.030220	-0.181317	-0.141025
29.622900	-0.040293	-0.030220	-0.181317	-0.130951
29.661982	-0.040293	-0.030220	-0.181317	-0.120878
29.701063	-0.030220	-0.040293	-0.171244	-0.120878
29.740145	-0.030220	-0.040293	-0.171244	-0.110805
29.779226	-0.040293	-0.040293	-0.171244	-0.100732
29.818306	-0.050366	-0.040293	-0.171244	-0.110805
29.857388	-0.060439	-0.040293	-0.161171	-0.110805
29.896469	-0.060439	-0.040293	-0.161171	-0.120878
29.935551	-0.050366	-0.040293	-0.171244	-0.120878
29.974632	-0.050366	-0.040293	-0.181317	-0.120878
30.013714	-0.040293	-0.040293	-0.181317	-0.120878
30.052794	-0.040293	-0.030220	-0.171244	-0.120878
30.091875	-0.040293	-0.030220	-0.161171	-0.120878
30.130957	-0.040293	-0.030220	-0.161171	-0.120878
30.170038	-0.040293	-0.030220	-0.161171	-0.110805
30.209120	-0.040293	-0.030220	-0.161171	-0.110805
30.248201	-0.040293	-0.040293	-0.161171	-0.100732
30.287281	-0.050366	-0.040293	-0.151098	-0.100732
30.326363	-0.050366	-0.040293	-0.130951	-0.090659
30.365444	-0.060439	-0.040293	-0.130951	-0.080585
30.404526	-0.060439	-0.040293	-0.120878	-0.080585
30.443607	-0.060439	-0.040293	-0.130951	-0.090659
30.482689	-0.060439	-0.050366	-0.130951	-0.100732
30.521769	-0.050366	-0.050366	-0.130951	-0.110805
30.560850	-0.050366	-0.050366	-0.130951	-0.110805
30.599932	-0.050366	-0.040293	-0.130951	-0.110805
30.639013	-0.060439	-0.040293	-0.130951	-0.110805
30.678095	-0.060439	-0.040293	-0.141025	-0.110805
30.717175	-0.060439	-0.030220	-0.141025	-0.110805
30.756256	-0.060439	-0.030220	-0.141025	-0.110805
30.795338	-0.070512	-0.030220	-0.141025	-0.100732
30.834419	-0.070512	-0.020146	-0.141025	-0.090659
30.873501	-0.070512	-0.030220	-0.130951	-0.080585
30.912582	-0.080585	-0.030220	-0.130951	-0.060439
30.951662	-0.080585	-0.040293	-0.130951	-0.060439
30.990744	-0.080585	-0.040293	-0.130951	-0.070512
31.029825	-0.080585	-0.040293	-0.141025	-0.080585
31.068907	-0.070512	-0.040293	-0.141025	-0.080585
31.107988	-0.070512	-0.040293	-0.151098	-0.070512
31.147070	-0.070512	-0.040293	-0.151098	-0.070512
31.186150	-0.070512	-0.050366	-0.151098	-0.060439
31.225231	-0.070512	-0.040293	-0.141025	-0.060439
31.264313	-0.070512	-0.050366	-0.141025	-0.070512
31.303394	-0.070512	-0.050366	-0.141025	-0.070512
31.342476	-0.070512	-0.050366	-0.130951	-0.060439
31.381557	-0.080585	-0.050366	-0.130951	-0.060439
31.420637	-0.080585	-0.060439	-0.130951	-0.060439
31.459719	-0.080585	-0.060439	-0.120878	-0.050366
31.498800	-0.090659	-0.070512	-0.120878	-0.050366
31.537882	-0.090659	-0.070512	-0.110805	-0.050366
31.576963	-0.090659	-0.080585	-0.110805	-0.050366
31.616045	-0.090659	-0.080585	-0.110805	-0.060439
31.655125	-0.090659	-0.070512	-0.110805	-0.050366
31.694206	-0.100732	-0.070512	-0.110805	-0.040293
31.733288	-0.100732	-0.080585	-0.110805	-0.040293
31.772369	-0.100732	-0.080585	-0.110805	-0.050366
31.811451	-0.100732	-0.080585	-0.100732	-0.060439
31.850531	-0.090659	-0.070512	-0.090659	-0.060439
31.889612	-0.090659	-0.060439	-0.080585	-0.060439
31.928694	-0.090659	-0.050366	-0.080585	-0.060439
31.967775	-0.090659	-0.050366	-0.080585	-0.060439
32.006855	-0.090659	-0.060439	-0.070512	-0.070512
32.045937	-0.100732	-0.070512	-0.070512	-0.070512
32.085018	-0.100732	-0.070512	-0.070512	-0.070512
32.124100	-0.100732	-0.070512	-0.070512	-0.070512
32.163181	-0.100732	-0.070512	-0.080585	-0.070512
32.202263	-0.100732	-0.070512	-0.080585	-0.070512
32.241344	-0.100732	-0.070512	-0.080585	-0.080585
32.280426	-0.090659	-0.070512	-0.080585	-0.090659
32.319508	-0.090659	-0.080585	-0.080585	-0.100732
32.358589	-0.090659	-0.080585	-0.080585	-0.090659
32.397671	-0.100732	-0.080585	-0.070512	-0.080585
32.436749	-0.100732	-0.080585	-0.070512	-0.070512
32.475830	-0.100732	-0.080585	-0.070512	-0.060439
32.514912	-0.100732	-0.080585	-0.070512	-0.060439
32.553993	-0.110805	-0.090659	-0.060439	-0.060439
32.593075	-0.110805	-0.100732	-0.060439	-0.070512
32.632156	-0.100732	-0.100732	-0.060439	-0.070512
32.671238	-0.100732	-0.090659	-0.070512	-0.080585
32.710320	-0.090659	-0.090659	-0.060439	-0.080585
32.749401	-0.090659	-0.090659	-0.060439	-0.080585
32.788483	-0.090659	-0.090659	-0.050366	-0.080585
32.827564	-0.080585	-0.100732	-0.040293	-0.080585
32.866642	-0.080585	-0.100732	-0.040293	-0.070512
32.905724	-0.080585	-0.100732	-0.040293	-0.060439
32.944805	-0.080585	-0.100732	-0.030220	-0.060439
32.983887	-0.090659	-0.100732	-0.030220	-0.060439
33.022968	-0.100732	-0.090659	-0.030220	-0.060439
33.062050	-0.110805	-0.090659	-0.020146	-0.070512
33.101131	-0.110805	-0.080585	-0.020146	-0.070512
33.140213	-0.110805	-0.080585	-0.020146	-0.070512
33.179295	-0.110805	-0.090659	-0.020146	-0.060439
33.218376	-0.120878	-0.090659	-0.020146	-0.050366
33.257458	-0.120878	-0.100732	-0.020146	-0.040293
33.296539	-0.120878	-0.100732	-0.030220	-0.040293
33.335617	-0.120878	-0.100732	-0.040293	-0.040293
33.374699	-0.120878	-0.100732	-0.040293	-0.050366
33.413780	-0.110805	-0.100732	-0.050366	-0.060439
33.452862	-0.110805	-0.100732	-0.050366	-0.060439
33.491943	-0.110805	-0.100732	-0.050366	-0.060439
33.531025	-0.110805	-0.110805	-0.040293	-0.060439
33.570107	-0.110805	-0.110805	-0.040293	-0.060439
33.609188	-0.110805	-0.110805	-0.040293	-0.050366
33.648270	-0.110805	-0.110805	-0.040293	-0.060439
33.687351	-0.120878	-0.110805	-0.040293	-0.060439
33.726433	-0.120878	-0.110805	-0.050366	-0.050366
33.765514	-0.120878	-0.110805	-0.050366	-0.050366
33.804592	-0.120878	-0.110805	-0.050366	-0.050366
33.843674	-0.130951	-0.110805	-0.050366	-0.050366
33.882755	-0.120878	-0.110805	-0.040293	-0.050366
33.921837	-0.120878	-0.110805	-0.040293	-0.050366
33.960918	-0.110805	-0.110805	-0.050366	-0.050366
