26.977619	-0.067234	-0.067234	-0.134468	-0.134468
27.008831	-0.067234	-0.067234	-0.134468	-0.134468
27.040041	-0.033617	-0.067234	-0.134468	-0.134468
27.071251	-0.033617	-0.067234	-0.134468	-0.100851
27.102463	-0.033617	-0.067234	-0.134468	-0.100851
27.133673	-0.033617	-0.067234	-0.134468	-0.100851
27.164883	0.000000	-0.067234	-0.100851	-0.067234
27.196095	0.000000	-0.033617	-0.100851	-0.067234
27.227304	0.000000	-0.033617	-0.100851	-0.067234
27.258514	0.000000	-0.033617	-0.100851	-0.100851
27.289726	-0.033617	-0.033617	-0.067234	-0.100851
27.320936	-0.033617	-0.033617	-0.067234	-0.100851
27.352146	-0.033617	-0.067234	-0.067234	-0.134468
27.383358	-0.067234	-0.067234	-0.067234	-0.134468
27.414568	-0.067234	-0.067234	-0.067234	-0.134468
27.445778	-0.067234	-0.100851	-0.100851	-0.100851
27.476990	-0.067234	-0.100851	-0.100851	-0.100851
27.508200	-0.100851	-0.100851	-0.100851	-0.100851
27.539410	-0.100851	-0.100851	-0.100851	-0.100851
27.570621	-0.100851	-0.067234	-0.100851	-0.100851
27.601831	-0.100851	-0.067234	-0.100851	-0.067234
27.633041	-0.100851	-0.067234	-0.100851	-0.067234
27.664253	-0.100851	-0.033617	-0.100851	-0.067234
27.695463	-0.100851	-0.033617	-0.100851	-0.067234
27.726673	-0.067234	-0.033617	-0.134468	-0.067234
27.757885	-0.067234	0.000000	-0.134468	-0.100851
27.789095	-0.067234	0.000000	-0.134468	-0.100851
27.820305	-0.067234	0.000000	-0.100851	-0.100851
27.851517	-0.100851	0.000000	-0.100851	-0.100851
27.882727	-0.100851	0.000000	-0.100851	-0.134468
27.913937	-0.067234	0.000000	-0.100851	-0.134468
27.945148	-0.067234	-0.033617	-0.100851	-0.134468
27.976358	-0.067234	-0.033617	-0.134468	-0.134468
28.007568	-0.067234	-0.033617	-0.100851	-0.134468
28.038780	-0.100851	-0.033617	-0.100851	-0.134468
28.069990	-0.100851	0.000000	-0.100851	-0.134468
28.101200	-0.100851	0.000000	-0.100851	-0.134468
28.132412	-0.100851	-0.033617	-0.134468	-0.134468
28.163622	-0.100851	-0.033617	-0.134468	-0.134468
28.194832	-0.100851	-0.033617	-0.100851	-0.134468
28.226044	-0.100851	-0.033617	-0.134468	-0.134468
28.257254	-0.100851	-0.033617	-0.134468	-0.134468
28.288464	-0.100851	-0.067234	-0.134468	-0.134468
28.319675	-0.100851	-0.067234	-0.134468	-0.134468
28.350885	-0.100851	-0.067234	-0.134468	-0.134468
28.382095	-0.100851	-0.067234	-0.100851	-0.134468
28.413307	-0.100851	-0.067234	-0.100851	-0.134468
28.444517	-0.100851	-0.067234	-0.100851	-0.134468
28.475727	-0.100851	-0.067234	-0.100851	-0.134468
28.506939	-0.067234	-0.067234	-0.067234	-0.134468
28.538149	-0.067234	-0.100851	-0.067234	-0.134468
28.569359	-0.067234	-0.100851	-0.067234	-0.134468
28.600571	-0.067234	-0.100851	-0.067234	-0.134468
28.631781	-0.067234	-0.100851	-0.067234	-0.100851
28.662991	-0.067234	-0.100851	-0.067234	-0.100851
28.694202	-0.067234	-0.100851	-0.067234	-0.100851
28.725412	-0.067234	-0.100851	-0.067234	-0.100851
28.756622	-0.067234	-0.100851	-0.067234	-0.067234
28.787834	-0.067234	-0.067234	-0.067234	-0.067234
28.819044	-0.067234	-0.067234	-0.067234	-0.067234
28.850254	-0.067234	-0.067234	-0.067234	-0.067234
28.881466	-0.033617	-0.067234	-0.033617	-0.067234
28.912676	-0.033617	-0.067234	-0.033617	-0.067234
28.943886	-0.033617	-0.067234	-0.033617	-0.067234
28.975098	-0.033617	-0.033617	-0.033617	-0.067234
29.006308	-0.033617	-0.033617	-0.033617	-0.067234
29.037518	-0.033617	0.000000	-0.067234	-0.067234
29.068729	-0.033617	0.000000	-0.067234	-0.067234
29.099939	-0.033617	0.000000	-0.067234	-0.067234
29.131149	-0.033617	0.000000	-0.067234	-0.067234
29.162361	-0.033617	0.000000	-0.033617	-0.067234
29.193571	-0.067234	0.000000	-0.033617	-0.100851
29.224781	-0.067234	0.000000	-0.033617	-0.100851
29.255993	-0.067234	0.000000	-0.067234	-0.100851
29.287203	-0.067234	0.000000	-0.067234	-0.100851
29.318413	-0.067234	0.000000	-0.067234	-0.100851
29.349625	-0.033617	0.000000	-0.067234	-0.100851
29.380835	-0.033617	0.000000	-0.067234	-0.134468
29.412045	-0.033617	0.000000	-0.067234	-0.134468
29.443256	-0.033617	-0.033617	-0.067234	-0.134468
29.474466	0.000000	-0.033617	-0.067234	-0.100851
29.505676	0.000000	-0.067234	-0.067234	-0.100851
29.536888	-0.033617	-0.067234	-0.067234	-0.100851
29.568098	-0.033617	-0.067234	-0.067234	-0.100851
29.599308	-0.033617	-0.033617	-0.067234	-0.100851
29.630520	-0.067234	-0.033617	-0.067234	-0.100851
29.661730	-0.067234	0.000000	-0.067234	-0.100851
29.692940	-0.067234	0.000000	-0.067234	-0.100851
29.724152	-0.100851	0.000000	-0.067234	-0.134468
29.755362	-0.067234	0.000000	-0.067234	-0.134468
29.786572	-0.067234	0.000000	-0.067234	-0.134468
29.817783	-0.067234	-0.033617	-0.067234	-0.134468
29.848993	-0.067234	-0.033617	-0.100851	-0.134468
29.880203	-0.067234	-0.033617	-0.100851	-0.134468
29.911415	-0.067234	-0.067234	-0.100851	-0.100851
29.942625	-0.067234	-0.067234	-0.100851	-0.100851
29.973835	-0.067234	-0.067234	-0.100851	-0.100851
30.005047	-0.067234	-0.067234	-0.134468	-0.067234
30.036257	-0.067234	-0.033617	-0.134468	-0.067234
30.067467	-0.033617	-0.033617	-0.134468	-0.067234
30.098679	-0.033617	-0.033617	-0.134468	-0.067234
30.129889	0.000000	0.000000	-0.134468	-0.100851
30.161098	0.000000	0.000000	-0.134468	-0.100851
30.192310	0.000000	0.000000	-0.134468	-0.100851
30.223520	0.000000	0.000000	-0.100851	-0.100851
30.254730	0.000000	0.000000	-0.100851	-0.100851
30.285942	0.000000	0.000000	-0.100851	-0.100851
30.317152	0.000000	0.000000	-0.067234	-0.100851
30.348362	0.000000	0.000000	-0.067234	-0.134468
30.379574	0.000000	-0.033617	-0.067234	-0.134468
30.410784	-0.033617	-0.033617	-0.067234	-0.134468
30.441994	-0.033617	-0.067234	-0.067234	-0.134468
30.473206	-0.033617	-0.067234	-0.067234	-0.134468
30.504416	-0.067234	-0.067234	-0.067234	-0.100851
30.535625	-0.067234	-0.067234	-0.100851	-0.100851
30.566837	-0.067234	-0.067234	-0.100851	-0.067234
30.598047	-0.067234	-0.033617	-0.100851	-0.067234
30.629257	-0.067234	-0.033617	-0.100851	-0.067234
30.660469	-0.067234	-0.033617	-0.100851	-0.100851
30.691679	-0.067234	0.000000	-0.100851	-0.100851
30.722889	-0.067234	0.000000	-0.100851	-0.100851
30.754101	-0.067234	0.000000	-0.100851	-0.100851
30.785311	-0.067234	0.000000	-0.067234	-0.100851
30.816521	-0.067234	-0.033617	-0.067234	-0.134468
30.847733	-0.067234	-0.033617	-0.067234	-0.100851
30.878942	-0.100851	-0.067234	-0.067234	-0.100851
30.910152	-0.067234	-0.067234	-0.067234	-0.100851
30.941364	-0.067234	-0.067234	-0.067234	-0.100851
30.972574	-0.067234	-0.033617	-0.100851	-0.067234
31.003784	-0.067234	-0.033617	-0.100851	-0.067234
31.034996	-0.067234	0.000000	-0.134468	-0.067234
31.066206	-0.067234	0.000000	-0.134468	-0.067234
31.097416	-0.067234	0.000000	-0.134468	-0.100851
31.128628	-0.067234	0.000000	-0.134468	-0.100851
31.159838	-0.067234	0.000000	-0.134468	-0.100851
31.191048	-0.067234	0.000000	-0.134468	-0.134468
31.222260	-0.067234	0.000000	-0.134468	-0.134468
31.253469	-0.033617	-0.033617	-0.134468	-0.134468
31.284679	-0.033617	-0.033617	-0.134468	-0.134468
31.315889	-0.033617	-0.033617	-0.134468	-0.134468
31.347101	-0.033617	-0.067234	-0.100851	-0.100851
31.378311	-0.033617	-0.067234	-0.100851	-0.100851
31.409521	-0.033617	-0.033617	-0.100851	-0.100851
31.440733	-0.067234	-0.033617	-0.100851	-0.100851
31.471943	-0.067234	0.000000	-0.100851	-0.100851
31.503153	-0.067234	0.000000	-0.134468	-0.100851
31.534365	-0.033617	0.000000	-0.134468	-0.100851
31.565575	-0.033617	0.000000	-0.134468	-0.100851
31.596785	-0.033617	0.000000	-0.134468	-0.134468
31.627996	-0.033617	0.000000	-0.100851	-0.134468
31.659206	-0.033617	-0.033617	-0.100851	-0.134468
31.690416	-0.033617	-0.033617	-0.067234	-0.134468
31.721628	-0.067234	-0.067234	-0.067234	-0.134468
31.752838	-0.067234	-0.067234	-0.067234	-0.134468
31.784048	-0.067234	-0.067234	-0.067234	-0.134468
31.815260	-0.067234	-0.100851	-0.100851	-0.100851
31.846470	-0.067234	-0.100851	-0.100851	-0.100851
31.877680	-0.067234	-0.100851	-0.100851	-0.067234
31.908892	-0.033617	-0.100851	-0.100851	-0.067234
31.940102	-0.033617	-0.100851	-0.100851	-0.067234
31.971312	-0.067234	-0.100851	-0.100851	-0.067234
32.002522	-0.067234	-0.100851	-0.100851	-0.067234
32.033733	-0.067234	-0.067234	-0.100851	-0.067234
32.064945	-0.067234	-0.067234	-0.134468	-0.067234
32.096153	-0.067234	-0.067234	-0.134468	-0.067234
32.127365	-0.033617	-0.067234	-0.134468	-0.067234
32.158577	-0.033617	-0.067234	-0.134468	-0.067234
32.189785	-0.033617	-0.067234	-0.100851	-0.033617
32.220997	-0.033617	-0.067234	-0.100851	-0.033617
32.252209	-0.033617	-0.033617	-0.100851	-0.033617
32.283417	-0.033617	-0.033617	-0.100851	-0.033617
32.314629	-0.033617	-0.033617	-0.100851	-0.033617
32.345840	-0.033617	0.000000	-0.100851	-0.067234
32.377048	-0.033617	0.000000	-0.100851	-0.067234
32.408260	-0.033617	0.000000	-0.100851	-0.067234
32.439472	-0.033617	0.000000	-0.100851	-0.067234
32.470680	-0.067234	0.000000	-0.100851	-0.067234
32.501892	-0.067234	0.000000	-0.100851	-0.067234
32.533104	-0.067234	0.000000	-0.100851	-0.067234
32.564312	-0.067234	0.000000	-0.134468	-0.067234
32.595524	-0.067234	0.000000	-0.134468	-0.067234
32.626736	-0.067234	0.000000	-0.134468	-0.100851
32.657944	-0.067234	0.000000	-0.134468	-0.100851
32.689156	-0.033617	0.000000	-0.134468	-0.100851
32.720367	-0.033617	0.000000	-0.100851	-0.100851
32.751575	-0.033617	0.000000	-0.100851	-0.134468
32.782787	-0.033617	0.000000	-0.100851	-0.134468
32.813999	-0.033617	0.000000	-0.100851	-0.134468
32.845207	-0.067234	0.000000	-0.100851	-0.134468
32.876419	-0.067234	-0.033617	-0.100851	-0.134468
32.907631	-0.067234	-0.033617	-0.100851	-0.134468
32.938839	-0.067234	-0.067234	-0.100851	-0.134468
32.970051	-0.033617	-0.067234	-0.100851	-0.134468
33.001263	-0.033617	-0.067234	-0.100851	-0.100851
33.032471	-0.033617	-0.100851	-0.100851	-0.100851
33.063683	-0.033617	-0.067234	-0.100851	-0.100851
33.094894	-0.033617	-0.067234	-0.100851	-0.100851
33.126102	-0.033617	-0.067234	-0.100851	-0.100851
33.157314	-0.033617	-0.067234	-0.100851	-0.100851
33.188526	-0.033617	-0.067234	-0.134468	-0.067234
33.219734	-0.033617	-0.033617	-0.100851	-0.067234
33.250946	-0.033617	-0.033617	-0.100851	-0.067234
33.282158	-0.067234	-0.033617	-0.100851	-0.067234
33.313366	-0.067234	0.000000	-0.100851	-0.100851
33.344578	-0.067234	0.000000	-0.100851	-0.100851
33.375790	-0.067234	0.000000	-0.100851	-0.134468
33.406998	-0.067234	0.000000	-0.100851	-0.134468
33.438210	-0.067234	-0.033617	-0.134468	-0.134468
33.469421	-0.033617	-0.033617	-0.134468	-0.134468
33.500629	-0.033617	-0.033617	-0.134468	-0.134468
33.531841	-0.033617	-0.067234	-0.134468	-0.134468
33.563053	-0.033617	-0.067234	-0.134468	-0.134468
33.594261	-0.033617	-0.067234	-0.100851	-0.134468
33.625473	-0.033617	-0.067234	-0.100851	-0.134468
33.656685	-0.033617	-0.067234	-0.100851	-0.100851
33.687893	-0.067234	-0.067234	-0.100851	-0.100851
33.719105	-0.067234	-0.067234	-0.100851	-0.100851
33.750317	-0.067234	-0.033617	-0.100851	-0.100851
33.781525	-0.067234	-0.033617	-0.100851	-0.100851
33.812737	-0.033617	-0.033617	-0.134468	-0.100851
33.843948	-0.033617	-0.033617	-0.134468	-0.134468
33.875156	0.000000	-0.033617	-0.100851	-0.134468
33.906368	0.000000	-0.067234	-0.100851	-0.134468
33.937580	-0.033617	-0.067234	-0.100851	-0.100851
33.968788	-0.033617	-0.067234	-0.100851	-0.100851
