24.983185	-1.812935	-3.357172	930.774231	939.234009
24.992565	-1.812935	-3.357172	930.807800	939.267639
25.001945	-1.812935	-3.323555	930.807800	939.267639
25.011326	-1.812935	-3.323555	930.841431	939.267639
25.020706	-1.812935	-3.323555	930.875061	939.234009
25.030088	-1.846552	-3.323555	930.875061	939.234009
25.039469	-1.846552	-3.357172	930.875061	939.234009
25.048849	-1.880169	-3.357172	930.875061	939.234009
25.058229	-1.880169	-3.323555	930.908447	939.267639
25.067612	-1.913548	-3.357172	930.908447	939.267639
25.076992	-1.913548	-3.357172	930.975647	939.267639
25.086372	-1.947165	-3.390789	931.009277	939.234009
25.095753	-1.947165	-3.390789	931.009277	939.234009
25.105135	-1.980782	-3.424406	931.042908	939.267639
25.114515	-1.980782	-3.424406	931.009277	939.267639
25.123896	-2.014399	-3.390789	931.009277	939.301270
25.133276	-2.048016	-3.390789	931.042908	939.301270
25.142656	-2.048016	-3.390789	931.042908	939.334656
25.152039	-2.081394	-3.357172	931.009277	939.334656
25.161419	-2.081394	-3.357172	931.009277	939.368225
25.170799	-2.115011	-3.323555	930.975647	939.401855
25.180180	-2.115011	-3.323555	930.975647	939.435486
25.189562	-2.115011	-3.323555	931.009277	939.435486
25.198942	-2.115011	-3.323555	931.042908	939.435486
25.208323	-2.081394	-3.289938	931.109924	939.435486
25.217703	-2.048016	-3.323555	931.177124	939.401855
25.227083	-2.048016	-3.323555	931.277771	939.401855
25.236465	-2.048016	-3.323555	931.344971	939.368225
25.245846	-2.048016	-3.323555	931.445618	939.334656
25.255226	-2.048016	-3.323555	931.512817	939.334656
25.264606	-2.048016	-3.357172	931.580078	939.301270
25.273989	-2.081394	-3.357172	931.613464	939.267639
25.283369	-2.115011	-3.390789	931.613464	939.234009
25.292749	-2.115011	-3.424406	931.580078	939.234009
25.302130	-2.148628	-3.424406	931.546448	939.234009
25.311510	-2.182245	-3.424406	931.479187	939.234009
25.320892	-2.215862	-3.424406	931.445618	939.234009
25.330273	-2.215862	-3.424406	931.412231	939.234009
25.339653	-2.249241	-3.424406	931.378601	939.234009
25.349033	-2.249241	-3.424406	931.378601	939.200378
25.358416	-2.282858	-3.424406	931.378601	939.234009
25.367796	-2.316475	-3.424406	931.378601	939.267639
25.377176	-2.350092	-3.424406	931.412231	939.301270
25.386557	-2.350092	-3.424406	931.445618	939.301270
25.395937	-2.316475	-3.457785	931.512817	939.301270
25.405319	-2.316475	-3.457785	931.580078	939.267639
25.414700	-2.316475	-3.457785	931.647034	939.267639
25.424080	-2.316475	-3.457785	931.747925	939.267639
25.433460	-2.282858	-3.491402	931.781311	939.267639
25.442842	-2.282858	-3.491402	931.781311	939.234009
25.452223	-2.316475	-3.491402	931.781311	939.200378
25.461603	-2.316475	-3.491402	931.747925	939.166809
25.470984	-2.316475	-3.491402	931.747925	939.166809
25.480366	-2.350092	-3.491402	931.747925	939.166809
25.489746	-2.350092	-3.491402	931.747925	939.133423
25.499126	-2.383709	-3.491402	931.747925	939.133423
25.508507	-2.383709	-3.457785	931.747925	939.133423
25.517887	-2.383709	-3.457785	931.781311	939.166809
25.527269	-2.383709	-3.457785	931.814880	939.166809
25.536650	-2.383709	-3.457785	931.882141	939.200378
25.546030	-2.383709	-3.457785	931.949158	939.200378
25.555410	-2.383709	-3.491402	932.016357	939.166809
25.564793	-2.417088	-3.491402	932.049988	939.166809
25.574173	-2.383709	-3.491402	932.083618	939.200378
25.583553	-2.417088	-3.491402	932.049988	939.234009
25.592934	-2.417088	-3.491402	932.016357	939.301270
25.602314	-2.417088	-3.491402	931.982727	939.334656
25.611696	-2.417088	-3.491402	931.949158	939.368225
25.621077	-2.450705	-3.491402	931.949158	939.368225
25.630457	-2.450705	-3.491402	931.949158	939.368225
25.639837	-2.450705	-3.525019	931.982727	939.334656
25.649220	-2.450705	-3.525019	931.982727	939.301270
25.658600	-2.484322	-3.558636	932.049988	939.301270
25.667980	-2.484322	-3.558636	932.083618	939.267639
25.677361	-2.450705	-3.592253	932.184204	939.234009
25.686741	-2.450705	-3.592253	932.217834	939.200378
25.696123	-2.450705	-3.625631	932.251465	939.200378
25.705503	-2.450705	-3.625631	932.284851	939.200378
25.714884	-2.450705	-3.625631	932.284851	939.234009
25.724264	-2.450705	-3.592253	932.284851	939.234009
25.733646	-2.450705	-3.592253	932.318420	939.267639
25.743027	-2.450705	-3.592253	932.385681	939.267639
25.752407	-2.450705	-3.592253	932.419312	939.267639
25.761787	-2.450705	-3.592253	932.419312	939.267639
25.771168	-2.450705	-3.592253	932.385681	939.301270
25.780550	-2.484322	-3.592253	932.352051	939.301270
25.789930	-2.484322	-3.592253	932.318420	939.334656
25.799311	-2.484322	-3.592253	932.318420	939.301270
25.808691	-2.517939	-3.592253	932.318420	939.267639
25.818073	-2.517939	-3.625631	932.318420	939.234009
25.827454	-2.551556	-3.625631	932.318420	939.200378
25.836834	-2.551556	-3.625631	932.318420	939.234009
25.846214	-2.517939	-3.625631	932.352051	939.234009
25.855597	-2.517939	-3.625631	932.385681	939.234009
25.864977	-2.517939	-3.625631	932.452942	939.267639
25.874357	-2.484322	-3.625631	932.519897	939.267639
25.883738	-2.484322	-3.625631	932.553528	939.301270
25.893118	-2.484322	-3.625631	932.553528	939.334656
25.902500	-2.517939	-3.625631	932.553528	939.401855
25.911880	-2.517939	-3.625631	932.587158	939.435486
25.921261	-2.517939	-3.592253	932.587158	939.469116
25.930641	-2.551556	-3.592253	932.620789	939.502502
25.940023	-2.551556	-3.592253	932.587158	939.469116
25.949404	-2.551556	-3.592253	932.587158	939.435486
25.958784	-2.551556	-3.592253	932.620789	939.401855
25.968164	-2.551556	-3.592253	932.654114	939.401855
25.977545	-2.551556	-3.592253	932.687744	939.368225
25.986927	-2.551556	-3.592253	932.721375	939.334656
25.996307	-2.551556	-3.592253	932.788635	939.301270
26.005688	-2.517939	-3.625631	932.821960	939.234009
26.015068	-2.517939	-3.625631	932.855591	939.234009
26.024450	-2.517939	-3.625631	932.889221	939.234009
26.033831	-2.517939	-3.625631	932.889221	939.234009
26.043211	-2.517939	-3.592253	932.889221	939.301270
26.052591	-2.551556	-3.625631	932.855591	939.334656
26.061972	-2.551556	-3.625631	932.821960	939.301270
26.071354	-2.584934	-3.625631	932.821960	939.301270
26.080734	-2.584934	-3.659248	932.821960	939.267639
26.090115	-2.584934	-3.659248	932.821960	939.234009
26.099495	-2.584934	-3.625631	932.855591	939.267639
26.108877	-2.584934	-3.625631	932.855591	939.267639
26.118258	-2.584934	-3.625631	932.855591	939.234009
26.127638	-2.584934	-3.625631	932.855591	939.200378
26.137018	-2.584934	-3.625631	932.889221	939.200378
26.146399	-2.551556	-3.592253	932.956482	939.200378
26.155781	-2.551556	-3.592253	932.989807	939.234009
26.165161	-2.551556	-3.558636	933.023437	939.267639
26.174541	-2.584934	-3.558636	933.057068	939.301270
26.183922	-2.584934	-3.558636	933.124329	939.301270
26.193304	-2.618551	-3.592253	933.157654	939.267639
26.202684	-2.618551	-3.592253	933.191284	939.267639
26.212065	-2.652168	-3.558636	933.191284	939.267639
26.221445	-2.652168	-3.558636	933.191284	939.234009
26.230827	-2.652168	-3.558636	933.224915	939.200378
26.240208	-2.685785	-3.558636	933.258545	939.166809
26.249588	-2.685785	-3.592253	933.292175	939.133423
26.258968	-2.685785	-3.592253	933.325500	939.099792
26.268349	-2.719402	-3.592253	933.292175	939.066162
26.277731	-2.719402	-3.592253	933.292175	939.066162
26.287111	-2.719402	-3.558636	933.292175	939.099792
26.296492	-2.685785	-3.558636	933.292175	939.099792
26.305872	-2.685785	-3.558636	933.325500	939.099792
26.315254	-2.719402	-3.558636	933.325500	939.099792
26.324635	-2.719402	-3.558636	933.325500	939.099792
26.334015	-2.752781	-3.558636	933.325500	939.099792
26.343395	-2.786398	-3.558636	933.325500	939.133423
26.352776	-2.786398	-3.525019	933.325500	939.166809
26.362158	-2.786398	-3.491402	933.325500	939.200378
26.371538	-2.786398	-3.491402	933.292175	939.234009
26.380919	-2.786398	-3.491402	933.325500	939.200378
26.390299	-2.786398	-3.525019	933.359131	939.166809
26.399681	-2.786398	-3.525019	933.392761	939.133423
26.409061	-2.786398	-3.525019	933.460022	939.133423
26.418442	-2.786398	-3.525019	933.493347	939.099792
26.427822	-2.786398	-3.491402	933.526978	939.099792
26.437202	-2.786398	-3.491402	933.526978	939.066162
26.446585	-2.786398	-3.491402	933.526978	939.066162
26.455965	-2.820015	-3.491402	933.526978	939.099792
26.465345	-2.853632	-3.491402	933.493347	939.099792
26.474726	-2.853632	-3.491402	933.460022	939.133423
26.484108	-2.887249	-3.491402	933.460022	939.133423
26.493488	-2.887249	-3.491402	933.460022	939.166809
26.502869	-2.887249	-3.491402	933.493347	939.166809
26.512249	-2.853632	-3.491402	933.560608	939.166809
26.521631	-2.853632	-3.491402	933.594238	939.133423
26.531012	-2.853632	-3.491402	933.594238	939.133423
26.540392	-2.853632	-3.491402	933.594238	939.133423
26.549772	-2.853632	-3.457785	933.594238	939.099792
26.559153	-2.853632	-3.457785	933.627869	939.099792
26.568535	-2.853632	-3.457785	933.661194	939.066162
26.577915	-2.853632	-3.457785	933.661194	939.066162
26.587296	-2.853632	-3.457785	933.661194	939.066162
26.596676	-2.887249	-3.457785	933.661194	939.066162
26.606058	-2.887249	-3.457785	933.627869	939.032532
26.615438	-2.887249	-3.457785	933.594238	939.032532
26.624819	-2.887249	-3.457785	933.627869	939.032532
26.634199	-2.887249	-3.491402	933.627869	939.032532
26.643579	-2.887249	-3.491402	933.661194	938.998962
26.652962	-2.887249	-3.457785	933.694824	938.965576
26.662342	-2.920866	-3.457785	933.728455	938.931946
26.671722	-2.920866	-3.491402	933.762085	938.931946
26.681103	-2.920866	-3.491402	933.762085	938.898315
26.690485	-2.920866	-3.525019	933.829041	938.898315
26.699865	-2.887249	-3.525019	933.862671	938.898315
26.709246	-2.887249	-3.525019	933.929932	938.931946
26.718626	-2.887249	-3.525019	933.963562	938.931946
26.728006	-2.887249	-3.525019	933.963562	938.998962
26.737389	-2.887249	-3.525019	933.963562	939.032532
26.746769	-2.920866	-3.525019	933.963562	939.032532
26.756149	-2.920866	-3.525019	933.963562	939.032532
26.765530	-2.920866	-3.558636	933.963562	938.998962
26.774912	-2.920866	-3.558636	933.963562	938.965576
26.784292	-2.920866	-3.558636	933.963562	938.931946
26.793673	-2.920866	-3.558636	933.963562	938.931946
26.803053	-2.954245	-3.558636	933.929932	938.965576
26.812433	-2.954245	-3.558636	933.929932	938.965576
26.821815	-2.954245	-3.558636	933.963562	938.965576
26.831196	-2.987862	-3.525019	933.997131	938.965576
26.840576	-2.987862	-3.525019	934.030518	938.998962
26.849957	-3.021479	-3.525019	934.030518	938.998962
26.859339	-3.021479	-3.491402	934.064148	939.032532
26.868719	-3.021479	-3.491402	934.064148	939.066162
26.878099	-3.021479	-3.457785	934.097778	939.099792
26.887480	-3.021479	-3.457785	934.164978	939.099792
26.896862	-3.021479	-3.457785	934.198364	939.099792
26.906242	-3.021479	-3.457785	934.231995	939.066162
26.915623	-3.021479	-3.457785	934.299255	939.066162
26.925003	-3.021479	-3.457785	934.332825	939.032532
26.934383	-2.987862	-3.457785	934.399841	939.032532
26.943766	-2.987862	-3.457785	934.467102	939.032532
26.953146	-2.954245	-3.491402	934.500671	938.998962
26.962526	-2.954245	-3.491402	934.500671	938.965576
26.971907	-2.987862	-3.491402	934.467102	938.931946
26.981289	-3.021479	-3.457785	934.433472	938.898315
26.990669	-3.021479	-3.457785	934.366211	938.898315
27.000050	-3.021479	-3.457785	934.332825	938.898315
27.009430	-3.055096	-3.457785	934.332825	938.931946
27.018810	-3.055096	-3.424406	934.299255	938.965576
27.028193	-3.088713	-3.424406	934.299255	939.032532
27.037573	-3.088713	-3.424406	934.265625	939.032532
27.046953	-3.088713	-3.424406	934.231995	939.066162
27.056334	-3.088713	-3.457785	934.231995	939.066162
27.065716	-3.055096	-3.457785	934.265625	939.066162
27.075096	-3.021479	-3.457785	934.332825	939.099792
27.084476	-2.987862	-3.491402	934.366211	939.099792
27.093857	-2.987862	-3.491402	934.433472	939.066162
27.103237	-2.987862	-3.491402	934.467102	939.032532
27.112619	-2.987862	-3.491402	934.500671	938.998962
27.122000	-2.987862	-3.491402	934.534058	938.965576
27.131380	-2.987862	-3.525019	934.534058	938.931946
27.140760	-2.987862	-3.525019	934.534058	938.898315
27.150143	-2.987862	-3.558636	934.534058	938.898315
27.159523	-2.987862	-3.558636	934.534058	938.898315
27.168903	-2.987862	-3.525019	934.500671	938.864685
27.178284	-3.021479	-3.525019	934.500671	938.898315
27.187664	-3.055096	-3.525019	934.500671	938.898315
27.197046	-3.055096	-3.525019	934.534058	938.931946
27.206427	-3.055096	-3.491402	934.534058	938.965576
27.215807	-3.055096	-3.491402	934.601318	938.965576
27.225187	-3.021479	-3.491402	934.634949	938.965576
27.234570	-3.021479	-3.491402	934.634949	938.998962
27.243950	-3.055096	-3.491402	934.634949	939.032532
27.253330	-3.055096	-3.457785	934.668518	939.066162
27.262711	-3.055096	-3.457785	934.701904	939.099792
27.272093	-3.055096	-3.457785	934.735535	939.066162
27.281473	-3.055096	-3.491402	934.735535	939.066162
27.290854	-3.088713	-3.491402	934.735535	939.032532
27.300234	-3.122091	-3.525019	934.701904	938.998962
27.309614	-3.122091	-3.525019	934.701904	938.998962
27.318996	-3.122091	-3.558636	934.701904	938.965576
27.328377	-3.122091	-3.558636	934.701904	938.931946
27.337757	-3.122091	-3.592253	934.701904	938.898315
27.347137	-3.088713	-3.558636	934.735535	938.898315
27.356520	-3.088713	-3.558636	934.802795	938.898315
27.365900	-3.055096	-3.558636	934.836365	938.931946
27.375280	-3.055096	-3.558636	934.903381	938.965576
27.384661	-3.021479	-3.592253	934.970642	938.965576
27.394041	-2.987862	-3.592253	935.037598	938.931946
27.403423	-2.987862	-3.592253	935.104858	938.931946
27.412804	-2.954245	-3.592253	935.138489	938.965576
27.422184	-2.987862	-3.592253	935.172058	938.998962
27.431564	-2.987862	-3.592253	935.172058	938.998962
27.440947	-3.021479	-3.558636	935.138489	938.998962
27.450327	-3.055096	-3.558636	935.071228	938.998962
27.459707	-3.055096	-3.525019	935.037598	938.998962
27.469088	-3.055096	-3.525019	935.037598	938.965576
27.478468	-3.021479	-3.525019	935.004211	938.931946
27.487850	-3.021479	-3.525019	935.004211	938.898315
27.497231	-3.021479	-3.525019	934.970642	938.898315
27.506611	-3.021479	-3.491402	934.970642	938.864685
27.515991	-3.021479	-3.457785	934.970642	938.898315
27.525373	-3.021479	-3.457785	935.004211	938.931946
27.534754	-3.021479	-3.424406	935.071228	938.965576
27.544134	-3.021479	-3.424406	935.104858	938.998962
27.553514	-3.055096	-3.424406	935.138489	939.032532
27.562895	-3.055096	-3.390789	935.138489	939.032532
27.572277	-3.055096	-3.390789	935.138489	939.099792
27.581657	-3.021479	-3.357172	935.138489	939.133423
27.591038	-3.021479	-3.357172	935.138489	939.133423
27.600418	-3.021479	-3.357172	935.138489	939.133423
27.609800	-3.021479	-3.357172	935.104858	939.133423
27.619181	-3.055096	-3.357172	935.138489	939.133423
27.628561	-3.055096	-3.357172	935.172058	939.133423
27.637941	-3.055096	-3.357172	935.239075	939.099792
27.647324	-3.055096	-3.357172	935.272705	939.066162
27.656704	-3.055096	-3.390789	935.306335	939.066162
27.666084	-3.055096	-3.357172	935.306335	939.032532
27.675465	-3.088713	-3.357172	935.306335	939.032532
27.684845	-3.088713	-3.357172	935.306335	939.032532
27.694227	-3.088713	-3.390789	935.306335	939.032532
27.703608	-3.088713	-3.390789	935.306335	938.998962
27.712988	-3.088713	-3.424406	935.272705	938.965576
27.722368	-3.088713	-3.424406	935.272705	938.965576
27.731750	-3.088713	-3.424406	935.239075	938.965576
27.741131	-3.088713	-3.424406	935.205444	938.965576
27.750511	-3.122091	-3.424406	935.205444	938.965576
27.759892	-3.122091	-3.424406	935.205444	938.931946
27.769272	-3.122091	-3.424406	935.205444	938.965576
27.778654	-3.122091	-3.424406	935.239075	938.965576
27.788034	-3.122091	-3.424406	935.272705	938.998962
27.797415	-3.122091	-3.390789	935.339905	938.998962
27.806795	-3.122091	-3.390789	935.373535	938.998962
27.816177	-3.088713	-3.390789	935.406921	938.998962
27.825558	-3.088713	-3.390789	935.474182	939.032532
27.834938	-3.088713	-3.390789	935.507751	939.066162
27.844318	-3.055096	-3.390789	935.507751	939.099792
27.853699	-3.088713	-3.357172	935.474182	939.133423
27.863081	-3.088713	-3.357172	935.440552	939.099792
27.872461	-3.122091	-3.357172	935.406921	939.099792
27.881842	-3.155708	-3.357172	935.339905	939.099792
27.891222	-3.155708	-3.357172	935.306335	939.099792
27.900604	-3.189325	-3.357172	935.272705	939.099792
27.909985	-3.189325	-3.357172	935.306335	939.066162
27.919365	-3.222942	-3.357172	935.306335	939.066162
27.928745	-3.222942	-3.357172	935.373535	939.032532
27.938128	-3.222942	-3.357172	935.406921	939.032532
27.947508	-3.222942	-3.323555	935.440552	939.032532
27.956888	-3.189325	-3.357172	935.507751	939.032532
27.966269	-3.189325	-3.357172	935.574768	939.032532
27.975649	-3.155708	-3.323555	935.642029	939.066162
27.985031	-3.155708	-3.323555	935.709229	939.099792
27.994411	-3.189325	-3.323555	935.742615	939.099792
28.003792	-3.222942	-3.323555	935.742615	939.099792
28.013172	-3.256559	-3.323555	935.709229	939.099792
28.022554	-3.256559	-3.357172	935.675598	939.099792
28.031935	-3.289938	-3.357172	935.642029	939.032532
28.041315	-3.323555	-3.357172	935.642029	938.998962
28.050695	-3.323555	-3.357172	935.642029	938.931946
28.060076	-3.323555	-3.357172	935.574768	938.898315
28.069458	-3.357172	-3.323555	935.541382	938.931946
28.078838	-3.357172	-3.323555	935.541382	938.965576
28.088219	-3.357172	-3.289938	935.574768	939.032532
28.097599	-3.357172	-3.289938	935.642029	939.066162
28.106981	-3.323555	-3.289938	935.742615	939.099792
28.116362	-3.323555	-3.289938	935.809875	939.133423
28.125742	-3.289938	-3.289938	935.843445	939.133423
28.135122	-3.289938	-3.289938	935.877075	939.166809
28.144503	-3.289938	-3.289938	935.877075	939.133423
28.153885	-3.289938	-3.289938	935.877075	939.133423
28.163265	-3.323555	-3.323555	935.843445	939.099792
28.172646	-3.357172	-3.323555	935.809875	939.066162
28.182026	-3.390789	-3.323555	935.776245	939.032532
28.191408	-3.424406	-3.323555	935.742615	938.998962
28.200788	-3.457785	-3.323555	935.709229	938.998962
28.210169	-3.491402	-3.357172	935.709229	938.998962
28.219549	-3.491402	-3.357172	935.675598	938.998962
28.228930	-3.491402	-3.323555	935.675598	939.032532
28.238312	-3.457785	-3.323555	935.709229	939.066162
28.247692	-3.457785	-3.323555	935.709229	939.066162
28.257072	-3.424406	-3.323555	935.709229	939.066162
28.266453	-3.424406	-3.323555	935.742615	939.099792
28.275835	-3.424406	-3.323555	935.742615	939.133423
28.285215	-3.390789	-3.323555	935.742615	939.099792
28.294596	-3.390789	-3.323555	935.742615	939.099792
28.303976	-3.390789	-3.323555	935.742615	939.066162
28.313358	-3.390789	-3.323555	935.742615	939.066162
28.322739	-3.390789	-3.357172	935.742615	939.032532
28.332119	-3.390789	-3.357172	935.776245	938.998962
28.341499	-3.390789	-3.390789	935.809875	938.965576
28.350880	-3.390789	-3.390789	935.877075	938.965576
28.360262	-3.390789	-3.390789	935.944092	938.965576
28.369642	-3.357172	-3.390789	935.977722	938.965576
28.379023	-3.357172	-3.390789	935.977722	938.998962
28.388403	-3.323555	-3.390789	935.977722	939.066162
28.397785	-3.323555	-3.390789	935.977722	939.099792
28.407166	-3.323555	-3.390789	935.944092	939.133423
28.416546	-3.357172	-3.390789	935.944092	939.133423
28.425926	-3.357172	-3.357172	935.910461	939.133423
28.435307	-3.390789	-3.357172	935.910461	939.099792
28.444689	-3.357172	-3.357172	935.910461	939.066162
28.454069	-3.357172	-3.357172	935.910461	939.032532
28.463449	-3.357172	-3.357172	935.910461	939.032532
28.472830	-3.357172	-3.390789	935.910461	939.032532
28.482212	-3.323555	-3.390789	935.944092	938.998962
28.491592	-3.323555	-3.390789	935.977722	938.998962
28.500973	-3.323555	-3.390789	935.977722	939.032532
28.510353	-3.323555	-3.390789	936.011292	939.099792
28.519733	-3.323555	-3.390789	936.011292	939.133423
28.529116	-3.323555	-3.390789	936.011292	939.166809
28.538496	-3.323555	-3.390789	936.044922	939.200378
28.547876	-3.323555	-3.390789	936.011292	939.234009
28.557257	-3.323555	-3.357172	936.011292	939.234009
28.566639	-3.357172	-3.357172	936.011292	939.200378
28.576019	-3.357172	-3.357172	936.011292	939.166809
28.585400	-3.357172	-3.357172	936.011292	939.099792
28.594780	-3.390789	-3.390789	936.011292	939.032532
28.604160	-3.390789	-3.424406	936.044922	938.998962
28.613543	-3.390789	-3.424406	936.044922	938.998962
28.622923	-3.357172	-3.424406	936.111938	938.998962
28.632303	-3.357172	-3.424406	936.145569	938.998962
28.641684	-3.357172	-3.424406	936.179138	938.998962
28.651066	-3.323555	-3.424406	936.212769	938.998962
28.660446	-3.323555	-3.390789	936.212769	939.032532
28.669827	-3.323555	-3.390789	936.246155	939.099792
28.679207	-3.323555	-3.357172	936.246155	939.166809
28.688589	-3.357172	-3.323555	936.246155	939.234009
28.697969	-3.357172	-3.323555	936.212769	939.267639
28.707350	-3.390789	-3.289938	936.179138	939.267639
28.716730	-3.390789	-3.256559	936.111938	939.301270
28.726110	-3.390789	-3.256559	936.044922	939.267639
28.735493	-3.390789	-3.256559	936.044922	939.267639
28.744873	-3.390789	-3.256559	936.011292	939.234009
28.754253	-3.390789	-3.256559	936.011292	939.234009
28.763634	-3.357172	-3.256559	936.044922	939.234009
28.773016	-3.357172	-3.222942	936.044922	939.267639
28.782396	-3.357172	-3.189325	936.111938	939.301270
28.791777	-3.357172	-3.155708	936.179138	939.368225
28.801157	-3.357172	-3.088713	936.246155	939.435486
28.810537	-3.357172	-3.055096	936.313416	939.502502
28.819920	-3.357172	-3.021479	936.346985	939.569702
28.829300	-3.357172	-2.987862	936.380615	939.603333
28.838680	-3.357172	-2.987862	936.380615	939.603333
28.848061	-3.357172	-2.987862	936.346985	939.603333
28.857443	-3.357172	-2.987862	936.346985	939.603333
28.866823	-3.357172	-3.021479	936.380615	939.536072
28.876204	-3.357172	-3.055096	936.380615	939.435486
28.885584	-3.357172	-3.122091	936.380615	939.334656
28.894964	-3.357172	-3.189325	936.380615	939.234009
28.904346	-3.390789	-3.222942	936.346985	939.099792
28.913727	-3.390789	-3.289938	936.313416	938.965576
28.923107	-3.390789	-3.323555	936.279785	938.864685
28.932487	-3.390789	-3.357172	936.313416	938.764099
28.941870	-3.390789	-3.390789	936.380615	938.730469
28.951250	-3.357172	-3.424406	936.414001	938.696838
28.960630	-3.357172	-3.457785	936.447632	938.696838
28.970011	-3.357172	-3.491402	936.481262	938.663269
28.979391	-3.390789	-3.525019	936.514832	938.663269
28.988773	-3.390789	-3.525019	936.548462	938.629883
28.998154	-3.424406	-3.558636	936.581848	938.596252
29.007534	-3.424406	-3.592253	936.615479	938.596252
29.016914	-3.424406	-3.625631	936.649109	938.562622
29.026297	-3.424406	-3.659248	936.649109	938.495422
29.035677	-3.390789	-3.659248	936.682678	938.462036
29.045057	-3.357172	-3.692865	936.749939	938.428406
29.054438	-3.323555	-3.692865	936.816956	938.394775
29.063820	-3.323555	-3.692865	936.884155	938.394775
29.073200	-3.289938	-3.692865	936.951172	938.394775
29.082581	-3.256559	-3.692865	937.018372	938.428406
29.091961	-3.222942	-3.692865	937.119019	938.495422
29.101341	-3.189325	-3.659248	937.186218	938.562622
29.110723	-3.189325	-3.659248	937.219849	938.663269
29.120104	-3.189325	-3.625631	937.253479	938.730469
29.129484	-3.189325	-3.625631	937.219849	938.764099
29.138865	-3.189325	-3.592253	937.186218	938.831116
29.148247	-3.222942	-3.592253	937.152649	938.864685
29.157627	-3.256559	-3.592253	937.085632	938.931946
29.167007	-3.256559	-3.592253	936.984802	938.965576
29.176388	-3.256559	-3.558636	936.917786	938.965576
29.185768	-3.256559	-3.558636	936.850525	938.965576
29.195150	-3.289938	-3.558636	936.783325	938.931946
29.204531	-3.323555	-3.592253	936.749939	938.898315
29.213911	-3.390789	-3.592253	936.682678	938.898315
29.223291	-3.424406	-3.592253	936.581848	938.864685
29.232674	-3.491402	-3.592253	936.548462	938.864685
29.242054	-3.525019	-3.592253	936.514832	938.898315
29.251434	-3.525019	-3.592253	936.514832	938.898315
29.260815	-3.558636	-3.592253	936.481262	938.898315
29.270195	-3.592253	-3.558636	936.447632	938.931946
29.279577	-3.625631	-3.558636	936.414001	938.965576
29.288958	-3.659248	-3.558636	936.346985	938.965576
29.298338	-3.659248	-3.592253	936.279785	938.931946
29.307718	-3.692865	-3.592253	936.212769	938.898315
29.317101	-3.692865	-3.625631	936.212769	938.864685
29.326481	-3.692865	-3.625631	936.179138	938.864685
29.335861	-3.692865	-3.659248	936.212769	938.864685
29.345242	-3.726482	-3.659248	936.246155	938.864685
29.354624	-3.726482	-3.659248	936.313416	938.898315
29.364004	-3.692865	-3.659248	936.346985	938.898315
29.373384	-3.692865	-3.659248	936.380615	938.898315
29.382765	-3.692865	-3.659248	936.380615	938.898315
29.392145	-3.726482	-3.659248	936.380615	938.965576
29.401527	-3.726482	-3.625631	936.380615	938.998962
29.410908	-3.726482	-3.625631	936.414001	939.032532
29.420288	-3.726482	-3.625631	936.481262	938.998962
29.429668	-3.726482	-3.625631	936.514832	938.998962
29.439051	-3.726482	-3.625631	936.581848	938.931946
29.448431	-3.692865	-3.625631	936.615479	938.931946
29.457811	-3.692865	-3.625631	936.649109	938.931946
29.467192	-3.726482	-3.625631	936.649109	938.965576
29.476572	-3.726482	-3.625631	936.649109	938.998962
29.485954	-3.760099	-3.659248	936.649109	938.965576
29.495335	-3.793478	-3.659248	936.649109	938.898315
29.504715	-3.793478	-3.692865	936.682678	938.831116
29.514095	-3.793478	-3.692865	936.716309	938.797729
29.523478	-3.793478	-3.659248	936.749939	938.797729
29.532858	-3.793478	-3.625631	936.716309	938.831116
29.542238	-3.793478	-3.592253	936.682678	938.864685
29.551619	-3.793478	-3.592253	936.682678	938.898315
29.560999	-3.793478	-3.558636	936.649109	938.931946
29.570381	-3.793478	-3.558636	936.682678	938.931946
29.579762	-3.793478	-3.558636	936.716309	938.965576
29.589142	-3.760099	-3.558636	936.749939	938.965576
29.598522	-3.760099	-3.558636	936.783325	938.931946
29.607904	-3.760099	-3.592253	936.850525	938.931946
29.617285	-3.726482	-3.592253	936.884155	938.898315
29.626665	-3.726482	-3.625631	936.917786	938.831116
29.636045	-3.760099	-3.625631	936.951172	938.764099
29.645426	-3.760099	-3.592253	936.984802	938.730469
29.654808	-3.793478	-3.592253	936.984802	938.696838
29.664188	-3.793478	-3.592253	936.984802	938.730469
29.673569	-3.793478	-3.592253	936.951172	938.764099
29.682949	-3.793478	-3.592253	936.951172	938.764099
29.692331	-3.793478	-3.558636	936.917786	938.797729
29.701712	-3.760099	-3.558636	936.951172	938.831116
29.711092	-3.760099	-3.525019	936.951172	938.864685
29.720472	-3.793478	-3.525019	936.917786	938.898315
29.729855	-3.793478	-3.558636	936.917786	938.931946
29.739235	-3.827095	-3.558636	936.951172	938.898315
29.748615	-3.860712	-3.558636	936.951172	938.864685
29.757996	-3.860712	-3.592253	936.984802	938.831116
29.767376	-3.860712	-3.625631	936.984802	938.797729
29.776758	-3.860712	-3.625631	937.018372	938.797729
29.786139	-3.827095	-3.625631	937.018372	938.764099
29.795519	-3.793478	-3.592253	937.052002	938.730469
29.804899	-3.760099	-3.592253	937.052002	938.696838
29.814281	-3.726482	-3.592253	937.085632	938.663269
29.823662	-3.726482	-3.592253	937.085632	938.663269
29.833042	-3.726482	-3.558636	937.085632	938.696838
29.842422	-3.726482	-3.558636	937.052002	938.764099
29.851803	-3.726482	-3.558636	937.052002	938.797729
29.861185	-3.726482	-3.558636	937.018372	938.797729
29.870565	-3.726482	-3.592253	937.018372	938.764099
29.879946	-3.726482	-3.592253	937.052002	938.764099
29.889326	-3.726482	-3.592253	937.052002	938.764099
29.898708	-3.726482	-3.625631	937.018372	938.764099
29.908089	-3.726482	-3.625631	937.018372	938.730469
29.917469	-3.760099	-3.592253	937.018372	938.764099
29.926849	-3.760099	-3.592253	937.018372	938.764099
29.936230	-3.760099	-3.592253	937.018372	938.764099
29.945612	-3.760099	-3.592253	937.018372	938.764099
29.954992	-3.760099	-3.592253	936.984802	938.764099
29.964373	-3.793478	-3.592253	936.984802	938.764099
29.973753	-3.793478	-3.625631	936.951172	938.730469
29.983135	-3.827095	-3.625631	936.951172	938.696838
29.992516	-3.827095	-3.625631	936.951172	938.696838
30.001896	-3.827095	-3.625631	936.951172	938.696838
30.011276	-3.827095	-3.625631	936.984802	938.696838
30.020657	-3.827095	-3.625631	937.018372	938.696838
30.030039	-3.827095	-3.659248	937.052002	938.663269
30.039419	-3.793478	-3.659248	937.085632	938.629883
30.048800	-3.793478	-3.659248	937.085632	938.596252
30.058180	-3.760099	-3.659248	937.085632	938.562622
30.067562	-3.793478	-3.659248	937.085632	938.562622
30.076942	-3.793478	-3.659248	937.085632	938.562622
30.086323	-3.827095	-3.659248	937.085632	938.629883
30.095703	-3.827095	-3.659248	937.085632	938.663269
30.105085	-3.827095	-3.659248	937.085632	938.663269
30.114466	-3.793478	-3.659248	937.119019	938.696838
30.123846	-3.793478	-3.659248	937.119019	938.696838
30.133226	-3.760099	-3.659248	937.152649	938.663269
30.142607	-3.760099	-3.659248	937.186218	938.629883
30.151989	-3.760099	-3.659248	937.186218	938.596252
30.161369	-3.793478	-3.659248	937.186218	938.596252
30.170750	-3.793478	-3.659248	937.186218	938.596252
30.180130	-3.827095	-3.659248	937.186218	938.596252
30.189512	-3.827095	-3.659248	937.152649	938.596252
30.198893	-3.827095	-3.692865	937.085632	938.629883
30.208273	-3.827095	-3.692865	937.085632	938.629883
30.217653	-3.827095	-3.726482	937.085632	938.663269
30.227034	-3.827095	-3.692865	937.085632	938.696838
30.236416	-3.827095	-3.692865	937.085632	938.730469
30.245796	-3.793478	-3.659248	937.085632	938.730469
30.255177	-3.793478	-3.659248	937.085632	938.730469
30.264557	-3.793478	-3.659248	937.085632	938.730469
30.273939	-3.793478	-3.659248	937.085632	938.696838
30.283319	-3.793478	-3.692865	937.119019	938.663269
30.292700	-3.760099	-3.692865	937.119019	938.629883
30.302080	-3.793478	-3.692865	937.119019	938.596252
30.311460	-3.793478	-3.692865	937.152649	938.562622
30.320843	-3.793478	-3.692865	937.186218	938.562622
30.330223	-3.793478	-3.726482	937.219849	938.528992
30.339603	-3.793478	-3.726482	937.253479	938.495422
30.348984	-3.793478	-3.760099	937.286865	938.528992
30.358366	-3.793478	-3.760099	937.286865	938.562622
30.367746	-3.793478	-3.760099	937.253479	938.596252
30.377127	-3.760099	-3.760099	937.253479	938.629883
30.386507	-3.760099	-3.726482	937.253479	938.629883
30.395887	-3.726482	-3.726482	937.253479	938.629883
30.405270	-3.726482	-3.726482	937.253479	938.663269
30.414650	-3.726482	-3.726482	937.219849	938.663269
30.424030	-3.726482	-3.726482	937.186218	938.696838
30.433411	-3.726482	-3.726482	937.152649	938.696838
30.442793	-3.760099	-3.726482	937.152649	938.696838
30.452173	-3.760099	-3.760099	937.119019	938.696838
30.461554	-3.760099	-3.793478	937.119019	938.663269
30.470934	-3.760099	-3.827095	937.152649	938.596252
30.480316	-3.726482	-3.827095	937.219849	938.596252
30.489697	-3.692865	-3.793478	937.286865	938.562622
30.499077	-3.692865	-3.793478	937.320496	938.596252
30.508457	-3.692865	-3.793478	937.354065	938.596252
30.517838	-3.692865	-3.793478	937.354065	938.596252
30.527220	-3.659248	-3.793478	937.354065	938.596252
30.536600	-3.659248	-3.793478	937.354065	938.596252
30.545980	-3.625631	-3.760099	937.387695	938.629883
30.555361	-3.625631	-3.760099	937.421326	938.663269
30.564743	-3.625631	-3.760099	937.387695	938.663269
30.574123	-3.592253	-3.760099	937.387695	938.663269
30.583504	-3.592253	-3.760099	937.387695	938.663269
30.592884	-3.592253	-3.793478	937.354065	938.663269
30.602264	-3.625631	-3.793478	937.320496	938.663269
30.611647	-3.625631	-3.793478	937.320496	938.663269
30.621027	-3.625631	-3.793478	937.286865	938.663269
30.630407	-3.659248	-3.793478	937.320496	938.696838
30.639788	-3.659248	-3.760099	937.354065	938.696838
30.649170	-3.625631	-3.760099	937.387695	938.663269
30.658550	-3.625631	-3.760099	937.421326	938.663269
30.667931	-3.625631	-3.760099	937.454712	938.696838
30.677311	-3.625631	-3.760099	937.454712	938.696838
30.686691	-3.592253	-3.760099	937.488342	938.696838
30.696074	-3.592253	-3.760099	937.521912	938.696838
30.705454	-3.558636	-3.793478	937.555542	938.696838
30.714834	-3.558636	-3.793478	937.589172	938.629883
30.724215	-3.558636	-3.793478	937.622559	938.596252
30.733597	-3.558636	-3.793478	937.622559	938.596252
30.742977	-3.558636	-3.760099	937.622559	938.629883
30.752357	-3.558636	-3.760099	937.622559	938.696838
30.761738	-3.558636	-3.726482	937.622559	938.730469
30.771120	-3.558636	-3.726482	937.622559	938.764099
30.780500	-3.558636	-3.726482	937.656189	938.764099
30.789881	-3.558636	-3.726482	937.656189	938.764099
30.799261	-3.525019	-3.726482	937.689758	938.797729
30.808641	-3.525019	-3.726482	937.689758	938.831116
30.818024	-3.525019	-3.726482	937.656189	938.797729
30.827404	-3.558636	-3.760099	937.656189	938.764099
30.836784	-3.558636	-3.793478	937.656189	938.696838
30.846165	-3.592253	-3.793478	937.723389	938.629883
30.855547	-3.592253	-3.827095	937.757019	938.562622
30.864927	-3.592253	-3.827095	937.757019	938.528992
30.874308	-3.592253	-3.827095	937.723389	938.495422
30.883688	-3.592253	-3.827095	937.723389	938.495422
30.893068	-3.592253	-3.827095	937.723389	938.495422
30.902451	-3.592253	-3.793478	937.757019	938.528992
30.911831	-3.592253	-3.793478	937.790405	938.562622
30.921211	-3.592253	-3.760099	937.757019	938.629883
30.930592	-3.625631	-3.760099	937.757019	938.663269
30.939974	-3.625631	-3.760099	937.723389	938.730469
30.949354	-3.659248	-3.726482	937.689758	938.730469
30.958735	-3.659248	-3.726482	937.689758	938.730469
30.968115	-3.659248	-3.726482	937.656189	938.696838
30.977495	-3.692865	-3.760099	937.656189	938.663269
30.986877	-3.692865	-3.760099	937.656189	938.629883
30.996258	-3.726482	-3.793478	937.656189	938.562622
31.005638	-3.726482	-3.793478	937.656189	938.528992
31.015018	-3.726482	-3.827095	937.689758	938.495422
31.024401	-3.726482	-3.827095	937.656189	938.495422
31.033781	-3.726482	-3.827095	937.656189	938.495422
31.043161	-3.726482	-3.827095	937.689758	938.528992
31.052542	-3.726482	-3.793478	937.723389	938.562622
31.061922	-3.726482	-3.793478	937.757019	938.629883
31.071304	-3.760099	-3.793478	937.790405	938.663269
31.080685	-3.760099	-3.793478	937.824036	938.696838
31.090065	-3.793478	-3.793478	937.824036	938.696838
31.099445	-3.793478	-3.793478	937.790405	938.663269
31.108828	-3.793478	-3.793478	937.790405	938.629883
31.118208	-3.793478	-3.827095	937.757019	938.596252
31.127588	-3.793478	-3.827095	937.757019	938.528992
31.136969	-3.760099	-3.860712	937.790405	938.462036
31.146351	-3.760099	-3.894329	937.824036	938.361145
31.155731	-3.760099	-3.894329	937.824036	938.294189
31.165112	-3.760099	-3.927946	937.824036	938.226929
31.174492	-3.760099	-3.927946	937.857605	938.226929
31.183872	-3.760099	-3.927946	937.891235	938.226929
31.193254	-3.726482	-3.894329	937.924866	938.260559
31.202635	-3.726482	-3.894329	937.958252	938.294189
31.212015	-3.726482	-3.860712	937.958252	938.327576
31.221395	-3.726482	-3.860712	937.958252	938.361145
31.230778	-3.726482	-3.860712	937.924866	938.394775
31.240158	-3.726482	-3.827095	937.924866	938.428406
31.249538	-3.726482	-3.827095	937.924866	938.428406
31.258919	-3.726482	-3.793478	937.924866	938.428406
31.268299	-3.760099	-3.793478	937.891235	938.462036
31.277681	-3.793478	-3.827095	937.891235	938.428406
31.287062	-3.793478	-3.827095	937.891235	938.394775
31.296442	-3.827095	-3.860712	937.857605	938.327576
31.305822	-3.827095	-3.894329	937.857605	938.294189
31.315205	-3.827095	-3.894329	937.857605	938.260559
31.324585	-3.793478	-3.894329	937.857605	938.260559
31.333965	-3.793478	-3.894329	937.857605	938.260559
31.343346	-3.793478	-3.927946	937.857605	938.260559
31.352726	-3.793478	-3.927946	937.857605	938.294189
31.362108	-3.827095	-3.927946	937.824036	938.294189
31.371489	-3.827095	-3.927946	937.824036	938.327576
31.380869	-3.827095	-3.927946	937.824036	938.327576
31.390249	-3.827095	-3.894329	937.824036	938.361145
31.399632	-3.827095	-3.894329	937.857605	938.394775
31.409012	-3.827095	-3.894329	937.891235	938.428406
31.418392	-3.827095	-3.894329	937.891235	938.428406
31.427773	-3.827095	-3.927946	937.924866	938.428406
31.437153	-3.827095	-3.961325	937.924866	938.361145
31.446535	-3.793478	-3.961325	937.924866	938.294189
31.455915	-3.793478	-3.994942	937.924866	938.226929
31.465296	-3.793478	-3.994942	937.891235	938.193298
31.474676	-3.793478	-3.994942	937.891235	938.226929
31.484058	-3.793478	-3.994942	937.857605	938.226929
31.493439	-3.793478	-3.994942	937.857605	938.226929
31.502819	-3.793478	-3.994942	937.824036	938.226929
31.512199	-3.760099	-3.994942	937.857605	938.226929
31.521582	-3.760099	-3.961325	937.891235	938.226929
31.530962	-3.760099	-3.961325	937.958252	938.260559
31.540342	-3.760099	-3.961325	937.991882	938.294189
31.549723	-3.760099	-3.961325	938.059082	938.260559
31.559103	-3.760099	-3.927946	938.092712	938.260559
31.568485	-3.760099	-3.927946	938.126099	938.226929
31.577866	-3.760099	-3.927946	938.159729	938.193298
31.587246	-3.760099	-3.927946	938.193298	938.193298
31.596626	-3.760099	-3.927946	938.193298	938.193298
31.606009	-3.760099	-3.927946	938.193298	938.193298
31.615389	-3.760099	-3.927946	938.159729	938.159729
31.624769	-3.793478	-3.961325	938.092712	938.126099
31.634150	-3.827095	-3.994942	938.059082	938.092712
31.643530	-3.860712	-3.994942	938.025452	938.092712
31.652912	-3.894329	-3.994942	937.991882	938.059082
31.662292	-3.894329	-3.994942	937.958252	938.059082
31.671673	-3.894329	-3.994942	937.924866	938.059082
31.681053	-3.860712	-3.994942	937.924866	938.092712
31.690435	-3.860712	-3.961325	937.924866	938.092712
31.699816	-3.860712	-3.961325	937.958252	938.126099
31.709196	-3.827095	-3.927946	937.958252	938.193298
31.718576	-3.827095	-3.927946	938.025452	938.193298
31.727957	-3.793478	-3.927946	938.059082	938.193298
31.737339	-3.793478	-3.927946	938.126099	938.193298
31.746719	-3.793478	-3.927946	938.159729	938.193298
31.756100	-3.793478	-3.961325	938.159729	938.159729
31.765480	-3.793478	-3.961325	938.193298	938.126099
31.774862	-3.793478	-3.961325	938.193298	938.092712
31.784243	-3.793478	-3.961325	938.193298	938.059082
31.793623	-3.793478	-3.961325	938.193298	938.025452
31.803003	-3.793478	-3.961325	938.159729	937.991882
31.812384	-3.827095	-3.961325	938.126099	937.958252
31.821766	-3.827095	-3.994942	938.092712	937.958252
31.831146	-3.860712	-3.961325	938.059082	937.924866
31.840527	-3.860712	-3.961325	938.059082	937.924866
31.849907	-3.860712	-3.961325	938.059082	937.958252
31.859289	-3.860712	-3.961325	938.059082	937.991882
31.868670	-3.827095	-3.961325	938.092712	938.059082
31.878050	-3.827095	-3.961325	938.126099	938.092712
31.887430	-3.827095	-3.927946	938.159729	938.159729
31.896812	-3.827095	-3.927946	938.193298	938.159729
31.906193	-3.827095	-3.927946	938.159729	938.193298
31.915573	-3.827095	-3.894329	938.159729	938.193298
31.924953	-3.827095	-3.860712	938.126099	938.193298
31.934334	-3.827095	-3.860712	938.126099	938.193298
31.943716	-3.860712	-3.860712	938.126099	938.193298
31.953096	-3.894329	-3.894329	938.092712	938.193298
31.962477	-3.927946	-3.894329	938.059082	938.159729
31.971857	-3.927946	-3.927946	937.991882	938.126099
31.981239	-3.961325	-3.961325	937.991882	938.059082
31.990620	-3.961325	-3.961325	937.991882	938.025452
