22.510115	0.000000	0.016779	0.003353	0.003353
22.549194	0.000000	0.020131	0.006706	0.006706
22.588276	0.000000	0.020131	0.010058	0.006706
22.627357	0.000000	0.023484	0.010058	0.003353
22.666439	0.003353	0.026852	0.010058	0.000000
22.705521	0.003353	0.030205	0.006706	0.000000
22.744602	0.003353	0.033557	0.003353	0.000000
22.783682	0.003353	0.036925	0.000000	0.003353
22.822763	0.003353	0.040278	0.000000	0.003353
22.861845	0.006706	0.043631	-0.003368	0.003353
22.900927	0.006706	0.046983	-0.006720	0.003353
22.940008	0.006706	0.050351	-0.010073	0.000000
22.979090	0.010058	0.053704	-0.013441	0.000000
23.018169	0.010058	0.057057	-0.010073	0.000000
23.057251	0.013426	0.063777	-0.010073	0.000000
23.096333	0.013426	0.067130	-0.006720	0.000000
23.135414	0.016779	0.070482	-0.006720	0.000000
23.174496	0.016779	0.077203	-0.006720	-0.003368
23.213577	0.020131	0.080556	-0.003368	-0.003368
23.252657	0.020131	0.087276	-0.003368	-0.006720
23.291739	0.023484	0.090629	0.000000	-0.010073
23.330820	0.026852	0.097349	0.003353	-0.010073
23.369902	0.026852	0.100702	0.003353	-0.013441
23.408983	0.030205	0.107422	0.003353	-0.013441
23.448065	0.030205	0.114128	-0.003368	-0.016794
23.487144	0.030205	0.120848	-0.003368	-0.016794
23.526226	0.033557	0.127554	-0.003368	-0.020146
23.565308	0.033557	0.134274	-0.006720	-0.023499
23.604389	0.036925	0.140980	-0.010073	-0.026867
23.643471	0.040278	0.147700	-0.013441	-0.030220
23.682550	0.043631	0.154406	-0.013441	-0.030220
23.721632	0.046983	0.164479	-0.010073	-0.030220
23.760714	0.050351	0.174552	-0.010073	-0.030220
23.799795	0.053704	0.181273	-0.010073	-0.030220
23.838877	0.057057	0.191346	-0.013441	-0.030220
23.877958	0.057057	0.201404	-0.013441	-0.033572
23.917038	0.060424	0.211477	-0.013441	-0.033572
23.956120	0.063777	0.221550	-0.013441	-0.033572
23.995201	0.067130	0.234976	-0.013441	-0.033572
24.034283	0.070482	0.245050	-0.013441	-0.040293
24.073364	0.073850	0.258476	-0.016794	-0.043646
24.112446	0.077203	0.271901	-0.016794	-0.046998
24.151525	0.083923	0.288695	-0.016794	-0.050366
24.190607	0.087276	0.302121	-0.020146	-0.053719
24.229689	0.090629	0.318900	-0.023499	-0.060439
24.268770	0.093982	0.335693	-0.023499	-0.070497
24.307852	0.097349	0.355825	-0.023499	-0.080571
24.346933	0.104055	0.375971	-0.023499	-0.087291
24.386013	0.107422	0.399470	-0.026867	-0.090644
24.425095	0.114128	0.422969	-0.026867	-0.093997
24.464176	0.117481	0.446469	-0.026867	-0.100717
24.503258	0.120848	0.469968	-0.030220	-0.110790
24.542339	0.124201	0.496820	-0.033572	-0.120863
24.581421	0.130907	0.527039	-0.036940	-0.137642
24.620501	0.137627	0.560597	-0.036940	-0.151068
24.659582	0.144348	0.604242	-0.040293	-0.164494
24.698664	0.151053	0.654593	-0.043646	-0.177920
24.737745	0.157773	0.718385	-0.050366	-0.191361
24.776827	0.164479	0.795588	-0.050366	-0.208139
24.815907	0.171199	0.886232	-0.053719	-0.221565
24.854988	0.181273	1.000360	-0.057071	-0.238344
24.894070	0.187978	1.141354	-0.057071	-0.261843
24.933151	0.198051	1.369625	-0.060439	-0.308841
24.972233	0.208125	1.611337	-0.060439	-0.359207
25.011314	0.214845	1.926884	-0.060439	-0.436410
25.050394	0.224903	2.339795	-0.060439	-0.543833
25.089476	0.238329	2.873540	-0.063792	-0.694901
25.128557	0.248402	3.541574	-0.070497	-0.906378
25.167639	0.261828	4.353955	-0.070497	-1.188368
25.206720	0.271901	5.263701	-0.070497	-1.534134
25.245802	0.285327	6.176785	-0.073865	-1.906753
25.284882	0.298768	6.942168	-0.083938	-2.252519
25.323963	0.312194	7.381931	-0.090644	-2.480790
25.363045	0.328973	7.385283	-0.097364	-2.527788
25.402126	0.345752	6.965667	-0.100717	-2.386794
25.441208	0.365898	6.223783	-0.104070	-2.098098
25.480289	0.386044	5.300626	-0.107422	-1.718760
25.519369	0.406191	4.320383	-0.114143	-1.309216
25.558451	0.426322	3.424078	-0.117496	-0.929877
25.597532	0.449821	2.685562	-0.124216	-0.631109
25.636614	0.473320	2.145082	-0.130922	-0.429690
25.675695	0.496820	1.772463	-0.144362	-0.305489
25.714777	0.527039	1.510620	-0.157788	-0.228286
25.753857	0.557244	1.315922	-0.174567	-0.177920
25.792938	0.594169	1.168206	-0.184640	-0.144362
25.832020	0.634462	1.044005	-0.198066	-0.120863
25.871101	0.684813	0.943303	-0.204787	-0.104070
25.910183	0.741884	0.859380	-0.214845	-0.093997
25.949263	0.809014	0.788882	-0.224918	-0.087291
25.988344	0.913084	0.725091	-0.241712	-0.083938
26.027426	1.017153	0.668019	-0.255138	-0.080571
26.066507	1.141354	0.621036	-0.268564	-0.077218
26.105589	1.295775	0.577390	-0.285342	-0.070497
26.144670	1.497194	0.537112	-0.312209	-0.067145
26.183750	1.769111	0.503540	-0.349134	-0.060439
26.222832	2.165228	0.473320	-0.402838	-0.053719
26.261913	2.762765	0.443116	-0.456557	-0.046998
26.300995	3.635571	0.416249	-0.496835	-0.040293
26.340076	4.729941	0.392750	-0.537112	-0.033572
26.379158	5.878016	0.369251	-0.590831	-0.030220
26.418238	6.898522	0.345752	-0.654608	-0.026867
26.457319	7.616922	0.325620	-0.725105	-0.026867
26.496401	7.925764	0.305474	-0.782177	-0.026867
26.535482	7.788122	0.288695	-0.815749	-0.026867
26.574564	7.251009	0.275269	-0.822455	-0.026867
26.613646	6.421849	0.258476	-0.795603	-0.030220
26.652725	5.465105	0.245050	-0.741899	-0.033572
26.691807	4.528522	0.231624	-0.664681	-0.036940
26.730888	3.692642	0.218198	-0.577405	-0.040293
26.769970	3.004462	0.204772	-0.486761	-0.040293
26.809052	2.460644	0.191346	-0.402838	-0.036940
26.848133	2.037659	0.181273	-0.328988	-0.033572
26.887213	1.715392	0.171199	-0.271916	-0.030220
26.926294	1.466975	0.161126	-0.228286	-0.026867
26.965376	1.275629	0.151053	-0.191361	-0.023499
27.004457	1.124576	0.144348	-0.161141	-0.020146
27.043539	1.003727	0.137627	-0.140995	-0.016794
27.082619	0.906363	0.127554	-0.127569	-0.013441
27.121700	0.825807	0.120848	-0.117496	-0.010073
27.160782	0.758663	0.114128	-0.107422	-0.013441
27.199863	0.698239	0.107422	-0.100717	-0.013441
27.238945	0.647888	0.100702	-0.093997	-0.013441
27.278027	0.604242	0.093982	-0.087291	-0.016794
27.317106	0.560597	0.087276	-0.080571	-0.016794
27.356188	0.527039	0.080556	-0.077218	-0.016794
27.395269	0.490114	0.073850	-0.070497	-0.016794
27.434351	0.459895	0.070482	-0.067145	-0.016794
27.473433	0.433043	0.063777	-0.063792	-0.013441
27.512514	0.406191	0.060424	-0.063792	-0.006720
27.551594	0.382692	0.057057	-0.063792	-0.003368
27.590675	0.362545	0.050351	-0.063792	0.000000
27.629757	0.339046	0.046983	-0.060439	0.003353
27.668839	0.322267	0.043631	-0.057071	0.006706
27.707920	0.302121	0.040278	-0.053719	0.010058
27.747002	0.285327	0.036925	-0.053719	0.013426
27.786081	0.271901	0.030205	-0.053719	0.013426
27.825163	0.258476	0.026852	-0.057071	0.013426
27.864244	0.245050	0.023484	-0.060439	0.010058
27.903326	0.231624	0.020131	-0.060439	0.006706
27.942408	0.221550	0.016779	-0.057071	0.006706
27.981489	0.208125	0.013426	-0.050366	0.010058
28.020569	0.198051	0.010058	-0.043646	0.010058
28.059650	0.187978	0.006706	-0.036940	0.010058
28.098732	0.174552	0.006706	-0.036940	0.006706
28.137814	0.167847	0.003353	-0.036940	0.006706
28.176895	0.157773	0.000000	-0.033572	0.006706
28.215975	0.151053	0.000000	-0.033572	0.010058
28.255056	0.140980	-0.003368	-0.033572	0.010058
28.294138	0.134274	-0.006720	-0.036940	0.006706
28.333220	0.124201	-0.010073	-0.040293	0.003353
28.372301	0.117481	-0.013441	-0.040293	0.000000
28.411383	0.110775	-0.016794	-0.036940	-0.003368
28.450462	0.104055	-0.020146	-0.036940	0.000000
28.489544	0.097349	-0.023499	-0.036940	0.000000
28.528625	0.093982	-0.023499	-0.036940	0.000000
28.567707	0.087276	-0.026867	-0.036940	0.000000
28.606789	0.080556	-0.026867	-0.033572	0.003353
28.645870	0.077203	-0.030220	-0.033572	0.006706
28.684950	0.070482	-0.030220	-0.033572	0.010058
28.724031	0.067130	-0.033572	-0.033572	0.010058
28.763113	0.060424	-0.033572	-0.036940	0.010058
28.802195	0.057057	-0.036940	-0.036940	0.010058
28.841276	0.050351	-0.040293	-0.033572	0.010058
28.880358	0.046983	-0.040293	-0.030220	0.010058
28.919437	0.043631	-0.043646	-0.026867	0.010058
28.958519	0.040278	-0.043646	-0.026867	0.006706
28.997601	0.036925	-0.046998	-0.026867	0.003353
29.036682	0.033557	-0.046998	-0.023499	0.003353
29.075764	0.026852	-0.046998	-0.023499	0.000000
29.114845	0.023484	-0.050366	-0.023499	0.000000
29.153925	0.020131	-0.050366	-0.023499	0.000000
29.193007	0.016779	-0.053719	-0.023499	-0.003368
29.232088	0.013426	-0.057071	-0.023499	-0.006720
29.271170	0.010058	-0.057071	-0.023499	-0.006720
29.310251	0.010058	-0.057071	-0.023499	-0.006720
29.349333	0.006706	-0.057071	-0.023499	-0.006720
29.388412	0.003353	-0.057071	-0.020146	-0.003368
29.427494	0.000000	-0.060439	-0.016794	0.000000
29.466576	0.000000	-0.060439	-0.016794	0.003353
29.505657	-0.003368	-0.063792	-0.013441	0.006706
29.544739	-0.006720	-0.063792	-0.013441	0.006706
29.583818	-0.010073	-0.063792	-0.016794	0.010058
29.622900	-0.013441	-0.067145	-0.016794	0.010058
29.661982	-0.013441	-0.067145	-0.020146	0.006706
29.701063	-0.016794	-0.070497	-0.020146	0.006706
29.740145	-0.016794	-0.070497	-0.020146	0.006706
29.779226	-0.020146	-0.073865	-0.020146	0.006706
29.818306	-0.023499	-0.073865	-0.020146	0.006706
29.857388	-0.023499	-0.073865	-0.020146	0.006706
29.896469	-0.026867	-0.073865	-0.016794	0.006706
29.935551	-0.030220	-0.077218	-0.016794	0.006706
29.974632	-0.030220	-0.077218	-0.013441	0.010058
30.013714	-0.033572	-0.077218	-0.010073	0.013426
30.052794	-0.033572	-0.077218	-0.010073	0.016779
30.091875	-0.036940	-0.080571	-0.006720	0.016779
30.130957	-0.036940	-0.080571	-0.006720	0.016779
30.170038	-0.040293	-0.083938	-0.010073	0.016779
30.209120	-0.040293	-0.083938	-0.013441	0.020131
30.248201	-0.043646	-0.083938	-0.016794	0.020131
30.287281	-0.043646	-0.087291	-0.020146	0.016779
30.326363	-0.046998	-0.087291	-0.020146	0.016779
30.365444	-0.050366	-0.087291	-0.023499	0.013426
30.404526	-0.053719	-0.087291	-0.026867	0.013426
30.443607	-0.053719	-0.087291	-0.026867	0.013426
30.482689	-0.057071	-0.090644	-0.026867	0.010058
30.521769	-0.057071	-0.090644	-0.023499	0.010058
30.560850	-0.057071	-0.090644	-0.020146	0.010058
30.599932	-0.057071	-0.090644	-0.013441	0.006706
30.639013	-0.057071	-0.090644	-0.010073	0.010058
30.678095	-0.060439	-0.090644	-0.010073	0.010058
30.717175	-0.060439	-0.093997	-0.010073	0.013426
30.756256	-0.063792	-0.093997	-0.006720	0.013426
30.795338	-0.063792	-0.093997	-0.003368	0.013426
30.834419	-0.063792	-0.097364	-0.003368	0.016779
30.873501	-0.063792	-0.097364	-0.006720	0.016779
30.912582	-0.067145	-0.097364	-0.006720	0.016779
30.951662	-0.067145	-0.097364	-0.010073	0.016779
30.990744	-0.070497	-0.097364	-0.010073	0.013426
31.029825	-0.073865	-0.097364	-0.010073	0.010058
31.068907	-0.073865	-0.097364	-0.010073	0.010058
31.107988	-0.077218	-0.100717	-0.013441	0.006706
31.147070	-0.077218	-0.100717	-0.013441	0.006706
31.186150	-0.077218	-0.104070	-0.013441	0.006706
31.225231	-0.080571	-0.104070	-0.010073	0.006706
31.264313	-0.080571	-0.104070	-0.006720	0.006706
31.303394	-0.080571	-0.104070	-0.003368	0.010058
31.342476	-0.083938	-0.104070	0.000000	0.013426
31.381557	-0.083938	-0.107422	0.000000	0.013426
31.420637	-0.083938	-0.107422	-0.003368	0.020131
31.459719	-0.083938	-0.107422	0.000000	0.023484
31.498800	-0.083938	-0.107422	0.003353	0.023484
31.537882	-0.087291	-0.107422	0.003353	0.020131
31.576963	-0.087291	-0.107422	0.000000	0.016779
31.616045	-0.087291	-0.110790	-0.003368	0.010058
31.655125	-0.090644	-0.110790	-0.003368	0.006706
31.694206	-0.090644	-0.110790	-0.003368	0.003353
31.733288	-0.090644	-0.110790	-0.003368	0.003353
31.772369	-0.090644	-0.110790	-0.003368	0.000000
31.811451	-0.093997	-0.114143	-0.006720	0.000000
31.850531	-0.093997	-0.114143	-0.006720	0.000000
31.889612	-0.093997	-0.114143	-0.006720	0.003353
31.928694	-0.093997	-0.114143	-0.006720	0.006706
31.967775	-0.093997	-0.114143	-0.006720	0.006706
32.006855	-0.097364	-0.114143	-0.010073	0.010058
32.045937	-0.097364	-0.114143	-0.010073	0.013426
32.085018	-0.097364	-0.114143	-0.013441	0.013426
32.124100	-0.100717	-0.114143	-0.016794	0.016779
32.163181	-0.100717	-0.114143	-0.020146	0.013426
32.202263	-0.100717	-0.114143	-0.020146	0.010058
32.241344	-0.100717	-0.114143	-0.016794	0.003353
32.280426	-0.104070	-0.117496	-0.013441	-0.003368
32.319508	-0.104070	-0.117496	-0.010073	-0.003368
32.358589	-0.104070	-0.117496	-0.010073	-0.003368
32.397671	-0.107422	-0.117496	-0.006720	-0.006720
32.436749	-0.107422	-0.117496	-0.003368	-0.010073
32.475830	-0.107422	-0.120863	0.000000	-0.010073
32.514912	-0.107422	-0.120863	0.000000	-0.006720
32.553993	-0.107422	-0.120863	0.000000	0.000000
32.593075	-0.107422	-0.117496	0.000000	0.006706
32.632156	-0.107422	-0.117496	0.000000	0.013426
32.671238	-0.110790	-0.117496	0.000000	0.013426
32.710320	-0.110790	-0.117496	0.000000	0.013426
32.749401	-0.110790	-0.117496	-0.003368	0.016779
32.788483	-0.110790	-0.117496	-0.003368	0.020131
32.827564	-0.110790	-0.117496	-0.003368	0.020131
32.866642	-0.110790	-0.117496	-0.003368	0.016779
32.905724	-0.114143	-0.120863	0.000000	0.010058
32.944805	-0.114143	-0.120863	0.000000	0.003353
32.983887	-0.114143	-0.120863	0.003353	0.000000
33.022968	-0.114143	-0.124216	0.006706	-0.003368
33.062050	-0.114143	-0.124216	0.006706	0.000000
33.101131	-0.114143	-0.124216	0.006706	-0.003368
33.140213	-0.114143	-0.124216	0.010058	-0.006720
33.179295	-0.117496	-0.124216	0.013426	-0.006720
33.218376	-0.117496	-0.124216	0.013426	0.000000
33.257458	-0.117496	-0.124216	0.013426	0.010058
33.296539	-0.117496	-0.124216	0.013426	0.016779
33.335617	-0.120863	-0.124216	0.010058	0.016779
33.374699	-0.120863	-0.124216	0.006706	0.016779
33.413780	-0.120863	-0.124216	0.003353	0.020131
33.452862	-0.120863	-0.124216	0.003353	0.020131
33.491943	-0.120863	-0.124216	0.003353	0.020131
33.531025	-0.120863	-0.124216	0.003353	0.020131
33.570107	-0.120863	-0.127569	0.003353	0.016779
33.609188	-0.120863	-0.127569	0.003353	0.010058
33.648270	-0.120863	-0.127569	0.003353	0.003353
33.687351	-0.124216	-0.124216	0.003353	0.006706
33.726433	-0.124216	-0.124216	0.006706	0.010058
33.765514	-0.124216	-0.124216	0.010058	0.013426
33.804592	-0.124216	-0.124216	0.010058	0.013426
33.843674	-0.127569	-0.124216	0.010058	0.013426
33.882755	-0.127569	-0.124216	0.010058	0.016779
33.921837	-0.127569	-0.124216	0.013426	0.016779
33.960918	-0.127569	-0.124216	0.016779	0.016779
