24.983185	109.997246	109.997246	-0.315562	-0.426337
24.992565	109.997246	109.997246	-0.312209	-0.422984
25.001945	109.997246	109.997246	-0.305489	-0.422984
25.011326	109.997246	109.997246	-0.298783	-0.419632
25.020706	109.997246	109.997246	-0.295416	-0.416264
25.030088	109.997246	109.997246	-0.295416	-0.419632
25.039469	109.997246	109.997246	-0.298783	-0.426337
25.048849	109.997246	109.997246	-0.302136	-0.436410
25.058229	109.997246	109.997246	-0.308841	-0.446483
25.067612	109.997246	109.997246	-0.315562	-0.453189
25.076992	109.997246	109.997246	-0.325635	-0.456557
25.086372	109.997246	109.997246	-0.335708	-0.453189
25.095753	109.997246	109.997246	-0.339061	-0.449836
25.105135	109.997246	109.997246	-0.339061	-0.446483
25.114515	109.997246	109.997246	-0.328988	-0.443131
25.123896	109.997246	109.997246	-0.322267	-0.439763
25.133276	109.997246	109.997246	-0.318915	-0.439763
25.142656	109.997246	109.997246	-0.322267	-0.439763
25.152039	109.997246	109.997246	-0.325635	-0.449836
25.161419	109.997246	109.997246	-0.325635	-0.456557
25.170799	109.997246	109.997246	-0.325635	-0.463262
25.180180	109.997246	109.997246	-0.325635	-0.466630
25.189562	109.997246	109.997246	-0.325635	-0.473335
25.198942	109.997246	109.997246	-0.328988	-0.483409
25.208323	109.997246	109.997246	-0.335708	-0.493482
25.217703	109.997246	109.997246	-0.342414	-0.506908
25.227083	109.997246	109.997246	-0.345767	-0.516981
25.236465	109.997246	109.997246	-0.345767	-0.527054
25.245846	109.997246	109.997246	-0.345767	-0.530407
25.255226	109.997246	109.997246	-0.349134	-0.527054
25.264606	109.997246	109.997246	-0.355840	-0.520334
25.273989	109.997246	109.997246	-0.362560	-0.516981
25.283369	109.997246	109.997246	-0.365913	-0.513628
25.292749	109.997246	109.997246	-0.365913	-0.510260
25.302130	109.997246	109.997246	-0.365913	-0.506908
25.311510	109.997246	109.997246	-0.365913	-0.506908
25.320892	109.997246	109.997246	-0.369266	-0.506908
25.330273	109.997246	109.997246	-0.375986	-0.506908
25.339653	109.997246	109.997246	-0.382707	-0.513628
25.349033	109.997246	109.997246	-0.389412	-0.520334
25.358416	109.997246	109.997246	-0.396132	-0.523686
25.367796	109.997246	109.997246	-0.402838	-0.530407
25.377176	109.997246	109.997246	-0.409558	-0.533760
25.386557	109.997246	109.997246	-0.412911	-0.540480
25.395937	109.997246	109.997246	-0.409558	-0.543833
25.405319	109.997246	109.997246	-0.409558	-0.547186
25.414700	109.997246	109.997246	-0.406206	-0.550553
25.424080	109.997246	109.997246	-0.406206	-0.550553
25.433460	109.997246	109.997246	-0.402838	-0.543833
25.442842	109.997246	109.997246	-0.402838	-0.533760
25.452223	109.997246	109.997246	-0.396132	-0.527054
25.461603	109.997246	109.997246	-0.389412	-0.527054
25.470984	109.997246	109.997246	-0.389412	-0.533760
25.480366	109.997246	109.997246	-0.396132	-0.540480
25.489746	109.997246	109.997246	-0.406206	-0.550553
25.499126	109.997246	109.997246	-0.416264	-0.560611
25.508507	109.997246	109.997246	-0.419632	-0.563979
25.517887	109.997246	109.997246	-0.426337	-0.567332
25.527269	109.997246	109.997246	-0.436410	-0.567332
25.536650	109.997246	109.997246	-0.439763	-0.563979
25.546030	109.997246	109.997246	-0.439763	-0.557259
25.555410	109.997246	109.997246	-0.429690	-0.547186
25.564793	109.997246	109.997246	-0.419632	-0.543833
25.574173	109.997246	109.997246	-0.409558	-0.540480
25.583553	109.997246	109.997246	-0.402838	-0.540480
25.592934	109.997246	109.997246	-0.402838	-0.540480
25.602314	109.997246	109.997246	-0.399485	-0.543833
25.611696	109.997246	109.997246	-0.396132	-0.547186
25.621077	109.997246	109.997246	-0.392765	-0.547186
25.630457	109.997246	109.997246	-0.389412	-0.550553
25.639837	109.997246	109.997246	-0.389412	-0.550553
25.649220	109.997246	109.997246	-0.392765	-0.550553
25.658600	109.997246	109.997246	-0.399485	-0.547186
25.667980	109.997246	109.997246	-0.406206	-0.547186
25.677361	109.997246	109.997246	-0.412911	-0.543833
25.686741	109.997246	109.997246	-0.416264	-0.543833
25.696123	109.997246	109.997246	-0.412911	-0.543833
25.705503	109.997246	109.997246	-0.409558	-0.547186
25.714884	109.997246	109.997246	-0.406206	-0.550553
25.724264	109.997246	109.997246	-0.409558	-0.550553
25.733646	109.997246	109.997246	-0.416264	-0.547186
25.743027	109.997246	109.997246	-0.419632	-0.547186
25.752407	109.997246	109.997246	-0.422984	-0.553906
25.761787	109.997246	109.997246	-0.422984	-0.560611
25.771168	109.997246	109.997246	-0.422984	-0.567332
25.780550	109.997246	109.997246	-0.429690	-0.570685
25.789930	109.997246	109.997246	-0.436410	-0.570685
25.799311	109.997246	109.997246	-0.443131	-0.574052
25.808691	109.997246	109.997246	-0.453189	-0.574052
25.818073	109.997246	109.997246	-0.463262	-0.577405
25.827454	109.997246	109.997246	-0.473335	-0.580758
25.836834	109.997246	109.997246	-0.480056	-0.577405
25.846214	109.997246	109.997246	-0.486761	-0.574052
25.855597	109.997246	109.997246	-0.490129	-0.567332
25.864977	109.997246	109.997246	-0.486761	-0.560611
25.874357	109.997246	109.997246	-0.476688	-0.553906
25.883738	109.997246	109.997246	-0.469983	-0.550553
25.893118	109.997246	109.997246	-0.459909	-0.550553
25.902500	109.997246	109.997246	-0.449836	-0.553906
25.911880	109.997246	109.997246	-0.439763	-0.560611
25.921261	109.997246	109.997246	-0.439763	-0.557259
25.930641	109.997246	109.997246	-0.443131	-0.550553
25.940023	109.997246	109.997246	-0.449836	-0.547186
25.949404	109.997246	109.997246	-0.463262	-0.550553
25.958784	109.997246	109.997246	-0.480056	-0.557259
25.968164	109.997246	109.997246	-0.490129	-0.563979
25.977545	109.997246	109.997246	-0.493482	-0.560611
25.986927	109.997246	109.997246	-0.493482	-0.560611
25.996307	109.997246	109.997246	-0.490129	-0.560611
26.005688	109.997246	109.997246	-0.480056	-0.563979
26.015068	109.997246	109.997246	-0.473335	-0.567332
26.024450	109.997246	109.997246	-0.466630	-0.567332
26.033831	109.997246	109.997246	-0.463262	-0.567332
26.043211	109.997246	109.997246	-0.456557	-0.570685
26.052591	109.997246	109.997246	-0.453189	-0.574052
26.061972	109.997246	109.997246	-0.449836	-0.574052
26.071354	109.997246	109.997246	-0.453189	-0.567332
26.080734	109.997246	109.997246	-0.459909	-0.563979
26.090115	109.997246	109.997246	-0.466630	-0.560611
26.099495	109.997246	109.997246	-0.466630	-0.567332
26.108877	109.997246	109.997246	-0.466630	-0.574052
26.118258	109.997246	109.997246	-0.469983	-0.580758
26.127638	109.997246	109.997246	-0.480056	-0.584111
26.137018	109.997246	109.997246	-0.490129	-0.584111
26.146399	109.997246	109.997246	-0.500187	-0.580758
26.155781	109.997246	109.997246	-0.503555	-0.584111
26.165161	109.997246	109.997246	-0.496835	-0.587478
26.174541	109.997246	109.997246	-0.490129	-0.594184
26.183922	109.997246	109.997246	-0.480056	-0.594184
26.193304	109.997246	109.997246	-0.473335	-0.590831
26.202684	109.997246	109.997246	-0.473335	-0.590831
26.212065	109.997246	109.997246	-0.473335	-0.590831
26.221445	109.997246	109.997246	-0.476688	-0.590831
26.230827	109.997246	109.997246	-0.483409	-0.584111
26.240208	109.997246	109.997246	-0.490129	-0.577405
26.249588	109.997246	109.997246	-0.500187	-0.574052
26.258968	109.997246	109.997246	-0.506908	-0.567332
26.268349	109.997246	109.997246	-0.510260	-0.567332
26.277731	109.997246	109.997246	-0.510260	-0.570685
26.287111	109.997246	109.997246	-0.510260	-0.574052
26.296492	109.997246	109.997246	-0.503555	-0.580758
26.305872	109.997246	109.997246	-0.496835	-0.584111
26.315254	109.997246	109.997246	-0.490129	-0.584111
26.324635	109.997246	109.997246	-0.483409	-0.580758
26.334015	109.997246	109.997246	-0.476688	-0.574052
26.343395	109.997246	109.997246	-0.473335	-0.570685
26.352776	109.997246	109.997246	-0.466630	-0.563979
26.362158	109.997246	109.997246	-0.469983	-0.557259
26.371538	109.997246	109.997246	-0.476688	-0.547186
26.380919	109.997246	109.997246	-0.483409	-0.540480
26.390299	109.997246	109.997246	-0.493482	-0.537112
26.399681	109.997246	109.997246	-0.506908	-0.537112
26.409061	109.997246	109.997246	-0.516981	-0.540480
26.418442	109.997246	109.997246	-0.527054	-0.540480
26.427822	109.997246	109.997246	-0.533760	-0.540480
26.437202	109.997246	109.997246	-0.540480	-0.540480
26.446585	109.997246	109.997246	-0.543833	-0.543833
26.455965	109.997246	109.997246	-0.547186	-0.550553
26.465345	109.997246	109.997246	-0.547186	-0.557259
26.474726	109.997246	109.997246	-0.537112	-0.560611
26.484108	109.997246	109.997246	-0.530407	-0.563979
26.493488	109.997246	109.997246	-0.523686	-0.563979
26.502869	109.997246	109.997246	-0.523686	-0.560611
26.512249	109.997246	109.997246	-0.523686	-0.560611
26.521631	109.997246	109.997246	-0.527054	-0.560611
26.531012	109.997246	109.997246	-0.530407	-0.553906
26.540392	109.997246	109.997246	-0.537112	-0.547186
26.549772	109.997246	109.997246	-0.540480	-0.537112
26.559153	109.997246	109.997246	-0.540480	-0.530407
26.568535	109.997246	109.997246	-0.543833	-0.530407
26.577915	109.997246	109.997246	-0.540480	-0.530407
26.587296	109.997246	109.997246	-0.537112	-0.530407
26.596676	109.997246	109.997246	-0.527054	-0.530407
26.606058	109.997246	109.997246	-0.523686	-0.533760
26.615438	109.997246	109.997246	-0.523686	-0.540480
26.624819	109.997246	109.997246	-0.527054	-0.540480
26.634199	109.997246	109.997246	-0.530407	-0.540480
26.643579	109.997246	109.997246	-0.530407	-0.540480
26.652962	109.997246	109.997246	-0.533760	-0.540480
26.662342	109.997246	109.997246	-0.533760	-0.540480
26.671722	109.997246	109.997246	-0.533760	-0.537112
26.681103	109.997246	109.997246	-0.537112	-0.530407
26.690485	109.997246	109.997246	-0.537112	-0.520334
26.699865	109.997246	109.997246	-0.540480	-0.513628
26.709246	109.997246	109.997246	-0.547186	-0.510260
26.718626	109.997246	109.997246	-0.553906	-0.513628
26.728006	109.997246	109.997246	-0.553906	-0.513628
26.737389	109.997246	109.997246	-0.550553	-0.510260
26.746769	109.997246	109.997246	-0.547186	-0.506908
26.756149	109.997246	109.997246	-0.543833	-0.503555
26.765530	109.997246	109.997246	-0.543833	-0.500187
26.774912	109.997246	109.997246	-0.543833	-0.496835
26.784292	109.997246	109.997246	-0.543833	-0.493482
26.793673	109.997246	109.997246	-0.543833	-0.496835
26.803053	109.997246	109.997246	-0.543833	-0.496835
26.812433	109.997246	109.997246	-0.543833	-0.506908
26.821815	109.997246	109.997246	-0.547186	-0.513628
26.831196	109.997246	109.997246	-0.543833	-0.516981
26.840576	109.997246	109.997246	-0.537112	-0.516981
26.849957	109.997246	109.997246	-0.533760	-0.513628
26.859339	109.997246	109.997246	-0.540480	-0.506908
26.868719	109.997246	109.997246	-0.547186	-0.496835
26.878099	109.997246	109.997246	-0.553906	-0.490129
26.887480	109.997246	109.997246	-0.557259	-0.490129
26.896862	109.997246	109.997246	-0.557259	-0.493482
26.906242	109.997246	109.997246	-0.560611	-0.500187
26.915623	109.997246	109.997246	-0.563979	-0.503555
26.925003	109.997246	109.997246	-0.567332	-0.506908
26.934383	109.997246	109.997246	-0.570685	-0.513628
26.943766	109.997246	109.997246	-0.574052	-0.520334
26.953146	109.997246	109.997246	-0.574052	-0.527054
26.962526	109.997246	109.997246	-0.570685	-0.527054
26.971907	109.997246	109.997246	-0.570685	-0.523686
26.981289	109.997246	109.997246	-0.577405	-0.516981
26.990669	109.997246	109.997246	-0.584111	-0.513628
27.000050	109.997246	109.997246	-0.587478	-0.510260
27.009430	109.997246	109.997246	-0.594184	-0.506908
27.018810	109.997246	109.997246	-0.597551	-0.510260
27.028193	109.997246	109.997246	-0.600904	-0.520334
27.037573	109.997246	109.997246	-0.604257	-0.527054
27.046953	109.997246	109.997246	-0.604257	-0.530407
27.056334	109.997246	109.997246	-0.604257	-0.537112
27.065716	109.997246	109.997246	-0.604257	-0.543833
27.075096	109.997246	109.997246	-0.597551	-0.547186
27.084476	109.997246	109.997246	-0.594184	-0.550553
27.093857	109.997246	109.997246	-0.587478	-0.550553
27.103237	109.997246	109.997246	-0.577405	-0.553906
27.112619	109.997246	109.997246	-0.574052	-0.553906
27.122000	109.997246	109.997246	-0.570685	-0.553906
27.131380	109.997246	109.997246	-0.574052	-0.550553
27.140760	109.997246	109.997246	-0.574052	-0.550553
27.150143	109.997246	109.997246	-0.577405	-0.543833
27.159523	109.997246	109.997246	-0.584111	-0.537112
27.168903	109.997246	109.997246	-0.590831	-0.527054
27.178284	109.997246	109.997246	-0.587478	-0.520334
27.187664	109.997246	109.997246	-0.584111	-0.520334
27.197046	109.997246	109.997246	-0.584111	-0.520334
27.206427	109.997246	109.997246	-0.594184	-0.516981
27.215807	109.997246	109.997246	-0.604257	-0.516981
27.225187	109.997246	109.997246	-0.610977	-0.516981
27.234570	109.997246	109.997246	-0.614330	-0.520334
27.243950	109.997246	109.997246	-0.614330	-0.523686
27.253330	109.997246	109.997246	-0.614330	-0.533760
27.262711	109.997246	109.997246	-0.614330	-0.540480
27.272093	109.997246	109.997246	-0.617683	-0.543833
27.281473	109.997246	109.997246	-0.621051	-0.540480
27.290854	109.997246	109.997246	-0.621051	-0.533760
27.300234	109.997246	109.997246	-0.617683	-0.527054
27.309614	109.997246	109.997246	-0.614330	-0.527054
27.318996	109.997246	109.997246	-0.604257	-0.523686
27.328377	109.997246	109.997246	-0.594184	-0.523686
27.337757	109.997246	109.997246	-0.584111	-0.527054
27.347137	109.997246	109.997246	-0.577405	-0.540480
27.356520	109.997246	109.997246	-0.574052	-0.553906
27.365900	109.997246	109.997246	-0.574052	-0.560611
27.375280	109.997246	109.997246	-0.574052	-0.563979
27.384661	109.997246	109.997246	-0.574052	-0.560611
27.394041	109.997246	109.997246	-0.580758	-0.557259
27.403423	109.997246	109.997246	-0.584111	-0.557259
27.412804	109.997246	109.997246	-0.587478	-0.557259
27.422184	109.997246	109.997246	-0.590831	-0.553906
27.431564	109.997246	109.997246	-0.594184	-0.547186
27.440947	109.997246	109.997246	-0.600904	-0.537112
27.450327	109.997246	109.997246	-0.610977	-0.527054
27.459707	109.997246	109.997246	-0.617683	-0.520334
27.469088	109.997246	109.997246	-0.621051	-0.520334
27.478468	109.997246	109.997246	-0.617683	-0.520334
27.487850	109.997246	109.997246	-0.610977	-0.516981
27.497231	109.997246	109.997246	-0.607610	-0.520334
27.506611	109.997246	109.997246	-0.600904	-0.527054
27.515991	109.997246	109.997246	-0.590831	-0.537112
27.525373	109.997246	109.997246	-0.584111	-0.547186
27.534754	109.997246	109.997246	-0.577405	-0.550553
27.544134	109.997246	109.997246	-0.574052	-0.550553
27.553514	109.997246	109.997246	-0.574052	-0.550553
27.562895	109.997246	109.997246	-0.577405	-0.547186
27.572277	109.997246	109.997246	-0.584111	-0.547186
27.581657	109.997246	109.997246	-0.590831	-0.543833
27.591038	109.997246	109.997246	-0.600904	-0.540480
27.600418	109.997246	109.997246	-0.600904	-0.537112
27.609800	109.997246	109.997246	-0.604257	-0.530407
27.619181	109.997246	109.997246	-0.604257	-0.520334
27.628561	109.997246	109.997246	-0.600904	-0.513628
27.637941	109.997246	109.997246	-0.594184	-0.506908
27.647324	109.997246	109.997246	-0.590831	-0.506908
27.656704	109.997246	109.997246	-0.590831	-0.510260
27.666084	109.997246	109.997246	-0.594184	-0.513628
27.675465	109.997246	109.997246	-0.597551	-0.527054
27.684845	109.997246	109.997246	-0.594184	-0.540480
27.694227	109.997246	109.997246	-0.597551	-0.550553
27.703608	109.997246	109.997246	-0.604257	-0.557259
27.712988	109.997246	109.997246	-0.610977	-0.557259
27.722368	109.997246	109.997246	-0.614330	-0.557259
27.731750	109.997246	109.997246	-0.607610	-0.550553
27.741131	109.997246	109.997246	-0.597551	-0.543833
27.750511	109.997246	109.997246	-0.587478	-0.537112
27.759892	109.997246	109.997246	-0.580758	-0.527054
27.769272	109.997246	109.997246	-0.574052	-0.523686
27.778654	109.997246	109.997246	-0.570685	-0.523686
27.788034	109.997246	109.997246	-0.567332	-0.527054
27.797415	109.997246	109.997246	-0.563979	-0.533760
27.806795	109.997246	109.997246	-0.567332	-0.533760
27.816177	109.997246	109.997246	-0.574052	-0.530407
27.825558	109.997246	109.997246	-0.577405	-0.530407
27.834938	109.997246	109.997246	-0.584111	-0.527054
27.844318	109.997246	109.997246	-0.584111	-0.527054
27.853699	109.997246	109.997246	-0.584111	-0.533760
27.863081	109.997246	109.997246	-0.584111	-0.537112
27.872461	109.997246	109.997246	-0.584111	-0.533760
27.881842	109.997246	109.997246	-0.580758	-0.530407
27.891222	109.997246	109.997246	-0.577405	-0.523686
27.900604	109.997246	109.997246	-0.574052	-0.520334
27.909985	109.997246	109.997246	-0.574052	-0.513628
27.919365	109.997246	109.997246	-0.574052	-0.506908
27.928745	109.997246	109.997246	-0.574052	-0.496835
27.938128	109.997246	109.997246	-0.574052	-0.486761
27.947508	109.997246	109.997246	-0.577405	-0.486761
27.956888	109.997246	109.997246	-0.580758	-0.493482
27.966269	109.997246	109.997246	-0.580758	-0.503555
27.975649	109.997246	109.997246	-0.584111	-0.506908
27.985031	109.997246	109.997246	-0.587478	-0.513628
27.994411	109.997246	109.997246	-0.594184	-0.513628
28.003792	109.997246	109.997246	-0.600904	-0.510260
28.013172	109.997246	109.997246	-0.600904	-0.506908
28.022554	109.997246	109.997246	-0.597551	-0.500187
28.031935	109.997246	109.997246	-0.590831	-0.496835
28.041315	109.997246	109.997246	-0.587478	-0.490129
28.050695	109.997246	109.997246	-0.580758	-0.490129
28.060076	109.997246	109.997246	-0.577405	-0.483409
28.069458	109.997246	109.997246	-0.570685	-0.476688
28.078838	109.997246	109.997246	-0.560611	-0.469983
28.088219	109.997246	109.997246	-0.550553	-0.469983
28.097599	109.997246	109.997246	-0.543833	-0.469983
28.106981	109.997246	109.997246	-0.543833	-0.476688
28.116362	109.997246	109.997246	-0.543833	-0.486761
28.125742	109.997246	109.997246	-0.547186	-0.493482
28.135122	109.997246	109.997246	-0.547186	-0.496835
28.144503	109.997246	109.997246	-0.543833	-0.493482
28.153885	109.997246	109.997246	-0.537112	-0.486761
28.163265	109.997246	109.997246	-0.530407	-0.480056
28.172646	109.997246	109.997246	-0.530407	-0.473335
28.182026	109.997246	109.997246	-0.527054	-0.466630
28.191408	109.997246	109.997246	-0.527054	-0.463262
28.200788	109.997246	109.997246	-0.527054	-0.463262
28.210169	109.997246	109.997246	-0.527054	-0.466630
28.219549	109.997246	109.997246	-0.530407	-0.466630
28.228930	109.997246	109.997246	-0.533760	-0.463262
28.238312	109.997246	109.997246	-0.537112	-0.456557
28.247692	109.997246	109.997246	-0.543833	-0.453189
28.257072	109.997246	109.997246	-0.547186	-0.449836
28.266453	109.997246	109.997246	-0.547186	-0.449836
28.275835	109.997246	109.997246	-0.550553	-0.456557
28.285215	109.997246	109.997246	-0.553906	-0.469983
28.294596	109.997246	109.997246	-0.557259	-0.480056
28.303976	109.997246	109.997246	-0.560611	-0.483409
28.313358	109.997246	109.997246	-0.567332	-0.483409
28.322739	109.997246	109.997246	-0.570685	-0.483409
28.332119	109.997246	109.997246	-0.570685	-0.480056
28.341499	109.997246	109.997246	-0.570685	-0.473335
28.350880	109.997246	109.997246	-0.570685	-0.469983
28.360262	109.997246	109.997246	-0.570685	-0.466630
28.369642	109.997246	109.997246	-0.570685	-0.469983
28.379023	109.997246	109.997246	-0.570685	-0.473335
28.388403	109.997246	109.997246	-0.567332	-0.476688
28.397785	109.997246	109.997246	-0.563979	-0.480056
28.407166	109.997246	109.997246	-0.557259	-0.480056
28.416546	109.997246	109.997246	-0.550553	-0.476688
28.425926	109.997246	109.997246	-0.550553	-0.469983
28.435307	109.997246	109.997246	-0.550553	-0.463262
28.444689	109.997246	109.997246	-0.553906	-0.463262
28.454069	109.997246	109.997246	-0.553906	-0.466630
28.463449	109.997246	109.997246	-0.557259	-0.469983
28.472830	109.997246	109.997246	-0.560611	-0.466630
28.482212	109.997246	109.997246	-0.570685	-0.463262
28.491592	109.997246	109.997246	-0.580758	-0.456557
28.500973	109.997246	109.997246	-0.587478	-0.449836
28.510353	109.997246	109.997246	-0.584111	-0.446483
28.519733	109.997246	109.997246	-0.580758	-0.446483
28.529116	109.997246	109.997246	-0.574052	-0.449836
28.538496	109.997246	109.997246	-0.567332	-0.453189
28.547876	109.997246	109.997246	-0.567332	-0.456557
28.557257	109.997246	109.997246	-0.567332	-0.453189
28.566639	109.997246	109.997246	-0.570685	-0.439763
28.576019	109.997246	109.997246	-0.570685	-0.433058
28.585400	109.997246	109.997246	-0.574052	-0.426337
28.594780	109.997246	109.997246	-0.577405	-0.422984
28.604160	109.997246	109.997246	-0.577405	-0.419632
28.613543	109.997246	109.997246	-0.577405	-0.412911
28.622923	109.997246	109.997246	-0.577405	-0.409558
28.632303	109.997246	109.997246	-0.574052	-0.406206
28.641684	109.997246	109.997246	-0.567332	-0.409558
28.651066	109.997246	109.997246	-0.563979	-0.412911
28.660446	109.997246	109.997246	-0.563979	-0.416264
28.669827	109.997246	109.997246	-0.563979	-0.422984
28.679207	109.997246	109.997246	-0.563979	-0.426337
28.688589	109.997246	109.997246	-0.560611	-0.429690
28.697969	109.997246	109.997246	-0.553906	-0.429690
28.707350	109.997246	109.997246	-0.550553	-0.426337
28.716730	109.997246	109.997246	-0.550553	-0.422984
28.726110	109.997246	109.997246	-0.550553	-0.416264
28.735493	109.997246	109.997246	-0.553906	-0.416264
28.744873	109.997246	109.997246	-0.557259	-0.419632
28.754253	109.997246	109.997246	-0.553906	-0.419632
28.763634	109.997246	109.997246	-0.547186	-0.416264
28.773016	109.997246	109.997246	-0.547186	-0.409558
28.782396	109.997246	109.997246	-0.547186	-0.406206
28.791777	109.997246	109.997246	-0.537112	-0.402838
28.801157	109.997246	109.997246	-0.527054	-0.399485
28.810537	109.997246	109.997246	-0.516981	-0.389412
28.819920	109.997246	109.997246	-0.513628	-0.379339
28.829300	109.997246	109.997246	-0.510260	-0.372633
28.838680	109.997246	109.997246	-0.510260	-0.365913
28.848061	109.997246	109.997246	-0.510260	-0.362560
28.857443	109.997246	109.997246	-0.510260	-0.359207
28.866823	109.997246	109.997246	-0.506908	-0.349134
28.876204	109.997246	109.997246	-0.510260	-0.342414
28.885584	109.997246	109.997246	-0.510260	-0.332341
28.894964	109.997246	109.997246	-0.516981	-0.325635
28.904346	109.997246	109.997246	-0.520334	-0.315562
28.913727	109.997246	109.997246	-0.527054	-0.305489
28.923107	109.997246	109.997246	-0.530407	-0.298783
28.932487	109.997246	109.997246	-0.533760	-0.292063
28.941870	109.997246	109.997246	-0.533760	-0.285342
28.951250	109.997246	109.997246	-0.530407	-0.278637
28.960630	109.997246	109.997246	-0.523686	-0.265211
28.970011	109.997246	109.997246	-0.520334	-0.251785
28.979391	109.997246	109.997246	-0.516981	-0.234991
28.988773	109.997246	109.997246	-0.516981	-0.224918
28.998154	109.997246	109.997246	-0.513628	-0.221565
29.007534	109.997246	109.997246	-0.510260	-0.218213
29.016914	109.997246	109.997246	-0.503555	-0.204787
29.026297	109.997246	109.997246	-0.500187	-0.187993
29.035677	109.997246	109.997246	-0.496835	-0.164494
29.045057	109.997246	109.997246	-0.490129	-0.140995
29.054438	109.997246	109.997246	-0.483409	-0.110790
29.063820	109.997246	109.997246	-0.476688	-0.080571
29.073200	109.997246	109.997246	-0.473335	-0.050366
29.082581	109.997246	109.997246	-0.466630	-0.016794
29.091961	109.997246	109.997246	-0.453189	0.020131
29.101341	109.997246	109.997246	-0.443131	0.067130
29.110723	109.997246	109.997246	-0.433058	0.120848
29.120104	109.997246	109.997246	-0.422984	0.181273
29.129484	109.997246	109.997246	-0.416264	0.251770
29.138865	109.997246	109.997246	-0.416264	0.332326
29.148247	109.997246	109.997246	-0.416264	0.426322
29.157627	109.997246	109.997246	-0.416264	0.537112
29.167007	109.997246	109.997246	-0.416264	0.654593
29.176388	109.997246	109.997246	-0.409558	0.775442
29.185768	109.997246	109.997246	-0.396132	0.896305
29.195150	109.997246	109.997246	-0.382707	1.010433
29.204531	109.997246	109.997246	-0.365913	1.101077
29.213911	109.997246	109.997246	-0.352487	1.164854
29.223291	109.997246	109.997246	-0.339061	1.191705
29.232674	109.997246	109.997246	-0.322267	1.171574
29.242054	109.997246	109.997246	-0.305489	1.114503
29.251434	109.997246	109.997246	-0.281990	1.023859
29.260815	109.997246	109.997246	-0.258490	0.906363
29.270195	109.997246	109.997246	-0.238344	0.778809
29.279577	109.997246	109.997246	-0.214845	0.647888
29.288958	109.997246	109.997246	-0.187993	0.516966
29.298338	109.997246	109.997246	-0.151068	0.402823
29.307718	109.997246	109.997246	-0.107422	0.298768
29.317101	109.997246	109.997246	-0.050366	0.208125
29.326481	109.997246	109.997246	0.006706	0.134274
29.335861	109.997246	109.997246	0.077203	0.070482
29.345242	109.997246	109.997246	0.157773	0.016779
29.354624	109.997246	109.997246	0.248402	-0.026867
29.364004	109.997246	109.997246	0.362545	-0.063792
29.373384	109.997246	109.997246	0.493467	-0.100717
29.382765	109.997246	109.997246	0.644535	-0.134289
29.392145	109.997246	109.997246	0.802308	-0.167862
29.401527	109.997246	109.997246	0.956729	-0.201419
29.410908	109.997246	109.997246	1.094356	-0.234991
29.420288	109.997246	109.997246	1.198426	-0.261843
29.429668	109.997246	109.997246	1.255497	-0.278637
29.439051	109.997246	109.997246	1.262203	-0.295416
29.448431	109.997246	109.997246	1.221925	-0.305489
29.457811	109.997246	109.997246	1.141354	-0.315562
29.467192	109.997246	109.997246	1.027226	-0.325635
29.476572	109.997246	109.997246	0.859380	-0.339061
29.485954	109.997246	109.997246	0.718385	-0.349134
29.495335	109.997246	109.997246	0.587463	-0.362560
29.504715	109.997246	109.997246	0.459895	-0.375986
29.514095	109.997246	109.997246	0.345752	-0.392765
29.523478	109.997246	109.997246	0.241697	-0.406206
29.532858	109.997246	109.997246	0.154406	-0.416264
29.542238	109.997246	109.997246	0.073850	-0.426337
29.551619	109.997246	109.997246	0.006706	-0.439763
29.560999	109.997246	109.997246	-0.053719	-0.449836
29.570381	109.997246	109.997246	-0.104070	-0.456557
29.579762	109.997246	109.997246	-0.147715	-0.459909
29.589142	109.997246	109.997246	-0.181288	-0.459909
29.598522	109.997246	109.997246	-0.204787	-0.456557
29.607904	109.997246	109.997246	-0.224918	-0.453189
29.617285	109.997246	109.997246	-0.245064	-0.456557
29.626665	109.997246	109.997246	-0.265211	-0.453189
29.636045	109.997246	109.997246	-0.288710	-0.449836
29.645426	109.997246	109.997246	-0.308841	-0.449836
29.654808	109.997246	109.997246	-0.325635	-0.449836
29.664188	109.997246	109.997246	-0.335708	-0.449836
29.673569	109.997246	109.997246	-0.345767	-0.453189
29.682949	109.997246	109.997246	-0.352487	-0.453189
29.692331	109.997246	109.997246	-0.362560	-0.459909
29.701712	109.997246	109.997246	-0.372633	-0.469983
29.711092	109.997246	109.997246	-0.386059	-0.480056
29.720472	109.997246	109.997246	-0.396132	-0.486761
29.729855	109.997246	109.997246	-0.409558	-0.490129
29.739235	109.997246	109.997246	-0.422984	-0.483409
29.748615	109.997246	109.997246	-0.433058	-0.480056
29.757996	109.997246	109.997246	-0.436410	-0.483409
29.767376	109.997246	109.997246	-0.436410	-0.486761
29.776758	109.997246	109.997246	-0.439763	-0.493482
29.786139	109.997246	109.997246	-0.443131	-0.496835
29.795519	109.997246	109.997246	-0.446483	-0.506908
29.804899	109.997246	109.997246	-0.453189	-0.513628
29.814281	109.997246	109.997246	-0.459909	-0.520334
29.823662	109.997246	109.997246	-0.469983	-0.523686
29.833042	109.997246	109.997246	-0.480056	-0.530407
29.842422	109.997246	109.997246	-0.490129	-0.533760
29.851803	109.997246	109.997246	-0.496835	-0.537112
29.861185	109.997246	109.997246	-0.506908	-0.537112
29.870565	109.997246	109.997246	-0.516981	-0.540480
29.879946	109.997246	109.997246	-0.520334	-0.547186
29.889326	109.997246	109.997246	-0.520334	-0.557259
29.898708	109.997246	109.997246	-0.523686	-0.560611
29.908089	109.997246	109.997246	-0.527054	-0.560611
29.917469	109.997246	109.997246	-0.533760	-0.560611
29.926849	109.997246	109.997246	-0.540480	-0.557259
29.936230	109.997246	109.997246	-0.547186	-0.553906
29.945612	109.997246	109.997246	-0.550553	-0.553906
29.954992	109.997246	109.997246	-0.550553	-0.557259
29.964373	109.997246	109.997246	-0.547186	-0.567332
29.973753	109.997246	109.997246	-0.543833	-0.577405
29.983135	109.997246	109.997246	-0.537112	-0.584111
29.992516	109.997246	109.997246	-0.540480	-0.594184
30.001896	109.997246	109.997246	-0.547186	-0.594184
30.011276	109.997246	109.997246	-0.550553	-0.597551
30.020657	109.997246	109.997246	-0.553906	-0.597551
30.030039	109.997246	109.997246	-0.557259	-0.597551
30.039419	109.997246	109.997246	-0.557259	-0.597551
30.048800	109.997246	109.997246	-0.557259	-0.597551
30.058180	109.997246	109.997246	-0.563979	-0.597551
30.067562	109.997246	109.997246	-0.567332	-0.594184
30.076942	109.997246	109.997246	-0.567332	-0.590831
30.086323	109.997246	109.997246	-0.567332	-0.590831
30.095703	109.997246	109.997246	-0.567332	-0.590831
30.105085	109.997246	109.997246	-0.563979	-0.587478
30.114466	109.997246	109.997246	-0.563979	-0.584111
30.123846	109.997246	109.997246	-0.563979	-0.577405
30.133226	109.997246	109.997246	-0.570685	-0.577405
30.142607	109.997246	109.997246	-0.577405	-0.580758
30.151989	109.997246	109.997246	-0.580758	-0.584111
30.161369	109.997246	109.997246	-0.584111	-0.587478
30.170750	109.997246	109.997246	-0.587478	-0.587478
30.180130	109.997246	109.997246	-0.594184	-0.584111
30.189512	109.997246	109.997246	-0.600904	-0.584111
30.198893	109.997246	109.997246	-0.607610	-0.587478
30.208273	109.997246	109.997246	-0.610977	-0.590831
30.217653	109.997246	109.997246	-0.614330	-0.594184
30.227034	109.997246	109.997246	-0.614330	-0.597551
30.236416	109.997246	109.997246	-0.610977	-0.604257
30.245796	109.997246	109.997246	-0.607610	-0.607610
30.255177	109.997246	109.997246	-0.607610	-0.610977
30.264557	109.997246	109.997246	-0.604257	-0.607610
30.273939	109.997246	109.997246	-0.600904	-0.604257
30.283319	109.997246	109.997246	-0.600904	-0.607610
30.292700	109.997246	109.997246	-0.597551	-0.607610
30.302080	109.997246	109.997246	-0.597551	-0.604257
30.311460	109.997246	109.997246	-0.594184	-0.600904
30.320843	109.997246	109.997246	-0.590831	-0.600904
30.330223	109.997246	109.997246	-0.587478	-0.604257
30.339603	109.997246	109.997246	-0.584111	-0.610977
30.348984	109.997246	109.997246	-0.580758	-0.614330
30.358366	109.997246	109.997246	-0.580758	-0.617683
30.367746	109.997246	109.997246	-0.584111	-0.621051
30.377127	109.997246	109.997246	-0.590831	-0.624403
30.386507	109.997246	109.997246	-0.597551	-0.624403
30.395887	109.997246	109.997246	-0.604257	-0.621051
30.405270	109.997246	109.997246	-0.607610	-0.621051
30.414650	109.997246	109.997246	-0.610977	-0.624403
30.424030	109.997246	109.997246	-0.610977	-0.627756
30.433411	109.997246	109.997246	-0.610977	-0.631109
30.442793	109.997246	109.997246	-0.607610	-0.631109
30.452173	109.997246	109.997246	-0.604257	-0.631109
30.461554	109.997246	109.997246	-0.600904	-0.631109
30.470934	109.997246	109.997246	-0.597551	-0.627756
30.480316	109.997246	109.997246	-0.594184	-0.624403
30.489697	109.997246	109.997246	-0.597551	-0.621051
30.499077	109.997246	109.997246	-0.600904	-0.621051
30.508457	109.997246	109.997246	-0.600904	-0.624403
30.517838	109.997246	109.997246	-0.600904	-0.627756
30.527220	109.997246	109.997246	-0.600904	-0.627756
30.536600	109.997246	109.997246	-0.597551	-0.627756
30.545980	109.997246	109.997246	-0.594184	-0.627756
30.555361	109.997246	109.997246	-0.597551	-0.624403
30.564743	109.997246	109.997246	-0.600904	-0.617683
30.574123	109.997246	109.997246	-0.604257	-0.617683
30.583504	109.997246	109.997246	-0.607610	-0.617683
30.592884	109.997246	109.997246	-0.610977	-0.621051
30.602264	109.997246	109.997246	-0.617683	-0.621051
30.611647	109.997246	109.997246	-0.617683	-0.621051
30.621027	109.997246	109.997246	-0.617683	-0.621051
30.630407	109.997246	109.997246	-0.614330	-0.621051
30.639788	109.997246	109.997246	-0.614330	-0.621051
30.649170	109.997246	109.997246	-0.610977	-0.624403
30.658550	109.997246	109.997246	-0.604257	-0.627756
30.667931	109.997246	109.997246	-0.600904	-0.634477
30.677311	109.997246	109.997246	-0.597551	-0.641182
30.686691	109.997246	109.997246	-0.594184	-0.647902
30.696074	109.997246	109.997246	-0.590831	-0.661328
30.705454	109.997246	109.997246	-0.594184	-0.671402
30.714834	109.997246	109.997246	-0.594184	-0.681475
30.724215	109.997246	109.997246	-0.590831	-0.681475
30.733597	109.997246	109.997246	-0.587478	-0.681475
30.742977	109.997246	109.997246	-0.584111	-0.681475
30.752357	109.997246	109.997246	-0.584111	-0.674754
30.761738	109.997246	109.997246	-0.584111	-0.668034
30.771120	109.997246	109.997246	-0.587478	-0.657976
30.780500	109.997246	109.997246	-0.590831	-0.651255
30.789881	109.997246	109.997246	-0.594184	-0.644535
30.799261	109.997246	109.997246	-0.594184	-0.637829
30.808641	109.997246	109.997246	-0.594184	-0.641182
30.818024	109.997246	109.997246	-0.594184	-0.644535
30.827404	109.997246	109.997246	-0.597551	-0.647902
30.836784	109.997246	109.997246	-0.600904	-0.644535
30.846165	109.997246	109.997246	-0.600904	-0.644535
30.855547	109.997246	109.997246	-0.600904	-0.644535
30.864927	109.997246	109.997246	-0.604257	-0.647902
30.874308	109.997246	109.997246	-0.604257	-0.654608
30.883688	109.997246	109.997246	-0.604257	-0.661328
30.893068	109.997246	109.997246	-0.600904	-0.664681
30.902451	109.997246	109.997246	-0.597551	-0.668034
30.911831	109.997246	109.997246	-0.594184	-0.668034
30.921211	109.997246	109.997246	-0.587478	-0.668034
30.930592	109.997246	109.997246	-0.580758	-0.674754
30.939974	109.997246	109.997246	-0.577405	-0.674754
30.949354	109.997246	109.997246	-0.574052	-0.668034
30.958735	109.997246	109.997246	-0.574052	-0.661328
30.968115	109.997246	109.997246	-0.574052	-0.657976
30.977495	109.997246	109.997246	-0.574052	-0.654608
30.986877	109.997246	109.997246	-0.577405	-0.647902
30.996258	109.997246	109.997246	-0.580758	-0.644535
31.005638	109.997246	109.997246	-0.590831	-0.641182
31.015018	109.997246	109.997246	-0.594184	-0.647902
31.024401	109.997246	109.997246	-0.604257	-0.654608
31.033781	109.997246	109.997246	-0.614330	-0.661328
31.043161	109.997246	109.997246	-0.617683	-0.668034
31.052542	109.997246	109.997246	-0.617683	-0.671402
31.061922	109.997246	109.997246	-0.614330	-0.674754
31.071304	109.997246	109.997246	-0.617683	-0.674754
31.080685	109.997246	109.997246	-0.617683	-0.668034
31.090065	109.997246	109.997246	-0.617683	-0.664681
31.099445	109.997246	109.997246	-0.614330	-0.661328
31.108828	109.997246	109.997246	-0.607610	-0.661328
31.118208	109.997246	109.997246	-0.604257	-0.657976
31.127588	109.997246	109.997246	-0.600904	-0.661328
31.136969	109.997246	109.997246	-0.597551	-0.668034
31.146351	109.997246	109.997246	-0.594184	-0.674754
31.155731	109.997246	109.997246	-0.590831	-0.674754
31.165112	109.997246	109.997246	-0.594184	-0.668034
31.174492	109.997246	109.997246	-0.597551	-0.661328
31.183872	109.997246	109.997246	-0.597551	-0.654608
31.193254	109.997246	109.997246	-0.600904	-0.651255
31.202635	109.997246	109.997246	-0.604257	-0.651255
31.212015	109.997246	109.997246	-0.607610	-0.647902
31.221395	109.997246	109.997246	-0.610977	-0.644535
31.230778	109.997246	109.997246	-0.610977	-0.644535
31.240158	109.997246	109.997246	-0.607610	-0.654608
31.249538	109.997246	109.997246	-0.600904	-0.664681
31.258919	109.997246	109.997246	-0.594184	-0.668034
31.268299	109.997246	109.997246	-0.590831	-0.671402
31.277681	109.997246	109.997246	-0.590831	-0.668034
31.287062	109.997246	109.997246	-0.590831	-0.664681
31.296442	109.997246	109.997246	-0.590831	-0.664681
31.305822	109.997246	109.997246	-0.594184	-0.664681
31.315205	109.997246	109.997246	-0.600904	-0.668034
31.324585	109.997246	109.997246	-0.607610	-0.664681
31.333965	109.997246	109.997246	-0.614330	-0.657976
31.343346	109.997246	109.997246	-0.614330	-0.651255
31.352726	109.997246	109.997246	-0.614330	-0.644535
31.362108	109.997246	109.997246	-0.610977	-0.641182
31.371489	109.997246	109.997246	-0.607610	-0.644535
31.380869	109.997246	109.997246	-0.597551	-0.647902
31.390249	109.997246	109.997246	-0.590831	-0.647902
31.399632	109.997246	109.997246	-0.580758	-0.644535
31.409012	109.997246	109.997246	-0.570685	-0.637829
31.418392	109.997246	109.997246	-0.567332	-0.627756
31.427773	109.997246	109.997246	-0.570685	-0.621051
31.437153	109.997246	109.997246	-0.574052	-0.610977
31.446535	109.997246	109.997246	-0.580758	-0.604257
31.455915	109.997246	109.997246	-0.587478	-0.600904
31.465296	109.997246	109.997246	-0.594184	-0.600904
31.474676	109.997246	109.997246	-0.600904	-0.600904
31.484058	109.997246	109.997246	-0.607610	-0.604257
31.493439	109.997246	109.997246	-0.610977	-0.604257
31.502819	109.997246	109.997246	-0.614330	-0.607610
31.512199	109.997246	109.997246	-0.621051	-0.610977
31.521582	109.997246	109.997246	-0.627756	-0.610977
31.530962	109.997246	109.997246	-0.634477	-0.610977
31.540342	109.997246	109.997246	-0.634477	-0.614330
31.549723	109.997246	109.997246	-0.624403	-0.624403
31.559103	109.997246	109.997246	-0.614330	-0.634477
31.568485	109.997246	109.997246	-0.610977	-0.644535
31.577866	109.997246	109.997246	-0.607610	-0.654608
31.587246	109.997246	109.997246	-0.607610	-0.664681
31.596626	109.997246	109.997246	-0.610977	-0.671402
31.606009	109.997246	109.997246	-0.617683	-0.674754
31.615389	109.997246	109.997246	-0.621051	-0.671402
31.624769	109.997246	109.997246	-0.627756	-0.668034
31.634150	109.997246	109.997246	-0.634477	-0.657976
31.643530	109.997246	109.997246	-0.641182	-0.651255
31.652912	109.997246	109.997246	-0.641182	-0.644535
31.662292	109.997246	109.997246	-0.641182	-0.637829
31.671673	109.997246	109.997246	-0.647902	-0.631109
31.681053	109.997246	109.997246	-0.647902	-0.631109
31.690435	109.997246	109.997246	-0.637829	-0.631109
31.699816	109.997246	109.997246	-0.631109	-0.627756
31.709196	109.997246	109.997246	-0.621051	-0.621051
31.718576	109.997246	109.997246	-0.617683	-0.614330
31.727957	109.997246	109.997246	-0.610977	-0.614330
31.737339	109.997246	109.997246	-0.610977	-0.617683
31.746719	109.997246	109.997246	-0.610977	-0.624403
31.756100	109.997246	109.997246	-0.614330	-0.627756
31.765480	109.997246	109.997246	-0.614330	-0.624403
31.774862	109.997246	109.997246	-0.617683	-0.621051
31.784243	109.997246	109.997246	-0.617683	-0.617683
31.793623	109.997246	109.997246	-0.617683	-0.610977
31.803003	109.997246	109.997246	-0.617683	-0.607610
31.812384	109.997246	109.997246	-0.617683	-0.604257
31.821766	109.997246	109.997246	-0.614330	-0.607610
31.831146	109.997246	109.997246	-0.610977	-0.607610
31.840527	109.997246	109.997246	-0.607610	-0.610977
31.849907	109.997246	109.997246	-0.604257	-0.614330
31.859289	109.997246	109.997246	-0.600904	-0.617683
31.868670	109.997246	109.997246	-0.597551	-0.624403
31.878050	109.997246	109.997246	-0.594184	-0.631109
31.887430	109.997246	109.997246	-0.587478	-0.631109
31.896812	109.997246	109.997246	-0.587478	-0.627756
31.906193	109.997246	109.997246	-0.590831	-0.624403
31.915573	109.997246	109.997246	-0.604257	-0.617683
31.924953	109.997246	109.997246	-0.614330	-0.614330
31.934334	109.997246	109.997246	-0.621051	-0.610977
31.943716	109.997246	109.997246	-0.624403	-0.610977
31.953096	109.997246	109.997246	-0.627756	-0.614330
31.962477	109.997246	109.997246	-0.627756	-0.621051
31.971857	109.997246	109.997246	-0.627756	-0.624403
31.981239	109.997246	109.997246	-0.627756	-0.627756
31.990620	109.997246	109.997246	-0.624403	-0.624403
