21.940655	-0.020146	-0.026867	-0.046998	-0.110790
21.979643	-0.020146	-0.026867	-0.046998	-0.080571
22.018633	-0.020146	-0.023499	-0.036940	-0.023499
22.057623	-0.016794	-0.020146	-0.013441	0.026852
22.096613	-0.016794	-0.020146	0.016779	0.063777
22.135603	-0.013441	-0.020146	0.050351	0.087276
22.174593	-0.013441	-0.016794	0.080556	0.104055
22.213581	-0.010073	-0.016794	0.097349	0.117481
22.252571	-0.010073	-0.016794	0.097349	0.127554
22.291561	-0.013441	-0.016794	0.070482	0.130907
22.330551	-0.013441	-0.016794	0.016779	0.120848
22.369541	-0.016794	-0.016794	-0.040293	0.104055
22.408531	-0.020146	-0.016794	-0.090644	0.087276
22.447521	-0.020146	-0.016794	-0.107422	0.063777
22.486509	-0.020146	-0.016794	-0.093997	0.033557
22.525499	-0.016794	-0.016794	-0.053719	-0.003368
22.564489	-0.013441	-0.016794	-0.010073	-0.036940
22.603479	-0.013441	-0.016794	0.023484	-0.053719
22.642469	-0.013441	-0.013441	0.036925	-0.053719
22.681459	-0.013441	-0.013441	0.040278	-0.026867
22.720448	-0.013441	-0.010073	0.046983	0.013426
22.759438	-0.010073	-0.006720	0.050351	0.060424
22.798428	-0.010073	-0.003368	0.050351	0.097349
22.837418	-0.010073	-0.003368	0.036925	0.124201
22.876408	-0.010073	0.000000	0.016779	0.134274
22.915398	-0.010073	0.000000	-0.003368	0.127554
22.954386	-0.010073	0.000000	-0.010073	0.107422
22.993376	-0.010073	0.000000	0.003353	0.077203
23.032366	-0.006720	-0.003368	0.023484	0.040278
23.071356	-0.006720	-0.003368	0.043631	0.010058
23.110346	-0.006720	-0.003368	0.063777	-0.013441
23.149336	-0.003368	0.000000	0.083923	-0.023499
23.188324	-0.003368	0.000000	0.097349	-0.013441
23.227314	-0.003368	0.003353	0.097349	0.006706
23.266304	-0.003368	0.006706	0.073850	0.030205
23.305294	-0.003368	0.006706	0.026852	0.050351
23.344284	-0.006720	0.010058	-0.026867	0.070482
23.383274	-0.006720	0.013426	-0.057071	0.083923
23.422262	-0.006720	0.016779	-0.050366	0.090629
23.461252	-0.006720	0.020131	-0.006720	0.080556
23.500242	-0.003368	0.020131	0.043631	0.053704
23.539232	0.000000	0.020131	0.077203	0.020131
23.578222	0.000000	0.023484	0.080556	-0.006720
23.617212	0.000000	0.023484	0.067130	-0.006720
23.656202	0.000000	0.026852	0.057057	0.016779
23.695190	0.000000	0.033557	0.053704	0.063777
23.734180	0.000000	0.036925	0.053704	0.107422
23.773170	0.003353	0.040278	0.046983	0.124201
23.812160	0.003353	0.043631	0.023484	0.107422
23.851151	0.003353	0.046983	-0.016794	0.057057
23.890141	0.000000	0.046983	-0.063792	-0.003368
23.929129	0.000000	0.050351	-0.110790	-0.057071
23.968119	0.000000	0.053704	-0.137642	-0.100717
24.007109	0.000000	0.060424	-0.130922	-0.127569
24.046099	0.000000	0.063777	-0.090644	-0.134289
24.085089	0.003353	0.073850	-0.040293	-0.117496
24.124079	0.006706	0.080556	0.006706	-0.080571
24.163067	0.010058	0.090629	0.040278	-0.033572
24.202057	0.013426	0.104055	0.060424	0.010058
24.241047	0.016779	0.114128	0.067130	0.040278
24.280037	0.016779	0.127554	0.060424	0.046983
24.319027	0.016779	0.144348	0.043631	0.036925
24.358017	0.020131	0.161126	0.026852	0.020131
24.397005	0.020131	0.181273	0.020131	0.010058
24.435995	0.020131	0.208125	0.026852	0.003353
24.474985	0.020131	0.238329	0.036925	-0.003368
24.513975	0.020131	0.278622	0.030205	-0.030220
24.552965	0.020131	0.328973	-0.006720	-0.080571
24.591955	0.016779	0.396118	-0.063792	-0.144362
24.630943	0.016779	0.480041	-0.120863	-0.198066
24.669933	0.016779	0.594169	-0.144362	-0.221565
24.708923	0.020131	0.741884	-0.120863	-0.224918
24.747913	0.026852	0.923157	-0.050366	-0.238344
24.786903	0.033557	1.127928	0.040278	-0.278637
24.825893	0.036925	1.342773	0.114128	-0.349134
24.864883	0.043631	1.534119	0.151053	-0.426337
24.903872	0.043631	1.658320	0.144348	-0.483409
24.942862	0.043631	1.685187	0.110775	-0.510260
24.981852	0.046983	1.607969	0.063777	-0.506908
25.020842	0.046983	1.443475	0.020131	-0.480056
25.059832	0.050351	1.221925	-0.023499	-0.422984
25.098822	0.050351	0.986934	-0.063792	-0.328988
25.137810	0.053704	0.768736	-0.090644	-0.218213
25.176800	0.060424	0.594169	-0.090644	-0.107422
25.215790	0.067130	0.469968	-0.050366	-0.030220
25.254780	0.073850	0.386044	0.003353	0.010058
25.293770	0.083923	0.328973	0.050351	0.023484
25.332760	0.090629	0.285327	0.077203	0.016779
25.371748	0.097349	0.251770	0.077203	0.006706
25.410738	0.107422	0.224903	0.053704	-0.003368
25.449728	0.117481	0.201404	0.016779	0.000000
25.488718	0.127554	0.184625	-0.026867	0.020131
25.527708	0.140980	0.167847	-0.070497	0.046983
25.566698	0.154406	0.151053	-0.110790	0.070482
25.605686	0.171199	0.140980	-0.140995	0.087276
25.644676	0.191346	0.127554	-0.151068	0.097349
25.683666	0.214845	0.117481	-0.130922	0.104055
25.722656	0.248402	0.110775	-0.097364	0.104055
25.761646	0.285327	0.100702	-0.063792	0.097349
25.800636	0.335693	0.093982	-0.050366	0.077203
25.839624	0.402823	0.083923	-0.063792	0.046983
25.878614	0.496820	0.077203	-0.100717	0.013426
25.917604	0.647888	0.070482	-0.147715	-0.013441
25.956594	0.859380	0.063777	-0.194713	-0.023499
25.995584	1.124576	0.057057	-0.241712	-0.030220
26.034575	1.396492	0.050351	-0.288710	-0.033572
26.073565	1.628116	0.046983	-0.322267	-0.036940
26.112553	1.782537	0.043631	-0.335708	-0.040293
26.151543	1.832888	0.040278	-0.315562	-0.030220
26.190533	1.735538	0.036925	-0.255138	0.000000
26.229523	1.557618	0.036925	-0.198066	0.043631
26.268513	1.332700	0.036925	-0.144362	0.087276
26.307503	1.104429	0.033557	-0.104070	0.110775
26.346491	0.896305	0.030205	-0.070497	0.093982
26.385481	0.725091	0.026852	-0.033572	0.036925
26.424471	0.587463	0.020131	0.006706	-0.036940
26.463461	0.483394	0.016779	0.033557	-0.093997
26.502451	0.402823	0.013426	0.043631	-0.117496
26.541441	0.339046	0.013426	0.030205	-0.097364
26.580429	0.292048	0.013426	0.006706	-0.060439
26.619419	0.251770	0.013426	-0.013441	-0.016794
26.658409	0.221550	0.013426	-0.026867	0.026852
26.697399	0.198051	0.013426	-0.033572	0.057057
26.736389	0.181273	0.013426	-0.033572	0.073850
26.775379	0.164479	0.013426	-0.023499	0.070482
26.814367	0.151053	0.010058	-0.010073	0.040278
26.853357	0.137627	0.006706	0.006706	-0.003368
26.892347	0.127554	0.003353	0.023484	-0.033572
26.931337	0.120848	0.003353	0.040278	-0.033572
26.970327	0.110775	0.003353	0.043631	0.000000
27.009317	0.100702	0.003353	0.023484	0.040278
27.048306	0.093982	0.003353	-0.016794	0.063777
27.087296	0.083923	0.003353	-0.070497	0.053704
27.126286	0.073850	0.000000	-0.107422	0.023484
27.165276	0.070482	-0.003368	-0.107422	-0.010073
27.204266	0.067130	-0.006720	-0.073865	-0.033572
27.243256	0.067130	-0.006720	-0.016794	-0.036940
27.282246	0.067130	-0.006720	0.036925	-0.026867
27.321234	0.063777	-0.006720	0.063777	-0.020146
27.360224	0.057057	-0.006720	0.057057	-0.013441
27.399214	0.050351	-0.010073	0.020131	0.000000
27.438204	0.046983	-0.010073	-0.023499	0.023484
27.477194	0.040278	-0.010073	-0.060439	0.043631
27.516184	0.033557	-0.013441	-0.080571	0.043631
27.555172	0.030205	-0.013441	-0.087291	0.010058
27.594162	0.026852	-0.020146	-0.083938	-0.046998
27.633152	0.026852	-0.020146	-0.067145	-0.083938
27.672142	0.023484	-0.020146	-0.046998	-0.077218
27.711132	0.023484	-0.016794	-0.020146	-0.013441
27.750122	0.020131	-0.013441	-0.006720	0.073850
27.789110	0.020131	-0.010073	-0.013441	0.140980
27.828100	0.020131	-0.010073	-0.040293	0.157773
27.867090	0.016779	-0.013441	-0.073865	0.127554
27.906080	0.016779	-0.016794	-0.097364	0.067130
27.945070	0.013426	-0.020146	-0.097364	-0.013441
27.984060	0.013426	-0.020146	-0.073865	-0.070497
28.023048	0.013426	-0.023499	-0.036940	-0.107422
28.062038	0.010058	-0.023499	0.006706	-0.104070
28.101028	0.010058	-0.020146	0.046983	-0.053719
28.140018	0.010058	-0.016794	0.073850	0.043631
28.179008	0.010058	-0.010073	0.080556	0.164479
28.217999	0.010058	-0.006720	0.063777	0.255123
28.256987	0.006706	-0.006720	0.033557	0.275269
28.295977	0.003353	-0.010073	0.000000	0.221550
28.334967	0.000000	-0.013441	-0.023499	0.117481
28.373957	-0.003368	-0.020146	-0.033572	0.013426
28.412947	-0.003368	-0.023499	-0.026867	-0.046998
28.451937	-0.003368	-0.023499	-0.010073	-0.057071
28.490927	-0.003368	-0.023499	0.013426	-0.043646
28.529915	-0.003368	-0.023499	0.030205	-0.033572
28.568905	-0.003368	-0.026867	0.036925	-0.040293
28.607895	-0.003368	-0.030220	0.040278	-0.046998
28.646885	-0.006720	-0.026867	0.040278	-0.036940
28.685875	-0.006720	-0.026867	0.043631	-0.010073
28.724865	-0.006720	-0.023499	0.046983	0.016779
28.763853	-0.010073	-0.023499	0.053704	0.030205
28.802843	-0.010073	-0.023499	0.053704	0.023484
28.841833	-0.010073	-0.023499	0.046983	0.006706
28.880823	-0.010073	-0.026867	0.040278	-0.003368
28.919813	-0.010073	-0.026867	0.033557	0.003353
28.958803	-0.013441	-0.026867	0.026852	0.026852
28.997791	-0.013441	-0.026867	0.030205	0.043631
29.036781	-0.016794	-0.023499	0.036925	0.046983
29.075771	-0.016794	-0.026867	0.046983	0.030205
29.114761	-0.016794	-0.026867	0.060424	0.010058
29.153751	-0.013441	-0.026867	0.067130	0.010058
29.192741	-0.013441	-0.026867	0.060424	0.036925
29.231730	-0.016794	-0.026867	0.043631	0.073850
29.270720	-0.016794	-0.026867	0.016779	0.093982
29.309710	-0.016794	-0.030220	0.003353	0.077203
29.348700	-0.016794	-0.030220	0.010058	0.030205
29.387690	-0.016794	-0.033572	0.040278	-0.013441
29.426680	-0.016794	-0.033572	0.087276	-0.026867
29.465668	-0.016794	-0.030220	0.124201	0.003353
29.504658	-0.013441	-0.026867	0.147700	0.053704
29.543648	-0.013441	-0.026867	0.154406	0.100702
29.582638	-0.016794	-0.023499	0.140980	0.127554
29.621628	-0.016794	-0.023499	0.110775	0.137627
29.660618	-0.020146	-0.023499	0.073850	0.137627
29.699608	-0.023499	-0.023499	0.043631	0.124201
29.738596	-0.023499	-0.026867	0.030205	0.087276
29.777586	-0.023499	-0.026867	0.043631	0.030205
29.816576	-0.020146	-0.030220	0.067130	-0.030220
29.855566	-0.020146	-0.033572	0.090629	-0.067145
29.894556	-0.016794	-0.033572	0.107422	-0.057071
29.933546	-0.016794	-0.030220	0.114128	-0.006720
29.972534	-0.020146	-0.030220	0.107422	0.057057
30.011524	-0.020146	-0.030220	0.093982	0.100702
30.050514	-0.020146	-0.030220	0.077203	0.107422
30.089504	-0.020146	-0.030220	0.063777	0.090629
30.128494	-0.023499	-0.030220	0.060424	0.077203
30.167484	-0.023499	-0.026867	0.053704	0.080556
30.206472	-0.023499	-0.026867	0.046983	0.104055
30.245462	-0.026867	-0.026867	0.036925	0.120848
30.284452	-0.026867	-0.030220	0.033557	0.117481
30.323442	-0.026867	-0.030220	0.033557	0.093982
30.362432	-0.026867	-0.030220	0.036925	0.067130
30.401423	-0.023499	-0.030220	0.043631	0.053704
30.440411	-0.023499	-0.030220	0.057057	0.053704
30.479401	-0.023499	-0.030220	0.073850	0.063777
30.518391	-0.023499	-0.030220	0.100702	0.080556
30.557381	-0.023499	-0.030220	0.130907	0.097349
30.596371	-0.020146	-0.026867	0.154406	0.127554
30.635361	-0.020146	-0.026867	0.154406	0.161126
30.674349	-0.020146	-0.023499	0.124201	0.184625
30.713339	-0.023499	-0.026867	0.073850	0.181273
30.752329	-0.026867	-0.026867	0.023484	0.151053
30.791319	-0.026867	-0.030220	0.000000	0.104055
30.830309	-0.026867	-0.033572	0.016779	0.063777
30.869299	-0.026867	-0.033572	0.060424	0.046983
30.908289	-0.026867	-0.030220	0.107422	0.057057
30.947277	-0.023499	-0.030220	0.127554	0.073850
30.986267	-0.023499	-0.030220	0.110775	0.087276
31.025257	-0.026867	-0.030220	0.070482	0.073850
31.064247	-0.026867	-0.033572	0.036925	0.043631
31.103237	-0.030220	-0.036940	0.013426	0.013426
31.142227	-0.030220	-0.036940	0.010058	-0.006720
31.181215	-0.030220	-0.036940	0.010058	0.000000
31.220205	-0.030220	-0.033572	0.013426	0.026852
31.259195	-0.030220	-0.033572	0.010058	0.063777
31.298185	-0.030220	-0.030220	0.006706	0.104055
31.337175	-0.033572	-0.030220	0.003353	0.134274
31.376165	-0.033572	-0.030220	-0.003368	0.144348
31.415154	-0.033572	-0.030220	-0.006720	0.124201
31.454144	-0.033572	-0.030220	-0.013441	0.083923
31.493134	-0.030220	-0.033572	-0.013441	0.040278
31.532124	-0.030220	-0.033572	-0.006720	0.006706
31.571114	-0.030220	-0.036940	0.013426	-0.013441
31.610104	-0.026867	-0.036940	0.046983	-0.016794
31.649092	-0.023499	-0.036940	0.087276	-0.006720
31.688082	-0.023499	-0.036940	0.117481	0.013426
31.727072	-0.023499	-0.036940	0.124201	0.030205
31.766062	-0.026867	-0.036940	0.117481	0.033557
31.805052	-0.026867	-0.036940	0.097349	0.013426
31.844042	-0.026867	-0.036940	0.073850	-0.023499
31.883030	-0.030220	-0.036940	0.036925	-0.067145
31.922020	-0.033572	-0.040293	-0.006720	-0.093997
31.961010	-0.036940	-0.040293	-0.057071	-0.090644
