20.958424	0.033379	-0.201464	0.402689	0.302076
20.989719	0.033379	-0.201464	0.402689	0.302076
21.021015	0.066996	-0.168085	0.402689	0.302076
21.052311	0.066996	-0.168085	0.402689	0.302076
21.083607	0.066996	-0.168085	0.402689	0.335693
21.114902	0.066996	-0.168085	0.402689	0.335693
21.146198	0.066996	-0.168085	0.402689	0.335693
21.177494	0.066996	-0.168085	0.402689	0.335693
21.208790	0.066996	-0.168085	0.436306	0.335693
21.240086	0.066996	-0.134468	0.436306	0.335693
21.271381	0.066996	-0.134468	0.436306	0.335693
21.302677	0.066996	-0.134468	0.402689	0.302076
21.333973	0.066996	-0.134468	0.402689	0.302076
21.365271	0.066996	-0.134468	0.402689	0.302076
21.396566	0.066996	-0.134468	0.402689	0.302076
21.427862	0.066996	-0.100851	0.402689	0.268459
21.459158	0.066996	-0.100851	0.402689	0.268459
21.490454	0.066996	-0.100851	0.402689	0.268459
21.521749	0.066996	-0.100851	0.402689	0.234842
21.553045	0.066996	-0.100851	0.402689	0.234842
21.584341	0.066996	-0.100851	0.369072	0.234842
21.615637	0.066996	-0.100851	0.369072	0.268459
21.646933	0.066996	-0.100851	0.369072	0.268459
21.678228	0.066996	-0.067234	0.369072	0.268459
21.709524	0.066996	-0.067234	0.369072	0.268459
21.740820	0.100613	-0.067234	0.369072	0.268459
21.772116	0.100613	-0.067234	0.369072	0.268459
21.803411	0.100613	-0.067234	0.369072	0.268459
21.834707	0.100613	-0.033617	0.369072	0.268459
21.866005	0.066996	-0.033617	0.369072	0.234842
21.897301	0.066996	-0.033617	0.369072	0.234842
21.928596	0.066996	-0.033617	0.369072	0.234842
21.959892	0.066996	-0.033617	0.369072	0.201225
21.991188	0.066996	-0.033617	0.369072	0.201225
22.022484	0.100613	-0.033617	0.369072	0.201225
22.053780	0.100613	-0.033617	0.369072	0.201225
22.085075	0.100613	0.000000	0.369072	0.201225
22.116371	0.100613	0.000000	0.335693	0.201225
22.147667	0.100613	0.000000	0.335693	0.167847
22.178963	0.100613	0.000000	0.335693	0.167847
22.210258	0.134230	0.033379	0.335693	0.167847
22.241554	0.134230	0.033379	0.335693	0.167847
22.272850	0.134230	0.066996	0.335693	0.167847
22.304146	0.134230	0.100613	0.302076	0.201225
22.335442	0.134230	0.100613	0.302076	0.201225
22.366739	0.134230	0.100613	0.302076	0.167847
22.398035	0.134230	0.100613	0.302076	0.167847
22.429331	0.134230	0.134230	0.302076	0.167847
22.460627	0.134230	0.134230	0.302076	0.167847
22.491922	0.134230	0.134230	0.268459	0.167847
22.523218	0.134230	0.134230	0.268459	0.167847
22.554514	0.134230	0.167847	0.268459	0.167847
22.585810	0.134230	0.201225	0.268459	0.167847
22.617105	0.134230	0.201225	0.268459	0.167847
22.648401	0.134230	0.234842	0.268459	0.134230
22.679697	0.134230	0.268459	0.268459	0.134230
22.710993	0.167847	0.268459	0.268459	0.134230
22.742289	0.167847	0.268459	0.268459	0.134230
22.773584	0.167847	0.302076	0.268459	0.134230
22.804880	0.167847	0.335693	0.268459	0.134230
22.836176	0.167847	0.369072	0.234842	0.134230
22.867474	0.167847	0.402689	0.234842	0.167847
22.898769	0.167847	0.402689	0.234842	0.167847
22.930065	0.167847	0.436306	0.234842	0.134230
22.961361	0.167847	0.436306	0.234842	0.134230
22.992657	0.167847	0.469923	0.234842	0.100613
23.023952	0.201225	0.503540	0.234842	0.100613
23.055248	0.201225	0.570536	0.234842	0.066996
23.086544	0.201225	0.604153	0.234842	0.066996
23.117840	0.201225	0.604153	0.234842	0.066996
23.149136	0.201225	0.637770	0.234842	0.033379
23.180431	0.234842	0.671387	0.201225	0.000000
23.211727	0.234842	0.704765	0.201225	0.000000
23.243023	0.234842	0.738382	0.201225	-0.033617
23.274319	0.234842	0.771999	0.167847	-0.033617
23.305614	0.234842	0.805616	0.167847	-0.067234
23.336912	0.268459	0.839233	0.167847	-0.100851
23.368208	0.268459	0.906229	0.167847	-0.100851
23.399504	0.268459	0.973463	0.167847	-0.100851
23.430799	0.302076	1.040459	0.167847	-0.100851
23.462095	0.302076	1.141310	0.134230	-0.100851
23.493391	0.302076	1.241922	0.167847	-0.134468
23.524687	0.302076	1.376152	0.167847	-0.134468
23.555983	0.302076	1.510620	0.167847	-0.134468
23.587278	0.302076	1.678467	0.167847	-0.168085
23.618574	0.302076	1.879930	0.167847	-0.168085
23.649870	0.335693	2.114773	0.167847	-0.201464
23.681166	0.335693	2.416849	0.167847	-0.268698
23.712461	0.369072	2.752542	0.167847	-0.335932
23.743757	0.369072	3.189087	0.167847	-0.436544
23.775053	0.369072	3.726244	0.201225	-0.570774
23.806349	0.402689	4.431248	0.201225	-0.738621
23.837646	0.402689	5.337477	0.167847	-1.007318
23.868942	0.436306	6.479025	0.167847	-1.376390
23.900238	0.469923	7.855415	0.167847	-1.846552
23.931534	0.469923	9.500265	0.167847	-2.417088
23.962830	0.503540	11.279583	0.167847	-3.122091
23.994125	0.536919	12.991667	0.167847	-3.793478
24.025421	0.570536	14.401674	0.167847	-4.397869
24.056717	0.570536	15.207291	0.167847	-4.733562
24.088013	0.604153	15.307903	0.134230	-4.800797
24.119308	0.637770	14.703751	0.134230	-4.599333
24.150604	0.637770	13.595819	0.134230	-4.162788
24.181900	0.671387	12.118816	0.100613	-3.592253
24.213196	0.671387	10.406733	0.100613	-2.887249
24.244492	0.704765	8.661032	0.100613	-2.215862
24.275787	0.738382	7.049561	0.066996	-1.611471
24.307083	0.771999	5.673170	0.033379	-1.141548
24.338381	0.771999	4.632711	0.000000	-0.772238
24.369677	0.805616	3.894091	0.000000	-0.537157
24.400972	0.839233	3.356934	-0.033617	-0.402927
24.432268	0.872612	2.954006	-0.067234	-0.302315
24.463564	0.939846	2.618313	-0.067234	-0.201464
24.494860	0.973463	2.349854	-0.100851	-0.134468
24.526155	1.040459	2.148390	-0.100851	-0.100851
24.557451	1.107693	1.980543	-0.100851	-0.033617
24.588747	1.174927	1.812696	-0.100851	0.000000
24.620043	1.275539	1.678467	-0.134468	0.033379
24.651339	1.376152	1.544237	-0.134468	0.033379
24.682634	1.477003	1.443386	-0.168085	0.066996
24.713930	1.577616	1.376152	-0.168085	0.066996
24.745226	1.712084	1.275539	-0.168085	0.066996
24.776522	1.913309	1.208305	-0.201464	0.100613
24.807819	2.114773	1.141310	-0.235081	0.100613
24.839115	2.349854	1.074076	-0.268698	0.100613
24.870411	2.651930	1.007080	-0.302315	0.134230
24.901707	3.021240	0.939846	-0.369310	0.134230
24.933002	3.524780	0.872612	-0.470161	0.167847
24.964298	4.196167	0.839233	-0.570774	0.167847
24.995594	5.102634	0.771999	-0.705004	0.201225
25.026890	6.479025	0.738382	-0.839472	0.201225
25.058186	8.291721	0.704765	-0.973701	0.201225
25.089481	10.373116	0.671387	-1.107931	0.201225
25.120777	12.454510	0.671387	-1.309395	0.201225
25.152073	14.233828	0.637770	-1.477242	0.201225
25.183369	15.475750	0.604153	-1.645088	0.201225
25.214664	16.080141	0.570536	-1.779318	0.201225
25.245960	16.012907	0.536919	-1.812935	0.201225
25.277256	15.274525	0.503540	-1.779318	0.201225
25.308554	13.965130	0.469923	-1.678705	0.234842
25.339849	12.286663	0.436306	-1.510859	0.201225
25.371145	10.473967	0.436306	-1.343012	0.201225
25.402441	8.761883	0.402689	-1.107931	0.201225
25.433737	7.251024	0.369072	-0.906467	0.201225
25.465033	6.009102	0.369072	-0.705004	0.201225
25.496328	5.001783	0.369072	-0.537157	0.201225
25.527624	4.196167	0.335693	-0.402927	0.234842
25.558920	3.592014	0.335693	-0.302315	0.234842
25.590216	3.121853	0.302076	-0.201464	0.234842
25.621511	2.685547	0.302076	-0.100851	0.234842
25.652807	2.383471	0.268459	-0.067234	0.234842
25.684103	2.148390	0.268459	-0.033617	0.234842
25.715399	1.980543	0.234842	0.000000	0.234842
25.746695	1.812696	0.234842	0.033379	0.234842
25.777990	1.678467	0.201225	0.033379	0.234842
25.809288	1.544237	0.201225	0.066996	0.234842
25.840584	1.443386	0.167847	0.066996	0.201225
25.871880	1.342773	0.167847	0.066996	0.201225
25.903175	1.241922	0.167847	0.100613	0.201225
25.934471	1.141310	0.167847	0.100613	0.201225
25.965767	1.074076	0.167847	0.134230	0.201225
25.997063	1.007080	0.167847	0.134230	0.201225
26.028358	0.939846	0.167847	0.134230	0.234842
26.059654	0.906229	0.167847	0.167847	0.234842
26.090950	0.839233	0.167847	0.167847	0.268459
26.122246	0.805616	0.167847	0.167847	0.268459
26.153542	0.771999	0.167847	0.167847	0.268459
26.184837	0.738382	0.134230	0.167847	0.302076
26.216133	0.704765	0.134230	0.201225	0.268459
26.247429	0.671387	0.134230	0.201225	0.268459
26.278725	0.637770	0.134230	0.201225	0.268459
26.310022	0.604153	0.100613	0.201225	0.268459
26.341318	0.570536	0.100613	0.201225	0.234842
26.372614	0.536919	0.100613	0.201225	0.234842
26.403910	0.503540	0.100613	0.201225	0.234842
26.435205	0.503540	0.066996	0.201225	0.234842
26.466501	0.469923	0.066996	0.201225	0.234842
26.497797	0.436306	0.066996	0.201225	0.234842
26.529093	0.402689	0.066996	0.201225	0.234842
26.560389	0.369072	0.066996	0.201225	0.268459
26.591684	0.335693	0.066996	0.234842	0.268459
26.622980	0.302076	0.066996	0.201225	0.268459
26.654276	0.302076	0.066996	0.201225	0.268459
26.685572	0.302076	0.033379	0.201225	0.268459
26.716867	0.302076	0.033379	0.201225	0.268459
26.748163	0.268459	0.033379	0.201225	0.268459
26.779461	0.268459	0.033379	0.201225	0.268459
26.810757	0.234842	0.033379	0.201225	0.268459
26.842052	0.234842	0.033379	0.201225	0.268459
26.873348	0.201225	0.000000	0.201225	0.268459
26.904644	0.201225	0.000000	0.201225	0.302076
26.935940	0.201225	0.000000	0.234842	0.268459
26.967236	0.167847	0.000000	0.234842	0.268459
26.998531	0.167847	0.000000	0.234842	0.302076
27.029827	0.167847	0.000000	0.268459	0.302076
27.061123	0.134230	0.000000	0.268459	0.302076
27.092419	0.134230	0.000000	0.268459	0.302076
27.123714	0.134230	0.000000	0.268459	0.302076
27.155010	0.134230	0.000000	0.268459	0.302076
27.186306	0.134230	0.000000	0.268459	0.302076
27.217602	0.100613	0.000000	0.268459	0.302076
27.248898	0.100613	0.000000	0.268459	0.302076
27.280195	0.100613	-0.033617	0.268459	0.302076
27.311491	0.100613	-0.033617	0.234842	0.302076
27.342787	0.100613	-0.033617	0.234842	0.302076
27.374083	0.100613	-0.033617	0.268459	0.302076
27.405378	0.066996	-0.033617	0.268459	0.302076
27.436674	0.066996	-0.033617	0.268459	0.302076
27.467970	0.066996	-0.033617	0.268459	0.302076
27.499266	0.066996	-0.033617	0.268459	0.302076
27.530561	0.033379	-0.033617	0.268459	0.302076
27.561857	0.033379	-0.033617	0.268459	0.302076
27.593153	0.000000	-0.033617	0.234842	0.302076
27.624449	0.000000	-0.033617	0.234842	0.302076
27.655745	0.000000	-0.033617	0.268459	0.302076
27.687040	-0.033617	-0.033617	0.268459	0.302076
27.718336	-0.033617	-0.033617	0.268459	0.302076
27.749632	-0.033617	-0.033617	0.268459	0.302076
27.780930	-0.033617	-0.033617	0.302076	0.302076
27.812225	-0.067234	-0.033617	0.302076	0.302076
27.843521	-0.067234	-0.033617	0.302076	0.302076
27.874817	-0.067234	-0.033617	0.302076	0.302076
27.906113	-0.067234	-0.033617	0.302076	0.302076
27.937408	-0.067234	-0.033617	0.302076	0.302076
27.968704	-0.033617	-0.033617	0.302076	0.302076
