21.940655	0.067130	0.271901	-46.372952	-46.574368
21.950029	0.067130	0.271901	-46.369583	-46.574368
21.959404	0.063777	0.275269	-46.366230	-46.574368
21.968779	0.067130	0.275269	-46.369583	-46.571003
21.978153	0.067130	0.275269	-46.369583	-46.571003
21.987530	0.067130	0.275269	-46.369583	-46.571003
21.996904	0.067130	0.271901	-46.369583	-46.571003
22.006279	0.067130	0.271901	-46.372952	-46.577721
22.015654	0.067130	0.271901	-46.376305	-46.577721
22.025028	0.067130	0.271901	-46.379654	-46.574368
22.034403	0.070482	0.271901	-46.383022	-46.571003
22.043779	0.070482	0.271901	-46.383022	-46.567650
22.053154	0.070482	0.271901	-46.379654	-46.564297
22.062529	0.073850	0.271901	-46.376305	-46.564297
22.071903	0.073850	0.271901	-46.376305	-46.567650
22.081278	0.073850	0.268549	-46.379654	-46.571003
22.090654	0.073850	0.268549	-46.379654	-46.571003
22.100029	0.073850	0.268549	-46.383022	-46.571003
22.109404	0.073850	0.268549	-46.386375	-46.574368
22.118778	0.073850	0.268549	-46.383022	-46.574368
22.128153	0.073850	0.268549	-46.379654	-46.567650
22.137529	0.077203	0.268549	-46.376305	-46.564297
22.146904	0.077203	0.268549	-46.379654	-46.567650
22.156279	0.077203	0.268549	-46.379654	-46.571003
22.165653	0.080556	0.268549	-46.379654	-46.574368
22.175028	0.080556	0.268549	-46.383022	-46.567650
22.184402	0.080556	0.271901	-46.386375	-46.564297
22.193779	0.080556	0.271901	-46.383022	-46.564297
22.203154	0.080556	0.268549	-46.376305	-46.564297
22.212528	0.080556	0.268549	-46.376305	-46.560928
22.221903	0.080556	0.268549	-46.383022	-46.560928
22.231277	0.080556	0.268549	-46.386375	-46.557575
22.240654	0.080556	0.268549	-46.386375	-46.560928
22.250029	0.080556	0.268549	-46.386375	-46.564297
22.259403	0.080556	0.268549	-46.386375	-46.567650
22.268778	0.077203	0.268549	-46.386375	-46.564297
22.278152	0.080556	0.268549	-46.386375	-46.560928
22.287527	0.080556	0.268549	-46.389729	-46.560928
22.296904	0.080556	0.268549	-46.389729	-46.564297
22.306278	0.080556	0.268549	-46.389729	-46.564297
22.315653	0.083923	0.268549	-46.386375	-46.560928
22.325027	0.083923	0.268549	-46.389729	-46.560928
22.334402	0.083923	0.268549	-46.393082	-46.564297
22.343779	0.083923	0.268549	-46.393082	-46.564297
22.353153	0.083923	0.271901	-46.393082	-46.567650
22.362528	0.083923	0.271901	-46.396450	-46.567650
22.371902	0.080556	0.268549	-46.396450	-46.571003
22.381277	0.080556	0.268549	-46.393082	-46.574368
22.390654	0.080556	0.268549	-46.389729	-46.574368
22.400028	0.080556	0.268549	-46.386375	-46.571003
22.409403	0.080556	0.265196	-46.389729	-46.571003
22.418777	0.080556	0.265196	-46.393082	-46.571003
22.428152	0.083923	0.265196	-46.396450	-46.571003
22.437527	0.083923	0.265196	-46.396450	-46.571003
22.446903	0.083923	0.265196	-46.393082	-46.567650
22.456278	0.083923	0.265196	-46.393082	-46.564297
22.465652	0.087276	0.268549	-46.389729	-46.557575
22.475027	0.087276	0.268549	-46.386375	-46.557575
22.484402	0.087276	0.271901	-46.386375	-46.560928
22.493778	0.087276	0.271901	-46.393082	-46.560928
22.503153	0.087276	0.271901	-46.396450	-46.564297
22.512527	0.087276	0.271901	-46.396450	-46.567650
22.521902	0.087276	0.271901	-46.393082	-46.567650
22.531277	0.087276	0.268549	-46.396450	-46.564297
22.540651	0.090629	0.268549	-46.399803	-46.560928
22.550028	0.090629	0.268549	-46.396450	-46.560928
22.559402	0.090629	0.268549	-46.396450	-46.564297
22.568777	0.090629	0.268549	-46.396450	-46.571003
22.578152	0.090629	0.268549	-46.399803	-46.571003
22.587526	0.090629	0.268549	-46.399803	-46.571003
22.596903	0.090629	0.268549	-46.399803	-46.567650
22.606277	0.090629	0.268549	-46.396450	-46.564297
22.615652	0.090629	0.268549	-46.396450	-46.560928
22.625027	0.090629	0.268549	-46.399803	-46.560928
22.634401	0.087276	0.265196	-46.396450	-46.560928
22.643778	0.087276	0.265196	-46.396450	-46.564297
22.653152	0.087276	0.265196	-46.399803	-46.564297
22.662527	0.087276	0.265196	-46.399803	-46.560928
22.671902	0.087276	0.265196	-46.403156	-46.564297
22.681276	0.087276	0.265196	-46.403156	-46.564297
22.690651	0.090629	0.268549	-46.399803	-46.564297
22.700027	0.090629	0.268549	-46.399803	-46.564297
22.709402	0.093982	0.268549	-46.399803	-46.567650
22.718777	0.093982	0.268549	-46.399803	-46.571003
22.728151	0.093982	0.268549	-46.396450	-46.571003
22.737526	0.097349	0.268549	-46.396450	-46.571003
22.746902	0.097349	0.268549	-46.396450	-46.567650
22.756277	0.097349	0.268549	-46.399803	-46.567650
22.765652	0.097349	0.268549	-46.403156	-46.571003
22.775026	0.097349	0.268549	-46.403156	-46.574368
22.784401	0.097349	0.268549	-46.403156	-46.571003
22.793777	0.093982	0.268549	-46.403156	-46.567650
22.803152	0.097349	0.268549	-46.399803	-46.567650
22.812527	0.097349	0.268549	-46.399803	-46.574368
22.821901	0.097349	0.268549	-46.403156	-46.577721
22.831276	0.097349	0.268549	-46.403156	-46.577721
22.840651	0.100702	0.265196	-46.406509	-46.577721
22.850027	0.100702	0.265196	-46.409874	-46.577721
22.859402	0.100702	0.265196	-46.409874	-46.577721
22.868776	0.100702	0.265196	-46.406509	-46.574368
22.878151	0.100702	0.265196	-46.403156	-46.567650
22.887526	0.100702	0.265196	-46.403156	-46.567650
22.896902	0.100702	0.265196	-46.406509	-46.571003
22.906277	0.100702	0.265196	-46.409874	-46.574368
22.915651	0.100702	0.265196	-46.409874	-46.577721
22.925026	0.100702	0.265196	-46.409874	-46.574368
22.934401	0.104055	0.265196	-46.413227	-46.574368
22.943775	0.104055	0.265196	-46.413227	-46.574368
22.953152	0.104055	0.265196	-46.406509	-46.577721
22.962526	0.104055	0.265196	-46.403156	-46.577721
22.971901	0.104055	0.265196	-46.406509	-46.581074
22.981276	0.104055	0.265196	-46.409874	-46.581074
22.990650	0.104055	0.268549	-46.413227	-46.577721
23.000027	0.107422	0.268549	-46.413227	-46.577721
23.009401	0.107422	0.268549	-46.416580	-46.577721
23.018776	0.107422	0.268549	-46.416580	-46.574368
23.028151	0.107422	0.268549	-46.416580	-46.574368
23.037525	0.107422	0.268549	-46.416580	-46.574368
23.046902	0.107422	0.268549	-46.416580	-46.574368
23.056276	0.110775	0.268549	-46.413227	-46.571003
23.065651	0.110775	0.265196	-46.413227	-46.567650
23.075026	0.110775	0.265196	-46.416580	-46.564297
23.084400	0.110775	0.265196	-46.419949	-46.564297
23.093775	0.110775	0.265196	-46.419949	-46.560928
23.103151	0.107422	0.265196	-46.419949	-46.560928
23.112526	0.107422	0.265196	-46.416580	-46.564297
23.121901	0.107422	0.268549	-46.413227	-46.567650
23.131275	0.107422	0.268549	-46.409874	-46.567650
23.140650	0.107422	0.268549	-46.413227	-46.564297
23.150026	0.107422	0.268549	-46.416580	-46.564297
23.159401	0.107422	0.268549	-46.419949	-46.564297
23.168776	0.107422	0.265196	-46.419949	-46.567650
23.178150	0.107422	0.265196	-46.419949	-46.567650
23.187525	0.107422	0.265196	-46.423302	-46.567650
23.196901	0.110775	0.265196	-46.423302	-46.567650
23.206276	0.110775	0.268549	-46.416580	-46.567650
23.215651	0.110775	0.268549	-46.409874	-46.571003
23.225025	0.110775	0.268549	-46.409874	-46.571003
23.234400	0.110775	0.268549	-46.413227	-46.574368
23.243774	0.110775	0.268549	-46.419949	-46.577721
23.253151	0.110775	0.268549	-46.423302	-46.577721
23.262526	0.110775	0.268549	-46.430008	-46.574368
23.271900	0.110775	0.265196	-46.426655	-46.574368
23.281275	0.110775	0.265196	-46.423302	-46.574368
23.290649	0.110775	0.265196	-46.416580	-46.577721
23.300026	0.110775	0.265196	-46.419949	-46.581074
23.309401	0.110775	0.265196	-46.423302	-46.574368
23.318775	0.110775	0.261828	-46.423302	-46.567650
23.328150	0.110775	0.265196	-46.423302	-46.567650
23.337524	0.110775	0.265196	-46.423302	-46.571003
23.346899	0.110775	0.265196	-46.419949	-46.571003
23.356276	0.110775	0.265196	-46.416580	-46.567650
23.365650	0.110775	0.265196	-46.416580	-46.567650
23.375025	0.110775	0.265196	-46.413227	-46.571003
23.384399	0.107422	0.265196	-46.409874	-46.571003
23.393774	0.107422	0.265196	-46.409874	-46.567650
23.403151	0.107422	0.265196	-46.413227	-46.567650
23.412525	0.110775	0.265196	-46.419949	-46.567650
23.421900	0.110775	0.268549	-46.419949	-46.571003
23.431274	0.110775	0.268549	-46.419949	-46.571003
23.440649	0.114128	0.268549	-46.416580	-46.567650
23.450026	0.114128	0.268549	-46.416580	-46.567650
23.459400	0.114128	0.268549	-46.416580	-46.564297
23.468775	0.117481	0.268549	-46.413227	-46.567650
23.478149	0.117481	0.268549	-46.409874	-46.571003
23.487524	0.114128	0.268549	-46.413227	-46.571003
23.496899	0.114128	0.265196	-46.416580	-46.571003
23.506275	0.110775	0.265196	-46.426655	-46.567650
23.515650	0.110775	0.261828	-46.430008	-46.571003
23.525024	0.110775	0.261828	-46.430008	-46.571003
23.534399	0.110775	0.261828	-46.423302	-46.574368
23.543774	0.110775	0.261828	-46.419949	-46.574368
23.553150	0.114128	0.261828	-46.419949	-46.574368
23.562525	0.114128	0.261828	-46.423302	-46.571003
23.571899	0.114128	0.265196	-46.423302	-46.567650
23.581274	0.117481	0.265196	-46.426655	-46.564297
23.590649	0.117481	0.265196	-46.430008	-46.571003
23.600023	0.117481	0.265196	-46.430008	-46.574368
23.609400	0.117481	0.265196	-46.426655	-46.574368
23.618774	0.117481	0.265196	-46.423302	-46.571003
23.628149	0.120848	0.261828	-46.419949	-46.571003
23.637524	0.120848	0.261828	-46.419949	-46.567650
23.646898	0.120848	0.261828	-46.423302	-46.564297
23.656275	0.120848	0.261828	-46.430008	-46.564297
23.665649	0.120848	0.265196	-46.440079	-46.567650
23.675024	0.120848	0.265196	-46.440079	-46.567650
23.684399	0.120848	0.265196	-46.433372	-46.567650
23.693773	0.117481	0.265196	-46.426655	-46.574368
23.703150	0.120848	0.265196	-46.426655	-46.577721
23.712524	0.120848	0.265196	-46.426655	-46.577721
23.721899	0.120848	0.265196	-46.426655	-46.577721
23.731274	0.120848	0.265196	-46.423302	-46.581074
23.740648	0.120848	0.265196	-46.426655	-46.581074
23.750023	0.120848	0.265196	-46.430008	-46.577721
23.759399	0.120848	0.265196	-46.433372	-46.574368
23.768774	0.120848	0.261828	-46.436726	-46.574368
23.778149	0.120848	0.261828	-46.433372	-46.574368
23.787523	0.120848	0.265196	-46.430008	-46.574368
23.796898	0.124201	0.265196	-46.426655	-46.571003
23.806274	0.124201	0.265196	-46.430008	-46.574368
23.815649	0.127554	0.265196	-46.430008	-46.577721
23.825024	0.127554	0.265196	-46.430008	-46.577721
23.834398	0.127554	0.265196	-46.433372	-46.571003
23.843773	0.127554	0.261828	-46.436726	-46.571003
23.853149	0.127554	0.261828	-46.440079	-46.577721
23.862524	0.124201	0.261828	-46.433372	-46.581074
23.871899	0.124201	0.261828	-46.426655	-46.577721
23.881273	0.124201	0.261828	-46.426655	-46.577721
23.890648	0.124201	0.261828	-46.426655	-46.574368
23.900023	0.124201	0.261828	-46.430008	-46.574368
23.909399	0.124201	0.261828	-46.433372	-46.571003
23.918774	0.124201	0.261828	-46.440079	-46.571003
23.928148	0.124201	0.258476	-46.440079	-46.571003
23.937523	0.124201	0.258476	-46.436726	-46.571003
23.946898	0.124201	0.258476	-46.430008	-46.571003
23.956274	0.124201	0.258476	-46.426655	-46.571003
23.965649	0.124201	0.258476	-46.426655	-46.571003
23.975023	0.124201	0.258476	-46.430008	-46.571003
23.984398	0.127554	0.258476	-46.436726	-46.574368
23.993773	0.127554	0.258476	-46.440079	-46.574368
24.003147	0.127554	0.258476	-46.443447	-46.571003
24.012524	0.130907	0.261828	-46.443447	-46.571003
24.021898	0.130907	0.258476	-46.440079	-46.571003
24.031273	0.130907	0.258476	-46.436726	-46.574368
24.040648	0.130907	0.258476	-46.440079	-46.577721
24.050022	0.130907	0.255123	-46.440079	-46.574368
24.059399	0.130907	0.255123	-46.443447	-46.571003
24.068773	0.130907	0.255123	-46.443447	-46.571003
24.078148	0.130907	0.255123	-46.443447	-46.567650
24.087523	0.130907	0.255123	-46.443447	-46.567650
24.096897	0.127554	0.258476	-46.443447	-46.567650
24.106274	0.127554	0.258476	-46.443447	-46.567650
24.115648	0.127554	0.258476	-46.446800	-46.567650
24.125023	0.130907	0.258476	-46.440079	-46.571003
24.134398	0.130907	0.258476	-46.440079	-46.571003
24.143772	0.130907	0.255123	-46.443447	-46.571003
24.153147	0.130907	0.255123	-46.453506	-46.567650
24.162523	0.130907	0.255123	-46.453506	-46.567650
24.171898	0.130907	0.255123	-46.453506	-46.567650
24.181273	0.130907	0.255123	-46.453506	-46.571003
24.190647	0.130907	0.255123	-46.453506	-46.574368
24.200022	0.134274	0.255123	-46.456875	-46.574368
24.209398	0.130907	0.255123	-46.453506	-46.574368
24.218773	0.130907	0.251770	-46.453506	-46.574368
24.228148	0.130907	0.251770	-46.453506	-46.574368
24.237522	0.130907	0.251770	-46.456875	-46.574368
24.246897	0.130907	0.251770	-46.456875	-46.577721
24.256273	0.130907	0.251770	-46.456875	-46.574368
24.265648	0.130907	0.251770	-46.456875	-46.574368
24.275023	0.130907	0.251770	-46.453506	-46.574368
24.284397	0.130907	0.251770	-46.456875	-46.574368
24.293772	0.130907	0.248402	-46.456875	-46.577721
24.303146	0.130907	0.248402	-46.456875	-46.581074
24.312523	0.130907	0.245050	-46.453506	-46.577721
24.321898	0.130907	0.245050	-46.456875	-46.574368
24.331272	0.130907	0.241697	-46.456875	-46.574368
24.340647	0.130907	0.241697	-46.456875	-46.577721
24.350021	0.130907	0.245050	-46.456875	-46.577721
24.359398	0.127554	0.245050	-46.460228	-46.577721
24.368773	0.127554	0.245050	-46.460228	-46.577721
24.378147	0.127554	0.245050	-46.456875	-46.581074
24.387522	0.127554	0.241697	-46.453506	-46.581074
24.396896	0.127554	0.241697	-46.453506	-46.577721
24.406271	0.127554	0.241697	-46.460228	-46.574368
24.415648	0.127554	0.241697	-46.466946	-46.574368
24.425022	0.127554	0.241697	-46.466946	-46.574368
24.434397	0.127554	0.241697	-46.463577	-46.574368
24.443771	0.127554	0.241697	-46.463577	-46.571003
24.453146	0.127554	0.241697	-46.460228	-46.571003
24.462523	0.127554	0.241697	-46.456875	-46.571003
24.471897	0.127554	0.241697	-46.456875	-46.577721
24.481272	0.127554	0.241697	-46.460228	-46.577721
24.490646	0.127554	0.238329	-46.463577	-46.577721
24.500021	0.127554	0.238329	-46.466946	-46.577721
24.509398	0.127554	0.234976	-46.466946	-46.577721
24.518772	0.127554	0.234976	-46.463577	-46.581074
24.528147	0.127554	0.234976	-46.460228	-46.581074
24.537521	0.127554	0.231624	-46.456875	-46.574368
24.546896	0.127554	0.231624	-46.456875	-46.574368
24.556271	0.127554	0.231624	-46.460228	-46.577721
24.565647	0.127554	0.231624	-46.460228	-46.577721
24.575022	0.127554	0.231624	-46.456875	-46.574368
24.584396	0.127554	0.228271	-46.460228	-46.574368
24.593771	0.127554	0.228271	-46.463577	-46.574368
24.603146	0.124201	0.228271	-46.463577	-46.577721
24.612522	0.124201	0.224903	-46.460228	-46.581074
24.621897	0.124201	0.224903	-46.460228	-46.584427
24.631271	0.127554	0.224903	-46.460228	-46.584427
24.640646	0.127554	0.224903	-46.463577	-46.581074
24.650021	0.127554	0.224903	-46.463577	-46.581074
24.659395	0.130907	0.224903	-46.466946	-46.584427
24.668772	0.130907	0.224903	-46.466946	-46.584427
24.678146	0.127554	0.224903	-46.466946	-46.584427
24.687521	0.127554	0.221550	-46.466946	-46.581074
24.696896	0.127554	0.221550	-46.466946	-46.584427
24.706270	0.124201	0.221550	-46.466946	-46.581074
24.715647	0.124201	0.221550	-46.466946	-46.577721
24.725021	0.124201	0.218198	-46.466946	-46.574368
24.734396	0.127554	0.218198	-46.466946	-46.574368
24.743771	0.127554	0.218198	-46.470299	-46.577721
24.753145	0.127554	0.218198	-46.473652	-46.577721
24.762522	0.127554	0.218198	-46.477005	-46.574368
24.771896	0.127554	0.214845	-46.477005	-46.577721
24.781271	0.127554	0.214845	-46.466946	-46.581074
24.790646	0.127554	0.211477	-46.463577	-46.584427
24.800020	0.127554	0.211477	-46.466946	-46.584427
24.809395	0.127554	0.208125	-46.473652	-46.587795
24.818771	0.127554	0.208125	-46.477005	-46.587795
24.828146	0.124201	0.208125	-46.477005	-46.584427
24.837521	0.124201	0.208125	-46.477005	-46.581074
24.846895	0.124201	0.208125	-46.480373	-46.584427
24.856270	0.124201	0.204772	-46.477005	-46.587795
24.865646	0.124201	0.204772	-46.473652	-46.587795
24.875021	0.124201	0.204772	-46.470299	-46.587795
24.884396	0.124201	0.204772	-46.473652	-46.584427
24.893770	0.124201	0.201404	-46.477005	-46.587795
24.903145	0.124201	0.201404	-46.473652	-46.587795
24.912521	0.120848	0.201404	-46.473652	-46.591148
24.921896	0.120848	0.198051	-46.473652	-46.587795
24.931271	0.120848	0.198051	-46.473652	-46.584427
24.940645	0.117481	0.198051	-46.473652	-46.587795
24.950020	0.117481	0.194699	-46.473652	-46.594501
24.959394	0.117481	0.191346	-46.477005	-46.601219
24.968771	0.120848	0.191346	-46.480373	-46.597870
24.978146	0.120848	0.187978	-46.483727	-46.594501
24.987520	0.120848	0.187978	-46.483727	-46.594501
24.996895	0.117481	0.187978	-46.483727	-46.597870
25.006269	0.117481	0.184625	-46.483727	-46.597870
25.015646	0.114128	0.184625	-46.483727	-46.594501
25.025021	0.114128	0.184625	-46.487080	-46.597870
25.034395	0.114128	0.184625	-46.487080	-46.604572
25.043770	0.110775	0.184625	-46.483727	-46.604572
25.053144	0.110775	0.181273	-46.483727	-46.604572
25.062519	0.110775	0.181273	-46.483727	-46.601219
25.071896	0.110775	0.177905	-46.483727	-46.604572
25.081270	0.110775	0.174552	-46.483727	-46.607925
25.090645	0.110775	0.174552	-46.483727	-46.607925
25.100019	0.110775	0.171199	-46.487080	-46.611294
25.109394	0.110775	0.171199	-46.487080	-46.614647
25.118771	0.110775	0.171199	-46.483727	-46.618000
25.128145	0.110775	0.167847	-46.480373	-46.618000
25.137520	0.110775	0.167847	-46.480373	-46.621353
25.146894	0.110775	0.164479	-46.483727	-46.624722
25.156269	0.107422	0.164479	-46.487080	-46.624722
25.165646	0.107422	0.161126	-46.490444	-46.624722
25.175020	0.104055	0.161126	-46.490444	-46.628075
25.184395	0.100702	0.157773	-46.493797	-46.628075
25.193769	0.100702	0.154406	-46.493797	-46.631424
25.203144	0.097349	0.154406	-46.493797	-46.634792
25.212519	0.097349	0.154406	-46.490444	-46.638145
25.221895	0.097349	0.151053	-46.490444	-46.634792
25.231270	0.093982	0.151053	-46.497150	-46.634792
25.240644	0.093982	0.151053	-46.507225	-46.638145
25.250019	0.093982	0.147700	-46.510578	-46.644852
25.259394	0.093982	0.144348	-46.510578	-46.648220
25.268770	0.093982	0.144348	-46.507225	-46.644852
25.278145	0.093982	0.140980	-46.507225	-46.648220
25.287519	0.090629	0.137627	-46.510578	-46.651573
25.296894	0.090629	0.137627	-46.513931	-46.658291
25.306269	0.087276	0.134274	-46.513931	-46.661644
25.315645	0.087276	0.130907	-46.517296	-46.661644
25.325020	0.087276	0.130907	-46.520649	-46.661644
25.334394	0.087276	0.130907	-46.520649	-46.664997
25.343769	0.087276	0.127554	-46.520649	-46.671719
25.353144	0.087276	0.127554	-46.524002	-46.675072
25.362518	0.087276	0.124201	-46.524002	-46.675072
25.371895	0.087276	0.120848	-46.527370	-46.678425
25.381269	0.083923	0.117481	-46.527370	-46.685143
25.390644	0.083923	0.114128	-46.527370	-46.691849
25.400019	0.080556	0.110775	-46.527370	-46.698570
25.409393	0.080556	0.110775	-46.527370	-46.698570
25.418770	0.077203	0.110775	-46.527370	-46.698570
25.428144	0.077203	0.107422	-46.530724	-46.705292
25.437519	0.077203	0.107422	-46.530724	-46.715347
25.446894	0.077203	0.104055	-46.534077	-46.722069
25.456268	0.073850	0.100702	-46.534077	-46.722069
25.465643	0.073850	0.100702	-46.534077	-46.725422
25.475019	0.073850	0.097349	-46.534077	-46.725422
25.484394	0.070482	0.097349	-46.537430	-46.722069
25.493769	0.070482	0.093982	-46.544151	-46.722069
25.503143	0.067130	0.093982	-46.550869	-46.718716
25.512518	0.067130	0.097349	-46.554222	-46.715347
25.521894	0.063777	0.097349	-46.554222	-46.708645
25.531269	0.060424	0.100702	-46.554222	-46.705292
25.540644	0.057057	0.100702	-46.557575	-46.705292
25.550018	0.057057	0.104055	-46.557575	-46.711998
25.559393	0.053704	0.104055	-46.557575	-46.718716
25.568769	0.050351	0.104055	-46.560928	-46.722069
25.578144	0.046983	0.104055	-46.567650	-46.722069
25.587519	0.043631	0.104055	-46.574368	-46.725422
25.596893	0.043631	0.107422	-46.574368	-46.728775
25.606268	0.040278	0.110775	-46.567650	-46.728775
25.615643	0.040278	0.110775	-46.571003	-46.725422
25.625019	0.040278	0.114128	-46.577721	-46.722069
25.634394	0.036925	0.117481	-46.584427	-46.722069
25.643768	0.036925	0.120848	-46.591148	-46.722069
25.653143	0.036925	0.124201	-46.594501	-46.722069
25.662518	0.033557	0.127554	-46.594501	-46.722069
25.671894	0.033557	0.127554	-46.591148	-46.718716
25.681269	0.030205	0.130907	-46.591148	-46.715347
25.690643	0.026852	0.130907	-46.594501	-46.715347
25.700018	0.023484	0.134274	-46.597870	-46.711998
25.709393	0.020131	0.137627	-46.597870	-46.711998
25.718767	0.016779	0.140980	-46.601219	-46.708645
25.728144	0.016779	0.144348	-46.604572	-46.708645
25.737518	0.016779	0.147700	-46.604572	-46.701923
25.746893	0.013426	0.151053	-46.604572	-46.698570
25.756268	0.013426	0.154406	-46.604572	-46.695217
25.765642	0.013426	0.157773	-46.611294	-46.695217
25.775019	0.010058	0.157773	-46.618000	-46.691849
25.784393	0.010058	0.161126	-46.624722	-46.688496
25.793768	0.010058	0.161126	-46.624722	-46.688496
25.803143	0.010058	0.161126	-46.624722	-46.685143
25.812517	0.010058	0.164479	-46.624722	-46.678425
25.821894	0.010058	0.164479	-46.628075	-46.671719
25.831268	0.010058	0.167847	-46.628075	-46.664997
25.840643	0.010058	0.167847	-46.634792	-46.664997
25.850018	0.010058	0.171199	-46.638145	-46.664997
25.859392	0.013426	0.171199	-46.641499	-46.664997
25.868767	0.013426	0.171199	-46.638145	-46.658291
25.878143	0.013426	0.174552	-46.634792	-46.651573
25.887518	0.013426	0.177905	-46.638145	-46.648220
25.896893	0.013426	0.184625	-46.641499	-46.644852
25.906267	0.016779	0.187978	-46.641499	-46.644852
25.915642	0.020131	0.191346	-46.641499	-46.641499
25.925018	0.023484	0.198051	-46.644852	-46.634792
25.934393	0.026852	0.201404	-46.641499	-46.628075
25.943768	0.030205	0.204772	-46.638145	-46.621353
25.953142	0.033557	0.211477	-46.634792	-46.621353
25.962517	0.033557	0.214845	-46.634792	-46.618000
25.971893	0.036925	0.218198	-46.634792	-46.614647
25.981268	0.043631	0.218198	-46.638145	-46.611294
25.990643	0.046983	0.221550	-46.634792	-46.611294
26.000017	0.046983	0.221550	-46.631424	-46.607925
26.009392	0.050351	0.224903	-46.631424	-46.607925
26.018766	0.050351	0.224903	-46.634792	-46.604572
26.028143	0.053704	0.224903	-46.638145	-46.604572
26.037518	0.053704	0.228271	-46.634792	-46.604572
26.046892	0.057057	0.228271	-46.628075	-46.604572
26.056267	0.063777	0.231624	-46.624722	-46.601219
26.065641	0.067130	0.231624	-46.621353	-46.597870
26.075018	0.070482	0.231624	-46.621353	-46.597870
26.084393	0.073850	0.231624	-46.618000	-46.594501
26.093767	0.077203	0.234976	-46.611294	-46.591148
26.103142	0.077203	0.234976	-46.611294	-46.584427
26.112516	0.080556	0.234976	-46.614647	-46.584427
26.121891	0.083923	0.234976	-46.611294	-46.587795
26.131268	0.083923	0.234976	-46.604572	-46.591148
26.140642	0.083923	0.234976	-46.597870	-46.591148
26.150017	0.087276	0.234976	-46.591148	-46.584427
26.159391	0.087276	0.234976	-46.587795	-46.581074
26.168766	0.087276	0.238329	-46.584427	-46.581074
26.178143	0.090629	0.238329	-46.587795	-46.577721
26.187517	0.090629	0.238329	-46.584427	-46.577721
26.196892	0.093982	0.238329	-46.574368	-46.577721
26.206266	0.097349	0.241697	-46.564297	-46.584427
26.215641	0.104055	0.241697	-46.557575	-46.587795
26.225018	0.107422	0.241697	-46.550869	-46.584427
26.234392	0.110775	0.241697	-46.544151	-46.581074
26.243767	0.117481	0.241697	-46.540798	-46.581074
26.253141	0.120848	0.241697	-46.540798	-46.584427
26.262516	0.124201	0.241697	-46.537430	-46.584427
26.271891	0.127554	0.241697	-46.534077	-46.581074
26.281267	0.130907	0.241697	-46.534077	-46.577721
26.290642	0.134274	0.241697	-46.534077	-46.577721
26.300016	0.134274	0.245050	-46.534077	-46.577721
26.309391	0.137627	0.245050	-46.530724	-46.574368
26.318766	0.137627	0.245050	-46.534077	-46.574368
26.328142	0.140980	0.245050	-46.534077	-46.574368
26.337517	0.144348	0.245050	-46.534077	-46.574368
26.346891	0.147700	0.245050	-46.527370	-46.574368
26.356266	0.147700	0.245050	-46.527370	-46.571003
26.365641	0.151053	0.245050	-46.527370	-46.571003
26.375017	0.151053	0.245050	-46.527370	-46.567650
26.384392	0.154406	0.245050	-46.524002	-46.567650
26.393766	0.154406	0.245050	-46.520649	-46.571003
26.403141	0.154406	0.245050	-46.517296	-46.574368
26.412516	0.154406	0.245050	-46.513931	-46.574368
26.421890	0.157773	0.245050	-46.510578	-46.571003
26.431267	0.157773	0.245050	-46.513931	-46.571003
26.440641	0.157773	0.245050	-46.513931	-46.571003
26.450016	0.157773	0.245050	-46.517296	-46.567650
26.459391	0.157773	0.245050	-46.520649	-46.567650
26.468765	0.157773	0.248402	-46.524002	-46.567650
26.478142	0.161126	0.248402	-46.517296	-46.571003
26.487516	0.161126	0.248402	-46.513931	-46.567650
26.496891	0.164479	0.248402	-46.517296	-46.564297
26.506266	0.164479	0.248402	-46.524002	-46.567650
26.515640	0.167847	0.248402	-46.524002	-46.571003
26.525015	0.167847	0.248402	-46.520649	-46.571003
26.534391	0.167847	0.248402	-46.517296	-46.571003
26.543766	0.167847	0.248402	-46.517296	-46.571003
26.553141	0.167847	0.248402	-46.517296	-46.571003
26.562515	0.164479	0.248402	-46.510578	-46.567650
26.571890	0.164479	0.248402	-46.510578	-46.567650
26.581266	0.164479	0.248402	-46.517296	-46.571003
26.590641	0.164479	0.251770	-46.517296	-46.574368
26.600016	0.167847	0.251770	-46.517296	-46.574368
26.609390	0.167847	0.251770	-46.513931	-46.571003
26.618765	0.167847	0.251770	-46.513931	-46.571003
26.628141	0.171199	0.255123	-46.513931	-46.567650
26.637516	0.171199	0.255123	-46.510578	-46.571003
26.646891	0.171199	0.255123	-46.510578	-46.574368
26.656265	0.171199	0.255123	-46.507225	-46.577721
26.665640	0.174552	0.255123	-46.507225	-46.574368
26.675014	0.174552	0.251770	-46.507225	-46.567650
26.684391	0.174552	0.251770	-46.507225	-46.567650
26.693766	0.174552	0.251770	-46.503872	-46.571003
26.703140	0.174552	0.251770	-46.500504	-46.567650
26.712515	0.171199	0.255123	-46.500504	-46.564297
26.721889	0.171199	0.255123	-46.500504	-46.564297
26.731266	0.174552	0.255123	-46.503872	-46.571003
26.740641	0.174552	0.255123	-46.503872	-46.577721
26.750015	0.177905	0.255123	-46.503872	-46.577721
26.759390	0.177905	0.255123	-46.507225	-46.574368
26.768764	0.177905	0.251770	-46.507225	-46.567650
26.778139	0.181273	0.251770	-46.507225	-46.567650
26.787516	0.181273	0.255123	-46.507225	-46.567650
26.796890	0.181273	0.255123	-46.507225	-46.571003
26.806265	0.181273	0.258476	-46.503872	-46.574368
26.815639	0.181273	0.258476	-46.503872	-46.574368
26.825014	0.181273	0.258476	-46.500504	-46.571003
26.834391	0.181273	0.258476	-46.500504	-46.571003
26.843765	0.181273	0.258476	-46.503872	-46.571003
26.853140	0.181273	0.258476	-46.507225	-46.571003
26.862514	0.181273	0.258476	-46.510578	-46.574368
26.871889	0.184625	0.258476	-46.510578	-46.574368
26.881266	0.184625	0.258476	-46.507225	-46.571003
26.890640	0.184625	0.258476	-46.503872	-46.567650
26.900015	0.184625	0.258476	-46.507225	-46.567650
26.909389	0.184625	0.261828	-46.507225	-46.571003
26.918764	0.184625	0.261828	-46.507225	-46.574368
26.928139	0.184625	0.261828	-46.503872	-46.571003
26.937515	0.184625	0.258476	-46.503872	-46.567650
26.946890	0.184625	0.258476	-46.503872	-46.567650
26.956264	0.187978	0.258476	-46.503872	-46.567650
26.965639	0.187978	0.258476	-46.497150	-46.567650
26.975014	0.184625	0.258476	-46.493797	-46.567650
26.984390	0.184625	0.258476	-46.493797	-46.571003
26.993765	0.184625	0.258476	-46.500504	-46.574368
27.003139	0.184625	0.258476	-46.503872	-46.571003
27.012514	0.184625	0.258476	-46.500504	-46.571003
27.021889	0.187978	0.258476	-46.500504	-46.574368
27.031265	0.187978	0.258476	-46.500504	-46.571003
27.040640	0.187978	0.258476	-46.500504	-46.571003
27.050014	0.191346	0.258476	-46.497150	-46.571003
27.059389	0.191346	0.258476	-46.497150	-46.571003
27.068764	0.191346	0.258476	-46.500504	-46.571003
27.078138	0.191346	0.258476	-46.500504	-46.571003
27.087515	0.191346	0.258476	-46.500504	-46.571003
27.096889	0.191346	0.258476	-46.497150	-46.571003
27.106264	0.191346	0.258476	-46.497150	-46.564297
27.115639	0.191346	0.261828	-46.497150	-46.560928
27.125013	0.191346	0.261828	-46.497150	-46.564297
27.134390	0.191346	0.261828	-46.497150	-46.571003
27.143764	0.194699	0.258476	-46.497150	-46.564297
27.153139	0.194699	0.258476	-46.497150	-46.557575
27.162514	0.194699	0.258476	-46.493797	-46.554222
27.171888	0.194699	0.261828	-46.493797	-46.557575
27.181263	0.194699	0.261828	-46.497150	-46.560928
27.190639	0.194699	0.261828	-46.500504	-46.560928
27.200014	0.194699	0.265196	-46.503872	-46.560928
27.209389	0.194699	0.265196	-46.503872	-46.564297
27.218763	0.198051	0.265196	-46.500504	-46.564297
27.228138	0.198051	0.261828	-46.493797	-46.564297
27.237514	0.194699	0.261828	-46.490444	-46.564297
27.246889	0.194699	0.261828	-46.490444	-46.567650
27.256264	0.194699	0.261828	-46.490444	-46.567650
27.265638	0.194699	0.261828	-46.490444	-46.567650
27.275013	0.194699	0.261828	-46.493797	-46.571003
27.284389	0.194699	0.261828	-46.500504	-46.571003
27.293764	0.194699	0.261828	-46.500504	-46.571003
27.303139	0.194699	0.258476	-46.497150	-46.567650
27.312513	0.194699	0.258476	-46.493797	-46.567650
27.321888	0.194699	0.258476	-46.497150	-46.567650
27.331263	0.194699	0.258476	-46.500504	-46.567650
27.340639	0.194699	0.255123	-46.503872	-46.571003
27.350014	0.194699	0.255123	-46.507225	-46.571003
27.359388	0.198051	0.255123	-46.503872	-46.564297
27.368763	0.198051	0.255123	-46.497150	-46.560928
27.378138	0.194699	0.255123	-46.493797	-46.557575
27.387514	0.194699	0.258476	-46.497150	-46.560928
27.396889	0.194699	0.258476	-46.500504	-46.564297
27.406263	0.198051	0.258476	-46.500504	-46.564297
27.415638	0.198051	0.258476	-46.500504	-46.564297
27.425013	0.198051	0.258476	-46.503872	-46.560928
27.434389	0.201404	0.258476	-46.503872	-46.560928
27.443764	0.201404	0.255123	-46.503872	-46.557575
27.453138	0.201404	0.255123	-46.500504	-46.554222
27.462513	0.201404	0.255123	-46.503872	-46.554222
27.471888	0.201404	0.255123	-46.507225	-46.557575
27.481262	0.204772	0.255123	-46.510578	-46.560928
27.490639	0.204772	0.258476	-46.507225	-46.560928
27.500013	0.204772	0.258476	-46.507225	-46.557575
27.509388	0.204772	0.258476	-46.510578	-46.560928
27.518763	0.204772	0.258476	-46.513931	-46.560928
27.528137	0.204772	0.261828	-46.513931	-46.564297
27.537514	0.204772	0.261828	-46.517296	-46.564297
27.546888	0.204772	0.261828	-46.517296	-46.564297
27.556263	0.201404	0.261828	-46.510578	-46.560928
27.565638	0.201404	0.261828	-46.503872	-46.564297
27.575012	0.201404	0.258476	-46.503872	-46.567650
27.584387	0.204772	0.258476	-46.503872	-46.567650
27.593763	0.204772	0.261828	-46.503872	-46.564297
27.603138	0.204772	0.261828	-46.507225	-46.564297
27.612513	0.204772	0.261828	-46.507225	-46.564297
27.621887	0.204772	0.265196	-46.507225	-46.564297
27.631262	0.204772	0.265196	-46.503872	-46.560928
27.640638	0.204772	0.261828	-46.503872	-46.560928
27.650013	0.204772	0.261828	-46.503872	-46.560928
27.659388	0.204772	0.261828	-46.500504	-46.560928
27.668762	0.204772	0.258476	-46.500504	-46.560928
27.678137	0.204772	0.258476	-46.507225	-46.557575
27.687513	0.204772	0.258476	-46.513931	-46.557575
27.696888	0.204772	0.258476	-46.513931	-46.560928
27.706263	0.204772	0.261828	-46.507225	-46.564297
27.715637	0.204772	0.261828	-46.503872	-46.560928
27.725012	0.208125	0.261828	-46.507225	-46.557575
27.734386	0.208125	0.265196	-46.507225	-46.560928
27.743763	0.208125	0.261828	-46.503872	-46.564297
27.753138	0.208125	0.261828	-46.503872	-46.567650
27.762512	0.208125	0.261828	-46.503872	-46.567650
27.771887	0.208125	0.261828	-46.500504	-46.567650
27.781261	0.204772	0.258476	-46.500504	-46.567650
27.790638	0.204772	0.258476	-46.503872	-46.564297
27.800013	0.208125	0.261828	-46.507225	-46.560928
27.809387	0.208125	0.261828	-46.507225	-46.560928
27.818762	0.208125	0.261828	-46.507225	-46.560928
27.828136	0.208125	0.261828	-46.507225	-46.564297
27.837511	0.208125	0.261828	-46.507225	-46.564297
27.846888	0.211477	0.261828	-46.503872	-46.564297
27.856262	0.211477	0.261828	-46.500504	-46.560928
27.865637	0.208125	0.261828	-46.500504	-46.560928
27.875011	0.208125	0.261828	-46.497150	-46.564297
27.884386	0.208125	0.261828	-46.500504	-46.564297
27.893763	0.208125	0.261828	-46.503872	-46.564297
27.903137	0.208125	0.261828	-46.510578	-46.564297
27.912512	0.208125	0.261828	-46.507225	-46.567650
27.921886	0.208125	0.261828	-46.500504	-46.560928
27.931261	0.208125	0.261828	-46.497150	-46.557575
27.940638	0.208125	0.265196	-46.500504	-46.557575
27.950012	0.211477	0.265196	-46.507225	-46.564297
27.959387	0.211477	0.265196	-46.507225	-46.571003
27.968761	0.214845	0.265196	-46.503872	-46.571003
27.978136	0.214845	0.265196	-46.503872	-46.567650
27.987511	0.214845	0.261828	-46.503872	-46.571003
27.996887	0.211477	0.261828	-46.503872	-46.571003
28.006262	0.211477	0.261828	-46.503872	-46.571003
28.015636	0.211477	0.261828	-46.503872	-46.567650
28.025011	0.211477	0.261828	-46.503872	-46.567650
28.034386	0.211477	0.261828	-46.507225	-46.567650
28.043762	0.208125	0.261828	-46.510578	-46.564297
28.053137	0.208125	0.261828	-46.507225	-46.560928
28.062511	0.208125	0.261828	-46.500504	-46.557575
28.071886	0.208125	0.258476	-46.497150	-46.554222
28.081261	0.211477	0.258476	-46.500504	-46.554222
28.090637	0.211477	0.258476	-46.500504	-46.557575
28.100012	0.211477	0.258476	-46.500504	-46.564297
28.109386	0.211477	0.258476	-46.497150	-46.564297
28.118761	0.211477	0.258476	-46.493797	-46.560928
28.128136	0.211477	0.261828	-46.493797	-46.557575
28.137510	0.211477	0.261828	-46.493797	-46.557575
28.146887	0.211477	0.261828	-46.490444	-46.560928
28.156261	0.211477	0.265196	-46.493797	-46.557575
28.165636	0.214845	0.261828	-46.500504	-46.560928
28.175011	0.214845	0.261828	-46.500504	-46.560928
28.184385	0.214845	0.265196	-46.500504	-46.560928
28.193762	0.214845	0.265196	-46.500504	-46.557575
28.203136	0.214845	0.265196	-46.500504	-46.557575
28.212511	0.218198	0.265196	-46.500504	-46.557575
28.221886	0.218198	0.265196	-46.503872	-46.557575
28.231260	0.218198	0.265196	-46.507225	-46.557575
28.240635	0.218198	0.265196	-46.507225	-46.557575
28.250011	0.218198	0.268549	-46.503872	-46.560928
28.259386	0.214845	0.268549	-46.497150	-46.560928
28.268761	0.214845	0.268549	-46.490444	-46.560928
28.278135	0.214845	0.265196	-46.490444	-46.560928
28.287510	0.214845	0.265196	-46.497150	-46.560928
28.296886	0.214845	0.261828	-46.503872	-46.557575
28.306261	0.214845	0.261828	-46.503872	-46.560928
28.315636	0.214845	0.265196	-46.500504	-46.564297
28.325010	0.211477	0.265196	-46.497150	-46.560928
28.334385	0.211477	0.265196	-46.497150	-46.557575
28.343761	0.211477	0.265196	-46.500504	-46.557575
28.353136	0.211477	0.265196	-46.500504	-46.560928
28.362511	0.214845	0.265196	-46.500504	-46.560928
28.371885	0.214845	0.265196	-46.500504	-46.560928
28.381260	0.214845	0.265196	-46.500504	-46.560928
28.390635	0.211477	0.265196	-46.500504	-46.564297
28.400011	0.211477	0.265196	-46.497150	-46.564297
28.409386	0.211477	0.265196	-46.497150	-46.560928
28.418760	0.211477	0.265196	-46.493797	-46.560928
28.428135	0.211477	0.265196	-46.493797	-46.564297
28.437510	0.211477	0.268549	-46.493797	-46.564297
28.446886	0.211477	0.268549	-46.497150	-46.564297
28.456261	0.211477	0.268549	-46.500504	-46.560928
28.465635	0.214845	0.268549	-46.500504	-46.557575
28.475010	0.214845	0.268549	-46.500504	-46.557575
28.484385	0.214845	0.268549	-46.500504	-46.557575
28.493759	0.218198	0.265196	-46.500504	-46.557575
28.503136	0.221550	0.265196	-46.500504	-46.557575
28.512510	0.221550	0.265196	-46.503872	-46.557575
28.521885	0.224903	0.265196	-46.503872	-46.557575
28.531260	0.224903	0.265196	-46.503872	-46.557575
28.540634	0.224903	0.265196	-46.500504	-46.557575
28.550011	0.221550	0.268549	-46.500504	-46.554222
28.559385	0.221550	0.268549	-46.500504	-46.557575
28.568760	0.221550	0.268549	-46.503872	-46.567650
28.578135	0.218198	0.268549	-46.503872	-46.571003
28.587509	0.218198	0.268549	-46.503872	-46.571003
28.596886	0.218198	0.268549	-46.503872	-46.567650
28.606260	0.218198	0.265196	-46.500504	-46.564297
28.615635	0.218198	0.265196	-46.500504	-46.560928
28.625010	0.218198	0.265196	-46.503872	-46.560928
28.634384	0.214845	0.265196	-46.507225	-46.557575
28.643759	0.218198	0.265196	-46.513931	-46.560928
28.653135	0.218198	0.265196	-46.513931	-46.564297
28.662510	0.218198	0.265196	-46.510578	-46.560928
28.671885	0.218198	0.265196	-46.507225	-46.557575
28.681259	0.218198	0.268549	-46.507225	-46.560928
28.690634	0.218198	0.268549	-46.513931	-46.564297
28.700010	0.218198	0.268549	-46.513931	-46.567650
28.709385	0.218198	0.268549	-46.513931	-46.564297
28.718760	0.218198	0.268549	-46.517296	-46.564297
28.728134	0.218198	0.268549	-46.520649	-46.560928
28.737509	0.218198	0.268549	-46.517296	-46.560928
28.746885	0.221550	0.268549	-46.510578	-46.564297
28.756260	0.221550	0.268549	-46.507225	-46.564297
28.765635	0.221550	0.268549	-46.507225	-46.560928
28.775009	0.221550	0.265196	-46.510578	-46.557575
28.784384	0.221550	0.265196	-46.513931	-46.557575
28.793758	0.221550	0.265196	-46.510578	-46.557575
28.803135	0.221550	0.265196	-46.510578	-46.554222
28.812510	0.221550	0.268549	-46.507225	-46.550869
28.821884	0.221550	0.268549	-46.503872	-46.547501
28.831259	0.221550	0.268549	-46.500504	-46.554222
28.840633	0.221550	0.265196	-46.500504	-46.557575
28.850010	0.221550	0.265196	-46.500504	-46.557575
28.859385	0.221550	0.265196	-46.500504	-46.557575
28.868759	0.218198	0.265196	-46.500504	-46.557575
28.878134	0.221550	0.261828	-46.503872	-46.560928
28.887508	0.221550	0.261828	-46.503872	-46.557575
28.896883	0.221550	0.261828	-46.503872	-46.554222
28.906260	0.221550	0.261828	-46.507225	-46.554222
28.915634	0.221550	0.261828	-46.513931	-46.557575
28.925009	0.221550	0.265196	-46.513931	-46.560928
28.934383	0.221550	0.265196	-46.510578	-46.560928
28.943758	0.221550	0.265196	-46.513931	-46.560928
28.953135	0.224903	0.268549	-46.517296	-46.560928
28.962509	0.224903	0.268549	-46.517296	-46.560928
28.971884	0.224903	0.268549	-46.517296	-46.564297
28.981258	0.228271	0.265196	-46.520649	-46.564297
28.990633	0.228271	0.265196	-46.520649	-46.564297
29.000010	0.224903	0.265196	-46.517296	-46.560928
29.009384	0.224903	0.265196	-46.517296	-46.560928
29.018759	0.224903	0.265196	-46.517296	-46.557575
29.028133	0.224903	0.265196	-46.517296	-46.554222
29.037508	0.224903	0.268549	-46.510578	-46.550869
29.046883	0.224903	0.268549	-46.510578	-46.547501
29.056259	0.224903	0.268549	-46.513931	-46.547501
29.065634	0.224903	0.268549	-46.513931	-46.544151
29.075008	0.224903	0.268549	-46.513931	-46.544151
29.084383	0.224903	0.268549	-46.510578	-46.544151
29.093758	0.224903	0.265196	-46.507225	-46.547501
29.103134	0.224903	0.265196	-46.507225	-46.547501
29.112509	0.224903	0.265196	-46.507225	-46.550869
29.121883	0.224903	0.265196	-46.510578	-46.554222
29.131258	0.228271	0.268549	-46.517296	-46.557575
29.140633	0.228271	0.268549	-46.517296	-46.557575
29.150009	0.228271	0.268549	-46.510578	-46.554222
29.159384	0.228271	0.268549	-46.510578	-46.554222
29.168758	0.228271	0.268549	-46.513931	-46.560928
29.178133	0.224903	0.268549	-46.517296	-46.564297
29.187508	0.224903	0.268549	-46.513931	-46.560928
29.196882	0.224903	0.268549	-46.517296	-46.560928
29.206259	0.224903	0.265196	-46.520649	-46.557575
29.215633	0.224903	0.265196	-46.524002	-46.557575
29.225008	0.224903	0.265196	-46.520649	-46.554222
29.234383	0.224903	0.265196	-46.517296	-46.550869
29.243757	0.221550	0.265196	-46.513931	-46.550869
29.253134	0.221550	0.265196	-46.517296	-46.547501
29.262508	0.224903	0.265196	-46.517296	-46.550869
29.271883	0.224903	0.268549	-46.520649	-46.554222
29.281258	0.224903	0.268549	-46.517296	-46.554222
29.290632	0.224903	0.268549	-46.513931	-46.550869
29.300007	0.224903	0.268549	-46.510578	-46.544151
29.309383	0.224903	0.268549	-46.510578	-46.544151
29.318758	0.224903	0.268549	-46.513931	-46.547501
29.328133	0.224903	0.268549	-46.513931	-46.550869
29.337507	0.224903	0.268549	-46.513931	-46.547501
29.346882	0.224903	0.268549	-46.517296	-46.547501
29.356258	0.224903	0.268549	-46.517296	-46.550869
29.365633	0.224903	0.268549	-46.510578	-46.554222
29.375008	0.228271	0.268549	-46.507225	-46.554222
29.384382	0.228271	0.268549	-46.510578	-46.554222
29.393757	0.228271	0.268549	-46.513931	-46.554222
29.403133	0.231624	0.268549	-46.510578	-46.557575
29.412508	0.231624	0.268549	-46.510578	-46.557575
29.421883	0.231624	0.268549	-46.510578	-46.557575
29.431257	0.234976	0.271901	-46.510578	-46.557575
29.440632	0.231624	0.271901	-46.510578	-46.557575
29.450006	0.231624	0.271901	-46.510578	-46.557575
29.459383	0.231624	0.268549	-46.517296	-46.560928
29.468758	0.231624	0.268549	-46.517296	-46.564297
29.478132	0.228271	0.265196	-46.513931	-46.560928
29.487507	0.228271	0.265196	-46.510578	-46.560928
29.496881	0.228271	0.265196	-46.510578	-46.557575
29.506258	0.224903	0.265196	-46.510578	-46.554222
29.515633	0.224903	0.268549	-46.513931	-46.554222
29.525007	0.228271	0.268549	-46.513931	-46.550869
29.534382	0.228271	0.268549	-46.517296	-46.554222
29.543756	0.228271	0.268549	-46.513931	-46.554222
29.553131	0.228271	0.268549	-46.513931	-46.550869
29.562508	0.228271	0.268549	-46.513931	-46.550869
29.571882	0.228271	0.268549	-46.510578	-46.554222
29.581257	0.228271	0.268549	-46.510578	-46.554222
29.590631	0.228271	0.265196	-46.510578	-46.554222
29.600006	0.224903	0.265196	-46.513931	-46.557575
29.609383	0.224903	0.265196	-46.517296	-46.560928
29.618757	0.224903	0.261828	-46.517296	-46.564297
29.628132	0.224903	0.261828	-46.513931	-46.560928
29.637506	0.224903	0.265196	-46.513931	-46.554222
29.646881	0.224903	0.265196	-46.513931	-46.550869
29.656258	0.224903	0.268549	-46.510578	-46.550869
29.665632	0.228271	0.268549	-46.513931	-46.554222
29.675007	0.228271	0.268549	-46.517296	-46.554222
29.684381	0.228271	0.268549	-46.517296	-46.554222
29.693756	0.228271	0.268549	-46.517296	-46.550869
29.703131	0.228271	0.268549	-46.513931	-46.547501
29.712507	0.228271	0.265196	-46.510578	-46.547501
29.721882	0.228271	0.265196	-46.513931	-46.550869
29.731256	0.228271	0.265196	-46.517296	-46.550869
29.740631	0.231624	0.265196	-46.520649	-46.547501
29.750006	0.231624	0.261828	-46.520649	-46.547501
29.759382	0.231624	0.261828	-46.513931	-46.547501
29.768757	0.231624	0.258476	-46.510578	-46.544151
29.778131	0.231624	0.258476	-46.510578	-46.540798
29.787506	0.228271	0.258476	-46.513931	-46.537430
29.796881	0.228271	0.261828	-46.510578	-46.540798
29.806257	0.228271	0.261828	-46.503872	-46.544151
29.815632	0.228271	0.265196	-46.500504	-46.540798
29.825006	0.228271	0.265196	-46.503872	-46.537430
29.834381	0.228271	0.265196	-46.503872	-46.540798
29.843756	0.228271	0.268549	-46.503872	-46.540798
29.853130	0.228271	0.268549	-46.503872	-46.540798
29.862507	0.228271	0.268549	-46.507225	-46.540798
29.871881	0.228271	0.268549	-46.513931	-46.540798
29.881256	0.231624	0.268549	-46.513931	-46.540798
29.890631	0.231624	0.268549	-46.513931	-46.537430
29.900005	0.231624	0.268549	-46.513931	-46.537430
29.909382	0.234976	0.268549	-46.513931	-46.537430
29.918756	0.234976	0.265196	-46.513931	-46.540798
29.928131	0.231624	0.265196	-46.517296	-46.540798
29.937506	0.231624	0.265196	-46.517296	-46.544151
29.946880	0.231624	0.265196	-46.517296	-46.547501
29.956255	0.231624	0.265196	-46.517296	-46.547501
29.965631	0.231624	0.265196	-46.513931	-46.547501
29.975006	0.231624	0.261828	-46.510578	-46.547501
29.984381	0.231624	0.261828	-46.510578	-46.544151
29.993755	0.231624	0.261828	-46.513931	-46.540798
30.003130	0.231624	0.258476	-46.513931	-46.540798
30.012506	0.231624	0.258476	-46.517296	-46.547501
30.021881	0.231624	0.258476	-46.517296	-46.547501
30.031256	0.231624	0.258476	-46.513931	-46.544151
30.040630	0.231624	0.258476	-46.510578	-46.540798
30.050005	0.228271	0.258476	-46.507225	-46.540798
30.059381	0.228271	0.258476	-46.507225	-46.540798
30.068756	0.228271	0.261828	-46.510578	-46.540798
30.078131	0.231624	0.261828	-46.510578	-46.540798
30.087505	0.231624	0.265196	-46.513931	-46.544151
30.096880	0.231624	0.265196	-46.510578	-46.547501
30.106255	0.231624	0.265196	-46.510578	-46.544151
30.115631	0.234976	0.265196	-46.510578	-46.544151
30.125006	0.234976	0.261828	-46.513931	-46.544151
30.134380	0.234976	0.261828	-46.513931	-46.544151
30.143755	0.234976	0.261828	-46.510578	-46.544151
30.153130	0.234976	0.261828	-46.510578	-46.544151
30.162506	0.234976	0.261828	-46.513931	-46.540798
30.171881	0.234976	0.261828	-46.513931	-46.537430
30.181255	0.234976	0.261828	-46.513931	-46.534077
30.190630	0.234976	0.265196	-46.513931	-46.534077
30.200005	0.234976	0.265196	-46.513931	-46.537430
30.209381	0.234976	0.265196	-46.520649	-46.534077
30.218756	0.234976	0.265196	-46.524002	-46.534077
30.228130	0.234976	0.265196	-46.524002	-46.537430
30.237505	0.234976	0.261828	-46.520649	-46.540798
30.246880	0.234976	0.261828	-46.517296	-46.537430
30.256254	0.234976	0.261828	-46.520649	-46.537430
30.265631	0.234976	0.258476	-46.520649	-46.540798
30.275005	0.234976	0.258476	-46.524002	-46.544151
30.284380	0.234976	0.258476	-46.520649	-46.544151
30.293755	0.238329	0.258476	-46.520649	-46.540798
30.303129	0.238329	0.258476	-46.520649	-46.537430
30.312506	0.238329	0.258476	-46.520649	-46.534077
30.321880	0.238329	0.261828	-46.517296	-46.534077
30.331255	0.238329	0.261828	-46.517296	-46.537430
30.340630	0.238329	0.261828	-46.520649	-46.540798
30.350004	0.238329	0.261828	-46.524002	-46.544151
30.359379	0.238329	0.261828	-46.527370	-46.540798
30.368755	0.238329	0.261828	-46.524002	-46.537430
30.378130	0.241697	0.258476	-46.524002	-46.537430
30.387505	0.241697	0.258476	-46.527370	-46.534077
30.396879	0.241697	0.258476	-46.530724	-46.534077
30.406254	0.241697	0.258476	-46.527370	-46.537430
30.415630	0.241697	0.261828	-46.524002	-46.537430
30.425005	0.241697	0.261828	-46.524002	-46.534077
30.434380	0.245050	0.261828	-46.524002	-46.534077
30.443754	0.245050	0.261828	-46.527370	-46.534077
30.453129	0.245050	0.261828	-46.527370	-46.537430
30.462505	0.245050	0.261828	-46.527370	-46.534077
30.471880	0.241697	0.261828	-46.527370	-46.530724
30.481255	0.241697	0.261828	-46.527370	-46.530724
30.490629	0.241697	0.258476	-46.524002	-46.530724
30.500004	0.238329	0.261828	-46.524002	-46.534077
30.509378	0.238329	0.261828	-46.524002	-46.534077
30.518755	0.238329	0.261828	-46.527370	-46.534077
30.528130	0.238329	0.261828	-46.527370	-46.534077
30.537504	0.238329	0.261828	-46.530724	-46.534077
30.546879	0.238329	0.261828	-46.527370	-46.534077
30.556253	0.238329	0.261828	-46.524002	-46.534077
30.565630	0.238329	0.261828	-46.524002	-46.537430
30.575005	0.238329	0.261828	-46.524002	-46.540798
30.584379	0.238329	0.261828	-46.524002	-46.540798
30.593754	0.238329	0.261828	-46.524002	-46.537430
30.603128	0.238329	0.261828	-46.527370	-46.537430
30.612503	0.238329	0.261828	-46.527370	-46.540798
30.621880	0.238329	0.265196	-46.524002	-46.540798
30.631254	0.238329	0.265196	-46.520649	-46.540798
30.640629	0.238329	0.265196	-46.524002	-46.537430
30.650003	0.238329	0.265196	-46.524002	-46.534077
30.659378	0.238329	0.265196	-46.520649	-46.534077
30.668755	0.238329	0.265196	-46.524002	-46.537430
30.678129	0.241697	0.265196	-46.527370	-46.540798
30.687504	0.241697	0.265196	-46.530724	-46.537430
30.696878	0.241697	0.265196	-46.530724	-46.537430
30.706253	0.245050	0.265196	-46.530724	-46.540798
30.715630	0.241697	0.265196	-46.527370	-46.540798
30.725004	0.241697	0.261828	-46.527370	-46.540798
30.734379	0.241697	0.261828	-46.524002	-46.537430
30.743753	0.245050	0.261828	-46.527370	-46.534077
30.753128	0.241697	0.265196	-46.527370	-46.537430
30.762503	0.241697	0.265196	-46.524002	-46.537430
30.771879	0.241697	0.265196	-46.520649	-46.537430
30.781254	0.241697	0.265196	-46.520649	-46.534077
30.790628	0.241697	0.261828	-46.524002	-46.534077
30.800003	0.241697	0.261828	-46.520649	-46.530724
30.809378	0.245050	0.261828	-46.520649	-46.530724
30.818754	0.245050	0.261828	-46.520649	-46.530724
30.828129	0.245050	0.261828	-46.524002	-46.534077
30.837503	0.245050	0.258476	-46.524002	-46.537430
30.846878	0.241697	0.258476	-46.520649	-46.534077
30.856253	0.241697	0.258476	-46.524002	-46.527370
30.865629	0.241697	0.261828	-46.524002	-46.524002
30.875004	0.241697	0.261828	-46.524002	-46.527370
30.884378	0.241697	0.261828	-46.524002	-46.530724
30.893753	0.241697	0.265196	-46.520649	-46.534077
30.903128	0.241697	0.265196	-46.520649	-46.534077
30.912502	0.241697	0.265196	-46.524002	-46.534077
30.921879	0.245050	0.265196	-46.524002	-46.537430
30.931253	0.245050	0.265196	-46.527370	-46.537430
30.940628	0.245050	0.265196	-46.530724	-46.540798
30.950003	0.245050	0.265196	-46.530724	-46.540798
30.959377	0.245050	0.265196	-46.527370	-46.540798
30.968754	0.245050	0.261828	-46.524002	-46.540798
30.978128	0.245050	0.261828	-46.520649	-46.540798
30.987503	0.245050	0.261828	-46.517296	-46.537430
30.996878	0.245050	0.258476	-46.517296	-46.530724
31.006252	0.241697	0.258476	-46.520649	-46.530724
31.015627	0.241697	0.258476	-46.524002	-46.534077
31.025003	0.241697	0.258476	-46.520649	-46.534077
31.034378	0.241697	0.258476	-46.520649	-46.527370
31.043753	0.241697	0.258476	-46.520649	-46.524002
31.053127	0.241697	0.258476	-46.517296	-46.527370
31.062502	0.245050	0.258476	-46.513931	-46.530724
31.071878	0.245050	0.258476	-46.513931	-46.527370
31.081253	0.245050	0.258476	-46.520649	-46.524002
31.090628	0.245050	0.258476	-46.524002	-46.524002
31.100002	0.245050	0.258476	-46.520649	-46.527370
31.109377	0.245050	0.255123	-46.517296	-46.527370
31.118753	0.245050	0.255123	-46.517296	-46.527370
31.128128	0.245050	0.255123	-46.517296	-46.527370
31.137503	0.245050	0.258476	-46.513931	-46.527370
31.146877	0.241697	0.258476	-46.513931	-46.527370
31.156252	0.241697	0.258476	-46.517296	-46.527370
31.165627	0.245050	0.258476	-46.520649	-46.530724
31.175003	0.245050	0.258476	-46.520649	-46.527370
31.184378	0.245050	0.261828	-46.520649	-46.527370
31.193752	0.245050	0.261828	-46.520649	-46.527370
31.203127	0.248402	0.261828	-46.520649	-46.530724
31.212502	0.248402	0.261828	-46.520649	-46.530724
31.221878	0.248402	0.258476	-46.520649	-46.530724
31.231253	0.248402	0.258476	-46.517296	-46.534077
31.240627	0.248402	0.258476	-46.517296	-46.537430
31.250002	0.248402	0.258476	-46.517296	-46.534077
31.259377	0.248402	0.255123	-46.520649	-46.530724
31.268753	0.248402	0.255123	-46.520649	-46.534077
31.278128	0.248402	0.255123	-46.517296	-46.534077
31.287502	0.248402	0.255123	-46.513931	-46.537430
31.296877	0.248402	0.255123	-46.513931	-46.537430
31.306252	0.248402	0.255123	-46.513931	-46.537430
31.315626	0.251770	0.255123	-46.513931	-46.540798
31.325003	0.251770	0.258476	-46.510578	-46.537430
31.334377	0.251770	0.258476	-46.510578	-46.534077
31.343752	0.251770	0.258476	-46.513931	-46.534077
31.353127	0.251770	0.258476	-46.513931	-46.534077
31.362501	0.251770	0.261828	-46.510578	-46.534077
31.371878	0.251770	0.261828	-46.510578	-46.534077
31.381252	0.251770	0.261828	-46.510578	-46.537430
31.390627	0.251770	0.258476	-46.510578	-46.537430
31.400002	0.251770	0.258476	-46.513931	-46.534077
31.409376	0.251770	0.258476	-46.513931	-46.530724
31.418751	0.251770	0.258476	-46.517296	-46.530724
31.428127	0.251770	0.258476	-46.520649	-46.527370
31.437502	0.251770	0.258476	-46.520649	-46.527370
31.446877	0.255123	0.258476	-46.517296	-46.527370
31.456251	0.255123	0.258476	-46.513931	-46.530724
31.465626	0.251770	0.258476	-46.510578	-46.530724
31.475002	0.251770	0.255123	-46.510578	-46.524002
31.484377	0.251770	0.255123	-46.513931	-46.524002
31.493752	0.251770	0.255123	-46.513931	-46.530724
31.503126	0.248402	0.255123	-46.513931	-46.530724
31.512501	0.248402	0.255123	-46.513931	-46.524002
31.521877	0.248402	0.255123	-46.517296	-46.520649
31.531252	0.248402	0.255123	-46.517296	-46.524002
31.540627	0.248402	0.255123	-46.517296	-46.524002
31.550001	0.248402	0.258476	-46.517296	-46.527370
31.559376	0.251770	0.258476	-46.520649	-46.530724
31.568750	0.251770	0.255123	-46.527370	-46.530724
31.578127	0.255123	0.255123	-46.527370	-46.530724
31.587502	0.255123	0.255123	-46.524002	-46.527370
31.596876	0.255123	0.255123	-46.524002	-46.530724
31.606251	0.258476	0.255123	-46.524002	-46.530724
31.615625	0.258476	0.251770	-46.520649	-46.527370
31.625002	0.258476	0.251770	-46.517296	-46.527370
31.634377	0.258476	0.251770	-46.517296	-46.527370
31.643751	0.258476	0.248402	-46.517296	-46.527370
31.653126	0.258476	0.248402	-46.520649	-46.524002
31.662500	0.258476	0.248402	-46.520649	-46.524002
31.671875	0.255123	0.248402	-46.520649	-46.524002
31.681252	0.255123	0.248402	-46.520649	-46.524002
31.690626	0.251770	0.248402	-46.524002	-46.517296
31.700001	0.251770	0.248402	-46.524002	-46.513931
31.709375	0.251770	0.251770	-46.524002	-46.517296
31.718750	0.251770	0.251770	-46.520649	-46.524002
31.728127	0.251770	0.255123	-46.524002	-46.527370
31.737501	0.251770	0.255123	-46.527370	-46.524002
31.746876	0.248402	0.255123	-46.527370	-46.524002
31.756250	0.248402	0.255123	-46.530724	-46.524002
31.765625	0.248402	0.255123	-46.530724	-46.524002
31.775002	0.248402	0.255123	-46.530724	-46.524002
31.784376	0.248402	0.258476	-46.527370	-46.524002
31.793751	0.248402	0.258476	-46.524002	-46.527370
31.803125	0.248402	0.258476	-46.520649	-46.527370
31.812500	0.248402	0.258476	-46.524002	-46.527370
31.821875	0.251770	0.258476	-46.530724	-46.530724
31.831251	0.255123	0.258476	-46.534077	-46.527370
31.840626	0.255123	0.258476	-46.534077	-46.520649
31.850000	0.255123	0.258476	-46.530724	-46.517296
31.859375	0.255123	0.255123	-46.527370	-46.517296
31.868750	0.251770	0.255123	-46.524002	-46.517296
31.878126	0.251770	0.255123	-46.524002	-46.520649
31.887501	0.251770	0.251770	-46.524002	-46.524002
31.896875	0.251770	0.251770	-46.524002	-46.527370
31.906250	0.251770	0.248402	-46.530724	-46.524002
31.915625	0.255123	0.248402	-46.534077	-46.524002
31.925001	0.251770	0.248402	-46.534077	-46.527370
31.934376	0.255123	0.248402	-46.534077	-46.530724
31.943750	0.255123	0.248402	-46.534077	-46.530724
31.953125	0.255123	0.248402	-46.530724	-46.524002
31.962500	0.255123	0.248402	-46.530724	-46.524002
31.971874	0.255123	0.248402	-46.530724	-46.527370
31.981251	0.251770	0.248402	-46.527370	-46.530724
31.990625	0.251770	0.248402	-46.527370	-46.527370
