22.510115	-0.013441	0.000000	0.053704	0.077203
22.549194	-0.013441	0.003353	0.050351	0.077203
22.588276	-0.013441	0.006706	0.050351	0.080556
22.627357	-0.013441	0.006706	0.046983	0.083923
22.666439	-0.013441	0.010058	0.046983	0.087276
22.705521	-0.013441	0.013426	0.043631	0.090629
22.744602	-0.013441	0.016779	0.043631	0.090629
22.783682	-0.010073	0.020131	0.040278	0.090629
22.822763	-0.010073	0.020131	0.036925	0.090629
22.861845	-0.010073	0.020131	0.036925	0.090629
22.900927	-0.006720	0.023484	0.036925	0.087276
22.940008	-0.006720	0.023484	0.036925	0.087276
22.979090	-0.006720	0.023484	0.036925	0.083923
23.018169	-0.003368	0.026852	0.040278	0.077203
23.057251	-0.003368	0.030205	0.043631	0.070482
23.096333	-0.003368	0.030205	0.043631	0.067130
23.135414	-0.003368	0.033557	0.043631	0.070482
23.174496	-0.003368	0.033557	0.046983	0.070482
23.213577	-0.003368	0.036925	0.043631	0.067130
23.252657	-0.003368	0.040278	0.040278	0.067130
23.291739	0.000000	0.043631	0.036925	0.067130
23.330820	0.003353	0.046983	0.033557	0.070482
23.369902	0.003353	0.050351	0.030205	0.073850
23.408983	0.003353	0.053704	0.030205	0.077203
23.448065	0.003353	0.057057	0.030205	0.080556
23.487144	0.006706	0.060424	0.030205	0.080556
23.526226	0.010058	0.063777	0.030205	0.077203
23.565308	0.013426	0.067130	0.030205	0.073850
23.604389	0.013426	0.073850	0.030205	0.070482
23.643471	0.016779	0.080556	0.030205	0.067130
23.682550	0.020131	0.083923	0.033557	0.067130
23.721632	0.023484	0.090629	0.036925	0.067130
23.760714	0.026852	0.097349	0.040278	0.063777
23.799795	0.026852	0.100702	0.043631	0.060424
23.838877	0.030205	0.107422	0.043631	0.057057
23.877958	0.030205	0.110775	0.043631	0.053704
23.917038	0.033557	0.117481	0.040278	0.053704
23.956120	0.033557	0.124201	0.036925	0.053704
23.995201	0.036925	0.130907	0.036925	0.053704
24.034283	0.040278	0.137627	0.033557	0.050351
24.073364	0.043631	0.144348	0.033557	0.050351
24.112446	0.046983	0.151053	0.030205	0.050351
24.151525	0.050351	0.157773	0.023484	0.053704
24.190607	0.053704	0.167847	0.023484	0.050351
24.229689	0.060424	0.177905	0.023484	0.050351
24.268770	0.063777	0.184625	0.026852	0.046983
24.307852	0.067130	0.194699	0.026852	0.043631
24.346933	0.073850	0.204772	0.026852	0.040278
24.386013	0.077203	0.214845	0.026852	0.040278
24.425095	0.083923	0.224903	0.026852	0.036925
24.464176	0.093982	0.238329	0.026852	0.033557
24.503258	0.104055	0.248402	0.026852	0.026852
24.542339	0.110775	0.261828	0.026852	0.016779
24.581421	0.117481	0.271901	0.030205	0.000000
24.620501	0.124201	0.285327	0.030205	-0.013441
24.659582	0.130907	0.302121	0.030205	-0.020146
24.698664	0.134274	0.318900	0.030205	-0.026867
24.737745	0.137627	0.342399	0.030205	-0.026867
24.776827	0.137627	0.372618	0.030205	-0.026867
24.815907	0.137627	0.406191	0.030205	-0.026867
24.854988	0.137627	0.446469	0.026852	-0.026867
24.894070	0.140980	0.510246	0.023484	-0.030220
24.933151	0.144348	0.570670	0.023484	-0.036940
24.972233	0.147700	0.641167	0.020131	-0.043646
25.011314	0.151053	0.731811	0.020131	-0.050366
25.050394	0.154406	0.842586	0.020131	-0.063792
25.089476	0.157773	0.986934	0.020131	-0.087291
25.128557	0.161126	1.168206	0.020131	-0.120863
25.167639	0.167847	1.403198	0.020131	-0.167862
25.206720	0.174552	1.712039	0.020131	-0.241712
25.245802	0.181273	2.104804	0.016779	-0.349134
25.284882	0.187978	2.591565	0.010058	-0.493482
25.323963	0.194699	3.179029	0.010058	-0.688180
25.363045	0.204772	3.823564	0.010058	-0.923172
25.402126	0.214845	4.454672	0.010058	-1.171589
25.441208	0.221550	4.948139	0.006706	-1.396492
25.480289	0.231624	5.186483	0.006706	-1.534134
25.519369	0.241697	5.122706	0.003353	-1.537487
25.558451	0.255123	4.773572	-0.003368	-1.419991
25.597532	0.265196	4.226401	-0.010073	-1.211867
25.636614	0.278622	3.565073	-0.020146	-0.950024
25.675695	0.288695	2.883613	-0.030220	-0.681475
25.714777	0.302121	2.269298	-0.040293	-0.446483
25.753857	0.318900	1.779184	-0.050366	-0.268564
25.792938	0.335693	1.430050	-0.060439	-0.157788
25.832020	0.359192	1.191705	-0.067145	-0.097364
25.871101	0.386044	1.023859	-0.070497	-0.060439
25.910183	0.426322	0.899658	-0.073865	-0.033572
25.949263	0.466615	0.802308	-0.073865	-0.016794
25.988344	0.510246	0.721738	-0.073865	-0.003368
26.027426	0.563964	0.654593	-0.073865	0.006706
26.066507	0.624388	0.597537	-0.080571	0.013426
26.105589	0.698239	0.550538	-0.087291	0.016779
26.144670	0.788882	0.506893	-0.097364	0.016779
26.183750	0.899658	0.466615	-0.110790	0.020131
26.222832	1.044005	0.433043	-0.127569	0.023484
26.261913	1.238704	0.402823	-0.151068	0.026852
26.300995	1.524046	0.379324	-0.174567	0.036925
26.340076	1.957089	0.355825	-0.194713	0.043631
26.379158	2.574772	0.332326	-0.208139	0.046983
26.418238	3.343523	0.312194	-0.221565	0.050351
26.457319	4.135757	0.292048	-0.251785	0.050351
26.496401	4.830644	0.275269	-0.295416	0.050351
26.535482	5.307332	0.258476	-0.342414	0.053704
26.574564	5.495325	0.245050	-0.372633	0.057057
26.613646	5.374476	0.231624	-0.389412	0.057057
26.652725	4.971638	0.218198	-0.389412	0.060424
26.691807	4.380822	0.204772	-0.369266	0.060424
26.730888	3.706068	0.194699	-0.335708	0.057057
26.769970	3.054812	0.184625	-0.292063	0.057057
26.809052	2.490848	0.171199	-0.241712	0.057057
26.848133	2.024233	0.161126	-0.194713	0.057057
26.887213	1.658320	0.154406	-0.151068	0.057057
26.926294	1.379699	0.144348	-0.114143	0.057057
26.965376	1.164854	0.137627	-0.090644	0.057057
27.004457	1.000360	0.130907	-0.067145	0.057057
27.043539	0.876158	0.120848	-0.050366	0.053704
27.082619	0.775442	0.114128	-0.040293	0.053704
27.121700	0.694886	0.107422	-0.033572	0.053704
27.160782	0.631094	0.100702	-0.030220	0.053704
27.199863	0.574037	0.093982	-0.023499	0.053704
27.238945	0.527039	0.087276	-0.020146	0.057057
27.278027	0.483394	0.083923	-0.016794	0.057057
27.317106	0.446469	0.077203	-0.010073	0.057057
27.356188	0.416249	0.073850	0.000000	0.057057
27.395269	0.386044	0.067130	0.010058	0.057057
27.434351	0.362545	0.063777	0.020131	0.057057
27.473433	0.339046	0.060424	0.026852	0.057057
27.512514	0.315547	0.057057	0.033557	0.057057
27.551594	0.298768	0.053704	0.033557	0.060424
27.590675	0.278622	0.050351	0.036925	0.060424
27.629757	0.261828	0.046983	0.033557	0.063777
27.668839	0.245050	0.043631	0.033557	0.063777
27.707920	0.231624	0.040278	0.030205	0.063777
27.747002	0.218198	0.036925	0.026852	0.063777
27.786081	0.208125	0.033557	0.023484	0.067130
27.825163	0.198051	0.030205	0.020131	0.070482
27.864244	0.184625	0.026852	0.020131	0.070482
27.903326	0.174552	0.023484	0.016779	0.070482
27.942408	0.164479	0.020131	0.016779	0.070482
27.981489	0.154406	0.016779	0.020131	0.070482
28.020569	0.144348	0.013426	0.023484	0.070482
28.059650	0.137627	0.013426	0.026852	0.070482
28.098732	0.130907	0.010058	0.030205	0.067130
28.137814	0.120848	0.006706	0.033557	0.063777
28.176895	0.117481	0.003353	0.036925	0.060424
28.215975	0.110775	0.003353	0.036925	0.063777
28.255056	0.107422	0.003353	0.040278	0.063777
28.294138	0.100702	0.000000	0.043631	0.063777
28.333220	0.097349	0.000000	0.043631	0.067130
28.372301	0.090629	-0.003368	0.043631	0.070482
28.411383	0.087276	-0.003368	0.040278	0.070482
28.450462	0.080556	-0.006720	0.036925	0.070482
28.489544	0.077203	-0.006720	0.033557	0.073850
28.528625	0.073850	-0.010073	0.033557	0.077203
28.567707	0.067130	-0.010073	0.033557	0.077203
28.606789	0.063777	-0.013441	0.030205	0.077203
28.645870	0.060424	-0.016794	0.026852	0.073850
28.684950	0.057057	-0.016794	0.026852	0.073850
28.724031	0.053704	-0.020146	0.030205	0.073850
28.763113	0.050351	-0.020146	0.033557	0.073850
28.802195	0.050351	-0.023499	0.036925	0.070482
28.841276	0.046983	-0.023499	0.036925	0.070482
28.880358	0.046983	-0.026867	0.040278	0.067130
28.919437	0.043631	-0.026867	0.040278	0.067130
28.958519	0.043631	-0.026867	0.043631	0.067130
28.997601	0.043631	-0.030220	0.043631	0.067130
29.036682	0.040278	-0.030220	0.043631	0.067130
29.075764	0.040278	-0.030220	0.043631	0.067130
29.114845	0.040278	-0.030220	0.040278	0.070482
29.153925	0.040278	-0.030220	0.040278	0.070482
29.193007	0.040278	-0.030220	0.036925	0.073850
29.232088	0.040278	-0.033572	0.036925	0.080556
29.271170	0.040278	-0.033572	0.040278	0.083923
29.310251	0.040278	-0.036940	0.040278	0.087276
29.349333	0.040278	-0.036940	0.043631	0.087276
29.388412	0.040278	-0.036940	0.043631	0.087276
29.427494	0.040278	-0.036940	0.043631	0.087276
29.466576	0.040278	-0.040293	0.046983	0.083923
29.505657	0.036925	-0.040293	0.046983	0.080556
29.544739	0.036925	-0.040293	0.050351	0.077203
29.583818	0.036925	-0.043646	0.046983	0.073850
29.622900	0.036925	-0.043646	0.043631	0.070482
29.661982	0.036925	-0.046998	0.040278	0.067130
29.701063	0.036925	-0.046998	0.036925	0.063777
29.740145	0.036925	-0.050366	0.036925	0.063777
29.779226	0.033557	-0.053719	0.040278	0.063777
29.818306	0.033557	-0.053719	0.043631	0.063777
29.857388	0.033557	-0.057071	0.046983	0.063777
29.896469	0.030205	-0.057071	0.050351	0.063777
29.935551	0.023484	-0.057071	0.046983	0.063777
29.974632	0.016779	-0.057071	0.043631	0.067130
30.013714	0.010058	-0.057071	0.043631	0.067130
30.052794	0.006706	-0.053719	0.046983	0.070482
30.091875	0.003353	-0.053719	0.050351	0.070482
30.130957	0.003353	-0.050366	0.057057	0.073850
30.170038	0.003353	-0.050366	0.060424	0.073850
30.209120	0.003353	-0.053719	0.063777	0.073850
30.248201	0.003353	-0.053719	0.067130	0.073850
30.287281	0.003353	-0.053719	0.063777	0.073850
30.326363	0.003353	-0.057071	0.060424	0.073850
30.365444	0.003353	-0.057071	0.057057	0.070482
30.404526	0.003353	-0.057071	0.053704	0.067130
30.443607	0.003353	-0.060439	0.053704	0.060424
30.482689	0.003353	-0.060439	0.050351	0.057057
30.521769	0.000000	-0.060439	0.050351	0.053704
30.560850	-0.003368	-0.060439	0.046983	0.053704
30.599932	-0.010073	-0.060439	0.046983	0.057057
30.639013	-0.016794	-0.060439	0.050351	0.060424
30.678095	-0.020146	-0.060439	0.050351	0.067130
30.717175	-0.026867	-0.060439	0.053704	0.070482
30.756256	-0.026867	-0.060439	0.057057	0.073850
30.795338	-0.030220	-0.057071	0.060424	0.077203
30.834419	-0.033572	-0.053719	0.063777	0.080556
30.873501	-0.036940	-0.050366	0.067130	0.077203
30.912582	-0.040293	-0.043646	0.073850	0.077203
30.951662	-0.040293	-0.036940	0.077203	0.077203
30.990744	-0.043646	-0.030220	0.080556	0.077203
31.029825	-0.046998	-0.023499	0.080556	0.073850
31.068907	-0.050366	-0.013441	0.080556	0.067130
31.107988	-0.053719	-0.006720	0.080556	0.060424
31.147070	-0.057071	-0.003368	0.080556	0.053704
31.186150	-0.060439	-0.006720	0.080556	0.053704
31.225231	-0.057071	-0.010073	0.080556	0.053704
31.264313	-0.057071	-0.016794	0.080556	0.057057
31.303394	-0.053719	-0.020146	0.077203	0.057057
31.342476	-0.057071	-0.023499	0.070482	0.053704
31.381557	-0.060439	-0.026867	0.067130	0.057057
31.420637	-0.060439	-0.026867	0.063777	0.063777
31.459719	-0.063792	-0.030220	0.057057	0.067130
31.498800	-0.063792	-0.030220	0.053704	0.070482
31.537882	-0.063792	-0.033572	0.050351	0.073850
31.576963	-0.063792	-0.033572	0.050351	0.077203
31.616045	-0.060439	-0.036940	0.053704	0.077203
31.655125	-0.053719	-0.036940	0.060424	0.073850
31.694206	-0.053719	-0.036940	0.067130	0.073850
31.733288	-0.053719	-0.036940	0.070482	0.070482
31.772369	-0.053719	-0.033572	0.070482	0.067130
31.811451	-0.050366	-0.033572	0.073850	0.067130
31.850531	-0.050366	-0.036940	0.070482	0.070482
31.889612	-0.046998	-0.040293	0.070482	0.067130
31.928694	-0.043646	-0.043646	0.070482	0.067130
31.967775	-0.043646	-0.043646	0.073850	0.063777
32.006855	-0.043646	-0.043646	0.073850	0.063777
32.045937	-0.046998	-0.043646	0.073850	0.067130
32.085018	-0.050366	-0.043646	0.070482	0.067130
32.124100	-0.053719	-0.043646	0.067130	0.073850
32.163181	-0.053719	-0.043646	0.063777	0.077203
32.202263	-0.057071	-0.043646	0.057057	0.077203
32.241344	-0.057071	-0.046998	0.053704	0.077203
32.280426	-0.053719	-0.050366	0.053704	0.070482
32.319508	-0.057071	-0.053719	0.057057	0.063777
32.358589	-0.057071	-0.053719	0.060424	0.060424
32.397671	-0.060439	-0.057071	0.063777	0.057057
32.436749	-0.060439	-0.057071	0.070482	0.057057
32.475830	-0.063792	-0.053719	0.077203	0.053704
32.514912	-0.063792	-0.050366	0.083923	0.053704
32.553993	-0.067145	-0.050366	0.087276	0.057057
32.593075	-0.067145	-0.050366	0.087276	0.063777
32.632156	-0.070497	-0.053719	0.087276	0.067130
32.671238	-0.070497	-0.053719	0.083923	0.067130
32.710320	-0.067145	-0.057071	0.080556	0.063777
32.749401	-0.067145	-0.060439	0.073850	0.060424
32.788483	-0.067145	-0.060439	0.067130	0.060424
32.827564	-0.063792	-0.060439	0.063777	0.063777
32.866642	-0.063792	-0.060439	0.063777	0.070482
32.905724	-0.067145	-0.063792	0.063777	0.070482
32.944805	-0.067145	-0.067145	0.063777	0.070482
32.983887	-0.067145	-0.067145	0.063777	0.067130
33.022968	-0.067145	-0.067145	0.063777	0.063777
33.062050	-0.067145	-0.067145	0.067130	0.063777
33.101131	-0.070497	-0.067145	0.067130	0.063777
33.140213	-0.070497	-0.067145	0.070482	0.063777
33.179295	-0.070497	-0.067145	0.077203	0.063777
33.218376	-0.070497	-0.067145	0.083923	0.063777
33.257458	-0.070497	-0.067145	0.083923	0.060424
33.296539	-0.073865	-0.067145	0.087276	0.063777
33.335617	-0.073865	-0.067145	0.083923	0.063777
33.374699	-0.073865	-0.067145	0.080556	0.070482
33.413780	-0.073865	-0.067145	0.080556	0.070482
33.452862	-0.070497	-0.067145	0.080556	0.070482
33.491943	-0.070497	-0.067145	0.080556	0.067130
33.531025	-0.070497	-0.067145	0.077203	0.063777
33.570107	-0.067145	-0.070497	0.073850	0.063777
33.609188	-0.067145	-0.070497	0.070482	0.067130
33.648270	-0.067145	-0.070497	0.070482	0.067130
33.687351	-0.067145	-0.070497	0.070482	0.067130
33.726433	-0.063792	-0.073865	0.067130	0.067130
33.765514	-0.063792	-0.073865	0.067130	0.067130
33.804592	-0.060439	-0.073865	0.070482	0.067130
33.843674	-0.060439	-0.073865	0.070482	0.073850
33.882755	-0.060439	-0.073865	0.073850	0.080556
33.921837	-0.060439	-0.070497	0.077203	0.083923
33.960918	-0.063792	-0.067145	0.080556	0.083923
