20.958424	-0.026867	-0.043646	67.699638	67.723137
20.989719	-0.023499	-0.043646	67.689583	67.729858
21.021015	-0.023499	-0.043646	67.659363	67.733215
21.052311	-0.010073	-0.043646	67.585510	67.736580
21.083607	0.023484	-0.040293	67.541870	67.743286
21.114902	0.063777	-0.036940	67.541870	67.743286
21.146198	0.110775	-0.030220	67.568733	67.739937
21.177494	0.151053	-0.030220	67.602295	67.736580
21.208790	0.181273	-0.026867	67.635864	67.729858
21.240086	0.201404	-0.023499	67.659363	67.726509
21.271381	0.208125	-0.023499	67.676155	67.723137
21.302677	0.211477	-0.020146	67.682861	67.719788
21.333973	0.211477	-0.020146	67.686218	67.719788
21.365271	0.211477	-0.020146	67.689583	67.719788
21.396566	0.218198	-0.020146	67.692932	67.716438
21.427862	0.221550	-0.016794	67.686218	67.716438
21.459158	0.224903	-0.016794	67.682861	67.713081
21.490454	0.228271	-0.016794	67.676155	67.713081
21.521749	0.228271	-0.013441	67.672791	67.709717
21.553045	0.228271	-0.010073	67.676155	67.706360
21.584341	0.231624	-0.006720	67.679512	67.706360
21.615637	0.228271	-0.003368	67.676155	67.706360
21.646933	0.228271	-0.003368	67.676155	67.706360
21.678228	0.221550	0.003353	67.676155	67.706360
21.709524	0.218198	0.006706	67.676155	67.709717
21.740820	0.214845	0.010058	67.672791	67.713081
21.772116	0.211477	0.013426	67.676155	67.716438
21.803411	0.208125	0.013426	67.679512	67.716438
21.834707	0.208125	0.016779	67.682861	67.719788
21.866005	0.214845	0.020131	67.686218	67.726509
21.897301	0.224903	0.023484	67.682861	67.729858
21.928596	0.231624	0.026852	67.679512	67.723137
21.959892	0.234976	0.030205	67.676155	67.719788
21.991188	0.238329	0.030205	67.672791	67.716438
22.022484	0.245050	0.033557	67.672791	67.716438
22.053780	0.255123	0.036925	67.672791	67.716438
22.085075	0.261828	0.040278	67.669434	67.716438
22.116371	0.265196	0.043631	67.662720	67.716438
22.147667	0.261828	0.046983	67.659363	67.716438
22.178963	0.248402	0.050351	67.659363	67.713081
22.210258	0.238329	0.053704	67.649292	67.706360
22.241554	0.231624	0.057057	67.639214	67.703011
22.272850	0.218198	0.063777	67.639214	67.709717
22.304146	0.191346	0.070482	67.642586	67.713081
22.335442	0.140980	0.077203	67.652657	67.716438
22.366739	0.080556	0.083923	67.662720	67.716438
22.398035	0.013426	0.087276	67.679512	67.716438
22.429331	-0.053719	0.090629	67.689583	67.713081
22.460627	-0.114143	0.093982	67.692932	67.706360
22.491922	-0.161141	0.093982	67.692932	67.699638
22.523218	-0.198066	0.097349	67.692932	67.692932
22.554514	-0.231639	0.100702	67.692932	67.689583
22.585810	-0.258490	0.104055	67.686218	67.686218
22.617105	-0.285342	0.107422	67.679512	67.682861
22.648401	-0.305489	0.107422	67.672791	67.682861
22.679697	-0.318915	0.107422	67.672791	67.682861
22.710993	-0.328988	0.104055	67.676155	67.686218
22.742289	-0.335708	0.097349	67.676155	67.689583
22.773584	-0.342414	0.083923	67.676155	67.696289
22.804880	-0.349134	0.060424	67.676155	67.709717
22.836176	-0.355840	0.023484	67.672791	67.723137
22.867474	-0.365913	-0.030220	67.672791	67.736580
22.898769	-0.382707	-0.097364	67.676155	67.739937
22.930065	-0.399485	-0.167862	67.676155	67.723137
22.961361	-0.419632	-0.218213	67.676155	67.689583
22.992657	-0.443131	-0.241712	67.676155	67.672791
23.023952	-0.463262	-0.258490	67.672791	67.672791
23.055248	-0.480056	-0.275284	67.672791	67.672791
23.086544	-0.490129	-0.288710	67.672791	67.662720
23.117840	-0.493482	-0.295416	67.666084	67.656013
23.149136	-0.496835	-0.298783	67.659363	67.645935
23.180431	-0.490129	-0.305489	67.656013	67.639214
23.211727	-0.480056	-0.308841	67.656013	67.639214
23.243023	-0.473335	-0.305489	67.652657	67.642586
23.274319	-0.469983	-0.295416	67.652657	67.649292
23.305614	-0.466630	-0.288710	67.652657	67.645935
23.336912	-0.466630	-0.281990	67.652657	67.645935
23.368208	-0.469983	-0.268564	67.649292	67.642586
23.399504	-0.476688	-0.255138	67.649292	67.635864
23.430799	-0.486761	-0.241712	67.649292	67.629158
23.462095	-0.493482	-0.228286	67.645935	67.622437
23.493391	-0.493482	-0.218213	67.649292	67.619087
23.524687	-0.486761	-0.201419	67.652657	67.612366
23.555983	-0.469983	-0.184640	67.652657	67.605659
23.587278	-0.449836	-0.164494	67.649292	67.598938
23.618574	-0.429690	-0.144362	67.652657	67.595589
23.649870	-0.409558	-0.120863	67.649292	67.592216
23.681166	-0.392765	-0.100717	67.642586	67.588867
23.712461	-0.382707	-0.083938	67.635864	67.582161
23.743757	-0.375986	-0.070497	67.625793	67.572090
23.775053	-0.369266	-0.060439	67.622437	67.558662
23.806349	-0.365913	-0.050366	67.619087	67.545235
23.837646	-0.362560	-0.040293	67.615715	67.528442
23.868942	-0.362560	-0.026867	67.615715	67.511665
23.900238	-0.362560	-0.006720	67.615715	67.491516
23.931534	-0.362560	0.023484	67.612366	67.471367
23.962830	-0.365913	0.060424	67.609009	67.454590
23.994125	-0.369266	0.100702	67.609009	67.444519
24.025421	-0.372633	0.147700	67.605659	67.437813
24.056717	-0.379339	0.204772	67.605659	67.431091
24.088013	-0.389412	0.268549	67.602295	67.427742
24.119308	-0.406206	0.342399	67.602295	67.424370
24.150604	-0.422984	0.429690	67.602295	67.414314
24.181900	-0.436410	0.533745	67.602295	67.400871
24.213196	-0.443131	0.664666	67.602295	67.384094
24.244492	-0.439763	0.829160	67.598938	67.363945
24.275787	-0.433058	1.033932	67.592216	67.337097
24.307083	-0.422984	1.282349	67.588867	67.303520
24.338381	-0.412911	1.591191	67.585510	67.246468
24.369677	-0.396132	1.977235	67.578796	67.162529
24.400972	-0.379339	2.477422	67.572090	67.041679
24.432268	-0.362560	3.111884	67.568733	66.877205
24.463564	-0.342414	3.894061	67.565369	66.655640
24.494860	-0.328988	4.830644	67.565369	66.370293
24.526155	-0.315562	5.874663	67.562012	66.031250
24.557451	-0.305489	6.928742	67.555290	65.658615
24.588747	-0.295416	7.858619	67.551941	65.309494
24.620043	-0.271916	8.493081	67.551941	65.040947
24.651339	-0.248417	8.741498	67.548592	64.916733
24.682634	-0.221565	8.607224	67.551941	64.943596
24.713930	-0.194713	8.147314	67.551941	65.104721
24.745226	-0.174567	7.428929	67.551941	65.369919
24.776522	-0.147715	6.529272	67.541870	65.708977
24.807819	-0.120863	5.545676	67.525085	66.074875
24.839115	-0.097364	4.558727	67.504944	66.430717
24.870411	-0.073865	3.662422	67.494873	66.742912
24.901707	-0.053719	2.917185	67.488167	66.987976
24.933002	-0.026867	2.343148	67.478088	67.162529
24.964298	0.010058	1.923531	67.461311	67.269951
24.995594	0.046983	1.624763	67.444519	67.337097
25.026890	0.087276	1.399845	67.434448	67.384094
25.058186	0.137627	1.221925	67.421021	67.424370
25.089481	0.191346	1.077577	67.407593	67.451241
25.120777	0.261828	0.963435	67.390816	67.468018
25.152073	0.342399	0.876158	67.377373	67.484795
25.183369	0.429690	0.812382	67.367317	67.498238
25.214664	0.533745	0.772089	67.360596	67.498238
25.245960	0.657961	0.758663	67.350525	67.491516
25.277256	0.802308	0.768736	67.340446	67.484795
25.308554	0.986934	0.795588	67.320320	67.501587
25.339849	1.211852	0.809014	67.290100	67.541870
25.371145	1.500547	0.785515	67.243103	67.588867
25.402441	1.876533	0.741884	67.186028	67.609009
25.433737	2.393499	0.701591	67.128975	67.619087
25.465033	3.138736	0.664666	67.078606	67.625793
25.496328	4.145831	0.631094	67.038330	67.632515
25.527624	5.330831	0.600889	66.987976	67.635864
25.558920	6.569550	0.570670	66.920830	67.639214
25.590216	7.687420	0.547171	66.833557	67.639214
25.621511	8.543432	0.520319	66.749634	67.642586
25.652807	9.060412	0.496820	66.689209	67.645935
25.684103	9.191334	0.473320	66.658989	67.649292
25.715399	8.811996	0.456542	66.652283	67.649292
25.746695	8.137241	0.436395	66.672417	67.652657
25.777990	7.227510	0.416249	66.719414	67.652657
25.809288	6.203637	0.399470	66.789909	67.649292
25.840584	5.179763	0.382692	66.880554	67.649292
25.871880	4.246533	0.369251	66.977905	67.649292
25.903175	3.464371	0.355825	67.075256	67.652657
25.934471	2.856761	0.339046	67.175972	67.656013
25.965767	2.410278	0.322267	67.246468	67.659363
25.997063	2.064511	0.308827	67.293449	67.662720
26.028358	1.772463	0.298768	67.337097	67.662720
26.059654	1.540840	0.292048	67.397522	67.666084
26.090950	1.379699	0.281975	67.454590	67.669434
26.122246	1.242071	0.268549	67.471367	67.669434
26.153542	1.104429	0.258476	67.468018	67.672791
26.184837	0.963435	0.248402	67.464668	67.676155
26.216133	0.829160	0.241697	67.471367	67.682861
26.247429	0.715017	0.231624	67.478088	67.689583
26.278725	0.624388	0.224903	67.481445	67.696289
26.310022	0.543818	0.218198	67.484795	67.696289
26.341318	0.466615	0.211477	67.491516	67.692932
26.372614	0.396118	0.204772	67.504944	67.689583
26.403910	0.328973	0.198051	67.518372	67.686218
26.435205	0.268549	0.191346	67.531792	67.686218
26.466501	0.214845	0.184625	67.541870	67.686218
26.497797	0.171199	0.181273	67.555290	67.686218
26.529093	0.134274	0.174552	67.575439	67.686218
26.560389	0.104055	0.167847	67.592216	67.686218
26.591684	0.077203	0.161126	67.615715	67.686218
26.622980	0.060424	0.154406	67.632515	67.686218
26.654276	0.046983	0.151053	67.639214	67.689583
26.685572	0.036925	0.144348	67.632515	67.689583
26.716867	0.023484	0.144348	67.622437	67.689583
26.748163	0.003353	0.140980	67.615715	67.689583
26.779461	-0.016794	0.134274	67.612366	67.686218
26.810757	-0.040293	0.130907	67.612366	67.682861
26.842052	-0.053719	0.124201	67.612366	67.679512
26.873348	-0.060439	0.120848	67.619087	67.676155
26.904644	-0.067145	0.117481	67.622437	67.679512
26.935940	-0.070497	0.114128	67.632515	67.682861
26.967236	-0.070497	0.110775	67.642586	67.686218
26.998531	-0.073865	0.110775	67.645935	67.686218
27.029827	-0.080571	0.107422	67.645935	67.686218
27.061123	-0.107422	0.107422	67.639214	67.686218
27.092419	-0.144362	0.104055	67.635864	67.686218
27.123714	-0.181288	0.100702	67.632515	67.686218
27.155010	-0.214845	0.097349	67.629158	67.689583
27.186306	-0.245064	0.097349	67.629158	67.692932
27.217602	-0.268564	0.093982	67.629158	67.696289
27.248898	-0.285342	0.093982	67.625793	67.699638
27.280195	-0.298783	0.093982	67.619087	67.703011
27.311491	-0.312209	0.093982	67.615715	67.703011
27.342787	-0.328988	0.093982	67.615715	67.699638
27.374083	-0.345767	0.093982	67.622437	67.696289
27.405378	-0.355840	0.090629	67.625793	67.696289
27.436674	-0.362560	0.083923	67.629158	67.699638
27.467970	-0.369266	0.080556	67.635864	67.703011
27.499266	-0.375986	0.077203	67.639214	67.706360
27.530561	-0.375986	0.073850	67.639214	67.706360
27.561857	-0.372633	0.073850	67.632515	67.709717
27.593153	-0.362560	0.077203	67.622437	67.716438
27.624449	-0.355840	0.077203	67.619087	67.716438
27.655745	-0.349134	0.077203	67.629158	67.709717
27.687040	-0.328988	0.073850	67.642586	67.706360
27.718336	-0.292063	0.073850	67.669434	67.709717
27.749632	-0.228286	0.077203	67.703011	67.713081
27.780930	-0.151068	0.080556	67.726509	67.709717
27.812225	-0.077218	0.080556	67.729858	67.703011
27.843521	-0.020146	0.077203	67.719788	67.692932
27.874817	0.020131	0.073850	67.703011	67.682861
27.906113	0.046983	0.073850	67.692932	67.672791
27.937408	0.063777	0.073850	67.682861	67.669434
27.968704	0.070482	0.073850	67.676155	67.669434
