20.958424	0.016779	-0.020146	-45.382648	-45.473278
20.989719	0.010058	-0.023499	-45.389355	-45.483353
21.021015	0.013426	-0.023499	-45.389355	-45.483353
21.052311	0.016779	-0.023499	-45.389355	-45.483353
21.083607	0.013426	-0.026867	-45.396076	-45.486702
21.114902	0.010058	-0.026867	-45.406147	-45.490070
21.146198	0.013426	-0.023499	-45.409500	-45.483353
21.177494	0.020131	-0.020146	-45.402779	-45.480000
21.208790	0.023484	-0.026867	-45.402779	-45.483353
21.240086	0.013426	-0.030220	-45.409500	-45.483353
21.271381	0.006706	-0.026867	-45.416222	-45.480000
21.302677	0.006706	-0.026867	-45.409500	-45.473278
21.333973	0.006706	-0.030220	-45.399429	-45.476646
21.365271	0.006706	-0.040293	-45.396076	-45.480000
21.396566	0.003353	-0.040293	-45.399429	-45.476646
21.427862	0.000000	-0.040293	-45.399429	-45.476646
21.459158	0.000000	-0.040293	-45.399429	-45.476646
21.490454	-0.003368	-0.043646	-45.399429	-45.480000
21.521749	-0.006720	-0.040293	-45.406147	-45.483353
21.553045	-0.006720	-0.040293	-45.412853	-45.483353
21.584341	-0.010073	-0.043646	-45.416222	-45.490070
21.615637	-0.010073	-0.050366	-45.419575	-45.496777
21.646933	-0.010073	-0.057071	-45.422928	-45.506851
21.678228	-0.010073	-0.063792	-45.426281	-45.513569
21.709524	-0.010073	-0.067145	-45.426281	-45.513569
21.740820	-0.013441	-0.077218	-45.429646	-45.516922
21.772116	-0.010073	-0.077218	-45.429646	-45.516922
21.803411	-0.006720	-0.067145	-45.426281	-45.506851
21.834707	-0.006720	-0.057071	-45.432999	-45.496777
21.866005	-0.013441	-0.060439	-45.443073	-45.493423
21.897301	-0.016794	-0.067145	-45.446426	-45.500145
21.928596	-0.013441	-0.067145	-45.443073	-45.503498
21.959892	-0.006720	-0.067145	-45.436352	-45.503498
21.991188	-0.003368	-0.070497	-45.436352	-45.510204
22.022484	-0.003368	-0.083938	-45.439705	-45.523643
22.053780	-0.003368	-0.097364	-45.432999	-45.540421
22.085075	-0.003368	-0.100717	-45.429646	-45.547127
22.116371	-0.010073	-0.093997	-45.432999	-45.543774
22.147667	-0.023499	-0.090644	-45.446426	-45.547127
22.178963	-0.033572	-0.090644	-45.456497	-45.557201
22.210258	-0.033572	-0.083938	-45.453148	-45.560570
22.241554	-0.033572	-0.070497	-45.453148	-45.560570
22.272850	-0.036940	-0.063792	-45.459850	-45.563923
22.304146	-0.043646	-0.070497	-45.469925	-45.573994
22.335442	-0.043646	-0.080571	-45.473278	-45.587421
22.366739	-0.036940	-0.083938	-45.473278	-45.594128
22.398035	-0.033572	-0.090644	-45.476646	-45.600845
22.429331	-0.040293	-0.093997	-45.486702	-45.604198
22.460627	-0.043646	-0.093997	-45.493423	-45.604198
22.491922	-0.036940	-0.087291	-45.486702	-45.604198
22.523218	-0.033572	-0.080571	-45.480000	-45.604198
22.554514	-0.036940	-0.083938	-45.483353	-45.614273
22.585810	-0.046998	-0.090644	-45.490070	-45.624344
22.617105	-0.050366	-0.090644	-45.490070	-45.631065
22.648401	-0.046998	-0.090644	-45.486702	-45.634418
22.679697	-0.050366	-0.090644	-45.486702	-45.641125
22.710993	-0.057071	-0.097364	-45.496777	-45.651199
22.742289	-0.057071	-0.097364	-45.506851	-45.661270
22.773584	-0.053719	-0.097364	-45.506851	-45.671345
22.804880	-0.053719	-0.100717	-45.506851	-45.678051
22.836176	-0.057071	-0.107422	-45.516922	-45.688122
22.867474	-0.063792	-0.107422	-45.526997	-45.698196
22.898769	-0.060439	-0.104070	-45.526997	-45.704918
22.930065	-0.057071	-0.107422	-45.523643	-45.714989
22.961361	-0.063792	-0.114143	-45.526997	-45.725048
22.992657	-0.070497	-0.117496	-45.540421	-45.735123
23.023952	-0.073865	-0.124216	-45.543774	-45.741840
23.055248	-0.073865	-0.124216	-45.537071	-45.748547
23.086544	-0.073865	-0.130922	-45.533703	-45.755268
23.117840	-0.077218	-0.134289	-45.540421	-45.765339
23.149136	-0.083938	-0.134289	-45.553848	-45.772045
23.180431	-0.090644	-0.137642	-45.557201	-45.788841
23.211727	-0.090644	-0.144362	-45.557201	-45.808971
23.243023	-0.093997	-0.154421	-45.557201	-45.829117
23.274319	-0.097364	-0.157788	-45.563923	-45.839191
23.305614	-0.097364	-0.157788	-45.570625	-45.845909
23.336912	-0.097364	-0.164494	-45.577347	-45.859337
23.368208	-0.104070	-0.167862	-45.590775	-45.876114
23.399504	-0.107422	-0.171214	-45.604198	-45.889542
23.430799	-0.107422	-0.171214	-45.610920	-45.899616
23.462095	-0.107422	-0.174567	-45.614273	-45.913040
23.493391	-0.110790	-0.187993	-45.617626	-45.936539
23.524687	-0.114143	-0.194713	-45.624344	-45.956688
23.555983	-0.114143	-0.194713	-45.627697	-45.970112
23.587278	-0.114143	-0.198066	-45.634418	-45.990257
23.618574	-0.120863	-0.204787	-45.647846	-46.020462
23.649870	-0.124216	-0.211492	-45.657917	-46.050682
23.681166	-0.124216	-0.208139	-45.664623	-46.070816
23.712461	-0.120863	-0.204787	-45.661270	-46.087608
23.743757	-0.120863	-0.208139	-45.664623	-46.117813
23.775053	-0.124216	-0.221565	-45.674698	-46.158104
23.806349	-0.127569	-0.228286	-45.684769	-46.198383
23.837646	-0.130922	-0.221565	-45.691490	-46.221882
23.868942	-0.134289	-0.214845	-45.694843	-46.245380
23.900238	-0.140995	-0.214845	-45.701550	-46.285660
23.931534	-0.147715	-0.221565	-45.711620	-46.336025
23.962830	-0.144362	-0.221565	-45.714989	-46.379654
23.994125	-0.140995	-0.214845	-45.714989	-46.416580
24.025421	-0.147715	-0.208139	-45.725048	-46.456875
24.056717	-0.154421	-0.204787	-45.738487	-46.513931
24.088013	-0.157788	-0.204787	-45.745193	-46.571003
24.119308	-0.151068	-0.198066	-45.748547	-46.628075
24.150604	-0.154421	-0.191361	-45.761974	-46.698570
24.181900	-0.161141	-0.187993	-45.775414	-46.782494
24.213196	-0.164494	-0.177920	-45.792191	-46.869770
24.244492	-0.164494	-0.151068	-45.792191	-46.957062
24.275787	-0.167862	-0.114143	-45.802265	-47.054409
24.307083	-0.177920	-0.073865	-45.825764	-47.175259
24.338381	-0.187993	-0.026867	-45.849262	-47.326324
24.369677	-0.184640	0.033557	-45.859337	-47.500877
24.400972	-0.181288	0.110775	-45.869396	-47.702297
24.432268	-0.187993	0.201404	-45.889542	-47.950714
24.463564	-0.198066	0.315547	-45.916393	-48.246132
24.494860	-0.204787	0.459895	-45.929832	-48.591896
24.526155	-0.204787	0.647888	-45.936539	-49.018219
24.557451	-0.204787	0.872806	-45.949966	-49.541904
24.588747	-0.211492	1.138002	-45.976818	-50.189793
24.620043	-0.218213	1.450196	-46.007038	-50.992115
24.651339	-0.221565	1.802683	-46.030537	-51.962273
24.682634	-0.224918	2.165228	-46.057388	-53.100273
24.713930	-0.238344	2.494201	-46.107738	-54.412842
24.745226	-0.245064	2.719119	-46.144680	-55.852978
24.776522	-0.241712	2.756044	-46.164810	-57.330044
24.807819	-0.238344	2.487495	-46.188309	-58.706387
24.839115	-0.238344	1.806036	-46.215160	-59.807465
24.870411	-0.241712	0.637814	-46.252102	-60.441925
24.901707	-0.241712	-1.020521	-46.285660	-60.485573
24.933002	-0.238344	-3.044769	-46.315880	-59.968605
24.964298	-0.234991	-5.216718	-46.346085	-59.085728
24.995594	-0.231639	-7.378593	-46.383022	-58.004780
25.026890	-0.224918	-9.419621	-46.433372	-56.796284
25.058186	-0.218213	-11.296153	-46.487080	-55.443436
25.089481	-0.211492	-12.994766	-46.547501	-53.875729
25.120777	-0.204787	-14.451683	-46.611294	-52.066341
25.152073	-0.201419	-15.579626	-46.685143	-50.055519
25.183369	-0.198066	-16.274511	-46.765717	-47.933922
25.214664	-0.191361	-16.405434	-46.859695	-45.913040
25.245960	-0.167862	-15.878394	-46.990620	-44.261425
25.277256	-0.134289	-14.696747	-47.098042	-43.187202
25.308554	-0.090644	-13.018266	-47.215538	-42.781010
25.339849	-0.036940	-11.135012	-47.356529	-42.948856
25.371145	0.026852	-9.315550	-47.521027	-43.455750
25.402441	0.114128	-7.744491	-47.709019	-44.029789
25.433737	0.231624	-6.475568	-47.937290	-44.519901
25.465033	0.379324	-5.468488	-48.212559	-44.902592
25.496328	0.563964	-4.682958	-48.551605	-45.191303
25.527624	0.809014	-4.075348	-48.964516	-45.409500
25.558920	1.141354	-3.578514	-49.468056	-45.573994
25.590216	1.584470	-3.162250	-50.089092	-45.684769
25.621511	2.151802	-2.819851	-50.877972	-45.772045
25.652807	2.839968	-2.544582	-51.858200	-45.855968
25.684103	3.659070	-2.316311	-53.029778	-45.923115
25.715399	4.545301	-2.118245	-54.375916	-45.956688
25.746695	5.233481	-1.943678	-55.795906	-45.963390
25.777990	5.421474	-1.799330	-57.118549	-45.970112
25.809288	4.931360	-1.681834	-58.209553	-45.980186
25.840584	3.779918	-1.574412	-58.988377	-45.983540
25.871880	2.114877	-1.470357	-59.451626	-45.970112
25.903175	0.100702	-1.376361	-59.646339	-45.949966
25.934471	-2.081320	-1.302510	-59.589268	-45.946613
25.965767	-4.310340	-1.238719	-59.283779	-45.946613
25.997063	-6.572917	-1.171589	-58.703033	-45.936539
26.028358	-8.869081	-1.101092	-57.810081	-45.916393
26.059654	-11.185378	-1.044020	-56.568012	-45.899616
26.090950	-13.427809	-1.003742	-54.943249	-45.902969
26.122246	-15.307710	-0.966802	-53.009644	-45.902969
26.153542	-16.475931	-0.926524	-50.982044	-45.889542
26.184837	-16.720980	-0.886247	-49.095436	-45.872765
26.216133	-16.049593	-0.852674	-47.557949	-45.862690
26.247429	-14.700100	-0.822455	-46.450153	-45.862690
26.278725	-12.981340	-0.788897	-45.748547	-45.859337
26.310022	-11.188730	-0.758678	-45.396076	-45.855968
26.341318	-9.510249	-0.735179	-45.278580	-45.859337
26.372614	-8.016407	-0.711679	-45.285301	-45.855968
26.403910	-6.754189	-0.684828	-45.359150	-45.839191
26.435205	-5.720258	-0.661328	-45.463203	-45.822411
26.466501	-4.877657	-0.637829	-45.584068	-45.805618
26.497797	-4.192844	-0.617683	-45.691490	-45.795544
26.529093	-3.625512	-0.600904	-45.765339	-45.782120
26.560389	-3.158897	-0.580758	-45.825764	-45.768692
26.591684	-2.786279	-0.560611	-45.876114	-45.758621
26.622980	-2.490863	-0.547186	-45.916393	-45.755268
26.654276	-2.242446	-0.540480	-45.943260	-45.751915
26.685572	-2.030969	-0.533760	-45.956688	-45.748547
26.716867	-1.859754	-0.527054	-45.970112	-45.751915
26.748163	-1.725480	-0.516981	-45.986893	-45.758621
26.779461	-1.607984	-0.506908	-45.996964	-45.758621
26.810757	-1.497209	-0.486761	-45.983540	-45.748547
26.842052	-1.396492	-0.469983	-45.970112	-45.738487
26.873348	-1.315936	-0.453189	-45.966759	-45.731770
26.904644	-1.245439	-0.439763	-45.970112	-45.728416
26.935940	-1.174942	-0.429690	-45.956688	-45.718342
26.967236	-1.101092	-0.419632	-45.936539	-45.704918
26.998531	-1.037300	-0.419632	-45.919762	-45.701550
27.029827	-0.980243	-0.419632	-45.906334	-45.701550
27.061123	-0.929877	-0.416264	-45.889542	-45.694843
27.092419	-0.879526	-0.412911	-45.872765	-45.688122
27.123714	-0.835896	-0.409558	-45.862690	-45.694843
27.155010	-0.798956	-0.406206	-45.855968	-45.701550
27.186306	-0.762030	-0.389412	-45.842545	-45.694843
27.217602	-0.728473	-0.372633	-45.825764	-45.678051
27.248898	-0.698254	-0.359207	-45.815693	-45.671345
27.280195	-0.674754	-0.359207	-45.808971	-45.678051
27.311491	-0.651255	-0.359207	-45.798912	-45.684769
27.342787	-0.627756	-0.349134	-45.788841	-45.674698
27.374083	-0.604257	-0.339061	-45.778767	-45.661270
27.405378	-0.580758	-0.339061	-45.768692	-45.654549
27.436674	-0.557259	-0.345767	-45.755268	-45.657917
27.467970	-0.530407	-0.352487	-45.745193	-45.657917
27.499266	-0.510260	-0.352487	-45.738487	-45.657917
27.530561	-0.493482	-0.352487	-45.731770	-45.657917
27.561857	-0.476688	-0.355840	-45.728416	-45.657917
27.593153	-0.459909	-0.345767	-45.721695	-45.647846
27.624449	-0.446483	-0.332341	-45.714989	-45.634418
27.655745	-0.436410	-0.328988	-45.708267	-45.634418
27.687040	-0.422984	-0.335708	-45.698196	-45.651199
27.718336	-0.406206	-0.339061	-45.684769	-45.664623
27.749632	-0.389412	-0.332341	-45.678051	-45.661270
27.780930	-0.382707	-0.315562	-45.678051	-45.644493
27.812225	-0.379339	-0.312209	-45.688122	-45.637772
27.843521	-0.372633	-0.318915	-45.688122	-45.644493
27.874817	-0.359207	-0.322267	-45.678051	-45.647846
27.906113	-0.355840	-0.318915	-45.671345	-45.644493
27.937408	-0.355840	-0.325635	-45.667992	-45.647846
27.968704	-0.349134	-0.335708	-45.664623	-45.657917
