21.940655	-0.003368	-0.087291	-0.006720	0.023484
21.950029	-0.006720	-0.087291	-0.010073	0.023484
21.959404	-0.006720	-0.083938	-0.010073	0.020131
21.968779	-0.006720	-0.083938	-0.010073	0.016779
21.978153	-0.006720	-0.083938	-0.013441	0.013426
21.987530	-0.006720	-0.083938	-0.013441	0.013426
21.996904	-0.006720	-0.083938	-0.013441	0.013426
22.006279	-0.006720	-0.083938	-0.010073	0.013426
22.015654	-0.006720	-0.083938	-0.010073	0.013426
22.025028	-0.006720	-0.083938	-0.010073	0.013426
22.034403	-0.006720	-0.080571	-0.010073	0.016779
22.043779	-0.006720	-0.080571	-0.010073	0.016779
22.053154	-0.006720	-0.080571	-0.013441	0.013426
22.062529	-0.006720	-0.080571	-0.013441	0.013426
22.071903	-0.006720	-0.080571	-0.013441	0.013426
22.081278	-0.003368	-0.080571	-0.010073	0.013426
22.090654	-0.003368	-0.080571	-0.013441	0.010058
22.100029	-0.003368	-0.080571	-0.013441	0.010058
22.109404	0.000000	-0.080571	-0.010073	0.006706
22.118778	-0.003368	-0.080571	-0.010073	0.006706
22.128153	-0.003368	-0.080571	-0.013441	0.006706
22.137529	-0.003368	-0.083938	-0.016794	0.003353
22.146904	-0.003368	-0.083938	-0.020146	0.003353
22.156279	-0.006720	-0.083938	-0.020146	0.006706
22.165653	-0.006720	-0.083938	-0.016794	0.013426
22.175028	-0.010073	-0.083938	-0.016794	0.016779
22.184402	-0.010073	-0.083938	-0.016794	0.016779
22.193779	-0.010073	-0.080571	-0.013441	0.016779
22.203154	-0.010073	-0.080571	-0.013441	0.016779
22.212528	-0.010073	-0.080571	-0.013441	0.016779
22.221903	-0.010073	-0.080571	-0.013441	0.016779
22.231277	-0.010073	-0.077218	-0.016794	0.013426
22.240654	-0.010073	-0.077218	-0.013441	0.010058
22.250029	-0.010073	-0.077218	-0.010073	0.010058
22.259403	-0.010073	-0.077218	-0.010073	0.010058
22.268778	-0.013441	-0.077218	-0.013441	0.010058
22.278152	-0.013441	-0.077218	-0.016794	0.006706
22.287527	-0.013441	-0.077218	-0.013441	0.003353
22.296904	-0.010073	-0.077218	-0.013441	0.006706
22.306278	-0.010073	-0.077218	-0.013441	0.010058
22.315653	-0.010073	-0.077218	-0.013441	0.010058
22.325027	-0.010073	-0.080571	-0.013441	0.010058
22.334402	-0.010073	-0.080571	-0.010073	0.013426
22.343779	-0.010073	-0.080571	-0.010073	0.016779
22.353153	-0.006720	-0.080571	-0.013441	0.020131
22.362528	-0.006720	-0.083938	-0.013441	0.020131
22.371902	-0.006720	-0.083938	-0.016794	0.020131
22.381277	-0.006720	-0.083938	-0.016794	0.020131
22.390654	-0.006720	-0.083938	-0.016794	0.016779
22.400028	-0.006720	-0.080571	-0.016794	0.016779
22.409403	-0.006720	-0.080571	-0.016794	0.013426
22.418777	-0.006720	-0.080571	-0.016794	0.013426
22.428152	-0.006720	-0.077218	-0.016794	0.016779
22.437527	-0.006720	-0.077218	-0.016794	0.016779
22.446903	-0.006720	-0.077218	-0.013441	0.016779
22.456278	-0.006720	-0.077218	-0.013441	0.013426
22.465652	-0.006720	-0.077218	-0.010073	0.010058
22.475027	-0.006720	-0.077218	-0.010073	0.013426
22.484402	-0.006720	-0.077218	-0.010073	0.013426
22.493778	-0.006720	-0.077218	-0.013441	0.013426
22.503153	-0.003368	-0.077218	-0.013441	0.013426
22.512527	-0.003368	-0.077218	-0.013441	0.016779
22.521902	-0.003368	-0.077218	-0.013441	0.016779
22.531277	-0.003368	-0.077218	-0.013441	0.016779
22.540651	-0.003368	-0.080571	-0.013441	0.013426
22.550028	-0.003368	-0.080571	-0.013441	0.013426
22.559402	-0.006720	-0.080571	-0.013441	0.013426
22.568777	-0.006720	-0.080571	-0.013441	0.010058
22.578152	-0.010073	-0.080571	-0.013441	0.013426
22.587526	-0.010073	-0.080571	-0.010073	0.013426
22.596903	-0.010073	-0.080571	-0.010073	0.016779
22.606277	-0.013441	-0.080571	-0.006720	0.016779
22.615652	-0.013441	-0.080571	-0.006720	0.016779
22.625027	-0.013441	-0.080571	-0.010073	0.016779
22.634401	-0.013441	-0.080571	-0.010073	0.013426
22.643778	-0.013441	-0.080571	-0.006720	0.013426
22.653152	-0.013441	-0.080571	-0.006720	0.016779
22.662527	-0.010073	-0.080571	-0.006720	0.016779
22.671902	-0.010073	-0.080571	-0.010073	0.016779
22.681276	-0.006720	-0.080571	-0.010073	0.013426
22.690651	-0.006720	-0.080571	-0.006720	0.016779
22.700027	-0.006720	-0.080571	-0.006720	0.016779
22.709402	-0.010073	-0.080571	-0.010073	0.013426
22.718777	-0.010073	-0.080571	-0.013441	0.013426
22.728151	-0.010073	-0.080571	-0.010073	0.016779
22.737526	-0.010073	-0.080571	-0.006720	0.016779
22.746902	-0.010073	-0.080571	-0.006720	0.016779
22.756277	-0.010073	-0.080571	-0.006720	0.016779
22.765652	-0.010073	-0.080571	-0.003368	0.016779
22.775026	-0.010073	-0.077218	-0.003368	0.016779
22.784401	-0.010073	-0.077218	-0.003368	0.016779
22.793777	-0.010073	-0.077218	-0.003368	0.016779
22.803152	-0.006720	-0.080571	-0.003368	0.020131
22.812527	-0.010073	-0.080571	-0.006720	0.020131
22.821901	-0.010073	-0.080571	-0.010073	0.020131
22.831276	-0.010073	-0.080571	-0.010073	0.016779
22.840651	-0.010073	-0.080571	-0.010073	0.016779
22.850027	-0.010073	-0.080571	-0.006720	0.013426
22.859402	-0.010073	-0.077218	-0.006720	0.013426
22.868776	-0.010073	-0.077218	-0.006720	0.016779
22.878151	-0.010073	-0.077218	-0.006720	0.016779
22.887526	-0.010073	-0.077218	-0.003368	0.010058
22.896902	-0.013441	-0.077218	0.000000	0.006706
22.906277	-0.013441	-0.077218	0.000000	0.010058
22.915651	-0.013441	-0.077218	-0.003368	0.016779
22.925026	-0.013441	-0.077218	-0.003368	0.016779
22.934401	-0.013441	-0.077218	-0.003368	0.013426
22.943775	-0.013441	-0.077218	0.000000	0.010058
22.953152	-0.013441	-0.077218	-0.003368	0.010058
22.962526	-0.013441	-0.080571	-0.010073	0.010058
22.971901	-0.013441	-0.080571	-0.013441	0.006706
22.981276	-0.010073	-0.080571	-0.010073	0.006706
22.990650	-0.010073	-0.080571	-0.010073	0.006706
23.000027	-0.013441	-0.080571	-0.010073	0.006706
23.009401	-0.013441	-0.080571	-0.010073	0.006706
23.018776	-0.013441	-0.080571	-0.006720	0.006706
23.028151	-0.016794	-0.080571	-0.006720	0.006706
23.037525	-0.016794	-0.080571	-0.003368	0.006706
23.046902	-0.016794	-0.080571	-0.003368	0.010058
23.056276	-0.016794	-0.080571	-0.006720	0.010058
23.065651	-0.016794	-0.080571	-0.006720	0.013426
23.075026	-0.016794	-0.080571	-0.006720	0.016779
23.084400	-0.016794	-0.080571	-0.003368	0.016779
23.093775	-0.016794	-0.080571	-0.006720	0.020131
23.103151	-0.016794	-0.080571	-0.010073	0.016779
23.112526	-0.016794	-0.080571	-0.010073	0.016779
23.121901	-0.016794	-0.080571	-0.013441	0.016779
23.131275	-0.016794	-0.077218	-0.013441	0.013426
23.140650	-0.013441	-0.077218	-0.013441	0.010058
23.150026	-0.013441	-0.077218	-0.013441	0.006706
23.159401	-0.013441	-0.077218	-0.010073	0.010058
23.168776	-0.016794	-0.077218	-0.010073	0.013426
23.178150	-0.016794	-0.077218	-0.010073	0.016779
23.187525	-0.016794	-0.077218	-0.010073	0.013426
23.196901	-0.016794	-0.077218	-0.006720	0.013426
23.206276	-0.016794	-0.077218	-0.003368	0.013426
23.215651	-0.016794	-0.077218	-0.003368	0.013426
23.225025	-0.013441	-0.077218	-0.006720	0.013426
23.234400	-0.013441	-0.077218	-0.006720	0.013426
23.243774	-0.013441	-0.077218	-0.010073	0.013426
23.253151	-0.013441	-0.077218	-0.010073	0.016779
23.262526	-0.016794	-0.073865	-0.013441	0.016779
23.271900	-0.016794	-0.073865	-0.016794	0.013426
23.281275	-0.013441	-0.073865	-0.016794	0.013426
23.290649	-0.013441	-0.073865	-0.013441	0.013426
23.300026	-0.013441	-0.077218	-0.013441	0.016779
23.309401	-0.013441	-0.077218	-0.013441	0.016779
23.318775	-0.013441	-0.077218	-0.013441	0.013426
23.328150	-0.013441	-0.077218	-0.010073	0.013426
23.337524	-0.016794	-0.077218	-0.006720	0.016779
23.346899	-0.016794	-0.077218	-0.006720	0.016779
23.356276	-0.016794	-0.080571	-0.010073	0.020131
23.365650	-0.016794	-0.080571	-0.010073	0.020131
23.375025	-0.016794	-0.080571	-0.010073	0.016779
23.384399	-0.016794	-0.080571	-0.010073	0.016779
23.393774	-0.020146	-0.080571	-0.013441	0.020131
23.403151	-0.020146	-0.083938	-0.013441	0.016779
23.412525	-0.020146	-0.083938	-0.006720	0.016779
23.421900	-0.020146	-0.083938	-0.003368	0.013426
23.431274	-0.016794	-0.083938	-0.003368	0.016779
23.440649	-0.016794	-0.083938	-0.003368	0.016779
23.450026	-0.020146	-0.083938	-0.006720	0.016779
23.459400	-0.020146	-0.083938	-0.003368	0.016779
23.468775	-0.020146	-0.083938	0.000000	0.013426
23.478149	-0.020146	-0.083938	0.000000	0.013426
23.487524	-0.023499	-0.083938	0.003353	0.013426
23.496899	-0.023499	-0.083938	0.003353	0.013426
23.506275	-0.023499	-0.083938	0.006706	0.016779
23.515650	-0.023499	-0.083938	0.006706	0.016779
23.525024	-0.023499	-0.083938	0.003353	0.013426
23.534399	-0.023499	-0.083938	0.000000	0.010058
23.543774	-0.023499	-0.083938	0.000000	0.010058
23.553150	-0.023499	-0.083938	0.000000	0.010058
23.562525	-0.023499	-0.083938	0.000000	0.013426
23.571899	-0.023499	-0.083938	-0.003368	0.016779
23.581274	-0.023499	-0.083938	-0.003368	0.016779
23.590649	-0.020146	-0.080571	-0.006720	0.016779
23.600023	-0.020146	-0.080571	-0.006720	0.016779
23.609400	-0.020146	-0.083938	-0.003368	0.020131
23.618774	-0.020146	-0.083938	-0.003368	0.020131
23.628149	-0.020146	-0.083938	-0.003368	0.016779
23.637524	-0.020146	-0.083938	-0.003368	0.016779
23.646898	-0.020146	-0.083938	-0.003368	0.023484
23.656275	-0.020146	-0.083938	-0.003368	0.023484
23.665649	-0.020146	-0.083938	-0.006720	0.023484
23.675024	-0.020146	-0.087291	-0.006720	0.020131
23.684399	-0.023499	-0.087291	-0.003368	0.020131
23.693773	-0.023499	-0.087291	-0.003368	0.020131
23.703150	-0.023499	-0.087291	-0.006720	0.023484
23.712524	-0.023499	-0.087291	-0.010073	0.023484
23.721899	-0.023499	-0.087291	-0.006720	0.020131
23.731274	-0.023499	-0.087291	-0.006720	0.020131
23.740648	-0.023499	-0.087291	-0.003368	0.020131
23.750023	-0.023499	-0.087291	-0.003368	0.020131
23.759399	-0.023499	-0.087291	0.003353	0.020131
23.768774	-0.023499	-0.090644	0.006706	0.020131
23.778149	-0.023499	-0.090644	0.006706	0.023484
23.787523	-0.026867	-0.087291	0.006706	0.023484
23.796898	-0.026867	-0.087291	0.006706	0.023484
23.806274	-0.030220	-0.087291	0.010058	0.023484
23.815649	-0.030220	-0.087291	0.010058	0.020131
23.825024	-0.030220	-0.087291	0.010058	0.016779
23.834398	-0.030220	-0.087291	0.006706	0.013426
23.843773	-0.030220	-0.087291	0.003353	0.010058
23.853149	-0.030220	-0.087291	0.003353	0.010058
23.862524	-0.033572	-0.087291	0.003353	0.010058
23.871899	-0.033572	-0.087291	0.003353	0.010058
23.881273	-0.033572	-0.087291	0.000000	0.010058
23.890648	-0.033572	-0.087291	0.000000	0.010058
23.900023	-0.033572	-0.083938	0.003353	0.010058
23.909399	-0.030220	-0.083938	0.006706	0.013426
23.918774	-0.030220	-0.083938	0.006706	0.016779
23.928148	-0.030220	-0.087291	0.006706	0.016779
23.937523	-0.030220	-0.087291	0.006706	0.013426
23.946898	-0.030220	-0.087291	0.013426	0.013426
23.956274	-0.030220	-0.087291	0.016779	0.013426
23.965649	-0.030220	-0.087291	0.016779	0.013426
23.975023	-0.030220	-0.087291	0.013426	0.016779
23.984398	-0.030220	-0.087291	0.010058	0.016779
23.993773	-0.030220	-0.087291	0.010058	0.016779
24.003147	-0.030220	-0.087291	0.006706	0.020131
24.012524	-0.030220	-0.090644	0.006706	0.016779
24.021898	-0.030220	-0.090644	0.003353	0.016779
24.031273	-0.030220	-0.090644	0.003353	0.020131
24.040648	-0.030220	-0.090644	0.000000	0.023484
24.050022	-0.030220	-0.090644	-0.003368	0.023484
24.059399	-0.030220	-0.093997	-0.003368	0.023484
24.068773	-0.030220	-0.093997	-0.003368	0.020131
24.078148	-0.033572	-0.097364	0.000000	0.020131
24.087523	-0.033572	-0.097364	0.000000	0.020131
24.096897	-0.033572	-0.097364	0.003353	0.016779
24.106274	-0.033572	-0.097364	0.003353	0.016779
24.115648	-0.033572	-0.097364	0.003353	0.016779
24.125023	-0.033572	-0.097364	0.000000	0.020131
24.134398	-0.033572	-0.097364	-0.003368	0.023484
24.143772	-0.033572	-0.097364	-0.003368	0.026852
24.153147	-0.033572	-0.093997	-0.003368	0.026852
24.162523	-0.036940	-0.093997	-0.003368	0.026852
24.171898	-0.033572	-0.093997	-0.003368	0.033557
24.181273	-0.033572	-0.097364	-0.006720	0.036925
24.190647	-0.033572	-0.097364	-0.010073	0.033557
24.200022	-0.036940	-0.097364	-0.006720	0.030205
24.209398	-0.036940	-0.097364	-0.003368	0.030205
24.218773	-0.036940	-0.100717	-0.003368	0.030205
24.228148	-0.036940	-0.100717	-0.003368	0.030205
24.237522	-0.036940	-0.100717	-0.003368	0.026852
24.246897	-0.036940	-0.100717	-0.003368	0.026852
24.256273	-0.040293	-0.100717	-0.003368	0.026852
24.265648	-0.040293	-0.100717	-0.006720	0.026852
24.275023	-0.040293	-0.100717	-0.006720	0.026852
24.284397	-0.040293	-0.100717	-0.006720	0.023484
24.293772	-0.040293	-0.100717	-0.010073	0.020131
24.303146	-0.040293	-0.100717	-0.010073	0.020131
24.312523	-0.040293	-0.100717	-0.010073	0.026852
24.321898	-0.040293	-0.097364	-0.013441	0.026852
24.331272	-0.040293	-0.100717	-0.013441	0.023484
24.340647	-0.040293	-0.100717	-0.006720	0.023484
24.350021	-0.043646	-0.100717	-0.003368	0.023484
24.359398	-0.043646	-0.100717	-0.003368	0.026852
24.368773	-0.043646	-0.100717	-0.003368	0.026852
24.378147	-0.043646	-0.104070	-0.003368	0.026852
24.387522	-0.043646	-0.104070	-0.003368	0.030205
24.396896	-0.043646	-0.104070	-0.003368	0.030205
24.406271	-0.043646	-0.104070	-0.003368	0.030205
24.415648	-0.043646	-0.104070	0.000000	0.030205
24.425022	-0.043646	-0.104070	0.000000	0.030205
24.434397	-0.046998	-0.104070	0.000000	0.026852
24.443771	-0.046998	-0.107422	0.000000	0.026852
24.453146	-0.046998	-0.107422	0.000000	0.026852
24.462523	-0.046998	-0.107422	0.000000	0.030205
24.471897	-0.050366	-0.107422	0.000000	0.030205
24.481272	-0.050366	-0.110790	-0.003368	0.030205
24.490646	-0.050366	-0.110790	0.000000	0.030205
24.500021	-0.050366	-0.110790	0.003353	0.030205
24.509398	-0.050366	-0.114143	0.006706	0.033557
24.518772	-0.050366	-0.114143	0.010058	0.033557
24.528147	-0.050366	-0.114143	0.006706	0.033557
24.537521	-0.050366	-0.114143	0.006706	0.030205
24.546896	-0.053719	-0.114143	0.010058	0.026852
24.556271	-0.053719	-0.114143	0.013426	0.023484
24.565647	-0.057071	-0.117496	0.013426	0.026852
24.575022	-0.057071	-0.117496	0.010058	0.026852
24.584396	-0.057071	-0.117496	0.006706	0.023484
24.593771	-0.060439	-0.120863	0.010058	0.020131
24.603146	-0.060439	-0.120863	0.010058	0.023484
24.612522	-0.060439	-0.120863	0.006706	0.030205
24.621897	-0.063792	-0.120863	0.000000	0.033557
24.631271	-0.063792	-0.120863	0.000000	0.030205
24.640646	-0.063792	-0.124216	0.000000	0.030205
24.650021	-0.063792	-0.124216	0.000000	0.030205
24.659395	-0.063792	-0.124216	-0.003368	0.033557
24.668772	-0.063792	-0.127569	-0.003368	0.033557
24.678146	-0.063792	-0.127569	-0.003368	0.033557
24.687521	-0.063792	-0.127569	0.000000	0.030205
24.696896	-0.063792	-0.127569	0.000000	0.026852
24.706270	-0.063792	-0.130922	0.000000	0.026852
24.715647	-0.063792	-0.130922	0.000000	0.026852
24.725021	-0.063792	-0.130922	-0.003368	0.026852
24.734396	-0.063792	-0.134289	0.000000	0.023484
24.743771	-0.063792	-0.134289	0.000000	0.023484
24.753145	-0.067145	-0.134289	0.000000	0.026852
24.762522	-0.067145	-0.134289	-0.003368	0.026852
24.771896	-0.067145	-0.137642	-0.006720	0.026852
24.781271	-0.067145	-0.137642	-0.010073	0.030205
24.790646	-0.070497	-0.140995	-0.010073	0.030205
24.800020	-0.070497	-0.140995	-0.010073	0.030205
24.809395	-0.070497	-0.144362	-0.006720	0.026852
24.818771	-0.070497	-0.144362	0.000000	0.030205
24.828146	-0.073865	-0.147715	0.000000	0.030205
24.837521	-0.073865	-0.147715	0.003353	0.026852
24.846895	-0.073865	-0.151068	0.003353	0.026852
24.856270	-0.073865	-0.151068	0.006706	0.030205
24.865646	-0.073865	-0.151068	0.006706	0.033557
24.875021	-0.077218	-0.154421	0.003353	0.033557
24.884396	-0.077218	-0.154421	0.003353	0.030205
24.893770	-0.077218	-0.157788	0.003353	0.030205
24.903145	-0.080571	-0.157788	0.003353	0.033557
24.912521	-0.080571	-0.161141	0.000000	0.033557
24.921896	-0.083938	-0.161141	0.000000	0.030205
24.931271	-0.083938	-0.164494	0.000000	0.026852
24.940645	-0.087291	-0.164494	0.003353	0.026852
24.950020	-0.087291	-0.167862	0.006706	0.026852
24.959394	-0.090644	-0.171214	0.006706	0.030205
24.968771	-0.090644	-0.174567	0.006706	0.030205
24.978146	-0.093997	-0.177920	0.010058	0.023484
24.987520	-0.093997	-0.181288	0.013426	0.020131
24.996895	-0.093997	-0.184640	0.016779	0.023484
25.006269	-0.097364	-0.187993	0.020131	0.030205
25.015646	-0.100717	-0.191361	0.016779	0.030205
25.025021	-0.100717	-0.194713	0.016779	0.023484
25.034395	-0.100717	-0.198066	0.020131	0.020131
25.043770	-0.104070	-0.204787	0.016779	0.020131
25.053144	-0.104070	-0.208139	0.010058	0.020131
25.062519	-0.104070	-0.211492	0.003353	0.020131
25.071896	-0.107422	-0.218213	0.000000	0.016779
25.081270	-0.107422	-0.224918	0.000000	0.016779
25.090645	-0.110790	-0.228286	0.000000	0.016779
25.100019	-0.110790	-0.234991	0.000000	0.020131
25.109394	-0.114143	-0.238344	0.003353	0.023484
25.118771	-0.117496	-0.245064	0.003353	0.020131
25.128145	-0.120863	-0.248417	0.003353	0.020131
25.137520	-0.120863	-0.255138	0.003353	0.020131
25.146894	-0.124216	-0.261843	0.003353	0.023484
25.156269	-0.124216	-0.268564	0.006706	0.023484
25.165646	-0.127569	-0.275284	0.006706	0.023484
25.175020	-0.130922	-0.281990	0.003353	0.023484
25.184395	-0.130922	-0.288710	0.000000	0.026852
25.193769	-0.134289	-0.295416	0.000000	0.026852
25.203144	-0.134289	-0.305489	0.000000	0.023484
25.212519	-0.137642	-0.315562	0.000000	0.023484
25.221895	-0.137642	-0.325635	0.000000	0.023484
25.231270	-0.140995	-0.335708	-0.003368	0.023484
25.240644	-0.147715	-0.349134	-0.003368	0.023484
25.250019	-0.151068	-0.359207	-0.003368	0.023484
25.259394	-0.154421	-0.372633	-0.003368	0.023484
25.268770	-0.157788	-0.386059	-0.003368	0.023484
25.278145	-0.161141	-0.399485	-0.003368	0.023484
25.287519	-0.164494	-0.416264	0.000000	0.023484
25.296894	-0.171214	-0.429690	0.000000	0.023484
25.306269	-0.174567	-0.446483	0.000000	0.023484
25.315645	-0.177920	-0.463262	0.000000	0.023484
25.325020	-0.184640	-0.480056	0.000000	0.023484
25.334394	-0.187993	-0.500187	0.000000	0.020131
25.343769	-0.194713	-0.520334	-0.003368	0.023484
25.353144	-0.198066	-0.540480	-0.003368	0.023484
25.362518	-0.204787	-0.563979	-0.003368	0.020131
25.371895	-0.208139	-0.587478	-0.003368	0.020131
25.381269	-0.214845	-0.614330	-0.003368	0.020131
25.390644	-0.221565	-0.641182	-0.003368	0.026852
25.400019	-0.224918	-0.674754	-0.006720	0.026852
25.409393	-0.231639	-0.704974	-0.006720	0.026852
25.418770	-0.238344	-0.741899	-0.006720	0.026852
25.428144	-0.248417	-0.778824	-0.003368	0.026852
25.437519	-0.255138	-0.815749	-0.006720	0.033557
25.446894	-0.261843	-0.859380	-0.006720	0.036925
25.456268	-0.268564	-0.906378	-0.006720	0.036925
25.465643	-0.278637	-0.956744	-0.003368	0.040278
25.475019	-0.288710	-1.010448	-0.003368	0.040278
25.484394	-0.298783	-1.067519	-0.006720	0.043631
25.493769	-0.312209	-1.131296	-0.006720	0.050351
25.503143	-0.322267	-1.198441	-0.010073	0.053704
25.512518	-0.332341	-1.268938	-0.010073	0.053704
25.521894	-0.342414	-1.349509	-0.013441	0.060424
25.531269	-0.355840	-1.430064	-0.013441	0.063777
25.540644	-0.369266	-1.517355	-0.013441	0.070482
25.550018	-0.382707	-1.611337	-0.013441	0.077203
25.559393	-0.396132	-1.708701	-0.013441	0.083923
25.568769	-0.409558	-1.816124	-0.013441	0.097349
25.578144	-0.426337	-1.926899	-0.016794	0.107422
25.587519	-0.443131	-2.041027	-0.016794	0.117481
25.596893	-0.463262	-2.165243	-0.013441	0.130907
25.606268	-0.480056	-2.286091	-0.010073	0.147700
25.615643	-0.503555	-2.410293	-0.013441	0.164479
25.625019	-0.523686	-2.534509	-0.013441	0.181273
25.634394	-0.547186	-2.652004	-0.013441	0.201404
25.643768	-0.570685	-2.762780	-0.010073	0.218198
25.653143	-0.594184	-2.863482	-0.010073	0.241697
25.662518	-0.624403	-2.947405	-0.016794	0.258476
25.671894	-0.654608	-3.011197	-0.020146	0.271901
25.681269	-0.688180	-3.048122	-0.016794	0.281975
25.690643	-0.721753	-3.054827	-0.016794	0.288695
25.700018	-0.758678	-3.024623	-0.016794	0.292048
25.709393	-0.798956	-2.950773	-0.020146	0.295401
25.718767	-0.839248	-2.833277	-0.023499	0.292048
25.728144	-0.886247	-2.668783	-0.023499	0.288695
25.737518	-0.936598	-2.467364	-0.026867	0.285327
25.746893	-0.986949	-2.235740	-0.026867	0.288695
25.756268	-1.044020	-1.983970	-0.026867	0.288695
25.765642	-1.104444	-1.722127	-0.026867	0.288695
25.775019	-1.168221	-1.450211	-0.026867	0.288695
25.784393	-1.238719	-1.178294	-0.026867	0.295401
25.793768	-1.315936	-0.899673	-0.030220	0.302121
25.803143	-1.396492	-0.617683	-0.030220	0.305474
25.812517	-1.487136	-0.335708	-0.030220	0.308827
25.821894	-1.577780	-0.046998	-0.033572	0.312194
25.831268	-1.678482	0.248402	-0.033572	0.318900
25.840643	-1.782551	0.550538	-0.036940	0.322267
25.850018	-1.893327	0.869438	-0.040293	0.325620
25.859392	-2.010822	1.201779	-0.036940	0.325620
25.868767	-2.131671	1.544192	-0.036940	0.322267
25.878143	-2.259240	1.906738	-0.036940	0.318900
25.887518	-2.386794	2.279356	-0.033572	0.305474
25.896893	-2.514362	2.655342	-0.030220	0.292048
25.906267	-2.638578	3.027961	-0.026867	0.271901
25.915642	-2.756059	3.383801	-0.023499	0.248402
25.925018	-2.860129	3.706068	-0.023499	0.214845
25.934393	-2.954125	3.971264	-0.023499	0.177905
25.943768	-3.031328	4.159257	-0.023499	0.140980
25.953142	-3.081694	4.246533	-0.026867	0.104055
25.962517	-3.101826	4.226401	-0.030220	0.077203
25.971893	-3.081694	4.092112	-0.030220	0.057057
25.981268	-3.017902	3.860488	-0.026867	0.046983
25.990643	-2.907127	3.551647	-0.013441	0.046983
26.000017	-2.756059	3.192455	0.003353	0.053704
26.009392	-2.571434	2.819836	0.023484	0.067130
26.018766	-2.356589	2.460644	0.046983	0.077203
26.028143	-2.118245	2.138376	0.073850	0.087276
26.037518	-1.866475	1.856387	0.107422	0.093982
26.046892	-1.607984	1.621395	0.137627	0.100702
26.056267	-1.339436	1.426697	0.161126	0.100702
26.065641	-1.067519	1.262203	0.187978	0.097349
26.075018	-0.792250	1.127928	0.214845	0.093982
26.084393	-0.510260	1.013786	0.238329	0.090629
26.093767	-0.224918	0.913084	0.265196	0.090629
26.103142	0.063777	0.829160	0.288695	0.087276
26.112516	0.365898	0.755310	0.315547	0.087276
26.121891	0.674739	0.691518	0.345752	0.083923
26.131268	0.997007	0.634462	0.372618	0.083923
26.140642	1.336053	0.584096	0.399470	0.083923
26.150017	1.691893	0.540465	0.429690	0.083923
26.159391	2.064511	0.500172	0.459895	0.080556
26.168766	2.453923	0.463247	0.493467	0.077203
26.178143	2.853408	0.433043	0.523672	0.077203
26.187517	3.246158	0.402823	0.550538	0.077203
26.196892	3.615424	0.379324	0.570670	0.077203
26.206266	3.941059	0.355825	0.587463	0.073850
26.215641	4.186109	0.332326	0.590816	0.070482
26.225018	4.337177	0.312194	0.577390	0.070482
26.234392	4.374102	0.292048	0.547171	0.070482
26.243767	4.296899	0.275269	0.506893	0.070482
26.253141	4.108906	0.258476	0.456542	0.070482
26.262516	3.836989	0.245050	0.402823	0.070482
26.271891	3.508002	0.231624	0.345752	0.070482
26.281267	3.155529	0.218198	0.292048	0.067130
26.290642	2.803042	0.208125	0.248402	0.063777
26.300016	2.474070	0.194699	0.214845	0.060424
26.309391	2.171934	0.184625	0.184625	0.060424
26.318766	1.910105	0.174552	0.157773	0.057057
26.328142	1.685187	0.164479	0.137627	0.053704
26.337517	1.490474	0.157773	0.124201	0.053704
26.346891	1.329347	0.147700	0.114128	0.050351
26.356266	1.191705	0.140980	0.104055	0.053704
26.365641	1.074225	0.134274	0.100702	0.053704
26.375017	0.973508	0.127554	0.093982	0.050351
26.384392	0.866085	0.120848	0.087276	0.053704
26.393766	0.795588	0.114128	0.080556	0.053704
26.403141	0.731811	0.107422	0.077203	0.057057
26.412516	0.678092	0.100702	0.070482	0.053704
26.421890	0.631094	0.093982	0.067130	0.053704
26.431267	0.587463	0.087276	0.067130	0.053704
26.440641	0.550538	0.083923	0.063777	0.053704
26.450016	0.516966	0.077203	0.063777	0.050351
26.459391	0.483394	0.073850	0.060424	0.046983
26.468765	0.453174	0.070482	0.060424	0.046983
26.478142	0.426322	0.067130	0.057057	0.050351
26.487516	0.402823	0.063777	0.053704	0.053704
26.496891	0.379324	0.060424	0.050351	0.050351
26.506266	0.359192	0.053704	0.053704	0.050351
26.515640	0.342399	0.050351	0.053704	0.046983
26.525015	0.325620	0.046983	0.053704	0.046983
26.534391	0.308827	0.043631	0.053704	0.046983
26.543766	0.295401	0.043631	0.050351	0.046983
26.553141	0.281975	0.040278	0.050351	0.043631
26.562515	0.268549	0.036925	0.050351	0.043631
26.571890	0.255123	0.033557	0.050351	0.046983
26.581266	0.241697	0.030205	0.050351	0.050351
26.590641	0.231624	0.026852	0.050351	0.046983
26.600016	0.221550	0.023484	0.050351	0.043631
26.609390	0.214845	0.020131	0.046983	0.040278
26.618765	0.204772	0.016779	0.046983	0.043631
26.628141	0.194699	0.016779	0.046983	0.043631
26.637516	0.184625	0.013426	0.046983	0.043631
26.646891	0.177905	0.013426	0.046983	0.043631
26.656265	0.171199	0.013426	0.046983	0.040278
26.665640	0.164479	0.010058	0.043631	0.043631
26.675014	0.157773	0.010058	0.043631	0.043631
26.684391	0.154406	0.010058	0.043631	0.043631
26.693766	0.147700	0.006706	0.046983	0.046983
26.703140	0.140980	0.003353	0.046983	0.046983
26.712515	0.137627	0.000000	0.043631	0.046983
26.721889	0.130907	0.000000	0.043631	0.046983
26.731266	0.127554	0.000000	0.043631	0.046983
26.740641	0.120848	-0.003368	0.043631	0.043631
26.750015	0.117481	-0.003368	0.036925	0.043631
26.759390	0.114128	-0.003368	0.033557	0.046983
26.768764	0.110775	-0.003368	0.033557	0.046983
26.778139	0.107422	-0.006720	0.036925	0.043631
26.787516	0.104055	-0.010073	0.040278	0.046983
26.796890	0.100702	-0.010073	0.036925	0.046983
26.806265	0.097349	-0.010073	0.033557	0.050351
26.815639	0.093982	-0.013441	0.033557	0.046983
26.825014	0.090629	-0.013441	0.033557	0.046983
26.834391	0.087276	-0.013441	0.033557	0.046983
26.843765	0.087276	-0.016794	0.033557	0.050351
26.853140	0.083923	-0.016794	0.033557	0.050351
26.862514	0.080556	-0.016794	0.033557	0.046983
26.871889	0.080556	-0.016794	0.033557	0.046983
26.881266	0.077203	-0.016794	0.030205	0.046983
26.890640	0.073850	-0.016794	0.030205	0.043631
26.900015	0.070482	-0.020146	0.030205	0.040278
26.909389	0.070482	-0.023499	0.030205	0.043631
26.918764	0.067130	-0.023499	0.030205	0.046983
26.928139	0.067130	-0.023499	0.030205	0.046983
26.937515	0.063777	-0.023499	0.030205	0.043631
26.946890	0.063777	-0.026867	0.030205	0.040278
26.956264	0.060424	-0.026867	0.030205	0.043631
26.965639	0.057057	-0.026867	0.030205	0.046983
26.975014	0.057057	-0.026867	0.033557	0.046983
26.984390	0.057057	-0.026867	0.033557	0.043631
26.993765	0.053704	-0.026867	0.033557	0.040278
27.003139	0.053704	-0.026867	0.030205	0.046983
27.012514	0.053704	-0.030220	0.030205	0.050351
27.021889	0.053704	-0.030220	0.030205	0.046983
27.031265	0.050351	-0.030220	0.030205	0.043631
27.040640	0.046983	-0.030220	0.033557	0.043631
27.050014	0.046983	-0.030220	0.030205	0.046983
27.059389	0.046983	-0.030220	0.026852	0.050351
27.068764	0.043631	-0.033572	0.023484	0.050351
27.078138	0.043631	-0.033572	0.023484	0.046983
27.087515	0.043631	-0.033572	0.023484	0.046983
27.096889	0.040278	-0.033572	0.020131	0.046983
27.106264	0.040278	-0.033572	0.023484	0.046983
27.115639	0.040278	-0.033572	0.023484	0.043631
27.125013	0.036925	-0.033572	0.026852	0.036925
27.134390	0.036925	-0.030220	0.023484	0.036925
27.143764	0.036925	-0.030220	0.020131	0.036925
27.153139	0.036925	-0.030220	0.020131	0.036925
27.162514	0.036925	-0.030220	0.020131	0.036925
27.171888	0.036925	-0.033572	0.023484	0.036925
27.181263	0.036925	-0.033572	0.023484	0.036925
27.190639	0.036925	-0.033572	0.023484	0.040278
27.200014	0.033557	-0.033572	0.026852	0.040278
27.209389	0.030205	-0.033572	0.026852	0.036925
27.218763	0.026852	-0.033572	0.030205	0.033557
27.228138	0.023484	-0.036940	0.026852	0.033557
27.237514	0.023484	-0.036940	0.023484	0.036925
27.246889	0.023484	-0.040293	0.026852	0.040278
27.256264	0.023484	-0.040293	0.030205	0.040278
27.265638	0.023484	-0.040293	0.033557	0.040278
27.275013	0.023484	-0.040293	0.030205	0.040278
27.284389	0.023484	-0.040293	0.030205	0.036925
27.293764	0.023484	-0.043646	0.030205	0.033557
27.303139	0.020131	-0.043646	0.030205	0.033557
27.312513	0.020131	-0.043646	0.030205	0.036925
27.321888	0.020131	-0.046998	0.026852	0.040278
27.331263	0.016779	-0.046998	0.026852	0.040278
27.340639	0.016779	-0.046998	0.026852	0.040278
27.350014	0.016779	-0.046998	0.026852	0.043631
27.359388	0.013426	-0.046998	0.026852	0.043631
27.368763	0.013426	-0.046998	0.030205	0.040278
27.378138	0.013426	-0.046998	0.030205	0.040278
27.387514	0.013426	-0.046998	0.030205	0.040278
27.396889	0.013426	-0.046998	0.026852	0.043631
27.406263	0.013426	-0.046998	0.023484	0.043631
27.415638	0.013426	-0.046998	0.020131	0.043631
27.425013	0.013426	-0.046998	0.020131	0.040278
27.434389	0.010058	-0.046998	0.023484	0.036925
27.443764	0.010058	-0.046998	0.023484	0.040278
27.453138	0.010058	-0.046998	0.023484	0.040278
27.462513	0.010058	-0.050366	0.023484	0.036925
27.471888	0.010058	-0.050366	0.023484	0.033557
27.481262	0.006706	-0.050366	0.020131	0.033557
27.490639	0.006706	-0.050366	0.016779	0.030205
27.500013	0.006706	-0.050366	0.016779	0.030205
27.509388	0.006706	-0.046998	0.020131	0.030205
27.518763	0.006706	-0.046998	0.023484	0.030205
27.528137	0.006706	-0.046998	0.026852	0.030205
27.537514	0.006706	-0.046998	0.026852	0.030205
27.546888	0.006706	-0.046998	0.026852	0.026852
27.556263	0.006706	-0.046998	0.026852	0.026852
27.565638	0.006706	-0.046998	0.026852	0.026852
27.575012	0.003353	-0.046998	0.026852	0.030205
27.584387	0.003353	-0.043646	0.023484	0.036925
27.593763	0.003353	-0.043646	0.023484	0.036925
27.603138	0.003353	-0.043646	0.026852	0.036925
27.612513	0.003353	-0.043646	0.026852	0.040278
27.621887	0.003353	-0.043646	0.023484	0.040278
27.631262	0.000000	-0.043646	0.023484	0.036925
27.640638	0.000000	-0.043646	0.023484	0.036925
27.650013	0.000000	-0.043646	0.023484	0.036925
27.659388	-0.003368	-0.043646	0.020131	0.040278
27.668762	-0.003368	-0.046998	0.020131	0.043631
27.678137	-0.003368	-0.046998	0.020131	0.043631
27.687513	-0.003368	-0.046998	0.020131	0.040278
27.696888	-0.003368	-0.046998	0.020131	0.040278
27.706263	-0.006720	-0.046998	0.020131	0.040278
27.715637	-0.006720	-0.046998	0.016779	0.040278
27.725012	-0.006720	-0.046998	0.020131	0.043631
27.734386	-0.010073	-0.046998	0.023484	0.046983
27.743763	-0.010073	-0.050366	0.026852	0.050351
27.753138	-0.010073	-0.050366	0.023484	0.050351
27.762512	-0.010073	-0.050366	0.023484	0.050351
27.771887	-0.006720	-0.050366	0.023484	0.046983
27.781261	-0.006720	-0.050366	0.026852	0.043631
27.790638	-0.006720	-0.050366	0.026852	0.043631
27.800013	-0.003368	-0.050366	0.023484	0.043631
27.809387	-0.006720	-0.050366	0.020131	0.043631
27.818762	-0.006720	-0.050366	0.023484	0.040278
27.828136	-0.006720	-0.050366	0.023484	0.036925
27.837511	-0.003368	-0.050366	0.020131	0.036925
27.846888	-0.003368	-0.050366	0.020131	0.040278
27.856262	-0.003368	-0.053719	0.020131	0.036925
27.865637	-0.003368	-0.053719	0.020131	0.036925
27.875011	-0.003368	-0.053719	0.023484	0.036925
27.884386	-0.003368	-0.053719	0.023484	0.040278
27.893763	-0.003368	-0.053719	0.020131	0.040278
27.903137	-0.003368	-0.053719	0.016779	0.040278
27.912512	-0.003368	-0.053719	0.016779	0.040278
27.921886	-0.003368	-0.053719	0.016779	0.043631
27.931261	-0.003368	-0.053719	0.013426	0.046983
27.940638	-0.003368	-0.053719	0.013426	0.043631
27.950012	-0.003368	-0.053719	0.016779	0.040278
27.959387	-0.003368	-0.053719	0.016779	0.040278
27.968761	-0.003368	-0.053719	0.013426	0.040278
27.978136	-0.003368	-0.053719	0.010058	0.036925
27.987511	-0.003368	-0.053719	0.013426	0.036925
27.996887	-0.003368	-0.053719	0.016779	0.036925
28.006262	-0.003368	-0.053719	0.020131	0.040278
28.015636	-0.003368	-0.053719	0.020131	0.040278
28.025011	-0.003368	-0.050366	0.016779	0.040278
28.034386	-0.003368	-0.050366	0.020131	0.036925
28.043762	-0.003368	-0.050366	0.016779	0.036925
28.053137	-0.003368	-0.050366	0.013426	0.040278
28.062511	-0.003368	-0.050366	0.013426	0.040278
28.071886	-0.003368	-0.050366	0.013426	0.036925
28.081261	-0.003368	-0.050366	0.013426	0.033557
28.090637	-0.003368	-0.050366	0.013426	0.033557
28.100012	-0.003368	-0.046998	0.016779	0.033557
28.109386	-0.003368	-0.046998	0.016779	0.033557
28.118761	-0.003368	-0.046998	0.020131	0.030205
28.128136	-0.006720	-0.046998	0.020131	0.033557
28.137510	-0.006720	-0.046998	0.016779	0.036925
28.146887	-0.006720	-0.046998	0.016779	0.036925
28.156261	-0.006720	-0.046998	0.020131	0.036925
28.165636	-0.006720	-0.046998	0.020131	0.033557
28.175011	-0.006720	-0.046998	0.020131	0.036925
28.184385	-0.006720	-0.046998	0.020131	0.040278
28.193762	-0.006720	-0.046998	0.020131	0.036925
28.203136	-0.006720	-0.046998	0.020131	0.033557
28.212511	-0.006720	-0.046998	0.023484	0.030205
28.221886	-0.010073	-0.046998	0.023484	0.030205
28.231260	-0.010073	-0.046998	0.020131	0.033557
28.240635	-0.010073	-0.046998	0.016779	0.033557
28.250011	-0.010073	-0.046998	0.016779	0.033557
28.259386	-0.010073	-0.046998	0.020131	0.033557
28.268761	-0.010073	-0.046998	0.023484	0.033557
28.278135	-0.010073	-0.046998	0.023484	0.033557
28.287510	-0.010073	-0.046998	0.020131	0.030205
28.296886	-0.010073	-0.046998	0.020131	0.030205
28.306261	-0.010073	-0.046998	0.020131	0.026852
28.315636	-0.010073	-0.046998	0.020131	0.030205
28.325010	-0.013441	-0.050366	0.016779	0.030205
28.334385	-0.013441	-0.050366	0.020131	0.030205
28.343761	-0.013441	-0.050366	0.023484	0.026852
28.353136	-0.013441	-0.050366	0.026852	0.023484
28.362511	-0.013441	-0.050366	0.023484	0.023484
28.371885	-0.013441	-0.050366	0.023484	0.023484
28.381260	-0.013441	-0.050366	0.023484	0.023484
28.390635	-0.013441	-0.050366	0.023484	0.023484
28.400011	-0.013441	-0.050366	0.023484	0.023484
28.409386	-0.013441	-0.050366	0.020131	0.023484
28.418760	-0.013441	-0.050366	0.020131	0.023484
28.428135	-0.013441	-0.050366	0.020131	0.023484
28.437510	-0.013441	-0.046998	0.023484	0.023484
28.446886	-0.016794	-0.046998	0.023484	0.020131
28.456261	-0.013441	-0.046998	0.020131	0.020131
28.465635	-0.013441	-0.046998	0.023484	0.020131
28.475010	-0.013441	-0.046998	0.026852	0.023484
28.484385	-0.010073	-0.046998	0.026852	0.026852
28.493759	-0.010073	-0.046998	0.023484	0.030205
28.503136	-0.010073	-0.046998	0.020131	0.030205
28.512510	-0.010073	-0.046998	0.020131	0.026852
28.521885	-0.010073	-0.046998	0.026852	0.026852
28.531260	-0.013441	-0.046998	0.026852	0.030205
28.540634	-0.013441	-0.046998	0.026852	0.033557
28.550011	-0.013441	-0.046998	0.026852	0.033557
28.559385	-0.013441	-0.046998	0.026852	0.033557
28.568760	-0.013441	-0.046998	0.030205	0.036925
28.578135	-0.013441	-0.046998	0.026852	0.036925
28.587509	-0.016794	-0.046998	0.026852	0.036925
28.596886	-0.016794	-0.050366	0.030205	0.033557
28.606260	-0.016794	-0.050366	0.030205	0.030205
28.615635	-0.016794	-0.046998	0.030205	0.030205
28.625010	-0.020146	-0.046998	0.030205	0.036925
28.634384	-0.020146	-0.046998	0.026852	0.036925
28.643759	-0.020146	-0.046998	0.030205	0.036925
28.653135	-0.020146	-0.046998	0.033557	0.036925
28.662510	-0.020146	-0.046998	0.033557	0.036925
28.671885	-0.020146	-0.046998	0.033557	0.036925
28.681259	-0.020146	-0.046998	0.033557	0.033557
28.690634	-0.020146	-0.046998	0.033557	0.030205
28.700010	-0.020146	-0.046998	0.033557	0.030205
28.709385	-0.020146	-0.046998	0.033557	0.033557
28.718760	-0.020146	-0.046998	0.030205	0.030205
28.728134	-0.020146	-0.050366	0.030205	0.030205
28.737509	-0.020146	-0.050366	0.030205	0.026852
28.746885	-0.020146	-0.050366	0.030205	0.030205
28.756260	-0.020146	-0.050366	0.030205	0.030205
28.765635	-0.020146	-0.050366	0.030205	0.030205
28.775009	-0.020146	-0.050366	0.033557	0.030205
28.784384	-0.020146	-0.050366	0.036925	0.033557
28.793758	-0.020146	-0.053719	0.033557	0.036925
28.803135	-0.020146	-0.053719	0.033557	0.036925
28.812510	-0.020146	-0.053719	0.033557	0.036925
28.821884	-0.020146	-0.053719	0.033557	0.036925
28.831259	-0.020146	-0.053719	0.033557	0.036925
28.840633	-0.020146	-0.050366	0.033557	0.033557
28.850010	-0.020146	-0.050366	0.033557	0.030205
28.859385	-0.020146	-0.050366	0.036925	0.030205
28.868759	-0.020146	-0.050366	0.036925	0.026852
28.878134	-0.020146	-0.050366	0.036925	0.026852
28.887508	-0.020146	-0.050366	0.033557	0.026852
28.896883	-0.020146	-0.050366	0.030205	0.026852
28.906260	-0.020146	-0.050366	0.033557	0.026852
28.915634	-0.020146	-0.050366	0.033557	0.026852
28.925009	-0.020146	-0.050366	0.033557	0.026852
28.934383	-0.020146	-0.050366	0.030205	0.026852
28.943758	-0.020146	-0.053719	0.026852	0.020131
28.953135	-0.020146	-0.053719	0.026852	0.020131
28.962509	-0.023499	-0.053719	0.030205	0.023484
28.971884	-0.023499	-0.053719	0.026852	0.030205
28.981258	-0.023499	-0.057071	0.023484	0.033557
28.990633	-0.026867	-0.057071	0.023484	0.033557
29.000010	-0.026867	-0.060439	0.026852	0.033557
29.009384	-0.023499	-0.060439	0.030205	0.036925
29.018759	-0.023499	-0.060439	0.026852	0.036925
29.028133	-0.026867	-0.060439	0.023484	0.036925
29.037508	-0.023499	-0.060439	0.026852	0.036925
29.046883	-0.023499	-0.057071	0.030205	0.036925
29.056259	-0.023499	-0.057071	0.030205	0.036925
29.065634	-0.023499	-0.057071	0.030205	0.043631
29.075008	-0.023499	-0.057071	0.030205	0.043631
29.084383	-0.023499	-0.057071	0.033557	0.040278
29.093758	-0.023499	-0.057071	0.030205	0.040278
29.103134	-0.023499	-0.057071	0.026852	0.040278
29.112509	-0.023499	-0.057071	0.026852	0.043631
29.121883	-0.026867	-0.057071	0.030205	0.040278
29.131258	-0.026867	-0.057071	0.033557	0.040278
29.140633	-0.026867	-0.057071	0.033557	0.040278
29.150009	-0.030220	-0.057071	0.033557	0.040278
29.159384	-0.030220	-0.057071	0.033557	0.040278
29.168758	-0.026867	-0.060439	0.033557	0.036925
29.178133	-0.026867	-0.060439	0.036925	0.036925
29.187508	-0.026867	-0.060439	0.036925	0.036925
29.196882	-0.023499	-0.060439	0.036925	0.036925
29.206259	-0.023499	-0.060439	0.036925	0.036925
29.215633	-0.023499	-0.060439	0.036925	0.036925
29.225008	-0.023499	-0.060439	0.033557	0.040278
29.234383	-0.023499	-0.060439	0.030205	0.043631
29.243757	-0.023499	-0.060439	0.030205	0.043631
29.253134	-0.023499	-0.060439	0.033557	0.043631
29.262508	-0.020146	-0.060439	0.036925	0.043631
29.271883	-0.020146	-0.060439	0.033557	0.043631
29.281258	-0.020146	-0.060439	0.033557	0.043631
29.290632	-0.020146	-0.060439	0.033557	0.040278
29.300007	-0.020146	-0.060439	0.036925	0.040278
29.309383	-0.020146	-0.060439	0.036925	0.040278
29.318758	-0.020146	-0.060439	0.033557	0.043631
29.328133	-0.020146	-0.060439	0.026852	0.043631
29.337507	-0.020146	-0.060439	0.026852	0.040278
29.346882	-0.020146	-0.060439	0.026852	0.040278
29.356258	-0.020146	-0.060439	0.026852	0.040278
29.365633	-0.016794	-0.060439	0.026852	0.043631
29.375008	-0.016794	-0.063792	0.023484	0.043631
29.384382	-0.016794	-0.060439	0.023484	0.043631
29.393757	-0.016794	-0.060439	0.026852	0.043631
29.403133	-0.016794	-0.060439	0.026852	0.046983
29.412508	-0.020146	-0.060439	0.026852	0.046983
29.421883	-0.020146	-0.060439	0.026852	0.046983
29.431257	-0.020146	-0.060439	0.026852	0.043631
29.440632	-0.020146	-0.060439	0.030205	0.043631
29.450006	-0.020146	-0.060439	0.033557	0.043631
29.459383	-0.020146	-0.060439	0.033557	0.046983
29.468758	-0.020146	-0.060439	0.036925	0.046983
29.478132	-0.020146	-0.060439	0.036925	0.043631
29.487507	-0.020146	-0.060439	0.036925	0.040278
29.496881	-0.020146	-0.060439	0.033557	0.040278
29.506258	-0.020146	-0.057071	0.033557	0.040278
29.515633	-0.020146	-0.057071	0.033557	0.040278
29.525007	-0.020146	-0.060439	0.033557	0.036925
29.534382	-0.020146	-0.060439	0.033557	0.036925
29.543756	-0.020146	-0.060439	0.030205	0.036925
29.553131	-0.020146	-0.060439	0.030205	0.036925
29.562508	-0.020146	-0.060439	0.030205	0.036925
29.571882	-0.023499	-0.060439	0.030205	0.040278
29.581257	-0.023499	-0.060439	0.026852	0.040278
29.590631	-0.026867	-0.057071	0.026852	0.040278
29.600006	-0.026867	-0.057071	0.030205	0.036925
29.609383	-0.023499	-0.057071	0.033557	0.036925
29.618757	-0.023499	-0.057071	0.033557	0.036925
29.628132	-0.023499	-0.057071	0.033557	0.040278
29.637506	-0.020146	-0.057071	0.030205	0.040278
29.646881	-0.020146	-0.057071	0.030205	0.036925
29.656258	-0.020146	-0.057071	0.030205	0.036925
29.665632	-0.020146	-0.057071	0.030205	0.036925
29.675007	-0.020146	-0.060439	0.026852	0.036925
29.684381	-0.016794	-0.057071	0.026852	0.036925
29.693756	-0.016794	-0.057071	0.030205	0.036925
29.703131	-0.016794	-0.057071	0.033557	0.036925
29.712507	-0.016794	-0.057071	0.030205	0.040278
29.721882	-0.020146	-0.060439	0.030205	0.040278
29.731256	-0.020146	-0.060439	0.026852	0.040278
29.740631	-0.020146	-0.060439	0.030205	0.036925
29.750006	-0.020146	-0.060439	0.030205	0.036925
29.759382	-0.020146	-0.057071	0.030205	0.036925
29.768757	-0.020146	-0.057071	0.030205	0.033557
29.778131	-0.020146	-0.057071	0.033557	0.033557
29.787506	-0.020146	-0.053719	0.036925	0.033557
29.796881	-0.020146	-0.057071	0.040278	0.036925
29.806257	-0.020146	-0.057071	0.036925	0.036925
29.815632	-0.020146	-0.057071	0.033557	0.036925
29.825006	-0.020146	-0.057071	0.030205	0.036925
29.834381	-0.020146	-0.057071	0.026852	0.036925
29.843756	-0.020146	-0.057071	0.023484	0.040278
29.853130	-0.020146	-0.057071	0.026852	0.040278
29.862507	-0.020146	-0.053719	0.030205	0.040278
29.871881	-0.020146	-0.053719	0.033557	0.040278
29.881256	-0.020146	-0.053719	0.033557	0.040278
29.890631	-0.023499	-0.053719	0.030205	0.036925
29.900005	-0.023499	-0.053719	0.030205	0.033557
29.909382	-0.023499	-0.053719	0.030205	0.033557
29.918756	-0.023499	-0.053719	0.030205	0.033557
29.928131	-0.023499	-0.053719	0.030205	0.033557
29.937506	-0.023499	-0.053719	0.030205	0.033557
29.946880	-0.023499	-0.053719	0.030205	0.033557
29.956255	-0.023499	-0.053719	0.033557	0.033557
29.965631	-0.023499	-0.053719	0.036925	0.033557
29.975006	-0.026867	-0.053719	0.033557	0.033557
29.984381	-0.026867	-0.053719	0.026852	0.036925
29.993755	-0.023499	-0.057071	0.026852	0.033557
30.003130	-0.023499	-0.057071	0.030205	0.033557
30.012506	-0.023499	-0.057071	0.033557	0.036925
30.021881	-0.023499	-0.057071	0.030205	0.036925
30.031256	-0.023499	-0.057071	0.030205	0.040278
30.040630	-0.023499	-0.057071	0.030205	0.040278
30.050005	-0.023499	-0.057071	0.033557	0.040278
30.059381	-0.023499	-0.057071	0.033557	0.040278
30.068756	-0.026867	-0.057071	0.030205	0.040278
30.078131	-0.026867	-0.057071	0.026852	0.040278
30.087505	-0.026867	-0.057071	0.026852	0.040278
30.096880	-0.026867	-0.053719	0.033557	0.036925
30.106255	-0.026867	-0.053719	0.033557	0.033557
30.115631	-0.023499	-0.053719	0.030205	0.033557
30.125006	-0.023499	-0.053719	0.026852	0.033557
30.134380	-0.023499	-0.053719	0.026852	0.033557
30.143755	-0.023499	-0.053719	0.026852	0.033557
30.153130	-0.023499	-0.053719	0.030205	0.036925
30.162506	-0.023499	-0.053719	0.030205	0.036925
30.171881	-0.023499	-0.050366	0.026852	0.033557
30.181255	-0.023499	-0.053719	0.026852	0.033557
30.190630	-0.023499	-0.053719	0.026852	0.033557
30.200005	-0.023499	-0.053719	0.030205	0.033557
30.209381	-0.023499	-0.057071	0.030205	0.030205
30.218756	-0.023499	-0.057071	0.030205	0.030205
30.228130	-0.023499	-0.057071	0.026852	0.030205
30.237505	-0.026867	-0.057071	0.020131	0.026852
30.246880	-0.026867	-0.053719	0.020131	0.026852
30.256254	-0.026867	-0.053719	0.020131	0.026852
30.265631	-0.026867	-0.053719	0.020131	0.030205
30.275005	-0.026867	-0.050366	0.020131	0.033557
30.284380	-0.023499	-0.050366	0.020131	0.036925
30.293755	-0.023499	-0.050366	0.020131	0.036925
30.303129	-0.023499	-0.053719	0.023484	0.033557
30.312506	-0.023499	-0.053719	0.020131	0.033557
30.321880	-0.026867	-0.050366	0.016779	0.033557
30.331255	-0.026867	-0.050366	0.013426	0.030205
30.340630	-0.026867	-0.050366	0.016779	0.030205
30.350004	-0.030220	-0.050366	0.023484	0.026852
30.359379	-0.030220	-0.046998	0.023484	0.026852
30.368755	-0.030220	-0.046998	0.020131	0.023484
30.378130	-0.030220	-0.046998	0.020131	0.023484
30.387505	-0.030220	-0.046998	0.020131	0.020131
30.396879	-0.030220	-0.046998	0.023484	0.023484
30.406254	-0.026867	-0.046998	0.023484	0.030205
30.415630	-0.026867	-0.046998	0.020131	0.030205
30.425005	-0.026867	-0.046998	0.020131	0.030205
30.434380	-0.026867	-0.050366	0.023484	0.026852
30.443754	-0.023499	-0.050366	0.026852	0.030205
30.453129	-0.023499	-0.050366	0.026852	0.033557
30.462505	-0.026867	-0.050366	0.026852	0.036925
30.471880	-0.026867	-0.050366	0.023484	0.033557
30.481255	-0.026867	-0.050366	0.026852	0.033557
30.490629	-0.030220	-0.050366	0.026852	0.030205
30.500004	-0.030220	-0.050366	0.026852	0.030205
30.509378	-0.030220	-0.050366	0.023484	0.030205
30.518755	-0.030220	-0.050366	0.023484	0.033557
30.528130	-0.030220	-0.050366	0.026852	0.033557
30.537504	-0.030220	-0.050366	0.026852	0.036925
30.546879	-0.030220	-0.050366	0.023484	0.033557
30.556253	-0.026867	-0.046998	0.020131	0.033557
30.565630	-0.026867	-0.046998	0.020131	0.030205
30.575005	-0.026867	-0.046998	0.016779	0.030205
30.584379	-0.026867	-0.046998	0.016779	0.033557
30.593754	-0.026867	-0.046998	0.016779	0.033557
30.603128	-0.026867	-0.046998	0.016779	0.033557
30.612503	-0.026867	-0.050366	0.016779	0.030205
30.621880	-0.026867	-0.050366	0.016779	0.030205
30.631254	-0.026867	-0.050366	0.020131	0.030205
30.640629	-0.026867	-0.050366	0.020131	0.026852
30.650003	-0.026867	-0.053719	0.020131	0.023484
30.659378	-0.026867	-0.053719	0.023484	0.023484
30.668755	-0.026867	-0.053719	0.023484	0.026852
30.678129	-0.026867	-0.053719	0.020131	0.030205
30.687504	-0.026867	-0.053719	0.023484	0.030205
30.696878	-0.026867	-0.053719	0.026852	0.030205
30.706253	-0.026867	-0.053719	0.026852	0.030205
30.715630	-0.026867	-0.050366	0.026852	0.033557
30.725004	-0.026867	-0.050366	0.023484	0.033557
30.734379	-0.026867	-0.050366	0.023484	0.033557
30.743753	-0.026867	-0.046998	0.030205	0.033557
30.753128	-0.026867	-0.046998	0.030205	0.036925
30.762503	-0.026867	-0.046998	0.030205	0.040278
30.771879	-0.026867	-0.050366	0.026852	0.040278
30.781254	-0.026867	-0.050366	0.026852	0.040278
30.790628	-0.026867	-0.050366	0.026852	0.036925
30.800003	-0.026867	-0.050366	0.026852	0.036925
30.809378	-0.026867	-0.050366	0.023484	0.036925
30.818754	-0.026867	-0.050366	0.023484	0.036925
30.828129	-0.026867	-0.050366	0.023484	0.036925
30.837503	-0.030220	-0.046998	0.026852	0.036925
30.846878	-0.030220	-0.046998	0.023484	0.036925
30.856253	-0.030220	-0.046998	0.023484	0.036925
30.865629	-0.030220	-0.046998	0.023484	0.036925
30.875004	-0.030220	-0.046998	0.026852	0.036925
30.884378	-0.030220	-0.046998	0.026852	0.040278
30.893753	-0.030220	-0.046998	0.023484	0.040278
30.903128	-0.030220	-0.046998	0.023484	0.040278
30.912502	-0.030220	-0.046998	0.023484	0.036925
30.921879	-0.030220	-0.046998	0.023484	0.033557
30.931253	-0.033572	-0.046998	0.023484	0.033557
30.940628	-0.033572	-0.046998	0.023484	0.030205
30.950003	-0.033572	-0.050366	0.026852	0.026852
30.959377	-0.033572	-0.050366	0.026852	0.026852
30.968754	-0.033572	-0.046998	0.026852	0.030205
30.978128	-0.033572	-0.046998	0.023484	0.030205
30.987503	-0.033572	-0.046998	0.023484	0.033557
30.996878	-0.033572	-0.046998	0.023484	0.030205
31.006252	-0.033572	-0.046998	0.023484	0.030205
31.015627	-0.033572	-0.046998	0.023484	0.030205
31.025003	-0.033572	-0.043646	0.023484	0.033557
31.034378	-0.033572	-0.043646	0.023484	0.033557
31.043753	-0.033572	-0.043646	0.023484	0.030205
31.053127	-0.036940	-0.043646	0.023484	0.026852
31.062502	-0.036940	-0.043646	0.023484	0.026852
31.071878	-0.036940	-0.043646	0.023484	0.026852
31.081253	-0.036940	-0.043646	0.026852	0.023484
31.090628	-0.036940	-0.043646	0.026852	0.023484
31.100002	-0.036940	-0.043646	0.030205	0.023484
31.109377	-0.036940	-0.043646	0.030205	0.023484
31.118753	-0.036940	-0.046998	0.033557	0.020131
31.128128	-0.036940	-0.046998	0.033557	0.016779
31.137503	-0.036940	-0.043646	0.033557	0.016779
31.146877	-0.033572	-0.043646	0.030205	0.020131
31.156252	-0.033572	-0.043646	0.026852	0.023484
31.165627	-0.033572	-0.043646	0.023484	0.026852
31.175003	-0.033572	-0.043646	0.020131	0.026852
31.184378	-0.030220	-0.043646	0.020131	0.030205
31.193752	-0.030220	-0.043646	0.020131	0.026852
31.203127	-0.030220	-0.043646	0.016779	0.026852
31.212502	-0.030220	-0.043646	0.016779	0.023484
31.221878	-0.030220	-0.043646	0.020131	0.023484
31.231253	-0.030220	-0.043646	0.020131	0.023484
31.240627	-0.030220	-0.043646	0.023484	0.026852
31.250002	-0.030220	-0.043646	0.026852	0.026852
31.259377	-0.030220	-0.043646	0.030205	0.023484
31.268753	-0.033572	-0.043646	0.033557	0.023484
31.278128	-0.033572	-0.046998	0.036925	0.023484
31.287502	-0.033572	-0.046998	0.036925	0.026852
31.296877	-0.033572	-0.046998	0.036925	0.026852
31.306252	-0.033572	-0.046998	0.036925	0.026852
31.315626	-0.033572	-0.043646	0.036925	0.026852
31.325003	-0.033572	-0.043646	0.036925	0.030205
31.334377	-0.033572	-0.043646	0.033557	0.030205
31.343752	-0.033572	-0.043646	0.030205	0.030205
31.353127	-0.033572	-0.040293	0.033557	0.033557
31.362501	-0.033572	-0.043646	0.033557	0.033557
31.371878	-0.036940	-0.043646	0.036925	0.033557
31.381252	-0.036940	-0.043646	0.040278	0.030205
31.390627	-0.036940	-0.043646	0.040278	0.026852
31.400002	-0.036940	-0.043646	0.040278	0.026852
31.409376	-0.036940	-0.046998	0.036925	0.026852
31.418751	-0.033572	-0.046998	0.033557	0.030205
31.428127	-0.033572	-0.046998	0.033557	0.026852
31.437502	-0.033572	-0.046998	0.036925	0.026852
31.446877	-0.033572	-0.046998	0.036925	0.026852
31.456251	-0.033572	-0.046998	0.033557	0.026852
31.465626	-0.033572	-0.046998	0.033557	0.026852
31.475002	-0.033572	-0.043646	0.030205	0.026852
31.484377	-0.036940	-0.043646	0.033557	0.030205
31.493752	-0.036940	-0.043646	0.033557	0.033557
31.503126	-0.036940	-0.043646	0.030205	0.036925
31.512501	-0.040293	-0.043646	0.030205	0.036925
31.521877	-0.040293	-0.046998	0.030205	0.033557
31.531252	-0.040293	-0.046998	0.033557	0.030205
31.540627	-0.040293	-0.046998	0.036925	0.033557
31.550001	-0.040293	-0.043646	0.036925	0.033557
31.559376	-0.040293	-0.043646	0.036925	0.030205
31.568750	-0.040293	-0.043646	0.040278	0.026852
31.578127	-0.040293	-0.043646	0.040278	0.030205
31.587502	-0.040293	-0.043646	0.040278	0.036925
31.596876	-0.040293	-0.043646	0.040278	0.036925
31.606251	-0.036940	-0.043646	0.043631	0.036925
31.615625	-0.036940	-0.043646	0.040278	0.036925
31.625002	-0.036940	-0.043646	0.040278	0.036925
31.634377	-0.036940	-0.043646	0.036925	0.040278
31.643751	-0.036940	-0.043646	0.036925	0.040278
31.653126	-0.036940	-0.043646	0.040278	0.040278
31.662500	-0.036940	-0.043646	0.040278	0.040278
31.671875	-0.036940	-0.043646	0.036925	0.040278
31.681252	-0.036940	-0.043646	0.033557	0.043631
31.690626	-0.040293	-0.043646	0.033557	0.043631
31.700001	-0.040293	-0.043646	0.036925	0.043631
31.709375	-0.040293	-0.046998	0.036925	0.043631
31.718750	-0.043646	-0.046998	0.036925	0.040278
31.728127	-0.043646	-0.046998	0.033557	0.040278
31.737501	-0.043646	-0.046998	0.033557	0.036925
31.746876	-0.040293	-0.046998	0.033557	0.036925
31.756250	-0.043646	-0.046998	0.030205	0.036925
31.765625	-0.043646	-0.043646	0.030205	0.036925
31.775002	-0.043646	-0.043646	0.026852	0.036925
31.784376	-0.040293	-0.046998	0.026852	0.036925
31.793751	-0.040293	-0.046998	0.030205	0.036925
31.803125	-0.040293	-0.046998	0.030205	0.040278
31.812500	-0.036940	-0.046998	0.030205	0.036925
31.821875	-0.036940	-0.046998	0.030205	0.036925
31.831251	-0.036940	-0.046998	0.030205	0.040278
31.840626	-0.033572	-0.043646	0.033557	0.040278
31.850000	-0.033572	-0.043646	0.033557	0.036925
31.859375	-0.036940	-0.043646	0.033557	0.030205
31.868750	-0.036940	-0.043646	0.033557	0.026852
31.878126	-0.036940	-0.043646	0.033557	0.030205
31.887501	-0.036940	-0.040293	0.033557	0.033557
31.896875	-0.036940	-0.040293	0.033557	0.033557
31.906250	-0.036940	-0.040293	0.036925	0.033557
31.915625	-0.036940	-0.040293	0.036925	0.033557
31.925001	-0.040293	-0.040293	0.040278	0.033557
31.934376	-0.040293	-0.040293	0.036925	0.036925
31.943750	-0.040293	-0.040293	0.033557	0.036925
31.953125	-0.040293	-0.036940	0.033557	0.033557
31.962500	-0.043646	-0.040293	0.036925	0.030205
31.971874	-0.043646	-0.040293	0.033557	0.033557
31.981251	-0.040293	-0.040293	0.033557	0.036925
31.990625	-0.040293	-0.040293	0.033557	0.036925
