22.510115	-0.006720	0.013426	0.016779	0.040278
22.549194	-0.006720	0.016779	0.016779	0.040278
22.588276	-0.006720	0.020131	0.013426	0.040278
22.627357	-0.003368	0.020131	0.013426	0.036925
22.666439	-0.003368	0.023484	0.010058	0.033557
22.705521	-0.003368	0.026852	0.006706	0.033557
22.744602	0.000000	0.030205	0.003353	0.030205
22.783682	0.000000	0.033557	0.000000	0.030205
22.822763	0.000000	0.036925	0.000000	0.026852
22.861845	0.000000	0.040278	-0.003368	0.023484
22.900927	0.003353	0.043631	-0.003368	0.023484
22.940008	0.003353	0.046983	-0.003368	0.023484
22.979090	0.003353	0.050351	-0.003368	0.026852
23.018169	0.006706	0.053704	-0.003368	0.026852
23.057251	0.006706	0.057057	0.000000	0.026852
23.096333	0.010058	0.060424	0.000000	0.026852
23.135414	0.013426	0.067130	0.000000	0.026852
23.174496	0.013426	0.070482	0.003353	0.026852
23.213577	0.013426	0.073850	0.003353	0.023484
23.252657	0.016779	0.077203	0.003353	0.023484
23.291739	0.016779	0.083923	0.000000	0.020131
23.330820	0.020131	0.087276	0.000000	0.016779
23.369902	0.020131	0.090629	0.000000	0.016779
23.408983	0.020131	0.097349	0.000000	0.013426
23.448065	0.023484	0.100702	-0.003368	0.013426
23.487144	0.026852	0.107422	-0.006720	0.013426
23.526226	0.026852	0.114128	-0.006720	0.010058
23.565308	0.030205	0.117481	-0.003368	0.006706
23.604389	0.030205	0.124201	-0.003368	0.003353
23.643471	0.033557	0.130907	-0.003368	0.003353
23.682550	0.036925	0.137627	0.000000	0.003353
23.721632	0.040278	0.144348	0.000000	0.003353
23.760714	0.040278	0.151053	0.000000	0.003353
23.799795	0.043631	0.157773	0.000000	0.000000
23.838877	0.046983	0.167847	0.000000	0.000000
23.877958	0.050351	0.174552	0.000000	-0.003368
23.917038	0.050351	0.181273	0.000000	-0.003368
23.956120	0.053704	0.191346	-0.003368	-0.006720
23.995201	0.057057	0.201404	-0.003368	-0.006720
24.034283	0.060424	0.211477	-0.006720	-0.006720
24.073364	0.063777	0.221550	-0.010073	-0.006720
24.112446	0.067130	0.231624	-0.010073	-0.010073
24.151525	0.070482	0.245050	-0.013441	-0.013441
24.190607	0.073850	0.255123	-0.013441	-0.016794
24.229689	0.077203	0.268549	-0.016794	-0.020146
24.268770	0.080556	0.281975	-0.016794	-0.026867
24.307852	0.083923	0.295401	-0.016794	-0.030220
24.346933	0.087276	0.312194	-0.013441	-0.036940
24.386013	0.090629	0.328973	-0.013441	-0.036940
24.425095	0.097349	0.345752	-0.013441	-0.040293
24.464176	0.100702	0.362545	-0.013441	-0.043646
24.503258	0.104055	0.379324	-0.016794	-0.046998
24.542339	0.110775	0.399470	-0.020146	-0.053719
24.581421	0.114128	0.422969	-0.023499	-0.057071
24.620501	0.117481	0.443116	-0.023499	-0.063792
24.659582	0.124201	0.469968	-0.026867	-0.070497
24.698664	0.127554	0.493467	-0.033572	-0.080571
24.737745	0.134274	0.520319	-0.036940	-0.093997
24.776827	0.140980	0.547171	-0.036940	-0.107422
24.815907	0.147700	0.577390	-0.040293	-0.124216
24.854988	0.151053	0.610963	-0.036940	-0.140995
24.894070	0.161126	0.651240	-0.033572	-0.157788
24.933151	0.167847	0.698239	-0.033572	-0.167862
24.972233	0.174552	0.758663	-0.033572	-0.181288
25.011314	0.181273	0.829160	-0.030220	-0.191361
25.050394	0.191346	0.913084	-0.030220	-0.204787
25.089476	0.198051	1.013786	-0.030220	-0.218213
25.128557	0.208125	1.138002	-0.030220	-0.234991
25.167639	0.214845	1.289070	-0.033572	-0.255138
25.206720	0.224903	1.480415	-0.040293	-0.292063
25.245802	0.234976	1.728818	-0.046998	-0.342414
25.284882	0.245050	2.044380	-0.050366	-0.416264
25.323963	0.255123	2.457276	-0.053719	-0.523686
25.363045	0.265196	2.994388	-0.060439	-0.678107
25.402126	0.275269	3.679216	-0.063792	-0.892952
25.441208	0.288695	4.525170	-0.070497	-1.181647
25.480289	0.302121	5.505398	-0.073865	-1.547560
25.519369	0.315547	6.552771	-0.073865	-1.970544
25.558451	0.332326	7.519573	-0.073865	-2.393514
25.597532	0.349119	8.204386	-0.070497	-2.725854
25.636614	0.365898	8.446082	-0.073865	-2.876923
25.675695	0.382692	8.194312	-0.077218	-2.813131
25.714777	0.399470	7.526278	-0.080571	-2.561361
25.753857	0.422969	6.576255	-0.087291	-2.171948
25.792938	0.443116	5.488605	-0.093997	-1.715407
25.832020	0.466615	4.421100	-0.100717	-1.262218
25.871101	0.490114	3.487870	-0.110790	-0.876173
25.910183	0.516966	2.759412	-0.120863	-0.594184
25.949263	0.543818	2.242431	-0.137642	-0.412911
25.988344	0.570670	1.886606	-0.154421	-0.305489
26.027426	0.604242	1.631469	-0.171214	-0.231639
26.066507	0.637814	1.436770	-0.187993	-0.184640
26.105589	0.678092	1.278996	-0.201419	-0.151068
26.144670	0.725091	1.154780	-0.211492	-0.124216
26.183750	0.778809	1.047358	-0.221565	-0.107422
26.222832	0.842586	0.960082	-0.228286	-0.093997
26.261913	0.916436	0.882864	-0.238344	-0.083938
26.300995	1.003727	0.815734	-0.248417	-0.077218
26.340076	1.107782	0.758663	-0.261843	-0.073865
26.379158	1.235351	0.704959	-0.281990	-0.067145
26.418238	1.389772	0.657961	-0.305489	-0.060439
26.457319	1.587838	0.617668	-0.339061	-0.057071
26.496401	1.846313	0.577390	-0.379339	-0.050366
26.535482	2.208874	0.543818	-0.433058	-0.043646
26.574564	2.745986	0.513613	-0.496835	-0.036940
26.613646	3.561720	0.483394	-0.557259	-0.033572
26.652725	4.666150	0.453174	-0.607610	-0.030220
26.691807	5.955219	0.426322	-0.661328	-0.030220
26.730888	7.214084	0.402823	-0.728473	-0.026867
26.769970	8.227884	0.379324	-0.805676	-0.026867
26.809052	8.852273	0.359192	-0.872821	-0.026867
26.848133	8.986547	0.342399	-0.923172	-0.026867
26.887213	8.637428	0.322267	-0.943318	-0.026867
26.926294	7.875398	0.308827	-0.933245	-0.023499
26.965376	6.861597	0.292048	-0.882879	-0.020146
27.004457	5.777314	0.278622	-0.802323	-0.016794
27.043539	4.753441	0.265196	-0.704974	-0.013441
27.082619	3.873914	0.248402	-0.604257	-0.010073
27.121700	3.158882	0.238329	-0.503555	-0.006720
27.160782	2.598271	0.224903	-0.412911	-0.003368
27.199863	2.168581	0.214845	-0.339061	-0.003368
27.238945	1.839608	0.201404	-0.275284	0.000000
27.278027	1.584470	0.191346	-0.224918	0.000000
27.317106	1.389772	0.181273	-0.187993	0.000000
27.356188	1.231998	0.171199	-0.157788	0.000000
27.395269	1.104429	0.164479	-0.134289	0.000000
27.434351	1.003727	0.154406	-0.117496	0.000000
27.473433	0.916436	0.147700	-0.104070	0.000000
27.512514	0.845939	0.137627	-0.090644	0.003353
27.551594	0.782162	0.130907	-0.077218	0.003353
27.590675	0.728458	0.124201	-0.070497	0.003353
27.629757	0.678092	0.120848	-0.063792	0.006706
27.668839	0.634462	0.114128	-0.057071	0.006706
27.707920	0.594169	0.107422	-0.053719	0.006706
27.747002	0.557244	0.100702	-0.050366	0.006706
27.786081	0.523672	0.093982	-0.050366	0.006706
27.825163	0.493467	0.087276	-0.050366	0.010058
27.864244	0.466615	0.083923	-0.050366	0.010058
27.903326	0.439748	0.077203	-0.050366	0.013426
27.942408	0.416249	0.070482	-0.050366	0.013426
27.981489	0.392750	0.067130	-0.050366	0.016779
28.020569	0.369251	0.063777	-0.046998	0.020131
28.059650	0.352472	0.060424	-0.046998	0.023484
28.098732	0.332326	0.053704	-0.046998	0.026852
28.137814	0.315547	0.050351	-0.040293	0.030205
28.176895	0.295401	0.046983	-0.036940	0.026852
28.215975	0.281975	0.043631	-0.033572	0.026852
28.255056	0.265196	0.040278	-0.030220	0.023484
28.294138	0.251770	0.033557	-0.030220	0.023484
28.333220	0.238329	0.030205	-0.030220	0.020131
28.372301	0.228271	0.026852	-0.030220	0.020131
28.411383	0.214845	0.023484	-0.026867	0.016779
28.450462	0.204772	0.020131	-0.026867	0.016779
28.489544	0.194699	0.016779	-0.030220	0.016779
28.528625	0.184625	0.013426	-0.030220	0.020131
28.567707	0.174552	0.013426	-0.030220	0.020131
28.606789	0.164479	0.010058	-0.026867	0.023484
28.645870	0.157773	0.006706	-0.026867	0.023484
28.684950	0.151053	0.003353	-0.023499	0.026852
28.724031	0.144348	0.003353	-0.023499	0.026852
28.763113	0.134274	0.000000	-0.020146	0.030205
28.802195	0.127554	-0.003368	-0.020146	0.033557
28.841276	0.120848	-0.003368	-0.016794	0.033557
28.880358	0.114128	-0.006720	-0.013441	0.033557
28.919437	0.107422	-0.010073	-0.010073	0.033557
28.958519	0.100702	-0.013441	-0.010073	0.036925
28.997601	0.097349	-0.016794	-0.010073	0.036925
29.036682	0.090629	-0.016794	-0.010073	0.033557
29.075764	0.083923	-0.020146	-0.010073	0.033557
29.114845	0.077203	-0.023499	-0.010073	0.033557
29.153925	0.073850	-0.023499	-0.010073	0.033557
29.193007	0.067130	-0.026867	-0.010073	0.030205
29.232088	0.063777	-0.030220	-0.010073	0.030205
29.271170	0.060424	-0.030220	-0.006720	0.030205
29.310251	0.057057	-0.033572	-0.003368	0.030205
29.349333	0.050351	-0.033572	0.000000	0.033557
29.388412	0.046983	-0.036940	0.003353	0.033557
29.427494	0.043631	-0.036940	0.006706	0.033557
29.466576	0.040278	-0.040293	0.006706	0.036925
29.505657	0.036925	-0.040293	0.010058	0.036925
29.544739	0.030205	-0.040293	0.013426	0.040278
29.583818	0.026852	-0.043646	0.016779	0.036925
29.622900	0.023484	-0.046998	0.016779	0.033557
29.661982	0.020131	-0.046998	0.013426	0.033557
29.701063	0.020131	-0.050366	0.010058	0.033557
29.740145	0.013426	-0.050366	0.006706	0.036925
29.779226	0.013426	-0.053719	0.006706	0.036925
29.818306	0.010058	-0.053719	0.010058	0.036925
29.857388	0.006706	-0.057071	0.010058	0.036925
29.896469	0.003353	-0.057071	0.013426	0.036925
29.935551	0.000000	-0.057071	0.010058	0.040278
29.974632	0.000000	-0.060439	0.010058	0.043631
30.013714	-0.003368	-0.060439	0.010058	0.046983
30.052794	-0.006720	-0.060439	0.013426	0.046983
30.091875	-0.006720	-0.060439	0.013426	0.043631
30.130957	-0.010073	-0.063792	0.013426	0.040278
30.170038	-0.013441	-0.063792	0.016779	0.040278
30.209120	-0.016794	-0.063792	0.016779	0.036925
30.248201	-0.020146	-0.067145	0.016779	0.036925
30.287281	-0.023499	-0.067145	0.016779	0.036925
30.326363	-0.023499	-0.070497	0.013426	0.033557
30.365444	-0.026867	-0.070497	0.013426	0.033557
30.404526	-0.026867	-0.073865	0.010058	0.033557
30.443607	-0.030220	-0.073865	0.010058	0.036925
30.482689	-0.030220	-0.073865	0.006706	0.036925
30.521769	-0.033572	-0.073865	0.006706	0.040278
30.560850	-0.036940	-0.077218	0.010058	0.040278
30.599932	-0.036940	-0.077218	0.013426	0.040278
30.639013	-0.040293	-0.077218	0.016779	0.040278
30.678095	-0.043646	-0.080571	0.020131	0.040278
30.717175	-0.043646	-0.080571	0.020131	0.043631
30.756256	-0.046998	-0.080571	0.023484	0.043631
30.795338	-0.046998	-0.083938	0.026852	0.046983
30.834419	-0.050366	-0.083938	0.026852	0.043631
30.873501	-0.050366	-0.083938	0.026852	0.046983
30.912582	-0.053719	-0.087291	0.023484	0.046983
30.951662	-0.053719	-0.087291	0.023484	0.046983
30.990744	-0.057071	-0.087291	0.023484	0.046983
31.029825	-0.057071	-0.087291	0.020131	0.046983
31.068907	-0.060439	-0.087291	0.016779	0.046983
31.107988	-0.060439	-0.087291	0.016779	0.046983
31.147070	-0.063792	-0.087291	0.016779	0.046983
31.186150	-0.063792	-0.090644	0.016779	0.046983
31.225231	-0.067145	-0.090644	0.016779	0.046983
31.264313	-0.067145	-0.090644	0.020131	0.050351
31.303394	-0.070497	-0.090644	0.020131	0.050351
31.342476	-0.070497	-0.093997	0.023484	0.053704
31.381557	-0.070497	-0.093997	0.026852	0.053704
31.420637	-0.070497	-0.093997	0.026852	0.053704
31.459719	-0.073865	-0.097364	0.026852	0.053704
31.498800	-0.073865	-0.097364	0.026852	0.050351
31.537882	-0.073865	-0.097364	0.030205	0.046983
31.576963	-0.073865	-0.097364	0.030205	0.043631
31.616045	-0.077218	-0.097364	0.026852	0.040278
31.655125	-0.077218	-0.100717	0.026852	0.036925
31.694206	-0.077218	-0.100717	0.026852	0.033557
31.733288	-0.080571	-0.100717	0.023484	0.030205
31.772369	-0.080571	-0.104070	0.023484	0.030205
31.811451	-0.083938	-0.104070	0.023484	0.033557
31.850531	-0.083938	-0.104070	0.023484	0.036925
31.889612	-0.083938	-0.104070	0.026852	0.040278
31.928694	-0.087291	-0.104070	0.030205	0.040278
31.967775	-0.087291	-0.104070	0.030205	0.043631
32.006855	-0.087291	-0.104070	0.030205	0.046983
32.045937	-0.087291	-0.104070	0.033557	0.046983
32.085018	-0.090644	-0.104070	0.033557	0.046983
32.124100	-0.090644	-0.107422	0.036925	0.046983
32.163181	-0.090644	-0.107422	0.033557	0.046983
32.202263	-0.090644	-0.107422	0.033557	0.043631
32.241344	-0.093997	-0.107422	0.030205	0.040278
32.280426	-0.093997	-0.107422	0.030205	0.040278
32.319508	-0.093997	-0.107422	0.030205	0.040278
32.358589	-0.097364	-0.110790	0.030205	0.040278
32.397671	-0.097364	-0.110790	0.026852	0.040278
32.436749	-0.097364	-0.114143	0.026852	0.043631
32.475830	-0.100717	-0.114143	0.026852	0.043631
32.514912	-0.100717	-0.114143	0.030205	0.046983
32.553993	-0.100717	-0.114143	0.033557	0.046983
32.593075	-0.100717	-0.114143	0.040278	0.046983
32.632156	-0.100717	-0.114143	0.040278	0.043631
32.671238	-0.100717	-0.117496	0.040278	0.040278
32.710320	-0.100717	-0.117496	0.040278	0.036925
32.749401	-0.104070	-0.117496	0.040278	0.033557
32.788483	-0.104070	-0.117496	0.036925	0.026852
32.827564	-0.104070	-0.120863	0.036925	0.026852
32.866642	-0.107422	-0.120863	0.033557	0.023484
32.905724	-0.107422	-0.120863	0.030205	0.023484
32.944805	-0.107422	-0.120863	0.030205	0.023484
32.983887	-0.107422	-0.120863	0.030205	0.026852
33.022968	-0.110790	-0.120863	0.030205	0.026852
33.062050	-0.110790	-0.120863	0.030205	0.033557
33.101131	-0.110790	-0.120863	0.030205	0.036925
33.140213	-0.110790	-0.120863	0.030205	0.043631
33.179295	-0.110790	-0.120863	0.030205	0.046983
33.218376	-0.110790	-0.120863	0.033557	0.046983
33.257458	-0.114143	-0.120863	0.036925	0.046983
33.296539	-0.114143	-0.120863	0.040278	0.046983
33.335617	-0.114143	-0.120863	0.040278	0.046983
33.374699	-0.114143	-0.120863	0.043631	0.043631
33.413780	-0.117496	-0.120863	0.043631	0.040278
33.452862	-0.117496	-0.120863	0.040278	0.036925
33.491943	-0.117496	-0.120863	0.043631	0.033557
33.531025	-0.117496	-0.120863	0.043631	0.030205
33.570107	-0.117496	-0.120863	0.043631	0.030205
33.609188	-0.120863	-0.120863	0.040278	0.026852
33.648270	-0.120863	-0.120863	0.036925	0.026852
33.687351	-0.120863	-0.120863	0.033557	0.030205
33.726433	-0.120863	-0.120863	0.030205	0.030205
33.765514	-0.120863	-0.124216	0.030205	0.033557
33.804592	-0.120863	-0.124216	0.030205	0.033557
33.843674	-0.120863	-0.124216	0.030205	0.036925
33.882755	-0.120863	-0.120863	0.033557	0.040278
33.921837	-0.120863	-0.120863	0.036925	0.040278
33.960918	-0.120863	-0.120863	0.036925	0.040278
