22.510115	-0.006720	-0.016794	0.020131	0.033557
22.549194	-0.006720	-0.016794	0.023484	0.030205
22.588276	-0.006720	-0.016794	0.023484	0.026852
22.627357	-0.010073	-0.016794	0.023484	0.023484
22.666439	-0.010073	-0.016794	0.020131	0.020131
22.705521	-0.010073	-0.016794	0.016779	0.020131
22.744602	-0.010073	-0.016794	0.013426	0.016779
22.783682	-0.010073	-0.016794	0.013426	0.016779
22.822763	-0.010073	-0.016794	0.013426	0.020131
22.861845	-0.010073	-0.016794	0.016779	0.023484
22.900927	-0.010073	-0.016794	0.016779	0.023484
22.940008	-0.010073	-0.016794	0.016779	0.026852
22.979090	-0.010073	-0.016794	0.016779	0.030205
23.018169	-0.010073	-0.016794	0.016779	0.030205
23.057251	-0.010073	-0.013441	0.016779	0.030205
23.096333	-0.010073	-0.013441	0.020131	0.033557
23.135414	-0.010073	-0.013441	0.020131	0.033557
23.174496	-0.010073	-0.013441	0.023484	0.030205
23.213577	-0.010073	-0.013441	0.023484	0.026852
23.252657	-0.010073	-0.013441	0.023484	0.023484
23.291739	-0.010073	-0.013441	0.023484	0.023484
23.330820	-0.010073	-0.013441	0.023484	0.020131
23.369902	-0.010073	-0.013441	0.020131	0.020131
23.408983	-0.010073	-0.013441	0.020131	0.020131
23.448065	-0.013441	-0.013441	0.016779	0.016779
23.487144	-0.013441	-0.013441	0.013426	0.016779
23.526226	-0.013441	-0.013441	0.013426	0.016779
23.565308	-0.013441	-0.013441	0.010058	0.020131
23.604389	-0.013441	-0.013441	0.013426	0.020131
23.643471	-0.013441	-0.013441	0.013426	0.023484
23.682550	-0.013441	-0.013441	0.016779	0.026852
23.721632	-0.010073	-0.013441	0.020131	0.030205
23.760714	-0.010073	-0.013441	0.023484	0.033557
23.799795	-0.010073	-0.013441	0.026852	0.033557
23.838877	-0.010073	-0.013441	0.030205	0.033557
23.877958	-0.010073	-0.010073	0.030205	0.033557
23.917038	-0.013441	-0.010073	0.030205	0.033557
23.956120	-0.013441	-0.010073	0.026852	0.030205
23.995201	-0.013441	-0.010073	0.023484	0.023484
24.034283	-0.013441	-0.010073	0.020131	0.020131
24.073364	-0.010073	-0.010073	0.016779	0.016779
24.112446	-0.010073	-0.010073	0.013426	0.013426
24.151525	-0.010073	-0.010073	0.010058	0.013426
24.190607	-0.013441	-0.010073	0.006706	0.013426
24.229689	-0.013441	-0.010073	0.006706	0.016779
24.268770	-0.013441	-0.010073	0.006706	0.016779
24.307852	-0.013441	-0.010073	0.006706	0.020131
24.346933	-0.010073	-0.006720	0.010058	0.020131
24.386013	-0.010073	-0.006720	0.013426	0.023484
24.425095	-0.010073	-0.006720	0.016779	0.023484
24.464176	-0.010073	-0.006720	0.016779	0.023484
24.503258	-0.010073	-0.006720	0.020131	0.026852
24.542339	-0.010073	-0.006720	0.020131	0.026852
24.581421	-0.006720	-0.006720	0.020131	0.026852
24.620501	-0.006720	-0.006720	0.020131	0.026852
24.659582	-0.006720	-0.003368	0.016779	0.023484
24.698664	-0.006720	-0.003368	0.016779	0.020131
24.737745	-0.006720	-0.003368	0.013426	0.016779
24.776827	-0.006720	-0.003368	0.010058	0.016779
24.815907	-0.010073	-0.003368	0.006706	0.013426
24.854988	-0.010073	-0.003368	0.006706	0.010058
24.894070	-0.010073	0.000000	0.003353	0.010058
24.933151	-0.010073	0.000000	0.006706	0.010058
24.972233	-0.010073	0.003353	0.006706	0.010058
25.011314	-0.010073	0.003353	0.010058	0.013426
25.050394	-0.010073	0.006706	0.013426	0.013426
25.089476	-0.010073	0.010058	0.013426	0.013426
25.128557	-0.010073	0.010058	0.013426	0.013426
25.167639	-0.010073	0.013426	0.013426	0.016779
25.206720	-0.010073	0.020131	0.013426	0.016779
25.245802	-0.010073	0.023484	0.013426	0.013426
25.284882	-0.010073	0.033557	0.010058	0.013426
25.323963	-0.010073	0.040278	0.010058	0.010058
25.363045	-0.010073	0.050351	0.010058	0.003353
25.402126	-0.010073	0.067130	0.013426	-0.003368
25.441208	-0.010073	0.083923	0.013426	-0.013441
25.480289	-0.010073	0.104055	0.013426	-0.023499
25.519369	-0.010073	0.130907	0.013426	-0.033572
25.558451	-0.010073	0.154406	0.013426	-0.046998
25.597532	-0.010073	0.174552	0.013426	-0.057071
25.636614	-0.010073	0.184625	0.013426	-0.060439
25.675695	-0.006720	0.181273	0.013426	-0.060439
25.714777	-0.006720	0.167847	0.013426	-0.053719
25.753857	-0.006720	0.144348	0.013426	-0.043646
25.792938	-0.003368	0.117481	0.013426	-0.030220
25.832020	-0.003368	0.090629	0.010058	-0.016794
25.871101	-0.003368	0.067130	0.010058	-0.003368
25.910183	0.000000	0.050351	0.006706	0.003353
25.949263	0.000000	0.036925	0.003353	0.006706
25.988344	0.000000	0.030205	0.003353	0.010058
26.027426	0.000000	0.023484	0.000000	0.010058
26.066507	0.000000	0.020131	0.000000	0.010058
26.105589	0.000000	0.016779	0.000000	0.006706
26.144670	0.000000	0.013426	0.000000	0.003353
26.183750	0.003353	0.010058	0.003353	0.003353
26.222832	0.003353	0.006706	0.006706	0.003353
26.261913	0.006706	0.003353	0.010058	0.003353
26.300995	0.010058	0.000000	0.013426	0.003353
26.340076	0.010058	0.000000	0.013426	0.006706
26.379158	0.013426	-0.003368	0.016779	0.006706
26.418238	0.013426	-0.003368	0.016779	0.006706
26.457319	0.016779	-0.003368	0.013426	0.006706
26.496401	0.016779	-0.003368	0.010058	0.006706
26.535482	0.020131	-0.006720	0.006706	0.010058
26.574564	0.026852	-0.006720	0.006706	0.010058
26.613646	0.033557	-0.006720	0.003353	0.013426
26.652725	0.043631	-0.006720	0.000000	0.016779
26.691807	0.057057	-0.006720	-0.003368	0.016779
26.730888	0.080556	-0.006720	-0.006720	0.016779
26.769970	0.110775	-0.006720	-0.003368	0.016779
26.809052	0.140980	-0.006720	-0.003368	0.016779
26.848133	0.171199	-0.010073	-0.003368	0.016779
26.887213	0.191346	-0.010073	0.000000	0.016779
26.926294	0.201404	-0.010073	0.000000	0.016779
26.965376	0.194699	-0.010073	0.000000	0.013426
27.004457	0.181273	-0.010073	0.000000	0.013426
27.043539	0.157773	-0.013441	0.000000	0.013426
27.082619	0.130907	-0.013441	0.003353	0.013426
27.121700	0.104055	-0.013441	0.003353	0.013426
27.160782	0.083923	-0.013441	0.006706	0.013426
27.199863	0.063777	-0.013441	0.006706	0.013426
27.238945	0.050351	-0.013441	0.006706	0.013426
27.278027	0.036925	-0.013441	0.006706	0.013426
27.317106	0.030205	-0.013441	0.006706	0.016779
27.356188	0.023484	-0.013441	0.006706	0.016779
27.395269	0.016779	-0.013441	0.006706	0.016779
27.434351	0.013426	-0.013441	0.006706	0.016779
27.473433	0.010058	-0.013441	0.006706	0.020131
27.512514	0.006706	-0.013441	0.006706	0.020131
27.551594	0.006706	-0.013441	0.010058	0.023484
27.590675	0.006706	-0.013441	0.013426	0.023484
27.629757	0.003353	-0.013441	0.020131	0.023484
27.668839	0.003353	-0.013441	0.023484	0.026852
27.707920	0.003353	-0.013441	0.023484	0.026852
27.747002	0.003353	-0.013441	0.026852	0.023484
27.786081	0.000000	-0.013441	0.026852	0.023484
27.825163	0.000000	-0.013441	0.023484	0.020131
27.864244	0.000000	-0.013441	0.023484	0.016779
27.903326	0.000000	-0.013441	0.020131	0.013426
27.942408	-0.003368	-0.013441	0.016779	0.013426
27.981489	-0.003368	-0.013441	0.016779	0.010058
28.020569	-0.003368	-0.013441	0.013426	0.010058
28.059650	-0.003368	-0.013441	0.010058	0.013426
28.098732	-0.003368	-0.013441	0.013426	0.016779
28.137814	-0.003368	-0.013441	0.013426	0.020131
28.176895	-0.003368	-0.013441	0.016779	0.023484
28.215975	-0.003368	-0.013441	0.020131	0.026852
28.255056	-0.003368	-0.013441	0.020131	0.030205
28.294138	-0.003368	-0.013441	0.020131	0.033557
28.333220	-0.003368	-0.013441	0.023484	0.033557
28.372301	-0.003368	-0.013441	0.023484	0.030205
28.411383	-0.006720	-0.016794	0.026852	0.026852
28.450462	-0.006720	-0.016794	0.026852	0.023484
28.489544	-0.006720	-0.016794	0.023484	0.020131
28.528625	-0.006720	-0.016794	0.023484	0.013426
28.567707	-0.006720	-0.016794	0.020131	0.010058
28.606789	-0.010073	-0.016794	0.020131	0.010058
28.645870	-0.010073	-0.016794	0.020131	0.006706
28.684950	-0.010073	-0.016794	0.020131	0.006706
28.724031	-0.010073	-0.016794	0.016779	0.006706
28.763113	-0.010073	-0.016794	0.016779	0.010058
28.802195	-0.010073	-0.016794	0.020131	0.013426
28.841276	-0.010073	-0.016794	0.020131	0.020131
28.880358	-0.010073	-0.013441	0.023484	0.023484
28.919437	-0.010073	-0.013441	0.023484	0.026852
28.958519	-0.010073	-0.013441	0.023484	0.033557
28.997601	-0.010073	-0.013441	0.023484	0.033557
29.036682	-0.010073	-0.013441	0.023484	0.036925
29.075764	-0.006720	-0.013441	0.020131	0.036925
29.114845	-0.006720	-0.013441	0.020131	0.036925
29.153925	-0.006720	-0.013441	0.020131	0.033557
29.193007	-0.006720	-0.013441	0.020131	0.026852
29.232088	-0.006720	-0.013441	0.020131	0.023484
29.271170	-0.010073	-0.013441	0.020131	0.016779
29.310251	-0.010073	-0.016794	0.016779	0.013426
29.349333	-0.010073	-0.016794	0.016779	0.010058
29.388412	-0.010073	-0.016794	0.016779	0.006706
29.427494	-0.010073	-0.016794	0.013426	0.006706
29.466576	-0.010073	-0.016794	0.013426	0.006706
29.505657	-0.010073	-0.016794	0.013426	0.006706
29.544739	-0.010073	-0.016794	0.013426	0.013426
29.583818	-0.010073	-0.013441	0.013426	0.020131
29.622900	-0.010073	-0.013441	0.013426	0.023484
29.661982	-0.010073	-0.013441	0.013426	0.030205
29.701063	-0.010073	-0.013441	0.010058	0.033557
29.740145	-0.010073	-0.013441	0.010058	0.033557
29.779226	-0.010073	-0.010073	0.010058	0.036925
29.818306	-0.013441	-0.010073	0.010058	0.036925
29.857388	-0.013441	-0.010073	0.010058	0.036925
29.896469	-0.013441	-0.010073	0.006706	0.030205
29.935551	-0.013441	-0.010073	0.006706	0.026852
29.974632	-0.013441	-0.013441	0.006706	0.020131
30.013714	-0.013441	-0.013441	0.006706	0.013426
30.052794	-0.013441	-0.013441	0.006706	0.010058
30.091875	-0.013441	-0.013441	0.010058	0.006706
30.130957	-0.013441	-0.013441	0.013426	0.006706
30.170038	-0.013441	-0.013441	0.013426	0.010058
30.209120	-0.013441	-0.013441	0.013426	0.010058
30.248201	-0.013441	-0.016794	0.013426	0.010058
30.287281	-0.013441	-0.016794	0.016779	0.013426
30.326363	-0.013441	-0.013441	0.013426	0.013426
30.365444	-0.013441	-0.013441	0.013426	0.016779
30.404526	-0.013441	-0.013441	0.010058	0.020131
30.443607	-0.013441	-0.013441	0.006706	0.023484
30.482689	-0.013441	-0.013441	0.006706	0.023484
30.521769	-0.013441	-0.013441	0.006706	0.023484
30.560850	-0.013441	-0.013441	0.010058	0.023484
30.599932	-0.013441	-0.013441	0.010058	0.020131
30.639013	-0.013441	-0.013441	0.013426	0.016779
30.678095	-0.013441	-0.013441	0.013426	0.016779
30.717175	-0.013441	-0.013441	0.016779	0.013426
30.756256	-0.013441	-0.013441	0.016779	0.013426
30.795338	-0.013441	-0.013441	0.020131	0.010058
30.834419	-0.013441	-0.013441	0.023484	0.006706
30.873501	-0.013441	-0.013441	0.023484	0.006706
30.912582	-0.013441	-0.013441	0.023484	0.006706
30.951662	-0.013441	-0.013441	0.020131	0.010058
30.990744	-0.013441	-0.013441	0.020131	0.010058
31.029825	-0.013441	-0.013441	0.016779	0.013426
31.068907	-0.013441	-0.013441	0.013426	0.016779
31.107988	-0.013441	-0.010073	0.013426	0.020131
31.147070	-0.013441	-0.010073	0.013426	0.023484
31.186150	-0.013441	-0.010073	0.010058	0.026852
31.225231	-0.013441	-0.010073	0.013426	0.030205
31.264313	-0.013441	-0.013441	0.013426	0.030205
31.303394	-0.013441	-0.013441	0.013426	0.026852
31.342476	-0.016794	-0.013441	0.013426	0.023484
31.381557	-0.016794	-0.013441	0.016779	0.023484
31.420637	-0.013441	-0.013441	0.016779	0.020131
31.459719	-0.013441	-0.013441	0.020131	0.020131
31.498800	-0.013441	-0.013441	0.023484	0.016779
31.537882	-0.013441	-0.013441	0.023484	0.016779
31.576963	-0.013441	-0.013441	0.023484	0.013426
31.616045	-0.013441	-0.013441	0.023484	0.016779
31.655125	-0.016794	-0.013441	0.023484	0.016779
31.694206	-0.016794	-0.013441	0.020131	0.020131
31.733288	-0.013441	-0.013441	0.016779	0.020131
31.772369	-0.016794	-0.013441	0.013426	0.016779
31.811451	-0.016794	-0.013441	0.010058	0.013426
31.850531	-0.016794	-0.016794	0.010058	0.013426
31.889612	-0.016794	-0.016794	0.006706	0.016779
31.928694	-0.016794	-0.016794	0.006706	0.016779
31.967775	-0.016794	-0.016794	0.006706	0.016779
32.006855	-0.016794	-0.016794	0.006706	0.016779
32.045937	-0.016794	-0.016794	0.006706	0.020131
32.085018	-0.016794	-0.016794	0.006706	0.020131
32.124100	-0.016794	-0.013441	0.010058	0.020131
32.163181	-0.016794	-0.016794	0.013426	0.020131
32.202263	-0.016794	-0.016794	0.013426	0.016779
32.241344	-0.016794	-0.016794	0.013426	0.016779
32.280426	-0.016794	-0.016794	0.013426	0.016779
32.319508	-0.016794	-0.016794	0.010058	0.013426
32.358589	-0.016794	-0.016794	0.010058	0.013426
32.397671	-0.016794	-0.016794	0.010058	0.013426
32.436749	-0.016794	-0.016794	0.010058	0.013426
32.475830	-0.016794	-0.016794	0.010058	0.010058
32.514912	-0.016794	-0.016794	0.010058	0.010058
32.553993	-0.016794	-0.016794	0.010058	0.010058
32.593075	-0.016794	-0.016794	0.010058	0.010058
32.632156	-0.016794	-0.016794	0.013426	0.010058
32.671238	-0.013441	-0.016794	0.013426	0.010058
32.710320	-0.013441	-0.016794	0.013426	0.013426
32.749401	-0.013441	-0.016794	0.013426	0.013426
32.788483	-0.013441	-0.016794	0.013426	0.016779
32.827564	-0.013441	-0.016794	0.013426	0.016779
32.866642	-0.013441	-0.016794	0.016779	0.016779
32.905724	-0.013441	-0.013441	0.016779	0.016779
32.944805	-0.013441	-0.013441	0.020131	0.016779
32.983887	-0.013441	-0.013441	0.020131	0.016779
33.022968	-0.013441	-0.013441	0.020131	0.016779
33.062050	-0.013441	-0.013441	0.020131	0.016779
33.101131	-0.013441	-0.013441	0.020131	0.020131
33.140213	-0.013441	-0.013441	0.020131	0.016779
33.179295	-0.013441	-0.013441	0.016779	0.016779
33.218376	-0.013441	-0.013441	0.016779	0.016779
33.257458	-0.013441	-0.013441	0.016779	0.016779
33.296539	-0.013441	-0.013441	0.013426	0.016779
33.335617	-0.010073	-0.013441	0.013426	0.016779
33.374699	-0.010073	-0.013441	0.010058	0.020131
33.413780	-0.010073	-0.013441	0.010058	0.020131
33.452862	-0.010073	-0.013441	0.010058	0.020131
33.491943	-0.010073	-0.013441	0.013426	0.020131
33.531025	-0.013441	-0.013441	0.013426	0.020131
33.570107	-0.013441	-0.013441	0.016779	0.016779
33.609188	-0.013441	-0.016794	0.016779	0.016779
33.648270	-0.013441	-0.016794	0.016779	0.016779
33.687351	-0.013441	-0.013441	0.016779	0.016779
33.726433	-0.013441	-0.013441	0.016779	0.013426
33.765514	-0.013441	-0.013441	0.016779	0.013426
33.804592	-0.013441	-0.016794	0.016779	0.010058
33.843674	-0.013441	-0.016794	0.016779	0.010058
33.882755	-0.013441	-0.013441	0.016779	0.010058
33.921837	-0.013441	-0.013441	0.016779	0.013426
33.960918	-0.013441	-0.013441	0.013426	0.013426
