22.510115	0.000000	-0.010073	0.003353	0.030205
22.549194	0.000000	-0.013441	0.006706	0.030205
22.588276	0.000000	-0.013441	0.010058	0.033557
22.627357	-0.003368	-0.013441	0.010058	0.033557
22.666439	-0.003368	-0.013441	0.010058	0.036925
22.705521	-0.003368	-0.010073	0.010058	0.036925
22.744602	-0.003368	-0.010073	0.010058	0.036925
22.783682	-0.003368	-0.010073	0.010058	0.036925
22.822763	-0.003368	-0.010073	0.010058	0.036925
22.861845	-0.003368	-0.013441	0.006706	0.040278
22.900927	-0.003368	-0.013441	0.003353	0.036925
22.940008	-0.003368	-0.013441	-0.003368	0.033557
22.979090	-0.003368	-0.010073	-0.006720	0.030205
23.018169	-0.003368	-0.010073	-0.006720	0.026852
23.057251	-0.003368	-0.010073	-0.006720	0.023484
23.096333	-0.003368	-0.010073	-0.003368	0.023484
23.135414	-0.003368	-0.010073	0.000000	0.023484
23.174496	-0.003368	-0.010073	0.000000	0.026852
23.213577	-0.003368	-0.010073	0.000000	0.026852
23.252657	-0.003368	-0.010073	0.000000	0.030205
23.291739	-0.003368	-0.010073	0.000000	0.033557
23.330820	-0.003368	-0.006720	0.003353	0.036925
23.369902	0.000000	-0.006720	0.006706	0.040278
23.408983	0.000000	-0.006720	0.006706	0.043631
23.448065	0.000000	-0.006720	0.006706	0.043631
23.487144	0.000000	-0.006720	0.006706	0.043631
23.526226	0.000000	-0.006720	0.006706	0.040278
23.565308	-0.003368	-0.006720	0.003353	0.036925
23.604389	-0.003368	-0.006720	0.003353	0.033557
23.643471	-0.003368	-0.006720	0.003353	0.030205
23.682550	-0.003368	-0.006720	0.000000	0.026852
23.721632	-0.003368	-0.006720	-0.003368	0.026852
23.760714	-0.003368	-0.006720	-0.003368	0.023484
23.799795	-0.003368	-0.006720	-0.003368	0.026852
23.838877	-0.003368	-0.006720	-0.003368	0.026852
23.877958	-0.003368	-0.006720	-0.006720	0.030205
23.917038	-0.003368	-0.003368	-0.006720	0.033557
23.956120	-0.003368	-0.003368	-0.006720	0.033557
23.995201	-0.003368	-0.003368	-0.006720	0.036925
24.034283	-0.003368	-0.003368	-0.003368	0.040278
24.073364	0.000000	-0.003368	0.000000	0.040278
24.112446	0.000000	0.000000	0.003353	0.040278
24.151525	0.000000	0.000000	0.003353	0.040278
24.190607	0.000000	0.000000	0.000000	0.040278
24.229689	0.000000	0.000000	0.000000	0.036925
24.268770	0.000000	0.000000	-0.003368	0.030205
24.307852	0.000000	0.000000	-0.003368	0.026852
24.346933	0.000000	0.000000	-0.003368	0.023484
24.386013	0.000000	0.000000	-0.003368	0.023484
24.425095	0.000000	0.003353	-0.003368	0.023484
24.464176	0.000000	0.003353	-0.003368	0.023484
24.503258	0.000000	0.003353	-0.003368	0.026852
24.542339	0.003353	0.006706	-0.003368	0.026852
24.581421	0.003353	0.006706	-0.003368	0.030205
24.620501	0.003353	0.006706	-0.003368	0.033557
24.659582	0.000000	0.010058	-0.003368	0.036925
24.698664	0.000000	0.010058	-0.006720	0.040278
24.737745	0.000000	0.013426	-0.006720	0.040278
24.776827	0.000000	0.013426	-0.010073	0.040278
24.815907	0.000000	0.016779	-0.010073	0.040278
24.854988	0.000000	0.016779	-0.010073	0.036925
24.894070	0.000000	0.020131	-0.010073	0.033557
24.933151	0.003353	0.023484	-0.010073	0.026852
24.972233	0.003353	0.026852	-0.010073	0.023484
25.011314	0.003353	0.026852	-0.006720	0.020131
25.050394	0.003353	0.033557	-0.003368	0.016779
25.089476	0.003353	0.036925	-0.003368	0.016779
25.128557	0.006706	0.043631	-0.006720	0.016779
25.167639	0.006706	0.050351	-0.006720	0.020131
25.206720	0.006706	0.057057	-0.010073	0.020131
25.245802	0.006706	0.070482	-0.010073	0.023484
25.284882	0.006706	0.083923	-0.006720	0.023484
25.323963	0.010058	0.100702	-0.006720	0.020131
25.363045	0.010058	0.124201	-0.006720	0.016779
25.402126	0.010058	0.154406	-0.003368	0.010058
25.441208	0.010058	0.191346	-0.003368	-0.003368
25.480289	0.010058	0.234976	0.000000	-0.023499
25.519369	0.010058	0.285327	0.000000	-0.043646
25.558451	0.010058	0.328973	0.000000	-0.067145
25.597532	0.010058	0.359192	0.003353	-0.083938
25.636614	0.013426	0.365898	0.003353	-0.093997
25.675695	0.013426	0.352472	0.000000	-0.090644
25.714777	0.016779	0.315547	0.000000	-0.077218
25.753857	0.016779	0.268549	-0.003368	-0.060439
25.792938	0.016779	0.214845	-0.003368	-0.036940
25.832020	0.016779	0.167847	-0.006720	-0.016794
25.871101	0.016779	0.127554	-0.003368	0.003353
25.910183	0.020131	0.100702	-0.003368	0.016779
25.949263	0.020131	0.080556	0.000000	0.023484
25.988344	0.023484	0.067130	0.000000	0.030205
26.027426	0.023484	0.057057	-0.003368	0.033557
26.066507	0.023484	0.050351	-0.003368	0.033557
26.105589	0.026852	0.043631	-0.006720	0.033557
26.144670	0.026852	0.036925	-0.006720	0.030205
26.183750	0.030205	0.033557	-0.006720	0.030205
26.222832	0.030205	0.030205	-0.010073	0.026852
26.261913	0.033557	0.026852	-0.010073	0.023484
26.300995	0.036925	0.023484	-0.013441	0.020131
26.340076	0.036925	0.020131	-0.013441	0.020131
26.379158	0.040278	0.020131	-0.013441	0.023484
26.418238	0.043631	0.016779	-0.013441	0.023484
26.457319	0.046983	0.016779	-0.013441	0.026852
26.496401	0.053704	0.013426	-0.013441	0.030205
26.535482	0.060424	0.013426	-0.016794	0.033557
26.574564	0.070482	0.010058	-0.020146	0.036925
26.613646	0.080556	0.010058	-0.020146	0.036925
26.652725	0.097349	0.010058	-0.020146	0.040278
26.691807	0.117481	0.006706	-0.023499	0.040278
26.730888	0.151053	0.006706	-0.023499	0.036925
26.769970	0.198051	0.006706	-0.023499	0.033557
26.809052	0.255123	0.006706	-0.026867	0.030205
26.848133	0.315547	0.003353	-0.026867	0.023484
26.887213	0.362545	0.003353	-0.030220	0.020131
26.926294	0.392750	0.000000	-0.033572	0.020131
26.965376	0.399470	0.000000	-0.036940	0.020131
27.004457	0.379324	0.000000	-0.043646	0.020131
27.043539	0.342399	0.000000	-0.046998	0.023484
27.082619	0.295401	0.000000	-0.046998	0.023484
27.121700	0.245050	0.000000	-0.043646	0.030205
27.160782	0.198051	0.000000	-0.040293	0.033557
27.199863	0.161126	0.000000	-0.033572	0.036925
27.238945	0.130907	0.000000	-0.026867	0.040278
27.278027	0.107422	0.000000	-0.023499	0.040278
27.317106	0.090629	-0.003368	-0.016794	0.036925
27.356188	0.077203	-0.003368	-0.010073	0.033557
27.395269	0.063777	-0.003368	-0.006720	0.030205
27.434351	0.057057	-0.003368	-0.003368	0.030205
27.473433	0.050351	-0.006720	-0.003368	0.026852
27.512514	0.043631	-0.006720	-0.003368	0.026852
27.551594	0.040278	-0.006720	-0.003368	0.023484
27.590675	0.036925	-0.006720	-0.006720	0.020131
27.629757	0.033557	-0.006720	-0.006720	0.020131
27.668839	0.030205	-0.006720	-0.006720	0.023484
27.707920	0.026852	-0.006720	-0.010073	0.026852
27.747002	0.023484	-0.006720	-0.006720	0.030205
27.786081	0.023484	-0.006720	-0.006720	0.033557
27.825163	0.020131	-0.006720	-0.006720	0.036925
27.864244	0.020131	-0.006720	-0.003368	0.036925
27.903326	0.020131	-0.006720	0.000000	0.036925
27.942408	0.016779	-0.006720	0.000000	0.036925
27.981489	0.016779	-0.006720	0.000000	0.036925
28.020569	0.016779	-0.010073	0.003353	0.033557
28.059650	0.016779	-0.010073	0.006706	0.030205
28.098732	0.013426	-0.010073	0.006706	0.030205
28.137814	0.013426	-0.010073	0.003353	0.026852
28.176895	0.013426	-0.010073	0.003353	0.023484
28.215975	0.010058	-0.010073	0.003353	0.020131
28.255056	0.010058	-0.010073	0.000000	0.020131
28.294138	0.006706	-0.006720	0.000000	0.020131
28.333220	0.006706	-0.006720	0.000000	0.020131
28.372301	0.006706	-0.006720	0.000000	0.023484
28.411383	0.006706	-0.006720	0.000000	0.026852
28.450462	0.006706	-0.003368	0.000000	0.026852
28.489544	0.010058	-0.003368	0.003353	0.030205
28.528625	0.010058	-0.003368	0.003353	0.030205
28.567707	0.010058	-0.003368	0.006706	0.030205
28.606789	0.006706	-0.006720	0.006706	0.030205
28.645870	0.006706	-0.006720	0.006706	0.033557
28.684950	0.006706	-0.006720	0.006706	0.033557
28.724031	0.006706	-0.006720	0.003353	0.033557
28.763113	0.003353	-0.006720	0.006706	0.033557
28.802195	0.003353	-0.010073	0.006706	0.030205
28.841276	0.003353	-0.010073	0.006706	0.030205
28.880358	0.003353	-0.010073	0.006706	0.030205
28.919437	0.003353	-0.010073	0.006706	0.030205
28.958519	0.003353	-0.010073	0.006706	0.030205
28.997601	0.003353	-0.010073	0.003353	0.030205
29.036682	0.003353	-0.010073	0.006706	0.033557
29.075764	0.003353	-0.010073	0.006706	0.030205
29.114845	0.000000	-0.010073	0.006706	0.030205
29.153925	0.000000	-0.010073	0.003353	0.030205
29.193007	0.000000	-0.010073	0.003353	0.030205
29.232088	0.000000	-0.006720	0.003353	0.033557
29.271170	0.000000	-0.006720	0.003353	0.036925
29.310251	0.000000	-0.006720	0.006706	0.036925
29.349333	0.003353	-0.006720	0.010058	0.040278
29.388412	0.003353	-0.006720	0.010058	0.040278
29.427494	0.003353	-0.006720	0.013426	0.036925
29.466576	0.000000	-0.006720	0.013426	0.033557
29.505657	0.000000	-0.006720	0.013426	0.033557
29.544739	0.000000	-0.010073	0.013426	0.030205
29.583818	0.000000	-0.010073	0.016779	0.026852
29.622900	0.000000	-0.010073	0.016779	0.026852
29.661982	0.000000	-0.010073	0.013426	0.026852
29.701063	0.000000	-0.010073	0.013426	0.026852
29.740145	0.000000	-0.010073	0.010058	0.026852
29.779226	0.000000	-0.010073	0.010058	0.026852
29.818306	-0.003368	-0.010073	0.010058	0.026852
29.857388	0.000000	-0.010073	0.013426	0.026852
29.896469	0.000000	-0.010073	0.013426	0.026852
29.935551	0.000000	-0.010073	0.013426	0.026852
29.974632	0.000000	-0.010073	0.013426	0.023484
30.013714	0.000000	-0.010073	0.013426	0.020131
30.052794	0.000000	-0.010073	0.013426	0.020131
30.091875	0.000000	-0.010073	0.013426	0.023484
30.130957	-0.003368	-0.010073	0.013426	0.023484
30.170038	-0.003368	-0.010073	0.013426	0.023484
30.209120	-0.003368	-0.010073	0.013426	0.023484
30.248201	-0.003368	-0.010073	0.016779	0.026852
30.287281	-0.003368	-0.010073	0.016779	0.026852
30.326363	0.000000	-0.010073	0.016779	0.030205
30.365444	0.000000	-0.010073	0.016779	0.030205
30.404526	0.000000	-0.010073	0.016779	0.026852
30.443607	0.000000	-0.010073	0.020131	0.026852
30.482689	-0.003368	-0.010073	0.020131	0.023484
30.521769	-0.003368	-0.010073	0.020131	0.020131
30.560850	-0.003368	-0.010073	0.020131	0.020131
30.599932	-0.003368	-0.013441	0.020131	0.020131
30.639013	-0.003368	-0.013441	0.016779	0.020131
30.678095	-0.003368	-0.013441	0.016779	0.020131
30.717175	-0.006720	-0.013441	0.016779	0.020131
30.756256	-0.006720	-0.013441	0.013426	0.020131
30.795338	-0.006720	-0.010073	0.013426	0.020131
30.834419	-0.006720	-0.010073	0.013426	0.023484
30.873501	-0.006720	-0.010073	0.010058	0.026852
30.912582	-0.006720	-0.010073	0.010058	0.030205
30.951662	-0.006720	-0.010073	0.010058	0.033557
30.990744	-0.006720	-0.010073	0.010058	0.033557
31.029825	-0.006720	-0.010073	0.013426	0.036925
31.068907	-0.003368	-0.010073	0.016779	0.033557
31.107988	-0.003368	-0.010073	0.020131	0.033557
31.147070	-0.003368	-0.010073	0.020131	0.030205
31.186150	-0.003368	-0.010073	0.023484	0.026852
31.225231	-0.003368	-0.010073	0.023484	0.023484
31.264313	-0.006720	-0.010073	0.026852	0.016779
31.303394	-0.006720	-0.010073	0.026852	0.013426
31.342476	-0.006720	-0.010073	0.023484	0.010058
31.381557	-0.006720	-0.010073	0.023484	0.010058
31.420637	-0.006720	-0.013441	0.020131	0.010058
31.459719	-0.006720	-0.013441	0.013426	0.010058
31.498800	-0.006720	-0.013441	0.010058	0.013426
31.537882	-0.006720	-0.013441	0.006706	0.016779
31.576963	-0.006720	-0.013441	0.003353	0.020131
31.616045	-0.006720	-0.013441	0.006706	0.023484
31.655125	-0.006720	-0.013441	0.010058	0.026852
31.694206	-0.006720	-0.013441	0.013426	0.026852
31.733288	-0.006720	-0.010073	0.020131	0.030205
31.772369	-0.006720	-0.010073	0.026852	0.033557
31.811451	-0.003368	-0.010073	0.030205	0.033557
31.850531	-0.003368	-0.010073	0.033557	0.030205
31.889612	-0.003368	-0.010073	0.036925	0.026852
31.928694	-0.003368	-0.010073	0.036925	0.023484
31.967775	-0.003368	-0.010073	0.033557	0.020131
32.006855	-0.006720	-0.010073	0.033557	0.020131
32.045937	-0.006720	-0.010073	0.030205	0.020131
32.085018	-0.006720	-0.010073	0.023484	0.016779
32.124100	-0.006720	-0.013441	0.020131	0.013426
32.163181	-0.006720	-0.013441	0.013426	0.013426
32.202263	-0.006720	-0.013441	0.010058	0.016779
32.241344	-0.006720	-0.013441	0.006706	0.020131
32.280426	-0.006720	-0.010073	0.006706	0.020131
32.319508	-0.006720	-0.010073	0.006706	0.023484
32.358589	-0.006720	-0.010073	0.006706	0.023484
32.397671	-0.006720	-0.010073	0.010058	0.023484
32.436749	-0.006720	-0.010073	0.013426	0.023484
32.475830	-0.006720	-0.010073	0.013426	0.023484
32.514912	-0.006720	-0.010073	0.016779	0.023484
32.553993	-0.006720	-0.010073	0.016779	0.020131
32.593075	-0.006720	-0.010073	0.020131	0.020131
32.632156	-0.006720	-0.010073	0.023484	0.016779
32.671238	-0.006720	-0.010073	0.023484	0.013426
32.710320	-0.006720	-0.010073	0.023484	0.010058
32.749401	-0.006720	-0.010073	0.020131	0.010058
32.788483	-0.006720	-0.010073	0.016779	0.010058
32.827564	-0.006720	-0.013441	0.013426	0.010058
32.866642	-0.006720	-0.013441	0.010058	0.010058
32.905724	-0.006720	-0.013441	0.010058	0.010058
32.944805	-0.006720	-0.013441	0.010058	0.010058
32.983887	-0.006720	-0.013441	0.010058	0.010058
33.022968	-0.006720	-0.013441	0.010058	0.013426
33.062050	-0.006720	-0.013441	0.013426	0.013426
33.101131	-0.006720	-0.013441	0.013426	0.013426
33.140213	-0.006720	-0.013441	0.016779	0.013426
33.179295	-0.006720	-0.013441	0.016779	0.013426
33.218376	-0.006720	-0.013441	0.020131	0.013426
33.257458	-0.006720	-0.013441	0.023484	0.013426
33.296539	-0.006720	-0.013441	0.023484	0.013426
33.335617	-0.006720	-0.013441	0.023484	0.013426
33.374699	-0.010073	-0.013441	0.020131	0.013426
33.413780	-0.010073	-0.013441	0.020131	0.013426
33.452862	-0.010073	-0.013441	0.016779	0.013426
33.491943	-0.010073	-0.013441	0.016779	0.010058
33.531025	-0.010073	-0.013441	0.013426	0.010058
33.570107	-0.010073	-0.013441	0.013426	0.010058
33.609188	-0.010073	-0.013441	0.013426	0.010058
33.648270	-0.010073	-0.013441	0.013426	0.013426
33.687351	-0.006720	-0.013441	0.013426	0.013426
33.726433	-0.006720	-0.013441	0.013426	0.013426
33.765514	-0.006720	-0.013441	0.013426	0.013426
33.804592	-0.010073	-0.010073	0.013426	0.013426
33.843674	-0.010073	-0.010073	0.013426	0.013426
33.882755	-0.010073	-0.010073	0.013426	0.013426
33.921837	-0.010073	-0.010073	0.013426	0.013426
33.960918	-0.010073	-0.010073	0.013426	0.013426
