26.016617	-0.060439	-0.161171	0.040233	0.110745
26.055723	-0.060439	-0.161171	0.030160	0.110745
26.094830	-0.050366	-0.171244	0.030160	0.100672
26.133938	-0.050366	-0.181317	0.040233	0.100672
26.173044	-0.050366	-0.191391	0.040233	0.100672
26.212151	-0.060439	-0.191391	0.050306	0.110745
26.251259	-0.060439	-0.201464	0.050306	0.110745
26.290365	-0.060439	-0.211537	0.060380	0.110745
26.329473	-0.060439	-0.211537	0.060380	0.120819
26.368580	-0.060439	-0.211537	0.050306	0.130892
26.407686	-0.070512	-0.221610	0.050306	0.140965
26.446795	-0.070512	-0.231683	0.060380	0.140965
26.485901	-0.080585	-0.241756	0.070453	0.140965
26.525007	-0.080585	-0.241756	0.070453	0.151038
26.564116	-0.080585	-0.241756	0.070453	0.161111
26.603222	-0.080585	-0.251830	0.070453	0.161111
26.642330	-0.090659	-0.261843	0.060380	0.161111
26.681437	-0.090659	-0.271916	0.070453	0.161111
26.720543	-0.100732	-0.281990	0.070453	0.171185
26.759651	-0.100732	-0.292063	0.080526	0.181258
26.798758	-0.110805	-0.302136	0.070453	0.181258
26.837864	-0.120878	-0.312209	0.070453	0.171185
26.876972	-0.120878	-0.322282	0.070453	0.171185
26.916079	-0.120878	-0.332355	0.070453	0.181258
26.955187	-0.130951	-0.352502	0.060380	0.181258
26.994293	-0.130951	-0.362575	0.060380	0.191331
27.033400	-0.130951	-0.372648	0.060380	0.191331
27.072508	-0.130951	-0.382721	0.060380	0.201404
27.111614	-0.141025	-0.392795	0.070453	0.201404
27.150721	-0.141025	-0.412941	0.070453	0.211477
27.189829	-0.151098	-0.423014	0.080526	0.211477
27.228935	-0.161171	-0.433087	0.090599	0.211477
27.268044	-0.161171	-0.443161	0.090599	0.211477
27.307150	-0.171244	-0.453234	0.090599	0.211477
27.346256	-0.181317	-0.463307	0.080526	0.221550
27.385365	-0.181317	-0.483453	0.080526	0.221550
27.424471	-0.191391	-0.493526	0.090599	0.221550
27.463577	-0.191391	-0.503600	0.090599	0.231624
27.502686	-0.201464	-0.523686	0.100672	0.241697
27.541792	-0.211537	-0.533760	0.110745	0.251770
27.580900	-0.221610	-0.553906	0.110745	0.251770
27.620007	-0.231683	-0.574052	0.110745	0.251770
27.659113	-0.241756	-0.604272	0.110745	0.251770
27.698221	-0.241756	-0.624418	0.110745	0.261784
27.737328	-0.251830	-0.644565	0.110745	0.261784
27.776434	-0.251830	-0.664711	0.120819	0.271857
27.815542	-0.261843	-0.684857	0.130892	0.281930
27.854649	-0.271916	-0.705004	0.130892	0.292003
27.893757	-0.281990	-0.735223	0.130892	0.302076
27.932863	-0.292063	-0.755370	0.130892	0.312150
27.971970	-0.292063	-0.785530	0.151038	0.322223
28.011078	-0.302136	-0.815749	0.151038	0.332296
28.050184	-0.312209	-0.845969	0.151038	0.342369
28.089291	-0.322282	-0.866115	0.151038	0.352442
28.128399	-0.332355	-0.896335	0.151038	0.362515
28.167505	-0.342429	-0.926554	0.161111	0.362515
28.206614	-0.352502	-0.956774	0.161111	0.372589
28.245720	-0.372648	-0.997066	0.161111	0.382662
28.284826	-0.382721	-1.027286	0.161111	0.392735
28.323935	-0.392795	-1.067519	0.161111	0.402808
28.363041	-0.402868	-1.107812	0.171185	0.412881
28.402147	-0.412941	-1.158178	0.171185	0.433028
28.441256	-0.423014	-1.208544	0.171185	0.443101
28.480362	-0.443161	-1.258910	0.181258	0.473320
28.519470	-0.453234	-1.309216	0.181258	0.503540
28.558577	-0.473380	-1.359582	0.181258	0.523627
28.597683	-0.483453	-1.420021	0.181258	0.533700
28.636791	-0.503600	-1.480460	0.191331	0.543773
28.675898	-0.523686	-1.550913	0.201404	0.563920
28.715004	-0.533760	-1.621425	0.201404	0.584066
28.754112	-0.553906	-1.691937	0.211477	0.604212
28.793219	-0.574052	-1.782596	0.211477	0.634432
28.832327	-0.594199	-1.863122	0.221550	0.664651
28.871433	-0.614345	-1.953781	0.231624	0.704944
28.910540	-0.644565	-2.054513	0.241697	0.745237
28.949648	-0.664711	-2.165258	0.241697	0.765383
28.988754	-0.694931	-2.276063	0.241697	0.785470
29.027861	-0.715077	-2.406955	0.241697	0.815690
29.066969	-0.735223	-2.537906	0.251770	0.866055
29.106075	-0.755370	-2.699018	0.261784	0.916421
29.145184	-0.775456	-2.880275	0.261784	0.966787
29.184290	-0.805676	-3.081739	0.271857	1.037240
29.223396	-0.845969	-3.323436	0.292003	1.117826
29.262505	-0.876188	-3.605425	0.312150	1.218557
29.301611	-0.906408	-3.927648	0.322223	1.329303
29.340717	-0.946701	-4.320443	0.332296	1.460254
29.379826	-0.976920	-4.803836	0.352442	1.611292
29.418932	-1.007140	-5.377889	0.372589	1.822770
29.458040	-1.037300	-6.102979	0.392735	2.094686
29.497147	-1.077592	-7.019401	0.412881	2.447188
29.536253	-1.117885	-8.207798	0.422955	2.900362
29.575361	-1.188397	-9.748638	0.433028	3.534853
29.614468	-1.238763	-11.732578	0.453174	4.370749
29.653574	-1.289070	-14.270425	0.463247	5.478501
29.692682	-1.339436	-17.402470	0.473320	6.908596
29.731789	-1.399875	-21.058201	0.483394	8.630693
29.770897	-1.460314	-25.056303	0.513613	10.554255
29.810003	-1.530826	-28.933584	0.533700	12.457609
29.849110	-1.601279	-32.015263	0.553846	13.927937
29.888218	-1.671791	-33.546032	0.573993	14.532208
29.927324	-1.752377	-32.851158	0.604212	13.948083
29.966431	-1.842976	-29.789627	0.634432	12.175619
30.005539	-1.943707	-24.885118	0.664651	9.637774
30.044645	-2.044439	-19.396484	0.694871	6.999195
30.083754	-2.155185	-13.807178	0.725091	4.562080
30.122860	-2.286136	-10.997415	0.775397	3.514707
30.161966	-2.417028	-9.174585	0.825763	2.910435
30.201075	-2.558053	-7.885516	0.886202	2.497554
30.240181	-2.729237	-6.918728	0.946641	2.205491
30.279287	-2.930641	-6.173491	1.017153	1.973867
30.318396	-3.152192	-5.569220	1.087606	1.782537
30.357502	-3.424108	-5.085826	1.178265	1.631439
30.396610	-3.726244	-4.672885	1.268923	1.500547
30.435717	-4.088819	-4.320443	1.379669	1.389742
30.474823	-4.531920	-4.018307	1.530766	1.299083
30.513931	-5.085826	-3.756464	1.701951	1.228631
30.553038	-5.790770	-3.524840	1.933575	1.158118
30.592144	-6.727338	-3.323436	2.245784	1.097679
30.631252	-8.036554	-3.152192	2.648592	1.037240
30.670359	-10.000408	-3.001153	3.192425	0.976861
30.709467	-12.910843	-2.860129	3.867209	0.936568
30.748573	-17.039894	-2.729237	4.642606	0.906348
30.787680	-22.347271	-2.608359	5.377829	0.866055
30.826788	-28.057457	-2.507687	5.851150	0.835836
30.865894	-33.304333	-2.417028	5.921662	0.815690
30.905001	-34.130157	-2.326369	5.831003	0.785470
30.944109	-31.914593	-2.245843	5.629599	0.765383
30.983215	-27.845919	-2.175331	5.256951	0.725091
31.022324	-23.213327	-2.104819	4.763484	0.704944
31.061430	-18.832504	-2.044439	4.189432	0.684798
31.100536	-15.116394	-1.994073	3.625453	0.664651
31.139645	-12.175679	-1.943707	3.121912	0.644505
31.178751	-9.909749	-1.893342	2.688885	0.624359
31.217857	-7.845223	-1.863122	2.245784	0.604212
31.256966	-6.646812	-1.822829	1.963794	0.594139
31.296072	-5.730331	-1.782596	1.742244	0.573993
31.335180	-5.025387	-1.742303	1.550853	0.563920
31.374287	-4.461408	-1.712084	1.399815	0.553846
31.413393	-4.018307	-1.681864	1.278996	0.543773
31.452501	-3.645658	-1.661718	1.168191	0.553846
31.491608	-3.333509	-1.641572	1.077533	0.553846
31.530714	-3.071666	-1.631498	0.997007	0.543773
31.569822	-2.839983	-1.631498	0.926495	0.543773
31.608929	-2.638578	-1.621425	0.876129	0.543773
31.648037	-2.467394	-1.621425	0.825763	0.543773
31.687143	-2.326369	-1.621425	0.795543	0.543773
31.726250	-2.205551	-1.621425	0.755310	0.533700
31.765358	-2.104819	-1.631498	0.715017	0.543773
31.804464	-2.014220	-1.631498	0.684798	0.553846
31.843571	-1.943707	-1.651645	0.654578	0.563920
31.882679	-1.873195	-1.671791	0.634432	0.563920
31.921785	-1.822829	-1.691937	0.624359	0.584066
31.960894	-1.772523	-1.732230	0.614285	0.594139
