24.983185	109.997246	109.997246	33.955559	34.160347
24.992565	109.997246	109.997246	33.962280	34.160347
25.001945	109.997246	109.997246	33.965633	34.163700
25.011326	109.997246	109.997246	33.958927	34.163700
25.020706	109.997246	109.997246	33.945499	34.156979
25.030088	109.997246	109.997246	33.928707	34.150272
25.039469	109.997246	109.997246	33.915283	34.143551
25.048849	109.997246	109.997246	33.911930	34.140198
25.058229	109.997246	109.997246	33.915283	34.136848
25.067612	109.997246	109.997246	33.918633	34.133480
25.076992	109.997246	109.997246	33.925354	34.133480
25.086372	109.997246	109.997246	33.928707	34.136848
25.095753	109.997246	109.997246	33.932060	34.146904
25.105135	109.997246	109.997246	33.932060	34.150272
25.114515	109.997246	109.997246	33.928707	34.150272
25.123896	109.997246	109.997246	33.922001	34.150272
25.133276	109.997246	109.997246	33.922001	34.150272
25.142656	109.997246	109.997246	33.925354	34.150272
25.152039	109.997246	109.997246	33.922001	34.156979
25.161419	109.997246	109.997246	33.915283	34.160347
25.170799	109.997246	109.997246	33.915283	34.160347
25.180180	109.997246	109.997246	33.915283	34.153625
25.189562	109.997246	109.997246	33.915283	34.143551
25.198942	109.997246	109.997246	33.911930	34.136848
25.208323	109.997246	109.997246	33.905209	34.133480
25.217703	109.997246	109.997246	33.901855	34.133480
25.227083	109.997246	109.997246	33.898502	34.143551
25.236465	109.997246	109.997246	33.895134	34.156979
25.245846	109.997246	109.997246	33.888428	34.170403
25.255226	109.997246	109.997246	33.881710	34.177124
25.264606	109.997246	109.997246	33.878357	34.173771
25.273989	109.997246	109.997246	33.881710	34.163700
25.283369	109.997246	109.997246	33.885063	34.156979
25.292749	109.997246	109.997246	33.891781	34.156979
25.302130	109.997246	109.997246	33.898502	34.153625
25.311510	109.997246	109.997246	33.901855	34.143551
25.320892	109.997246	109.997246	33.901855	34.133480
25.330273	109.997246	109.997246	33.901855	34.126774
25.339653	109.997246	109.997246	33.905209	34.123405
25.349033	109.997246	109.997246	33.908562	34.123405
25.358416	109.997246	109.997246	33.905209	34.120052
25.367796	109.997246	109.997246	33.898502	34.123405
25.377176	109.997246	109.997246	33.898502	34.126774
25.386557	109.997246	109.997246	33.895134	34.130127
25.395937	109.997246	109.997246	33.895134	34.136848
25.405319	109.997246	109.997246	33.898502	34.143551
25.414700	109.997246	109.997246	33.908562	34.146904
25.424080	109.997246	109.997246	33.915283	34.146904
25.433460	109.997246	109.997246	33.922001	34.140198
25.442842	109.997246	109.997246	33.925354	34.130127
25.452223	109.997246	109.997246	33.928707	34.120052
25.461603	109.997246	109.997246	33.932060	34.109982
25.470984	109.997246	109.997246	33.935429	34.103275
25.480366	109.997246	109.997246	33.935429	34.106628
25.489746	109.997246	109.997246	33.932060	34.103275
25.499126	109.997246	109.997246	33.925354	34.103275
25.508507	109.997246	109.997246	33.915283	34.103275
25.517887	109.997246	109.997246	33.911930	34.103275
25.527269	109.997246	109.997246	33.908562	34.109982
25.536650	109.997246	109.997246	33.911930	34.113346
25.546030	109.997246	109.997246	33.908562	34.116699
25.555410	109.997246	109.997246	33.908562	34.120052
25.564793	109.997246	109.997246	33.905209	34.123405
25.574173	109.997246	109.997246	33.901855	34.130127
25.583553	109.997246	109.997246	33.895134	34.133480
25.592934	109.997246	109.997246	33.895134	34.130127
25.602314	109.997246	109.997246	33.901855	34.126774
25.611696	109.997246	109.997246	33.911930	34.126774
25.621077	109.997246	109.997246	33.918633	34.123405
25.630457	109.997246	109.997246	33.918633	34.120052
25.639837	109.997246	109.997246	33.918633	34.116699
25.649220	109.997246	109.997246	33.911930	34.123405
25.658600	109.997246	109.997246	33.901855	34.126774
25.667980	109.997246	109.997246	33.898502	34.130127
25.677361	109.997246	109.997246	33.895134	34.133480
25.686741	109.997246	109.997246	33.891781	34.130127
25.696123	109.997246	109.997246	33.891781	34.126774
25.705503	109.997246	109.997246	33.891781	34.123405
25.714884	109.997246	109.997246	33.898502	34.123405
25.724264	109.997246	109.997246	33.898502	34.126774
25.733646	109.997246	109.997246	33.895134	34.126774
25.743027	109.997246	109.997246	33.891781	34.126774
25.752407	109.997246	109.997246	33.891781	34.126774
25.761787	109.997246	109.997246	33.891781	34.123405
25.771168	109.997246	109.997246	33.891781	34.113346
25.780550	109.997246	109.997246	33.888428	34.106628
25.789930	109.997246	109.997246	33.885063	34.099907
25.799311	109.997246	109.997246	33.885063	34.093201
25.808691	109.997246	109.997246	33.885063	34.089848
25.818073	109.997246	109.997246	33.888428	34.086479
25.827454	109.997246	109.997246	33.888428	34.086479
25.836834	109.997246	109.997246	33.888428	34.089848
25.846214	109.997246	109.997246	33.888428	34.093201
25.855597	109.997246	109.997246	33.888428	34.096554
25.864977	109.997246	109.997246	33.888428	34.096554
25.874357	109.997246	109.997246	33.891781	34.093201
25.883738	109.997246	109.997246	33.891781	34.089848
25.893118	109.997246	109.997246	33.888428	34.086479
25.902500	109.997246	109.997246	33.881710	34.089848
25.911880	109.997246	109.997246	33.875004	34.093201
25.921261	109.997246	109.997246	33.871635	34.103275
25.930641	109.997246	109.997246	33.868282	34.109982
25.940023	109.997246	109.997246	33.864929	34.116699
25.949404	109.997246	109.997246	33.854858	34.116699
25.958784	109.997246	109.997246	33.848137	34.113346
25.968164	109.997246	109.997246	33.841431	34.109982
25.977545	109.997246	109.997246	33.841431	34.109982
25.986927	109.997246	109.997246	33.834709	34.106628
25.996307	109.997246	109.997246	33.828007	34.103275
26.005688	109.997246	109.997246	33.824638	34.099907
26.015068	109.997246	109.997246	33.824638	34.089848
26.024450	109.997246	109.997246	33.821285	34.086479
26.033831	109.997246	109.997246	33.817932	34.083130
26.043211	109.997246	109.997246	33.817932	34.086479
26.052591	109.997246	109.997246	33.828007	34.099907
26.061972	109.997246	109.997246	33.834709	34.109982
26.071354	109.997246	109.997246	33.838078	34.116699
26.080734	109.997246	109.997246	33.831360	34.120052
26.090115	109.997246	109.997246	33.824638	34.120052
26.099495	109.997246	109.997246	33.821285	34.116699
26.108877	109.997246	109.997246	33.817932	34.113346
26.118258	109.997246	109.997246	33.817932	34.113346
26.127638	109.997246	109.997246	33.817932	34.113346
26.137018	109.997246	109.997246	33.821285	34.113346
26.146399	109.997246	109.997246	33.831360	34.113346
26.155781	109.997246	109.997246	33.838078	34.109982
26.165161	109.997246	109.997246	33.844784	34.106628
26.174541	109.997246	109.997246	33.848137	34.103275
26.183922	109.997246	109.997246	33.844784	34.103275
26.193304	109.997246	109.997246	33.841431	34.103275
26.202684	109.997246	109.997246	33.834709	34.103275
26.212065	109.997246	109.997246	33.824638	34.103275
26.221445	109.997246	109.997246	33.814579	34.103275
26.230827	109.997246	109.997246	33.807858	34.106628
26.240208	109.997246	109.997246	33.807858	34.109982
26.249588	109.997246	109.997246	33.807858	34.116699
26.258968	109.997246	109.997246	33.804504	34.120052
26.268349	109.997246	109.997246	33.801140	34.120052
26.277731	109.997246	109.997246	33.801140	34.116699
26.287111	109.997246	109.997246	33.801140	34.113346
26.296492	109.997246	109.997246	33.804504	34.106628
26.305872	109.997246	109.997246	33.804504	34.099907
26.315254	109.997246	109.997246	33.807858	34.093201
26.324635	109.997246	109.997246	33.811211	34.086479
26.334015	109.997246	109.997246	33.811211	34.086479
26.343395	109.997246	109.997246	33.811211	34.093201
26.352776	109.997246	109.997246	33.811211	34.096554
26.362158	109.997246	109.997246	33.811211	34.093201
26.371538	109.997246	109.997246	33.814579	34.089848
26.380919	109.997246	109.997246	33.811211	34.086479
26.390299	109.997246	109.997246	33.801140	34.083130
26.399681	109.997246	109.997246	33.791080	34.079777
26.409061	109.997246	109.997246	33.781006	34.076408
26.418442	109.997246	109.997246	33.781006	34.079777
26.427822	109.997246	109.997246	33.784359	34.083130
26.437202	109.997246	109.997246	33.787712	34.093201
26.446585	109.997246	109.997246	33.791080	34.099907
26.455965	109.997246	109.997246	33.791080	34.099907
26.465345	109.997246	109.997246	33.787712	34.099907
26.474726	109.997246	109.997246	33.784359	34.106628
26.484108	109.997246	109.997246	33.777637	34.109982
26.493488	109.997246	109.997246	33.777637	34.106628
26.502869	109.997246	109.997246	33.784359	34.099907
26.512249	109.997246	109.997246	33.787712	34.089848
26.521631	109.997246	109.997246	33.787712	34.079777
26.531012	109.997246	109.997246	33.784359	34.066349
26.540392	109.997246	109.997246	33.781006	34.056274
26.549772	109.997246	109.997246	33.781006	34.052925
26.559153	109.997246	109.997246	33.781006	34.052925
26.568535	109.997246	109.997246	33.787712	34.059628
26.577915	109.997246	109.997246	33.791080	34.069702
26.587296	109.997246	109.997246	33.797787	34.076408
26.596676	109.997246	109.997246	33.797787	34.086479
26.606058	109.997246	109.997246	33.794434	34.096554
26.615438	109.997246	109.997246	33.787712	34.099907
26.624819	109.997246	109.997246	33.777637	34.093201
26.634199	109.997246	109.997246	33.767582	34.086479
26.643579	109.997246	109.997246	33.764214	34.083130
26.652962	109.997246	109.997246	33.767582	34.079777
26.662342	109.997246	109.997246	33.774288	34.076408
26.671722	109.997246	109.997246	33.777637	34.069702
26.681103	109.997246	109.997246	33.781006	34.062981
26.690485	109.997246	109.997246	33.774288	34.059628
26.699865	109.997246	109.997246	33.770935	34.062981
26.709246	109.997246	109.997246	33.767582	34.066349
26.718626	109.997246	109.997246	33.764214	34.069702
26.728006	109.997246	109.997246	33.760860	34.073055
26.737389	109.997246	109.997246	33.764214	34.083130
26.746769	109.997246	109.997246	33.774288	34.093201
26.756149	109.997246	109.997246	33.781006	34.096554
26.765530	109.997246	109.997246	33.791080	34.099907
26.774912	109.997246	109.997246	33.794434	34.103275
26.784292	109.997246	109.997246	33.791080	34.103275
26.793673	109.997246	109.997246	33.787712	34.106628
26.803053	109.997246	109.997246	33.784359	34.109982
26.812433	109.997246	109.997246	33.784359	34.113346
26.821815	109.997246	109.997246	33.784359	34.113346
26.831196	109.997246	109.997246	33.781006	34.113346
26.840576	109.997246	109.997246	33.781006	34.103275
26.849957	109.997246	109.997246	33.781006	34.096554
26.859339	109.997246	109.997246	33.784359	34.093201
26.868719	109.997246	109.997246	33.787712	34.089848
26.878099	109.997246	109.997246	33.787712	34.093201
26.887480	109.997246	109.997246	33.781006	34.093201
26.896862	109.997246	109.997246	33.774288	34.096554
26.906242	109.997246	109.997246	33.767582	34.099907
26.915623	109.997246	109.997246	33.764214	34.109982
26.925003	109.997246	109.997246	33.760860	34.116699
26.934383	109.997246	109.997246	33.760860	34.120052
26.943766	109.997246	109.997246	33.757507	34.113346
26.953146	109.997246	109.997246	33.754139	34.113346
26.962526	109.997246	109.997246	33.754139	34.116699
26.971907	109.997246	109.997246	33.747437	34.120052
26.981289	109.997246	109.997246	33.747437	34.120052
26.990669	109.997246	109.997246	33.750786	34.120052
27.000050	109.997246	109.997246	33.754139	34.120052
27.009430	109.997246	109.997246	33.760860	34.123405
27.018810	109.997246	109.997246	33.767582	34.126774
27.028193	109.997246	109.997246	33.770935	34.123405
27.037573	109.997246	109.997246	33.774288	34.116699
27.046953	109.997246	109.997246	33.774288	34.106628
27.056334	109.997246	109.997246	33.774288	34.096554
27.065716	109.997246	109.997246	33.770935	34.086479
27.075096	109.997246	109.997246	33.760860	34.076408
27.084476	109.997246	109.997246	33.750786	34.066349
27.093857	109.997246	109.997246	33.744083	34.062981
27.103237	109.997246	109.997246	33.747437	34.059628
27.112619	109.997246	109.997246	33.750786	34.052925
27.122000	109.997246	109.997246	33.754139	34.049557
27.131380	109.997246	109.997246	33.760860	34.049557
27.140760	109.997246	109.997246	33.764214	34.052925
27.150143	109.997246	109.997246	33.774288	34.059628
27.159523	109.997246	109.997246	33.781006	34.062981
27.168903	109.997246	109.997246	33.791080	34.066349
27.178284	109.997246	109.997246	33.797787	34.073055
27.187664	109.997246	109.997246	33.807858	34.076408
27.197046	109.997246	109.997246	33.814579	34.083130
27.206427	109.997246	109.997246	33.817932	34.086479
27.215807	109.997246	109.997246	33.811211	34.083130
27.225187	109.997246	109.997246	33.804504	34.079777
27.234570	109.997246	109.997246	33.791080	34.073055
27.243950	109.997246	109.997246	33.784359	34.066349
27.253330	109.997246	109.997246	33.784359	34.066349
27.262711	109.997246	109.997246	33.787712	34.066349
27.272093	109.997246	109.997246	33.797787	34.066349
27.281473	109.997246	109.997246	33.801140	34.062981
27.290854	109.997246	109.997246	33.797787	34.062981
27.300234	109.997246	109.997246	33.791080	34.062981
27.309614	109.997246	109.997246	33.784359	34.059628
27.318996	109.997246	109.997246	33.777637	34.056274
27.328377	109.997246	109.997246	33.774288	34.056274
27.337757	109.997246	109.997246	33.767582	34.059628
27.347137	109.997246	109.997246	33.760860	34.069702
27.356520	109.997246	109.997246	33.754139	34.076408
27.365900	109.997246	109.997246	33.750786	34.086479
27.375280	109.997246	109.997246	33.744083	34.089848
27.384661	109.997246	109.997246	33.737362	34.093201
27.394041	109.997246	109.997246	33.734009	34.089848
27.403423	109.997246	109.997246	33.737362	34.086479
27.412804	109.997246	109.997246	33.740715	34.086479
27.422184	109.997246	109.997246	33.744083	34.083130
27.431564	109.997246	109.997246	33.750786	34.086479
27.440947	109.997246	109.997246	33.760860	34.086479
27.450327	109.997246	109.997246	33.770935	34.086479
27.459707	109.997246	109.997246	33.781006	34.086479
27.469088	109.997246	109.997246	33.787712	34.086479
27.478468	109.997246	109.997246	33.794434	34.086479
27.487850	109.997246	109.997246	33.794434	34.086479
27.497231	109.997246	109.997246	33.801140	34.089848
27.506611	109.997246	109.997246	33.807858	34.089848
27.515991	109.997246	109.997246	33.811211	34.086479
27.525373	109.997246	109.997246	33.807858	34.083130
27.534754	109.997246	109.997246	33.797787	34.083130
27.544134	109.997246	109.997246	33.784359	34.086479
27.553514	109.997246	109.997246	33.767582	34.093201
27.562895	109.997246	109.997246	33.757507	34.089848
27.572277	109.997246	109.997246	33.750786	34.086479
27.581657	109.997246	109.997246	33.750786	34.089848
27.591038	109.997246	109.997246	33.750786	34.093201
27.600418	109.997246	109.997246	33.747437	34.096554
27.609800	109.997246	109.997246	33.740715	34.093201
27.619181	109.997246	109.997246	33.740715	34.086479
27.628561	109.997246	109.997246	33.744083	34.073055
27.637941	109.997246	109.997246	33.740715	34.059628
27.647324	109.997246	109.997246	33.737362	34.056274
27.656704	109.997246	109.997246	33.730656	34.062981
27.666084	109.997246	109.997246	33.727287	34.069702
27.675465	109.997246	109.997246	33.727287	34.076408
27.684845	109.997246	109.997246	33.730656	34.086479
27.694227	109.997246	109.997246	33.727287	34.089848
27.703608	109.997246	109.997246	33.723934	34.089848
27.712988	109.997246	109.997246	33.717216	34.083130
27.722368	109.997246	109.997246	33.717216	34.076408
27.731750	109.997246	109.997246	33.720581	34.073055
27.741131	109.997246	109.997246	33.727287	34.073055
27.750511	109.997246	109.997246	33.730656	34.069702
27.759892	109.997246	109.997246	33.730656	34.066349
27.769272	109.997246	109.997246	33.727287	34.062981
27.778654	109.997246	109.997246	33.730656	34.052925
27.788034	109.997246	109.997246	33.734009	34.042850
27.797415	109.997246	109.997246	33.740715	34.032776
27.806795	109.997246	109.997246	33.750786	34.029423
27.816177	109.997246	109.997246	33.757507	34.032776
27.825558	109.997246	109.997246	33.764214	34.039482
27.834938	109.997246	109.997246	33.764214	34.049557
27.844318	109.997246	109.997246	33.760860	34.056274
27.853699	109.997246	109.997246	33.754139	34.059628
27.863081	109.997246	109.997246	33.747437	34.062981
27.872461	109.997246	109.997246	33.747437	34.066349
27.881842	109.997246	109.997246	33.754139	34.066349
27.891222	109.997246	109.997246	33.760860	34.062981
27.900604	109.997246	109.997246	33.760860	34.056274
27.909985	109.997246	109.997246	33.764214	34.052925
27.919365	109.997246	109.997246	33.770935	34.056274
27.928745	109.997246	109.997246	33.770935	34.056274
27.938128	109.997246	109.997246	33.770935	34.056274
27.947508	109.997246	109.997246	33.764214	34.056274
27.956888	109.997246	109.997246	33.760860	34.056274
27.966269	109.997246	109.997246	33.757507	34.056274
27.975649	109.997246	109.997246	33.754139	34.056274
27.985031	109.997246	109.997246	33.750786	34.056274
27.994411	109.997246	109.997246	33.747437	34.059628
28.003792	109.997246	109.997246	33.740715	34.069702
28.013172	109.997246	109.997246	33.737362	34.079777
28.022554	109.997246	109.997246	33.740715	34.083130
28.031935	109.997246	109.997246	33.747437	34.086479
28.041315	109.997246	109.997246	33.757507	34.086479
28.050695	109.997246	109.997246	33.767582	34.093201
28.060076	109.997246	109.997246	33.770935	34.096554
28.069458	109.997246	109.997246	33.770935	34.099907
28.078838	109.997246	109.997246	33.767582	34.106628
28.088219	109.997246	109.997246	33.764214	34.116699
28.097599	109.997246	109.997246	33.757507	34.123405
28.106981	109.997246	109.997246	33.754139	34.126774
28.116362	109.997246	109.997246	33.750786	34.130127
28.125742	109.997246	109.997246	33.750786	34.143551
28.135122	109.997246	109.997246	33.760860	34.153625
28.144503	109.997246	109.997246	33.774288	34.160347
28.153885	109.997246	109.997246	33.781006	34.167053
28.163265	109.997246	109.997246	33.781006	34.170403
28.172646	109.997246	109.997246	33.784359	34.167053
28.182026	109.997246	109.997246	33.787712	34.160347
28.191408	109.997246	109.997246	33.787712	34.146904
28.200788	109.997246	109.997246	33.787712	34.133480
28.210169	109.997246	109.997246	33.787712	34.120052
28.219549	109.997246	109.997246	33.791080	34.109982
28.228930	109.997246	109.997246	33.794434	34.099907
28.238312	109.997246	109.997246	33.794434	34.096554
28.247692	109.997246	109.997246	33.801140	34.096554
28.257072	109.997246	109.997246	33.807858	34.103275
28.266453	109.997246	109.997246	33.814579	34.113346
28.275835	109.997246	109.997246	33.817932	34.123405
28.285215	109.997246	109.997246	33.814579	34.126774
28.294596	109.997246	109.997246	33.811211	34.136848
28.303976	109.997246	109.997246	33.811211	34.143551
28.313358	109.997246	109.997246	33.811211	34.150272
28.322739	109.997246	109.997246	33.814579	34.153625
28.332119	109.997246	109.997246	33.814579	34.156979
28.341499	109.997246	109.997246	33.811211	34.160347
28.350880	109.997246	109.997246	33.807858	34.163700
28.360262	109.997246	109.997246	33.807858	34.160347
28.369642	109.997246	109.997246	33.811211	34.153625
28.379023	109.997246	109.997246	33.814579	34.146904
28.388403	109.997246	109.997246	33.824638	34.140198
28.397785	109.997246	109.997246	33.838078	34.136848
28.407166	109.997246	109.997246	33.848137	34.136848
28.416546	109.997246	109.997246	33.858212	34.136848
28.425926	109.997246	109.997246	33.864929	34.136848
28.435307	109.997246	109.997246	33.864929	34.143551
28.444689	109.997246	109.997246	33.861561	34.156979
28.454069	109.997246	109.997246	33.854858	34.173771
28.463449	109.997246	109.997246	33.858212	34.183830
28.472830	109.997246	109.997246	33.868282	34.187199
28.482212	109.997246	109.997246	33.875004	34.187199
28.491592	109.997246	109.997246	33.885063	34.187199
28.500973	109.997246	109.997246	33.888428	34.183830
28.510353	109.997246	109.997246	33.881710	34.173771
28.519733	109.997246	109.997246	33.868282	34.163700
28.529116	109.997246	109.997246	33.854858	34.153625
28.538496	109.997246	109.997246	33.848137	34.146904
28.547876	109.997246	109.997246	33.848137	34.140198
28.557257	109.997246	109.997246	33.851505	34.140198
28.566639	109.997246	109.997246	33.858212	34.143551
28.576019	109.997246	109.997246	33.868282	34.146904
28.585400	109.997246	109.997246	33.868282	34.153625
28.594780	109.997246	109.997246	33.868282	34.156979
28.604160	109.997246	109.997246	33.868282	34.160347
28.613543	109.997246	109.997246	33.864929	34.160347
28.622923	109.997246	109.997246	33.864929	34.167053
28.632303	109.997246	109.997246	33.871635	34.177124
28.641684	109.997246	109.997246	33.881710	34.190552
28.651066	109.997246	109.997246	33.891781	34.207329
28.660446	109.997246	109.997246	33.898502	34.220772
28.669827	109.997246	109.997246	33.908562	34.227474
28.679207	109.997246	109.997246	33.918633	34.234196
28.688589	109.997246	109.997246	33.925354	34.230827
28.697969	109.997246	109.997246	33.932060	34.230827
28.707350	109.997246	109.997246	33.935429	34.224121
28.716730	109.997246	109.997246	33.938782	34.217403
28.726110	109.997246	109.997246	33.942135	34.210697
28.735493	109.997246	109.997246	33.942135	34.210697
28.744873	109.997246	109.997246	33.942135	34.214050
28.754253	109.997246	109.997246	33.945499	34.217403
28.763634	109.997246	109.997246	33.952206	34.224121
28.773016	109.997246	109.997246	33.958927	34.234196
28.782396	109.997246	109.997246	33.965633	34.240902
28.791777	109.997246	109.997246	33.968987	34.244270
28.801157	109.997246	109.997246	33.975704	34.250977
28.810537	109.997246	109.997246	33.982426	34.261047
28.819920	109.997246	109.997246	33.992485	34.271122
28.829300	109.997246	109.997246	34.002556	34.281193
28.838680	109.997246	109.997246	34.005924	34.294621
28.848061	109.997246	109.997246	34.005924	34.304695
28.857443	109.997246	109.997246	34.009277	34.318119
28.866823	109.997246	109.997246	34.009277	34.331547
28.876204	109.997246	109.997246	34.005924	34.341618
28.885584	109.997246	109.997246	34.002556	34.344971
28.894964	109.997246	109.997246	34.002556	34.348324
28.904346	109.997246	109.997246	34.009277	34.351692
28.913727	109.997246	109.997246	34.015984	34.365116
28.923107	109.997246	109.997246	34.026058	34.385250
28.932487	109.997246	109.997246	34.032776	34.402042
28.941870	109.997246	109.997246	34.039482	34.415470
28.951250	109.997246	109.997246	34.042850	34.432247
28.960630	109.997246	109.997246	34.056274	34.445675
28.970011	109.997246	109.997246	34.073055	34.459114
28.979391	109.997246	109.997246	34.093201	34.469173
28.988773	109.997246	109.997246	34.103275	34.482613
28.998154	109.997246	109.997246	34.106628	34.492672
29.007534	109.997246	109.997246	34.109982	34.502747
29.016914	109.997246	109.997246	34.116699	34.516171
29.026297	109.997246	109.997246	34.133480	34.532963
29.035677	109.997246	109.997246	34.150272	34.553097
29.045057	109.997246	109.997246	34.163700	34.576595
29.054438	109.997246	109.997246	34.173771	34.596741
29.063820	109.997246	109.997246	34.183830	34.620239
29.073200	109.997246	109.997246	34.197269	34.640388
29.082581	109.997246	109.997246	34.210697	34.660519
29.091961	109.997246	109.997246	34.230827	34.680664
29.101341	109.997246	109.997246	34.247623	34.700809
29.110723	109.997246	109.997246	34.267769	34.720943
29.120104	109.997246	109.997246	34.284546	34.747810
29.129484	109.997246	109.997246	34.297974	34.778015
29.138865	109.997246	109.997246	34.308044	34.811584
29.148247	109.997246	109.997246	34.318119	34.851864
29.157627	109.997246	109.997246	34.334900	34.892159
29.167007	109.997246	109.997246	34.355045	34.939156
29.176388	109.997246	109.997246	34.385250	34.986153
29.185768	109.997246	109.997246	34.412117	35.036503
29.195150	109.997246	109.997246	34.438969	35.093575
29.204531	109.997246	109.997246	34.462467	35.153999
29.213911	109.997246	109.997246	34.485966	35.217777
29.223291	109.997246	109.997246	34.506096	35.284920
29.232674	109.997246	109.997246	34.526245	35.368843
29.242054	109.997246	109.997246	34.559814	35.466194
29.251434	109.997246	109.997246	34.600094	35.576969
29.260815	109.997246	109.997246	34.643738	35.704536
29.270195	109.997246	109.997246	34.687386	35.848885
29.279577	109.997246	109.997246	34.734383	36.016731
29.288958	109.997246	109.997246	34.784733	36.211430
29.298338	109.997246	109.997246	34.841805	36.436348
29.307718	109.997246	109.997246	34.908936	36.688118
29.317101	109.997246	109.997246	34.979431	36.976814
29.326481	109.997246	109.997246	35.049931	37.302448
29.335861	109.997246	109.997246	35.127148	37.654922
29.345242	109.997246	109.997246	35.211071	38.040981
29.354624	109.997246	109.997246	35.298347	38.447170
29.364004	109.997246	109.997246	35.399048	38.846642
29.373384	109.997246	109.997246	35.516544	39.215908
29.382765	109.997246	109.997246	35.657539	39.511322
29.392145	109.997246	109.997246	35.828739	39.702667
29.401527	109.997246	109.997246	36.033512	39.763092
29.410908	109.997246	109.997246	36.271854	39.682522
29.420288	109.997246	109.997246	36.560566	39.477749
29.429668	109.997246	109.997246	36.899612	39.168911
29.439051	109.997246	109.997246	37.295731	38.796291
29.448431	109.997246	109.997246	37.755638	38.383381
29.457811	109.997246	109.997246	38.262531	37.967117
29.467192	109.997246	109.997246	38.792938	37.570999
29.476572	109.997246	109.997246	39.303185	37.208454
29.485954	109.997246	109.997246	39.736240	36.889538
29.495335	109.997246	109.997246	40.045082	36.610916
29.504715	109.997246	109.997246	40.199490	36.365852
29.514095	109.997246	109.997246	40.189430	36.157726
29.523478	109.997246	109.997246	40.014862	35.976456
29.532858	109.997246	109.997246	39.709373	35.822033
29.542238	109.997246	109.997246	39.313255	35.691113
29.551619	109.997246	109.997246	38.866787	35.580322
29.560999	109.997246	109.997246	38.400173	35.486340
29.570381	109.997246	109.997246	37.943615	35.402416
29.579762	109.997246	109.997246	37.517296	35.325199
29.589142	109.997246	109.997246	37.134602	35.251350
29.598522	109.997246	109.997246	36.802261	35.190926
29.607904	109.997246	109.997246	36.516918	35.137207
29.617285	109.997246	109.997246	36.271854	35.083504
29.626665	109.997246	109.997246	36.060379	35.033150
29.636045	109.997246	109.997246	35.875736	34.979431
29.645426	109.997246	109.997246	35.711243	34.925728
29.654808	109.997246	109.997246	35.563545	34.882084
29.664188	109.997246	109.997246	35.432621	34.841805
29.673569	109.997246	109.997246	35.291626	34.811584
29.682949	109.997246	109.997246	35.194279	34.781380
29.692331	109.997246	109.997246	35.110355	34.751163
29.701712	109.997246	109.997246	35.033150	34.720943
29.711092	109.997246	109.997246	34.962654	34.687386
29.720472	109.997246	109.997246	34.895508	34.650459
29.729855	109.997246	109.997246	34.838440	34.616886
29.739235	109.997246	109.997246	34.791439	34.583317
29.748615	109.997246	109.997246	34.754517	34.553097
29.757996	109.997246	109.997246	34.714237	34.529598
29.767376	109.997246	109.997246	34.677311	34.516171
29.776758	109.997246	109.997246	34.640388	34.499393
29.786139	109.997246	109.997246	34.603462	34.482613
29.795519	109.997246	109.997246	34.573242	34.462467
29.804899	109.997246	109.997246	34.543037	34.442322
29.814281	109.997246	109.997246	34.512817	34.422173
29.823662	109.997246	109.997246	34.485966	34.405396
29.833042	109.997246	109.997246	34.459114	34.391968
29.842422	109.997246	109.997246	34.425541	34.378544
29.851803	109.997246	109.997246	34.395321	34.365116
29.861185	109.997246	109.997246	34.361752	34.355045
29.870565	109.997246	109.997246	34.331547	34.341618
29.879946	109.997246	109.997246	34.311398	34.331547
29.889326	109.997246	109.997246	34.301327	34.324825
29.898708	109.997246	109.997246	34.301327	34.318119
29.908089	109.997246	109.997246	34.301327	34.311398
29.917469	109.997246	109.997246	34.297974	34.297974
29.926849	109.997246	109.997246	34.287899	34.287899
29.936230	109.997246	109.997246	34.277828	34.281193
29.945612	109.997246	109.997246	34.267769	34.271122
29.954992	109.997246	109.997246	34.257694	34.261047
29.964373	109.997246	109.997246	34.247623	34.250977
29.973753	109.997246	109.997246	34.237549	34.250977
29.983135	109.997246	109.997246	34.224121	34.254326
29.992516	109.997246	109.997246	34.207329	34.254326
30.001896	109.997246	109.997246	34.187199	34.250977
30.011276	109.997246	109.997246	34.163700	34.244270
30.020657	109.997246	109.997246	34.140198	34.240902
30.030039	109.997246	109.997246	34.123405	34.240902
30.039419	109.997246	109.997246	34.106628	34.240902
30.048800	109.997246	109.997246	34.096554	34.237549
30.058180	109.997246	109.997246	34.096554	34.227474
30.067562	109.997246	109.997246	34.096554	34.214050
30.076942	109.997246	109.997246	34.096554	34.203976
30.086323	109.997246	109.997246	34.093201	34.197269
30.095703	109.997246	109.997246	34.086479	34.193905
30.105085	109.997246	109.997246	34.079777	34.193905
30.114466	109.997246	109.997246	34.069702	34.190552
30.123846	109.997246	109.997246	34.056274	34.183830
30.133226	109.997246	109.997246	34.049557	34.180477
30.142607	109.997246	109.997246	34.042850	34.180477
30.151989	109.997246	109.997246	34.036129	34.180477
30.161369	109.997246	109.997246	34.029423	34.183830
30.170750	109.997246	109.997246	34.022705	34.183830
30.180130	109.997246	109.997246	34.019352	34.180477
30.189512	109.997246	109.997246	34.015984	34.173771
30.198893	109.997246	109.997246	34.005924	34.170403
30.208273	109.997246	109.997246	33.995853	34.167053
30.217653	109.997246	109.997246	33.992485	34.160347
30.227034	109.997246	109.997246	33.995853	34.146904
30.236416	109.997246	109.997246	34.005924	34.136848
30.245796	109.997246	109.997246	34.012630	34.133480
30.255177	109.997246	109.997246	34.012630	34.133480
30.264557	109.997246	109.997246	34.005924	34.133480
30.273939	109.997246	109.997246	33.995853	34.130127
30.283319	109.997246	109.997246	33.985779	34.123405
30.292700	109.997246	109.997246	33.979057	34.116699
30.302080	109.997246	109.997246	33.972351	34.109982
30.311460	109.997246	109.997246	33.965633	34.103275
30.320843	109.997246	109.997246	33.962280	34.096554
30.330223	109.997246	109.997246	33.958927	34.093201
30.339603	109.997246	109.997246	33.955559	34.096554
30.348984	109.997246	109.997246	33.948853	34.099907
30.358366	109.997246	109.997246	33.948853	34.099907
30.367746	109.997246	109.997246	33.948853	34.093201
30.377127	109.997246	109.997246	33.952206	34.086479
30.386507	109.997246	109.997246	33.958927	34.083130
30.395887	109.997246	109.997246	33.965633	34.079777
30.405270	109.997246	109.997246	33.968987	34.076408
30.414650	109.997246	109.997246	33.962280	34.069702
30.424030	109.997246	109.997246	33.955559	34.059628
30.433411	109.997246	109.997246	33.945499	34.052925
30.442793	109.997246	109.997246	33.935429	34.049557
30.452173	109.997246	109.997246	33.918633	34.052925
30.461554	109.997246	109.997246	33.905209	34.052925
30.470934	109.997246	109.997246	33.898502	34.049557
30.480316	109.997246	109.997246	33.895134	34.042850
30.489697	109.997246	109.997246	33.895134	34.036129
30.499077	109.997246	109.997246	33.895134	34.032776
30.508457	109.997246	109.997246	33.891781	34.032776
30.517838	109.997246	109.997246	33.891781	34.032776
30.527220	109.997246	109.997246	33.888428	34.029423
30.536600	109.997246	109.997246	33.881710	34.026058
30.545980	109.997246	109.997246	33.881710	34.022705
30.555361	109.997246	109.997246	33.878357	34.019352
30.564743	109.997246	109.997246	33.875004	34.012630
30.574123	109.997246	109.997246	33.875004	34.009277
30.583504	109.997246	109.997246	33.878357	34.005924
30.592884	109.997246	109.997246	33.881710	34.005924
30.602264	109.997246	109.997246	33.885063	34.005924
30.611647	109.997246	109.997246	33.881710	33.999207
30.621027	109.997246	109.997246	33.878357	33.992485
30.630407	109.997246	109.997246	33.871635	33.985779
30.639788	109.997246	109.997246	33.868282	33.982426
30.649170	109.997246	109.997246	33.864929	33.975704
30.658550	109.997246	109.997246	33.868282	33.968987
30.667931	109.997246	109.997246	33.868282	33.962280
30.677311	109.997246	109.997246	33.871635	33.962280
30.686691	109.997246	109.997246	33.871635	33.962280
30.696074	109.997246	109.997246	33.871635	33.965633
30.705454	109.997246	109.997246	33.868282	33.972351
30.714834	109.997246	109.997246	33.868282	33.975704
30.724215	109.997246	109.997246	33.864929	33.972351
30.733597	109.997246	109.997246	33.864929	33.965633
30.742977	109.997246	109.997246	33.861561	33.962280
30.752357	109.997246	109.997246	33.858212	33.958927
30.761738	109.997246	109.997246	33.854858	33.958927
30.771120	109.997246	109.997246	33.858212	33.955559
30.780500	109.997246	109.997246	33.864929	33.955559
30.789881	109.997246	109.997246	33.868282	33.952206
30.799261	109.997246	109.997246	33.871635	33.948853
30.808641	109.997246	109.997246	33.878357	33.952206
30.818024	109.997246	109.997246	33.875004	33.952206
30.827404	109.997246	109.997246	33.875004	33.952206
30.836784	109.997246	109.997246	33.875004	33.948853
30.846165	109.997246	109.997246	33.871635	33.948853
30.855547	109.997246	109.997246	33.864929	33.948853
30.864927	109.997246	109.997246	33.861561	33.952206
30.874308	109.997246	109.997246	33.858212	33.955559
30.883688	109.997246	109.997246	33.854858	33.955559
30.893068	109.997246	109.997246	33.854858	33.952206
30.902451	109.997246	109.997246	33.851505	33.952206
30.911831	109.997246	109.997246	33.848137	33.952206
30.921211	109.997246	109.997246	33.841431	33.955559
30.930592	109.997246	109.997246	33.834709	33.955559
30.939974	109.997246	109.997246	33.831360	33.955559
30.949354	109.997246	109.997246	33.831360	33.958927
30.958735	109.997246	109.997246	33.828007	33.958927
30.968115	109.997246	109.997246	33.828007	33.958927
30.977495	109.997246	109.997246	33.821285	33.952206
30.986877	109.997246	109.997246	33.817932	33.945499
30.996258	109.997246	109.997246	33.814579	33.938782
31.005638	109.997246	109.997246	33.811211	33.935429
31.015018	109.997246	109.997246	33.804504	33.932060
31.024401	109.997246	109.997246	33.794434	33.932060
31.033781	109.997246	109.997246	33.784359	33.935429
31.043161	109.997246	109.997246	33.784359	33.938782
31.052542	109.997246	109.997246	33.781006	33.942135
31.061922	109.997246	109.997246	33.781006	33.935429
31.071304	109.997246	109.997246	33.781006	33.928707
31.080685	109.997246	109.997246	33.784359	33.928707
31.090065	109.997246	109.997246	33.787712	33.928707
31.099445	109.997246	109.997246	33.791080	33.922001
31.108828	109.997246	109.997246	33.794434	33.918633
31.118208	109.997246	109.997246	33.791080	33.911930
31.127588	109.997246	109.997246	33.794434	33.908562
31.136969	109.997246	109.997246	33.797787	33.908562
31.146351	109.997246	109.997246	33.804504	33.915283
31.155731	109.997246	109.997246	33.807858	33.922001
31.165112	109.997246	109.997246	33.807858	33.925354
31.174492	109.997246	109.997246	33.807858	33.925354
31.183872	109.997246	109.997246	33.807858	33.925354
31.193254	109.997246	109.997246	33.801140	33.925354
31.202635	109.997246	109.997246	33.794434	33.925354
31.212015	109.997246	109.997246	33.791080	33.922001
31.221395	109.997246	109.997246	33.791080	33.915283
31.230778	109.997246	109.997246	33.791080	33.911930
31.240158	109.997246	109.997246	33.787712	33.901855
31.249538	109.997246	109.997246	33.787712	33.895134
31.258919	109.997246	109.997246	33.791080	33.885063
31.268299	109.997246	109.997246	33.801140	33.881710
31.277681	109.997246	109.997246	33.807858	33.878357
31.287062	109.997246	109.997246	33.807858	33.875004
31.296442	109.997246	109.997246	33.807858	33.871635
31.305822	109.997246	109.997246	33.807858	33.868282
31.315205	109.997246	109.997246	33.807858	33.864929
31.324585	109.997246	109.997246	33.804504	33.861561
31.333965	109.997246	109.997246	33.804504	33.858212
31.343346	109.997246	109.997246	33.804504	33.861561
31.352726	109.997246	109.997246	33.807858	33.868282
31.362108	109.997246	109.997246	33.811211	33.875004
31.371489	109.997246	109.997246	33.807858	33.878357
31.380869	109.997246	109.997246	33.804504	33.885063
31.390249	109.997246	109.997246	33.797787	33.885063
31.399632	109.997246	109.997246	33.791080	33.881710
31.409012	109.997246	109.997246	33.784359	33.875004
31.418392	109.997246	109.997246	33.777637	33.868282
31.427773	109.997246	109.997246	33.770935	33.868282
31.437153	109.997246	109.997246	33.767582	33.871635
31.446535	109.997246	109.997246	33.774288	33.875004
31.455915	109.997246	109.997246	33.777637	33.878357
31.465296	109.997246	109.997246	33.781006	33.881710
31.474676	109.997246	109.997246	33.791080	33.888428
31.484058	109.997246	109.997246	33.794434	33.895134
31.493439	109.997246	109.997246	33.794434	33.901855
31.502819	109.997246	109.997246	33.791080	33.905209
31.512199	109.997246	109.997246	33.784359	33.901855
31.521582	109.997246	109.997246	33.777637	33.895134
31.530962	109.997246	109.997246	33.781006	33.888428
31.540342	109.997246	109.997246	33.787712	33.881710
31.549723	109.997246	109.997246	33.791080	33.878357
31.559103	109.997246	109.997246	33.794434	33.871635
31.568485	109.997246	109.997246	33.794434	33.864929
31.577866	109.997246	109.997246	33.787712	33.858212
31.587246	109.997246	109.997246	33.777637	33.854858
31.596626	109.997246	109.997246	33.770935	33.848137
31.606009	109.997246	109.997246	33.767582	33.838078
31.615389	109.997246	109.997246	33.760860	33.831360
31.624769	109.997246	109.997246	33.757507	33.821285
31.634150	109.997246	109.997246	33.757507	33.814579
31.643530	109.997246	109.997246	33.764214	33.814579
31.652912	109.997246	109.997246	33.774288	33.817932
31.662292	109.997246	109.997246	33.781006	33.824638
31.671673	109.997246	109.997246	33.784359	33.824638
31.681053	109.997246	109.997246	33.784359	33.824638
31.690435	109.997246	109.997246	33.784359	33.817932
31.699816	109.997246	109.997246	33.784359	33.804504
31.709196	109.997246	109.997246	33.784359	33.791080
31.718576	109.997246	109.997246	33.781006	33.777637
31.727957	109.997246	109.997246	33.777637	33.770935
31.737339	109.997246	109.997246	33.770935	33.767582
31.746719	109.997246	109.997246	33.770935	33.770935
31.756100	109.997246	109.997246	33.770935	33.774288
31.765480	109.997246	109.997246	33.770935	33.777637
31.774862	109.997246	109.997246	33.770935	33.777637
31.784243	109.997246	109.997246	33.774288	33.777637
31.793623	109.997246	109.997246	33.777637	33.777637
31.803003	109.997246	109.997246	33.777637	33.781006
31.812384	109.997246	109.997246	33.774288	33.784359
31.821766	109.997246	109.997246	33.774288	33.784359
31.831146	109.997246	109.997246	33.774288	33.777637
31.840527	109.997246	109.997246	33.774288	33.770935
31.849907	109.997246	109.997246	33.770935	33.760860
31.859289	109.997246	109.997246	33.770935	33.757507
31.868670	109.997246	109.997246	33.770935	33.754139
31.878050	109.997246	109.997246	33.770935	33.747437
31.887430	109.997246	109.997246	33.767582	33.737362
31.896812	109.997246	109.997246	33.764214	33.730656
31.906193	109.997246	109.997246	33.754139	33.723934
31.915573	109.997246	109.997246	33.744083	33.727287
31.924953	109.997246	109.997246	33.734009	33.734009
31.934334	109.997246	109.997246	33.727287	33.740715
31.943716	109.997246	109.997246	33.723934	33.747437
31.953096	109.997246	109.997246	33.723934	33.750786
31.962477	109.997246	109.997246	33.727287	33.757507
31.971857	109.997246	109.997246	33.734009	33.757507
31.981239	109.997246	109.997246	33.740715	33.757507
31.990620	109.997246	109.997246	33.747437	33.754139
