21.901070	-0.010073	-0.080571	-0.023499	-0.046998
21.940098	-0.010073	-0.083938	-0.023499	-0.040293
21.979126	-0.010073	-0.087291	-0.020146	-0.036940
22.018156	-0.010073	-0.090644	-0.016794	-0.030220
22.057184	-0.013441	-0.097364	-0.016794	-0.030220
22.096212	-0.013441	-0.104070	-0.016794	-0.026867
22.135242	-0.016794	-0.110790	-0.016794	-0.026867
22.174271	-0.020146	-0.117496	-0.016794	-0.023499
22.213299	-0.023499	-0.124216	-0.020146	-0.023499
22.252329	-0.026867	-0.134289	-0.020146	-0.023499
22.291357	-0.026867	-0.140995	-0.023499	-0.026867
22.330385	-0.030220	-0.151068	-0.020146	-0.026867
22.369415	-0.030220	-0.157788	-0.016794	-0.023499
22.408443	-0.033572	-0.164494	-0.013441	-0.020146
22.447472	-0.033572	-0.174567	-0.013441	-0.016794
22.486502	-0.036940	-0.184640	-0.013441	-0.016794
22.525530	-0.040293	-0.194713	-0.016794	-0.013441
22.564558	-0.043646	-0.204787	-0.013441	-0.006720
22.603588	-0.046998	-0.214845	-0.013441	-0.003368
22.642616	-0.050366	-0.224918	-0.013441	-0.003368
22.681644	-0.053719	-0.238344	-0.013441	0.000000
22.720675	-0.057071	-0.248417	-0.010073	0.003353
22.759703	-0.060439	-0.261843	-0.006720	0.003353
22.798731	-0.067145	-0.278637	-0.003368	0.003353
22.837761	-0.070497	-0.292063	-0.003368	0.003353
22.876789	-0.077218	-0.305489	-0.010073	0.006706
22.915817	-0.083938	-0.318915	-0.010073	0.010058
22.954847	-0.087291	-0.332341	-0.006720	0.013426
22.993876	-0.090644	-0.345767	0.000000	0.020131
23.032904	-0.097364	-0.359207	0.000000	0.026852
23.071934	-0.100717	-0.375986	-0.003368	0.030205
23.110962	-0.107422	-0.392765	0.000000	0.033557
23.149990	-0.114143	-0.412911	0.003353	0.036925
23.189020	-0.117496	-0.429690	0.006706	0.040278
23.228048	-0.124216	-0.449836	0.006706	0.046983
23.267076	-0.130922	-0.469983	0.003353	0.053704
23.306107	-0.134289	-0.490129	0.003353	0.063777
23.345135	-0.140995	-0.513628	0.010058	0.070482
23.384163	-0.144362	-0.537112	0.013426	0.073850
23.423193	-0.151068	-0.563979	0.020131	0.077203
23.462221	-0.157788	-0.590831	0.020131	0.087276
23.501249	-0.167862	-0.621051	0.016779	0.093982
23.540279	-0.174567	-0.651255	0.010058	0.100702
23.579308	-0.184640	-0.684828	0.010058	0.107422
23.618336	-0.194713	-0.718400	0.010058	0.117481
23.657366	-0.201419	-0.758678	0.013426	0.124201
23.696394	-0.208139	-0.798956	0.020131	0.137627
23.735422	-0.214845	-0.842601	0.026852	0.147700
23.774452	-0.224918	-0.889599	0.030205	0.157773
23.813480	-0.234991	-0.939950	0.030205	0.171199
23.852509	-0.248417	-0.997022	0.030205	0.184625
23.891539	-0.258490	-1.057446	0.030205	0.198051
23.930567	-0.268564	-1.124591	0.033557	0.214845
23.969597	-0.278637	-1.198441	0.040278	0.231624
24.008625	-0.292063	-1.275644	0.043631	0.255123
24.047653	-0.302136	-1.366287	0.046983	0.278622
24.086683	-0.315562	-1.466990	0.046983	0.302121
24.125711	-0.328988	-1.584485	0.046983	0.325620
24.164740	-0.342414	-1.718760	0.050351	0.352472
24.203770	-0.355840	-1.876548	0.050351	0.392750
24.242798	-0.372633	-2.064526	0.050351	0.443116
24.281826	-0.386059	-2.292812	0.053704	0.506893
24.320856	-0.399485	-2.578139	0.060424	0.597537
24.359884	-0.416264	-2.923906	0.070482	0.721738
24.398912	-0.433058	-3.363669	0.077203	0.889584
24.437943	-0.449836	-3.910854	0.080556	1.114503
24.476971	-0.469983	-4.599035	0.083923	1.406550
24.515999	-0.490129	-5.451694	0.087276	1.795962
24.555029	-0.510260	-6.488994	0.090629	2.299502
24.594057	-0.530407	-7.697493	0.097349	2.917185
24.633085	-0.553906	-9.060428	0.110775	3.642291
24.672115	-0.577405	-10.497197	0.120848	4.421100
24.711143	-0.600904	-11.883616	0.127554	5.156279
24.750172	-0.631109	-13.098836	0.130907	5.740375
24.789202	-0.661328	-14.008567	0.134274	6.069362
24.828230	-0.691533	-14.552400	0.140980	6.096214
24.867258	-0.725105	-14.733672	0.144348	5.851164
24.906288	-0.758678	-14.589325	0.151053	5.408049
24.945316	-0.795603	-14.122709	0.161126	4.820570
24.984344	-0.835896	-13.317034	0.174552	4.108906
25.023375	-0.876173	-12.148812	0.184625	3.279731
25.062403	-0.923172	-10.607973	0.198051	2.366647
25.101431	-0.973523	-8.768365	0.208125	1.406550
25.140461	-1.027241	-6.794482	0.218198	0.496820
25.179489	-1.087666	-4.901156	0.234976	-0.251785
25.218517	-1.148090	-3.350243	0.251770	-0.735179
25.257547	-1.215219	-2.289444	0.271901	-0.919819
25.296576	-1.289070	-1.678482	0.295401	-0.876173
25.335604	-1.369640	-1.376361	0.318900	-0.731826
25.374634	-1.460284	-1.235366	0.342399	-0.574052
25.413662	-1.560986	-1.158163	0.362545	-0.436410
25.452690	-1.678482	-1.104444	0.382692	-0.332341
25.491720	-1.816124	-1.054093	0.409544	-0.258490
25.530748	-1.977250	-1.010448	0.443116	-0.201419
25.569777	-2.168596	-0.970170	0.486746	-0.157788
25.608807	-2.396867	-0.933245	0.543818	-0.120863
25.647835	-2.678856	-0.903025	0.621036	-0.087291
25.686863	-3.038049	-0.872821	0.718385	-0.060439
25.725893	-3.501311	-0.849321	0.839233	-0.036940
25.764921	-4.118994	-0.829175	0.986934	-0.023499
25.803949	-4.948154	-0.805676	1.181647	-0.020146
25.842979	-6.042525	-0.778824	1.430050	-0.020146
25.882008	-7.432297	-0.748605	1.732185	-0.020146
25.921036	-9.077207	-0.718400	2.071232	-0.016794
25.960066	-10.822818	-0.688180	2.403572	-0.016794
25.999094	-12.471080	-0.657976	2.695620	-0.010073
26.038122	-13.887718	-0.627756	2.890334	-0.006720
26.077152	-14.985442	-0.600904	2.954111	-0.006720
26.116180	-15.744120	-0.580758	2.873540	-0.013441
26.155209	-16.180515	-0.557259	2.645269	-0.016794
26.194239	-16.284584	-0.533760	2.292797	-0.020146
26.233267	-16.016022	-0.510260	1.832888	-0.020146
26.272295	-15.284210	-0.490129	1.319274	-0.016794
26.311325	-13.991788	-0.466630	0.815734	-0.013441
26.350353	-12.165606	-0.446483	0.379324	-0.010073
26.389381	-9.980231	-0.426337	0.050351	-0.010073
26.428411	-7.757917	-0.409558	-0.167862	-0.013441
26.467440	-5.790755	-0.396132	-0.302136	-0.020146
26.506468	-4.216343	-0.382707	-0.365913	-0.030220
26.545498	-3.074974	-0.372633	-0.375986	-0.036940
26.584526	-2.299517	-0.359207	-0.349134	-0.040293
26.623554	-1.802698	-0.342414	-0.298783	-0.040293
26.662584	-1.493856	-0.328988	-0.241712	-0.040293
26.701612	-1.302510	-0.312209	-0.181288	-0.040293
26.740641	-1.181647	-0.298783	-0.130922	-0.043646
26.779671	-1.101092	-0.285342	-0.090644	-0.046998
26.818699	-1.044020	-0.275284	-0.060439	-0.053719
26.857727	-1.000375	-0.261843	-0.030220	-0.060439
26.896757	-0.963449	-0.248417	-0.006720	-0.057071
26.935785	-0.936598	-0.231639	0.013426	-0.053719
26.974813	-0.913098	-0.221565	0.026852	-0.046998
27.013844	-0.892952	-0.208139	0.036925	-0.043646
27.052872	-0.869453	-0.198066	0.043631	-0.043646
27.091900	-0.842601	-0.191361	0.040278	-0.046998
27.130930	-0.815749	-0.181288	0.040278	-0.053719
27.169958	-0.785530	-0.174567	0.040278	-0.063792
27.208986	-0.751957	-0.167862	0.043631	-0.070497
27.248016	-0.721753	-0.157788	0.043631	-0.070497
27.287045	-0.691533	-0.147715	0.043631	-0.070497
27.326073	-0.664681	-0.140995	0.043631	-0.070497
27.365103	-0.641182	-0.134289	0.040278	-0.070497
27.404131	-0.617683	-0.127569	0.033557	-0.073865
27.443159	-0.594184	-0.120863	0.026852	-0.080571
27.482189	-0.570685	-0.117496	0.020131	-0.083938
27.521217	-0.547186	-0.110790	0.020131	-0.087291
27.560246	-0.523686	-0.104070	0.020131	-0.083938
27.599276	-0.500187	-0.093997	0.023484	-0.077218
27.638304	-0.480056	-0.083938	0.020131	-0.070497
27.677332	-0.459909	-0.077218	0.020131	-0.067145
27.716362	-0.439763	-0.070497	0.020131	-0.067145
27.755390	-0.426337	-0.067145	0.013426	-0.073865
27.794418	-0.409558	-0.063792	0.006706	-0.080571
27.833448	-0.396132	-0.060439	0.003353	-0.083938
27.872477	-0.379339	-0.053719	0.000000	-0.087291
27.911505	-0.365913	-0.046998	0.000000	-0.083938
27.950535	-0.349134	-0.040293	0.003353	-0.080571
27.989563	-0.332341	-0.033572	0.003353	-0.080571
28.028593	-0.318915	-0.030220	0.000000	-0.080571
28.067621	-0.305489	-0.026867	-0.006720	-0.087291
28.106649	-0.295416	-0.023499	-0.013441	-0.093997
28.145679	-0.285342	-0.020146	-0.020146	-0.097364
28.184708	-0.271916	-0.016794	-0.023499	-0.097364
28.223736	-0.258490	-0.010073	-0.016794	-0.090644
28.262766	-0.245064	-0.006720	-0.010073	-0.087291
28.301794	-0.231639	0.000000	-0.010073	-0.087291
28.340822	-0.221565	0.003353	-0.013441	-0.090644
28.379852	-0.211492	0.006706	-0.016794	-0.090644
28.418880	-0.204787	0.010058	-0.023499	-0.097364
28.457909	-0.194713	0.010058	-0.026867	-0.107422
28.496939	-0.184640	0.013426	-0.030220	-0.114143
28.535967	-0.174567	0.020131	-0.026867	-0.114143
28.574995	-0.161141	0.026852	-0.026867	-0.104070
28.614025	-0.154421	0.030205	-0.026867	-0.097364
28.653053	-0.147715	0.036925	-0.030220	-0.097364
28.692081	-0.140995	0.040278	-0.033572	-0.097364
28.731112	-0.134289	0.043631	-0.040293	-0.104070
28.770140	-0.127569	0.046983	-0.043646	-0.110790
28.809168	-0.120863	0.046983	-0.046998	-0.117496
28.848198	-0.114143	0.046983	-0.043646	-0.120863
28.887226	-0.107422	0.053704	-0.043646	-0.114143
28.926254	-0.097364	0.057057	-0.040293	-0.110790
28.965284	-0.090644	0.060424	-0.040293	-0.107422
29.004313	-0.080571	0.060424	-0.040293	-0.107422
29.043341	-0.077218	0.060424	-0.043646	-0.110790
29.082371	-0.070497	0.060424	-0.050366	-0.117496
29.121399	-0.063792	0.063777	-0.053719	-0.120863
29.160427	-0.057071	0.067130	-0.050366	-0.120863
29.199457	-0.050366	0.070482	-0.046998	-0.120863
29.238485	-0.046998	0.073850	-0.046998	-0.117496
29.277514	-0.040293	0.077203	-0.043646	-0.110790
29.316544	-0.036940	0.083923	-0.046998	-0.107422
29.355572	-0.030220	0.087276	-0.046998	-0.107422
29.394600	-0.026867	0.087276	-0.053719	-0.114143
29.433630	-0.023499	0.087276	-0.057071	-0.117496
29.472658	-0.016794	0.090629	-0.060439	-0.120863
29.511686	-0.013441	0.090629	-0.060439	-0.124216
29.550716	-0.006720	0.093982	-0.057071	-0.124216
29.589745	0.000000	0.100702	-0.050366	-0.117496
29.628773	0.003353	0.104055	-0.053719	-0.110790
29.667803	0.006706	0.107422	-0.057071	-0.110790
29.706831	0.006706	0.107422	-0.063792	-0.110790
29.745859	0.010058	0.107422	-0.070497	-0.117496
29.784889	0.010058	0.107422	-0.073865	-0.124216
29.823917	0.013426	0.110775	-0.073865	-0.124216
29.862946	0.020131	0.114128	-0.070497	-0.124216
29.901976	0.026852	0.114128	-0.063792	-0.117496
29.941004	0.030205	0.117481	-0.063792	-0.114143
29.980032	0.033557	0.117481	-0.067145	-0.114143
30.019062	0.036925	0.120848	-0.070497	-0.114143
30.058090	0.040278	0.120848	-0.070497	-0.114143
30.097118	0.046983	0.120848	-0.070497	-0.120863
30.136148	0.050351	0.120848	-0.067145	-0.130922
30.175177	0.053704	0.120848	-0.063792	-0.137642
30.214205	0.057057	0.120848	-0.063792	-0.137642
30.253235	0.060424	0.124201	-0.063792	-0.134289
30.292263	0.063777	0.127554	-0.063792	-0.130922
30.331291	0.063777	0.127554	-0.067145	-0.127569
30.370321	0.067130	0.130907	-0.073865	-0.127569
30.409349	0.067130	0.130907	-0.077218	-0.130922
30.448378	0.070482	0.130907	-0.080571	-0.137642
30.487408	0.070482	0.130907	-0.083938	-0.137642
30.526436	0.073850	0.130907	-0.080571	-0.137642
30.565464	0.077203	0.134274	-0.083938	-0.130922
30.604494	0.080556	0.137627	-0.083938	-0.124216
30.643522	0.080556	0.140980	-0.087291	-0.120863
30.682550	0.083923	0.140980	-0.090644	-0.120863
30.721581	0.090629	0.144348	-0.090644	-0.124216
30.760609	0.093982	0.144348	-0.093997	-0.130922
30.799637	0.097349	0.140980	-0.090644	-0.137642
30.838667	0.100702	0.140980	-0.087291	-0.144362
30.877695	0.107422	0.140980	-0.083938	-0.147715
30.916723	0.110775	0.144348	-0.080571	-0.144362
30.955753	0.110775	0.147700	-0.083938	-0.137642
30.994781	0.114128	0.151053	-0.083938	-0.130922
31.033810	0.114128	0.151053	-0.083938	-0.127569
31.072840	0.117481	0.151053	-0.083938	-0.130922
31.111868	0.117481	0.151053	-0.087291	-0.134289
31.150896	0.117481	0.151053	-0.090644	-0.140995
31.189926	0.117481	0.151053	-0.093997	-0.140995
31.228954	0.120848	0.154406	-0.093997	-0.137642
31.267982	0.120848	0.157773	-0.090644	-0.130922
31.307013	0.124201	0.161126	-0.093997	-0.127569
31.346041	0.124201	0.161126	-0.100717	-0.127569
31.385069	0.127554	0.161126	-0.104070	-0.130922
31.424099	0.127554	0.161126	-0.104070	-0.134289
31.463127	0.130907	0.161126	-0.104070	-0.134289
31.502155	0.130907	0.164479	-0.104070	-0.137642
31.541185	0.134274	0.164479	-0.104070	-0.140995
31.580214	0.137627	0.164479	-0.100717	-0.144362
31.619242	0.140980	0.164479	-0.097364	-0.140995
31.658272	0.144348	0.164479	-0.093997	-0.140995
31.697300	0.144348	0.164479	-0.093997	-0.144362
31.736328	0.144348	0.164479	-0.100717	-0.144362
31.775358	0.144348	0.164479	-0.104070	-0.147715
31.814386	0.144348	0.164479	-0.107422	-0.144362
31.853415	0.147700	0.167847	-0.104070	-0.140995
31.892445	0.147700	0.171199	-0.104070	-0.134289
31.931473	0.147700	0.174552	-0.104070	-0.130922
31.970501	0.147700	0.174552	-0.107422	-0.127569
32.009529	0.144348	0.177905	-0.110790	-0.127569
32.048561	0.147700	0.177905	-0.110790	-0.130922
32.087589	0.147700	0.177905	-0.110790	-0.134289
32.126617	0.151053	0.177905	-0.114143	-0.137642
32.165646	0.151053	0.181273	-0.114143	-0.137642
32.204674	0.154406	0.181273	-0.114143	-0.134289
32.243702	0.157773	0.181273	-0.107422	-0.134289
32.282734	0.157773	0.181273	-0.107422	-0.134289
32.321762	0.157773	0.184625	-0.107422	-0.134289
32.360790	0.161126	0.184625	-0.107422	-0.134289
32.399818	0.161126	0.184625	-0.110790	-0.137642
32.438847	0.161126	0.184625	-0.110790	-0.137642
32.477875	0.161126	0.187978	-0.114143	-0.137642
32.516907	0.161126	0.187978	-0.114143	-0.137642
32.555935	0.164479	0.187978	-0.114143	-0.134289
32.594963	0.164479	0.187978	-0.110790	-0.130922
32.633991	0.167847	0.191346	-0.110790	-0.124216
32.673019	0.167847	0.191346	-0.110790	-0.120863
32.712048	0.171199	0.191346	-0.114143	-0.124216
32.751080	0.171199	0.191346	-0.114143	-0.127569
32.790108	0.171199	0.187978	-0.114143	-0.130922
32.829136	0.174552	0.187978	-0.110790	-0.134289
32.868164	0.174552	0.191346	-0.107422	-0.130922
32.907192	0.177905	0.191346	-0.104070	-0.127569
32.946220	0.177905	0.194699	-0.100717	-0.124216
32.985252	0.181273	0.198051	-0.104070	-0.124216
33.024281	0.177905	0.198051	-0.107422	-0.127569
33.063309	0.177905	0.198051	-0.114143	-0.127569
33.102337	0.177905	0.201404	-0.120863	-0.124216
33.141365	0.177905	0.201404	-0.127569	-0.120863
33.180393	0.177905	0.204772	-0.127569	-0.117496
33.219425	0.181273	0.204772	-0.127569	-0.114143
33.258453	0.184625	0.208125	-0.120863	-0.110790
33.297482	0.184625	0.208125	-0.120863	-0.107422
33.336510	0.184625	0.204772	-0.117496	-0.110790
33.375538	0.184625	0.201404	-0.117496	-0.114143
33.414566	0.184625	0.201404	-0.120863	-0.117496
33.453598	0.187978	0.201404	-0.120863	-0.120863
33.492626	0.187978	0.201404	-0.120863	-0.117496
33.531654	0.191346	0.204772	-0.120863	-0.117496
33.570683	0.191346	0.204772	-0.120863	-0.117496
33.609711	0.194699	0.204772	-0.120863	-0.117496
33.648739	0.194699	0.204772	-0.120863	-0.120863
33.687771	0.194699	0.204772	-0.120863	-0.120863
33.726799	0.198051	0.204772	-0.120863	-0.124216
33.765827	0.198051	0.204772	-0.120863	-0.124216
33.804855	0.198051	0.204772	-0.124216	-0.120863
33.843884	0.194699	0.204772	-0.127569	-0.114143
33.882912	0.194699	0.204772	-0.127569	-0.114143
33.921944	0.194699	0.204772	-0.124216	-0.114143
33.960972	0.198051	0.201404	-0.120863	-0.117496
