22.510115	0.000000	-0.080585	-0.050366	-0.070512
22.549194	-0.010073	-0.070512	-0.050366	-0.060439
22.588276	-0.010073	-0.080585	-0.050366	-0.050366
22.627357	-0.020146	-0.080585	-0.060439	-0.050366
22.666439	-0.020146	-0.090659	-0.060439	-0.060439
22.705521	-0.020146	-0.090659	-0.060439	-0.060439
22.744602	-0.010073	-0.090659	-0.060439	-0.060439
22.783682	-0.010073	-0.090659	-0.060439	-0.060439
22.822763	-0.010073	-0.090659	-0.050366	-0.060439
22.861845	-0.010073	-0.090659	-0.050366	-0.060439
22.900927	-0.010073	-0.100732	-0.060439	-0.050366
22.940008	-0.010073	-0.110805	-0.060439	-0.050366
22.979090	-0.020146	-0.110805	-0.060439	-0.040293
23.018169	-0.020146	-0.120878	-0.060439	-0.040293
23.057251	-0.020146	-0.120878	-0.060439	-0.040293
23.096333	-0.020146	-0.120878	-0.060439	-0.040293
23.135414	-0.020146	-0.130951	-0.060439	-0.040293
23.174496	-0.020146	-0.141025	-0.060439	-0.030220
23.213577	-0.020146	-0.151098	-0.060439	-0.030220
23.252657	-0.030220	-0.161171	-0.060439	-0.030220
23.291739	-0.030220	-0.181317	-0.060439	-0.020146
23.330820	-0.030220	-0.181317	-0.060439	-0.020146
23.369902	-0.040293	-0.191391	-0.050366	-0.010073
23.408983	-0.040293	-0.201464	-0.040293	-0.010073
23.448065	-0.040293	-0.211537	-0.030220	-0.010073
23.487144	-0.040293	-0.211537	-0.030220	-0.010073
23.526226	-0.040293	-0.221610	-0.020146	0.000000
23.565308	-0.050366	-0.231683	-0.020146	0.000000
23.604389	-0.050366	-0.251830	-0.030220	0.000000
23.643471	-0.060439	-0.271916	-0.030220	0.010014
23.682550	-0.060439	-0.281990	-0.020146	0.010014
23.721632	-0.060439	-0.302136	-0.020146	0.020087
23.760714	-0.060439	-0.312209	-0.020146	0.030160
23.799795	-0.060439	-0.332355	-0.020146	0.030160
23.838877	-0.070512	-0.352502	-0.020146	0.040233
23.877958	-0.080585	-0.362575	-0.020146	0.050306
23.917038	-0.090659	-0.382721	-0.020146	0.050306
23.956120	-0.100732	-0.402868	-0.020146	0.060380
23.995201	-0.100732	-0.423014	-0.020146	0.070453
24.034283	-0.100732	-0.433087	-0.020146	0.080526
24.073364	-0.100732	-0.463307	-0.010073	0.080526
24.112446	-0.100732	-0.483453	-0.010073	0.090599
24.151525	-0.110805	-0.513673	-0.010073	0.100672
24.190607	-0.120878	-0.543833	-0.020146	0.110745
24.229689	-0.130951	-0.574052	-0.020146	0.120819
24.268770	-0.141025	-0.604272	-0.020146	0.130892
24.307852	-0.151098	-0.644565	-0.020146	0.151038
24.346933	-0.151098	-0.684857	-0.020146	0.161111
24.386013	-0.161171	-0.735223	-0.010073	0.171185
24.425095	-0.161171	-0.795603	-0.010073	0.191331
24.464176	-0.161171	-0.866115	0.000000	0.201404
24.503258	-0.171244	-0.936627	0.000000	0.221550
24.542339	-0.171244	-1.027286	0.000000	0.251770
24.581421	-0.191391	-1.127958	0.000000	0.281930
24.620501	-0.201464	-1.248837	0.000000	0.322223
24.659582	-0.211537	-1.389802	0.000000	0.362515
24.698664	-0.221610	-1.571059	0.010014	0.412881
24.737745	-0.221610	-1.782596	0.010014	0.483394
24.776827	-0.231683	-2.044439	0.020087	0.563920
24.815907	-0.241756	-2.366662	0.030160	0.674725
24.854988	-0.251830	-2.769530	0.030160	0.835836
24.894070	-0.261843	-3.262997	0.030160	1.047313
24.933151	-0.281990	-3.867209	0.040233	1.319230
24.972233	-0.302136	-4.582286	0.050306	1.651585
25.011314	-0.312209	-5.619586	0.060380	2.175272
25.050394	-0.322282	-6.515861	0.070453	2.648592
25.089476	-0.342429	-7.392049	0.080526	3.142059
25.128557	-0.352502	-8.137285	0.080526	3.615379
25.167639	-0.372648	-8.681118	0.080526	3.998101
25.206720	-0.392795	-8.953035	0.090599	4.249871
25.245802	-0.412941	-8.953035	0.090599	4.380822
25.284882	-0.433087	-8.701265	0.100672	4.390836
25.323963	-0.453234	-8.238018	0.110745	4.320383
25.363045	-0.473380	-7.563233	0.120819	4.159212
25.402126	-0.503600	-6.707191	0.140965	3.907442
25.441208	-0.533760	-5.669951	0.140965	3.524780
25.480289	-0.563979	-4.501700	0.151038	3.011167
25.519369	-0.594199	-3.212631	0.161111	2.366602
25.558451	-0.634491	-1.943707	0.161111	1.621366
25.597532	-0.684857	-0.845969	0.181258	0.896275
25.636614	-0.725150	-0.040293	0.191331	0.292003
25.675695	-0.775456	0.382662	0.221550	-0.090659
25.714777	-0.835896	0.473320	0.241697	-0.271916
25.753857	-0.906408	0.352442	0.251770	-0.251830
25.792938	-0.986993	0.181258	0.271857	-0.171244
25.832020	-1.077592	0.040233	0.292003	-0.100732
25.871101	-1.188397	-0.070512	0.312150	-0.050366
25.910183	-1.309216	-0.141025	0.342369	-0.020146
25.949263	-1.460314	-0.191391	0.372589	0.000000
25.988344	-1.631498	-0.231683	0.422955	0.020087
26.027426	-1.853049	-0.261843	0.483394	0.030160
26.066507	-2.124965	-0.281990	0.543773	0.040233
26.105589	-2.477467	-0.312209	0.624359	0.050306
26.144670	-2.950788	-0.322282	0.715017	0.050306
26.183750	-3.565133	-0.322282	0.825763	0.060380
26.222832	-4.350662	-0.322282	0.966787	0.060380
26.261913	-5.317450	-0.312209	1.117826	0.060380
26.300995	-6.384969	-0.302136	1.299083	0.050306
26.340076	-7.452488	-0.292063	1.490474	0.040233
26.379158	-8.399129	-0.281990	1.691878	0.040233
26.418238	-9.144365	-0.281990	1.873136	0.040233
26.457319	-9.637833	-0.271916	2.034307	0.030160
26.496401	-9.869456	-0.261843	2.175272	0.030160
26.535482	-9.879530	-0.251830	2.296150	0.020087
26.574564	-9.678125	-0.241756	2.406895	0.010014
26.613646	-9.265244	-0.231683	2.477407	0.010014
26.652725	-8.600533	-0.221610	2.507627	0.000000
26.691807	-7.613599	-0.201464	2.477407	0.000000
26.730888	-6.314456	-0.191391	2.366602	0.000000
26.769970	-4.783690	-0.181317	2.175272	0.000000
26.809052	-3.222704	-0.181317	1.893282	0.010014
26.848133	-1.853049	-0.171244	1.571000	0.010014
26.887213	-0.835896	-0.161171	1.228631	0.000000
26.926294	-0.191391	-0.151098	0.916421	0.000000
26.965376	0.151038	-0.151098	0.674725	-0.010073
27.004457	0.271857	-0.151098	0.493467	-0.020146
27.043539	0.261784	-0.151098	0.362515	-0.020146
27.082619	0.191331	-0.141025	0.281930	-0.020146
27.121700	0.100672	-0.141025	0.221550	-0.020146
27.160782	0.020087	-0.130951	0.181258	-0.020146
27.199863	-0.060439	-0.120878	0.151038	-0.030220
27.238945	-0.120878	-0.110805	0.140965	-0.030220
27.278027	-0.181317	-0.100732	0.130892	-0.030220
27.317106	-0.221610	-0.100732	0.120819	-0.040293
27.356188	-0.261843	-0.090659	0.120819	-0.040293
27.395269	-0.281990	-0.090659	0.110745	-0.050366
27.434351	-0.302136	-0.090659	0.100672	-0.040293
27.473433	-0.312209	-0.080585	0.100672	-0.040293
27.512514	-0.312209	-0.080585	0.090599	-0.030220
27.551594	-0.302136	-0.070512	0.090599	-0.030220
27.590675	-0.292063	-0.070512	0.090599	-0.030220
27.629757	-0.281990	-0.070512	0.090599	-0.040293
27.668839	-0.271916	-0.060439	0.090599	-0.060439
27.707920	-0.261843	-0.060439	0.090599	-0.070512
27.747002	-0.261843	-0.050366	0.070453	-0.080585
27.786081	-0.251830	-0.050366	0.060380	-0.070512
27.825163	-0.251830	-0.040293	0.050306	-0.070512
27.864244	-0.241756	-0.040293	0.040233	-0.060439
27.903326	-0.231683	-0.030220	0.050306	-0.060439
27.942408	-0.221610	-0.030220	0.050306	-0.070512
27.981489	-0.201464	-0.030220	0.050306	-0.070512
28.020569	-0.191391	-0.030220	0.040233	-0.080585
28.059650	-0.181317	-0.020146	0.040233	-0.080585
28.098732	-0.171244	-0.020146	0.020087	-0.080585
28.137814	-0.161171	-0.010073	0.010014	-0.070512
28.176895	-0.161171	-0.010073	0.000000	-0.070512
28.215975	-0.151098	-0.010073	0.000000	-0.070512
28.255056	-0.151098	-0.010073	-0.010073	-0.080585
28.294138	-0.141025	-0.010073	0.000000	-0.080585
28.333220	-0.141025	-0.010073	0.000000	-0.090659
28.372301	-0.130951	0.000000	0.000000	-0.090659
28.411383	-0.130951	0.000000	0.000000	-0.090659
28.450462	-0.130951	0.010014	-0.010073	-0.080585
28.489544	-0.130951	0.020087	-0.010073	-0.080585
28.528625	-0.120878	0.020087	-0.020146	-0.080585
28.567707	-0.110805	0.030160	-0.020146	-0.080585
28.606789	-0.100732	0.030160	-0.010073	-0.080585
28.645870	-0.090659	0.030160	-0.010073	-0.090659
28.684950	-0.080585	0.030160	-0.020146	-0.090659
28.724031	-0.080585	0.030160	-0.030220	-0.090659
28.763113	-0.070512	0.030160	-0.040293	-0.090659
28.802195	-0.070512	0.040233	-0.050366	-0.090659
28.841276	-0.060439	0.040233	-0.050366	-0.090659
28.880358	-0.060439	0.040233	-0.040293	-0.090659
28.919437	-0.050366	0.040233	-0.030220	-0.080585
28.958519	-0.050366	0.040233	-0.030220	-0.090659
28.997601	-0.040293	0.050306	-0.020146	-0.090659
29.036682	-0.040293	0.050306	-0.030220	-0.090659
29.075764	-0.030220	0.050306	-0.040293	-0.090659
29.114845	-0.030220	0.050306	-0.060439	-0.090659
29.153925	-0.030220	0.060380	-0.060439	-0.080585
29.193007	-0.030220	0.060380	-0.060439	-0.080585
29.232088	-0.020146	0.060380	-0.060439	-0.080585
29.271170	-0.020146	0.060380	-0.060439	-0.090659
29.310251	-0.020146	0.060380	-0.060439	-0.100732
29.349333	-0.020146	0.060380	-0.060439	-0.100732
29.388412	-0.020146	0.060380	-0.070512	-0.100732
29.427494	-0.020146	0.070453	-0.070512	-0.100732
29.466576	-0.010073	0.070453	-0.080585	-0.100732
29.505657	-0.010073	0.070453	-0.080585	-0.100732
29.544739	-0.010073	0.080526	-0.080585	-0.100732
29.583818	0.000000	0.080526	-0.070512	-0.100732
29.622900	0.000000	0.080526	-0.070512	-0.100732
29.661982	0.000000	0.080526	-0.060439	-0.100732
29.701063	-0.010073	0.080526	-0.060439	-0.110805
29.740145	0.000000	0.080526	-0.060439	-0.100732
29.779226	0.000000	0.080526	-0.060439	-0.100732
29.818306	0.000000	0.090599	-0.070512	-0.090659
29.857388	0.010014	0.090599	-0.080585	-0.090659
29.896469	0.010014	0.090599	-0.090659	-0.100732
29.935551	0.010014	0.090599	-0.100732	-0.100732
29.974632	0.020087	0.090599	-0.110805	-0.100732
30.013714	0.030160	0.090599	-0.110805	-0.100732
30.052794	0.030160	0.090599	-0.110805	-0.100732
30.091875	0.030160	0.090599	-0.110805	-0.100732
30.130957	0.030160	0.100672	-0.110805	-0.100732
30.170038	0.030160	0.100672	-0.110805	-0.090659
30.209120	0.040233	0.100672	-0.100732	-0.090659
30.248201	0.040233	0.100672	-0.100732	-0.090659
30.287281	0.050306	0.100672	-0.090659	-0.090659
30.326363	0.050306	0.100672	-0.090659	-0.090659
30.365444	0.050306	0.110745	-0.090659	-0.090659
30.404526	0.050306	0.110745	-0.090659	-0.090659
30.443607	0.060380	0.110745	-0.090659	-0.090659
30.482689	0.060380	0.110745	-0.100732	-0.090659
30.521769	0.070453	0.110745	-0.100732	-0.090659
30.560850	0.070453	0.110745	-0.100732	-0.100732
30.599932	0.060380	0.100672	-0.100732	-0.100732
30.639013	0.060380	0.100672	-0.100732	-0.110805
30.678095	0.060380	0.100672	-0.100732	-0.110805
30.717175	0.060380	0.100672	-0.100732	-0.120878
30.756256	0.070453	0.110745	-0.100732	-0.110805
30.795338	0.080526	0.110745	-0.110805	-0.110805
30.834419	0.080526	0.110745	-0.110805	-0.110805
30.873501	0.080526	0.100672	-0.100732	-0.110805
30.912582	0.080526	0.100672	-0.100732	-0.110805
30.951662	0.080526	0.110745	-0.090659	-0.110805
30.990744	0.080526	0.110745	-0.080585	-0.110805
31.029825	0.080526	0.120819	-0.080585	-0.110805
31.068907	0.080526	0.120819	-0.090659	-0.110805
31.107988	0.080526	0.120819	-0.100732	-0.100732
31.147070	0.080526	0.120819	-0.100732	-0.100732
31.186150	0.080526	0.120819	-0.100732	-0.110805
31.225231	0.080526	0.120819	-0.100732	-0.110805
31.264313	0.080526	0.120819	-0.110805	-0.100732
31.303394	0.080526	0.120819	-0.110805	-0.100732
31.342476	0.090599	0.130892	-0.110805	-0.100732
31.381557	0.090599	0.130892	-0.110805	-0.090659
31.420637	0.090599	0.130892	-0.110805	-0.090659
31.459719	0.090599	0.130892	-0.110805	-0.090659
31.498800	0.100672	0.120819	-0.110805	-0.090659
31.537882	0.100672	0.120819	-0.110805	-0.100732
31.576963	0.100672	0.120819	-0.110805	-0.110805
31.616045	0.100672	0.120819	-0.110805	-0.110805
31.655125	0.100672	0.120819	-0.110805	-0.110805
31.694206	0.100672	0.120819	-0.110805	-0.120878
31.733288	0.100672	0.120819	-0.110805	-0.120878
31.772369	0.100672	0.120819	-0.120878	-0.120878
31.811451	0.100672	0.120819	-0.120878	-0.120878
31.850531	0.100672	0.120819	-0.120878	-0.130951
31.889612	0.100672	0.130892	-0.120878	-0.130951
31.928694	0.110745	0.130892	-0.120878	-0.130951
31.967775	0.110745	0.140965	-0.120878	-0.130951
32.006855	0.100672	0.140965	-0.120878	-0.130951
32.045937	0.100672	0.140965	-0.120878	-0.120878
32.085018	0.100672	0.140965	-0.120878	-0.120878
32.124100	0.100672	0.140965	-0.120878	-0.120878
32.163181	0.110745	0.140965	-0.110805	-0.120878
32.202263	0.110745	0.140965	-0.100732	-0.110805
32.241344	0.110745	0.140965	-0.100732	-0.110805
32.280426	0.110745	0.130892	-0.110805	-0.110805
32.319508	0.110745	0.130892	-0.110805	-0.110805
32.358589	0.110745	0.130892	-0.120878	-0.110805
32.397671	0.110745	0.130892	-0.130951	-0.110805
32.436749	0.110745	0.130892	-0.130951	-0.110805
32.475830	0.120819	0.130892	-0.120878	-0.120878
32.514912	0.120819	0.130892	-0.120878	-0.120878
32.553993	0.120819	0.140965	-0.120878	-0.120878
32.593075	0.120819	0.151038	-0.130951	-0.130951
32.632156	0.110745	0.151038	-0.130951	-0.130951
32.671238	0.110745	0.151038	-0.130951	-0.130951
32.710320	0.110745	0.140965	-0.130951	-0.120878
32.749401	0.110745	0.140965	-0.130951	-0.120878
32.788483	0.120819	0.140965	-0.130951	-0.120878
32.827564	0.120819	0.140965	-0.120878	-0.130951
32.866642	0.130892	0.151038	-0.120878	-0.130951
32.905724	0.130892	0.151038	-0.120878	-0.130951
32.944805	0.130892	0.151038	-0.120878	-0.130951
32.983887	0.140965	0.151038	-0.120878	-0.130951
33.022968	0.140965	0.151038	-0.130951	-0.120878
33.062050	0.130892	0.151038	-0.130951	-0.120878
33.101131	0.130892	0.151038	-0.130951	-0.110805
33.140213	0.120819	0.151038	-0.130951	-0.110805
33.179295	0.120819	0.140965	-0.130951	-0.110805
33.218376	0.120819	0.140965	-0.130951	-0.110805
33.257458	0.120819	0.140965	-0.130951	-0.120878
33.296539	0.130892	0.151038	-0.130951	-0.120878
33.335617	0.130892	0.140965	-0.130951	-0.120878
33.374699	0.130892	0.140965	-0.130951	-0.120878
33.413780	0.130892	0.140965	-0.141025	-0.120878
33.452862	0.130892	0.140965	-0.141025	-0.130951
33.491943	0.120819	0.140965	-0.130951	-0.130951
33.531025	0.120819	0.140965	-0.120878	-0.141025
33.570107	0.120819	0.130892	-0.120878	-0.141025
33.609188	0.120819	0.130892	-0.120878	-0.141025
33.648270	0.110745	0.130892	-0.130951	-0.130951
33.687351	0.110745	0.130892	-0.130951	-0.130951
33.726433	0.120819	0.130892	-0.141025	-0.120878
33.765514	0.120819	0.130892	-0.141025	-0.130951
33.804592	0.130892	0.130892	-0.141025	-0.130951
33.843674	0.140965	0.130892	-0.130951	-0.141025
33.882755	0.140965	0.140965	-0.130951	-0.141025
33.921837	0.140965	0.140965	-0.130951	-0.141025
33.960918	0.140965	0.140965	-0.141025	-0.141025
