22.510115	0.010058	0.127554	0.013426	-0.003368
22.549194	0.010058	0.134274	0.010058	0.000000
22.588276	0.010058	0.144348	0.010058	0.000000
22.627357	0.013426	0.151053	0.016779	-0.003368
22.666439	0.013426	0.161126	0.013426	-0.013441
22.705521	0.013426	0.171199	0.006706	-0.013441
22.744602	0.016779	0.184625	0.003353	-0.010073
22.783682	0.020131	0.194699	0.013426	-0.006720
22.822763	0.023484	0.204772	0.020131	-0.010073
22.861845	0.030205	0.218198	0.016779	-0.016794
22.900927	0.030205	0.228271	0.003353	-0.020146
22.940008	0.033557	0.241697	0.000000	-0.020146
22.979090	0.036925	0.255123	0.006706	-0.023499
23.018169	0.040278	0.268549	0.010058	-0.030220
23.057251	0.043631	0.281975	0.006706	-0.033572
23.096333	0.046983	0.295401	0.006706	-0.030220
23.135414	0.053704	0.308827	0.010058	-0.026867
23.174496	0.057057	0.325620	0.013426	-0.030220
23.213577	0.063777	0.339046	0.010058	-0.036940
23.252657	0.067130	0.355825	-0.003368	-0.036940
23.291739	0.070482	0.372618	-0.010073	-0.033572
23.330820	0.077203	0.386044	-0.006720	-0.033572
23.369902	0.083923	0.402823	0.000000	-0.040293
23.408983	0.087276	0.419617	-0.003368	-0.046998
23.448065	0.093982	0.439748	-0.006720	-0.050366
23.487144	0.100702	0.456542	-0.010073	-0.046998
23.526226	0.104055	0.476673	-0.003368	-0.043646
23.565308	0.110775	0.496820	-0.003368	-0.050366
23.604389	0.117481	0.516966	-0.006720	-0.060439
23.643471	0.124201	0.537112	-0.010073	-0.070497
23.682550	0.130907	0.560597	-0.006720	-0.070497
23.721632	0.140980	0.580743	0.000000	-0.073865
23.760714	0.147700	0.604242	0.000000	-0.077218
23.799795	0.154406	0.627741	-0.010073	-0.077218
23.838877	0.164479	0.654593	-0.013441	-0.073865
23.877958	0.171199	0.681460	-0.013441	-0.077218
23.917038	0.181273	0.718385	-0.010073	-0.097364
23.956120	0.187978	0.748590	-0.010073	-0.110790
23.995201	0.198051	0.778809	-0.016794	-0.114143
24.034283	0.208125	0.809014	-0.016794	-0.107422
24.073364	0.218198	0.842586	-0.016794	-0.114143
24.112446	0.228271	0.876158	-0.016794	-0.127569
24.151525	0.234976	0.909731	-0.026867	-0.134289
24.190607	0.245050	0.946656	-0.033572	-0.134289
24.229689	0.255123	0.983581	-0.030220	-0.137642
24.268770	0.265196	1.020506	-0.023499	-0.151068
24.307852	0.278622	1.060784	-0.020146	-0.164494
24.346933	0.288695	1.104429	-0.026867	-0.171214
24.386013	0.298768	1.151428	-0.036940	-0.171214
24.425095	0.312194	1.198426	-0.036940	-0.177920
24.464176	0.322267	1.245424	-0.033572	-0.191361
24.503258	0.335693	1.295775	-0.033572	-0.198066
24.542339	0.349119	1.342773	-0.040293	-0.201419
24.581421	0.362545	1.396492	-0.046998	-0.208139
24.620501	0.375971	1.450196	-0.043646	-0.221565
24.659582	0.389397	1.507267	-0.043646	-0.238344
24.698664	0.406191	1.571044	-0.046998	-0.251785
24.737745	0.419617	1.641542	-0.053719	-0.258490
24.776827	0.436395	1.722112	-0.050366	-0.275284
24.815907	0.449821	1.802683	-0.046998	-0.298783
24.854988	0.466615	1.889959	-0.050366	-0.328988
24.894070	0.483394	1.983956	-0.063792	-0.349134
24.933151	0.503540	2.081305	-0.070497	-0.372633
24.972233	0.520319	2.185374	-0.067145	-0.399485
25.011314	0.540465	2.296150	-0.063792	-0.433058
25.050394	0.560597	2.416998	-0.067145	-0.469983
25.089476	0.580743	2.554640	-0.077218	-0.500187
25.128557	0.600889	2.705693	-0.077218	-0.537112
25.167639	0.624388	2.880260	-0.073865	-0.590831
25.206720	0.644535	3.091753	-0.077218	-0.661328
25.245802	0.668019	3.350228	-0.090644	-0.745252
25.284882	0.691518	3.682569	-0.097364	-0.849321
25.323963	0.718385	4.135757	-0.093997	-0.990301
25.363045	0.745237	4.770219	-0.090644	-1.188368
25.402126	0.772089	5.656451	-0.097364	-1.470357
25.441208	0.798941	6.911963	-0.110790	-1.876548
25.480289	0.829160	8.657575	-0.117496	-2.467364
25.519369	0.859380	10.997370	-0.117496	-3.296539
25.558451	0.892937	14.052197	-0.120863	-4.380837
25.597532	0.923157	17.775059	-0.130922	-5.686686
25.636614	0.956729	21.927610	-0.144362	-7.069752
25.675695	0.993654	26.130512	-0.147715	-8.291677
25.714777	1.030579	29.819801	-0.144362	-9.097353
25.753857	1.070857	32.528862	-0.151068	-9.312198
25.792938	1.111150	34.076408	-0.164494	-8.983210
25.832020	1.154780	34.405396	-0.181288	-8.244678
25.871101	1.198426	33.525867	-0.184640	-7.244304
25.910183	1.245424	31.404287	-0.184640	-6.082803
25.949263	1.292422	28.094322	-0.194713	-4.810527
25.988344	1.339421	23.857847	-0.211492	-3.497958
26.027426	1.389772	19.158125	-0.228286	-2.269313
26.066507	1.440123	14.750436	-0.238344	-1.289070
26.105589	1.493841	11.265919	-0.245064	-0.694901
26.144670	1.554266	8.842200	-0.265211	-0.429690
26.183750	1.618043	7.264435	-0.285342	-0.335708
26.222832	1.685187	6.210357	-0.302136	-0.302136
26.261913	1.759037	5.458400	-0.315562	-0.292063
26.300995	1.839608	4.891068	-0.332341	-0.298783
26.340076	1.923531	4.447952	-0.359207	-0.298783
26.379158	2.014160	4.088759	-0.386059	-0.288710
26.418238	2.111509	3.779918	-0.409558	-0.281990
26.457319	2.208874	3.511369	-0.433058	-0.278637
26.496401	2.312928	3.269658	-0.466630	-0.271916
26.535482	2.423718	3.054812	-0.513628	-0.258490
26.574564	2.547920	2.860114	-0.567332	-0.234991
26.613646	2.678841	2.685562	-0.617683	-0.221565
26.652725	2.826542	2.531141	-0.674754	-0.218213
26.691807	2.984330	2.386779	-0.748605	-0.214845
26.730888	3.158882	2.259225	-0.845954	-0.198066
26.769970	3.370374	2.145082	-0.956744	-0.181288
26.809052	3.625497	2.037659	-1.077592	-0.174567
26.848133	4.055187	1.940310	-1.279011	-0.174567
26.887213	4.552022	1.846313	-1.507282	-0.167862
26.926294	5.314052	1.759037	-1.799330	-0.154421
26.965376	6.569550	1.675114	-2.161890	-0.144362
27.004457	8.677721	1.597896	-2.551287	-0.137642
27.043539	11.863455	1.527399	-2.886981	-0.127569
27.082619	16.002581	1.456916	-3.074974	-0.114143
27.121700	20.695597	1.396492	-3.071621	-0.100717
27.160782	25.385262	1.336053	-2.846703	-0.100717
27.199863	29.588163	1.278996	-2.403587	-0.104070
27.238945	33.062622	1.225278	-1.738906	-0.107422
27.278027	35.587044	1.171574	-0.886247	-0.097364
27.317106	36.970108	1.124576	0.070482	-0.087291
27.356188	36.923111	1.080930	0.939935	-0.080571
27.395269	35.170780	1.037285	1.456916	-0.077218
27.434351	31.857475	0.993654	1.527399	-0.077218
27.473433	27.523636	0.953361	1.262203	-0.070497
27.512514	22.921265	0.913084	0.852659	-0.070497
27.551594	18.664642	0.876158	0.439748	-0.070497
27.590675	15.022352	0.842586	0.107422	-0.067145
27.629757	12.105167	0.809014	-0.127569	-0.060439
27.668839	9.876147	0.775442	-0.268564	-0.046998
27.707920	8.194312	0.745237	-0.342414	-0.040293
27.747002	6.942168	0.718385	-0.379339	-0.040293
27.786081	6.019011	0.691518	-0.392765	-0.040293
27.825163	5.314052	0.664666	-0.386059	-0.036940
27.864244	4.766867	0.637814	-0.365913	-0.033572
27.903326	4.333824	0.614315	-0.345767	-0.030220
27.942408	3.971264	0.590816	-0.332341	-0.030220
27.981489	3.665790	0.567317	-0.318915	-0.026867
28.020569	3.400579	0.543818	-0.302136	-0.023499
28.059650	3.168955	0.523672	-0.278637	-0.020146
28.098732	2.960831	0.503540	-0.258490	-0.016794
28.137814	2.779543	0.480041	-0.248417	-0.016794
28.176895	2.615064	0.463247	-0.234991	-0.016794
28.215975	2.470717	0.443116	-0.221565	-0.013441
28.255056	2.339795	0.426322	-0.208139	-0.010073
28.294138	2.218932	0.406191	-0.194713	-0.010073
28.333220	2.111509	0.389397	-0.184640	-0.006720
28.372301	2.007455	0.372618	-0.177920	0.000000
28.411383	1.910105	0.355825	-0.167862	0.006706
28.450462	1.799315	0.342399	-0.154421	0.006706
28.489544	1.715392	0.325620	-0.151068	0.006706
28.528625	1.634821	0.308827	-0.147715	0.006706
28.567707	1.560971	0.295401	-0.137642	0.013426
28.606789	1.490474	0.281975	-0.127569	0.020131
28.645870	1.423344	0.268549	-0.117496	0.016779
28.684950	1.362920	0.255123	-0.114143	0.013426
28.724031	1.302496	0.241697	-0.107422	0.013426
28.763113	1.248777	0.228271	-0.093997	0.023484
28.802195	1.195073	0.218198	-0.083938	0.026852
28.841276	1.144707	0.204772	-0.083938	0.023484
28.880358	1.101077	0.194699	-0.087291	0.020131
28.919437	1.054078	0.184625	-0.083938	0.023484
28.958519	1.013786	0.174552	-0.077218	0.026852
28.997601	0.973508	0.161126	-0.067145	0.026852
29.036682	0.933230	0.151053	-0.067145	0.026852
29.075764	0.896305	0.140980	-0.070497	0.030205
29.114845	0.859380	0.130907	-0.070497	0.040278
29.153925	0.825807	0.124201	-0.067145	0.036925
29.193007	0.795588	0.114128	-0.060439	0.026852
29.232088	0.765383	0.104055	-0.057071	0.023484
29.271170	0.735164	0.093982	-0.053719	0.030205
29.310251	0.704959	0.083923	-0.043646	0.040278
29.349333	0.678092	0.077203	-0.033572	0.043631
29.388412	0.651240	0.067130	-0.030220	0.040278
29.427494	0.624388	0.060424	-0.036940	0.036925
29.466576	0.600889	0.053704	-0.036940	0.036925
29.505657	0.577390	0.046983	-0.023499	0.036925
29.544739	0.557244	0.040278	-0.013441	0.033557
29.583818	0.533745	0.030205	-0.016794	0.033557
29.622900	0.510246	0.023484	-0.023499	0.040278
29.661982	0.493467	0.016779	-0.023499	0.046983
29.701063	0.473320	0.006706	-0.016794	0.046983
29.740145	0.453174	0.000000	-0.016794	0.040278
29.779226	0.436395	-0.006720	-0.020146	0.036925
29.818306	0.416249	-0.013441	-0.020146	0.040278
29.857388	0.399470	-0.020146	-0.013441	0.046983
29.896469	0.386044	-0.026867	-0.003368	0.050351
29.935551	0.369251	-0.033572	-0.003368	0.046983
29.974632	0.349119	-0.040293	-0.003368	0.046983
30.013714	0.335693	-0.043646	0.000000	0.053704
30.052794	0.318900	-0.050366	0.006706	0.057057
30.091875	0.305474	-0.053719	0.013426	0.057057
30.130957	0.295401	-0.060439	0.013426	0.050351
30.170038	0.281975	-0.063792	0.006706	0.046983
30.209120	0.268549	-0.070497	0.006706	0.050351
30.248201	0.255123	-0.077218	0.010058	0.053704
30.287281	0.241697	-0.080571	0.013426	0.053704
30.326363	0.228271	-0.087291	0.010058	0.050351
30.365444	0.218198	-0.090644	0.013426	0.050351
30.404526	0.204772	-0.097364	0.020131	0.057057
30.443607	0.194699	-0.100717	0.023484	0.060424
30.482689	0.181273	-0.107422	0.020131	0.053704
30.521769	0.171199	-0.110790	0.013426	0.046983
30.560850	0.157773	-0.117496	0.016779	0.050351
30.599932	0.147700	-0.120863	0.023484	0.057057
30.639013	0.134274	-0.124216	0.026852	0.063777
30.678095	0.124201	-0.130922	0.020131	0.063777
30.717175	0.114128	-0.134289	0.016779	0.063777
30.756256	0.104055	-0.137642	0.016779	0.070482
30.795338	0.097349	-0.140995	0.023484	0.073850
30.834419	0.087276	-0.147715	0.026852	0.063777
30.873501	0.080556	-0.151068	0.026852	0.057057
30.912582	0.073850	-0.154421	0.026852	0.060424
30.951662	0.063777	-0.157788	0.033557	0.070482
30.990744	0.057057	-0.161141	0.036925	0.073850
31.029825	0.046983	-0.167862	0.036925	0.067130
31.068907	0.036925	-0.171214	0.036925	0.060424
31.107988	0.030205	-0.174567	0.036925	0.060424
31.147070	0.020131	-0.177920	0.040278	0.060424
31.186150	0.013426	-0.181288	0.040278	0.060424
31.225231	0.006706	-0.184640	0.033557	0.063777
31.264313	0.000000	-0.187993	0.036925	0.067130
31.303394	-0.003368	-0.191361	0.043631	0.073850
31.342476	-0.010073	-0.194713	0.050351	0.073850
31.381557	-0.016794	-0.198066	0.050351	0.070482
31.420637	-0.023499	-0.201419	0.043631	0.067130
31.459719	-0.030220	-0.204787	0.040278	0.070482
31.498800	-0.036940	-0.208139	0.046983	0.077203
31.537882	-0.043646	-0.208139	0.053704	0.077203
31.576963	-0.046998	-0.211492	0.050351	0.067130
31.616045	-0.053719	-0.214845	0.046983	0.063777
31.655125	-0.057071	-0.218213	0.046983	0.067130
31.694206	-0.063792	-0.218213	0.053704	0.070482
31.733288	-0.070497	-0.221565	0.050351	0.070482
31.772369	-0.077218	-0.224918	0.040278	0.067130
31.811451	-0.080571	-0.228286	0.033557	0.070482
31.850531	-0.087291	-0.231639	0.040278	0.073850
31.889612	-0.093997	-0.231639	0.050351	0.073850
31.928694	-0.100717	-0.234991	0.053704	0.070482
31.967775	-0.107422	-0.238344	0.050351	0.070482
32.006855	-0.110790	-0.241712	0.050351	0.080556
32.045937	-0.114143	-0.241712	0.053704	0.083923
32.085018	-0.120863	-0.245064	0.053704	0.080556
32.124100	-0.124216	-0.248417	0.050351	0.077203
32.163181	-0.127569	-0.248417	0.046983	0.077203
32.202263	-0.130922	-0.251785	0.053704	0.080556
32.241344	-0.137642	-0.255138	0.063777	0.080556
32.280426	-0.140995	-0.255138	0.067130	0.080556
32.319508	-0.147715	-0.258490	0.060424	0.080556
32.358589	-0.151068	-0.261843	0.053704	0.083923
32.397671	-0.154421	-0.261843	0.060424	0.083923
32.436749	-0.161141	-0.265211	0.070482	0.080556
32.475830	-0.164494	-0.268564	0.070482	0.073850
32.514912	-0.167862	-0.268564	0.063777	0.073850
32.553993	-0.171214	-0.268564	0.060424	0.077203
32.593075	-0.174567	-0.271916	0.063777	0.083923
32.632156	-0.177920	-0.271916	0.067130	0.083923
32.671238	-0.181288	-0.275284	0.070482	0.080556
32.710320	-0.184640	-0.278637	0.073850	0.080556
32.749401	-0.187993	-0.278637	0.077203	0.083923
32.788483	-0.191361	-0.278637	0.080556	0.083923
32.827564	-0.198066	-0.281990	0.073850	0.077203
32.866642	-0.201419	-0.281990	0.067130	0.073850
32.905724	-0.204787	-0.281990	0.067130	0.077203
32.944805	-0.208139	-0.285342	0.073850	0.083923
32.983887	-0.211492	-0.285342	0.080556	0.087276
33.022968	-0.211492	-0.285342	0.083923	0.077203
33.062050	-0.214845	-0.285342	0.077203	0.070482
33.101131	-0.221565	-0.288710	0.070482	0.070482
33.140213	-0.224918	-0.288710	0.070482	0.077203
33.179295	-0.224918	-0.288710	0.070482	0.080556
33.218376	-0.228286	-0.288710	0.073850	0.073850
33.257458	-0.231639	-0.288710	0.077203	0.077203
33.296539	-0.234991	-0.288710	0.077203	0.083923
33.335617	-0.238344	-0.288710	0.077203	0.087276
33.374699	-0.241712	-0.288710	0.077203	0.080556
33.413780	-0.248417	-0.288710	0.070482	0.073850
33.452862	-0.251785	-0.292063	0.063777	0.080556
33.491943	-0.255138	-0.292063	0.067130	0.090629
33.531025	-0.255138	-0.292063	0.073850	0.090629
33.570107	-0.258490	-0.292063	0.077203	0.083923
33.609188	-0.261843	-0.292063	0.077203	0.077203
33.648270	-0.265211	-0.292063	0.073850	0.080556
33.687351	-0.265211	-0.292063	0.080556	0.083923
33.726433	-0.268564	-0.292063	0.080556	0.083923
33.765514	-0.271916	-0.288710	0.080556	0.077203
33.804592	-0.271916	-0.288710	0.077203	0.077203
33.843674	-0.275284	-0.285342	0.077203	0.080556
33.882755	-0.278637	-0.285342	0.080556	0.080556
33.921837	-0.278637	-0.281990	0.083923	0.080556
33.960918	-0.281990	-0.281990	0.080556	0.080556
