21.940655	0.070482	0.204772	-2.161890	-4.212976
21.950029	0.073850	0.204772	-2.356589	-4.293546
21.959404	0.077203	0.208125	-2.547935	-4.360691
21.968779	0.080556	0.208125	-2.709061	-4.384190
21.978153	0.083923	0.208125	-2.803057	-4.317045
21.987530	0.083923	0.208125	-2.796352	-4.129052
21.996904	0.083923	0.201404	-2.702355	-3.806785
22.006279	0.080556	0.191346	-2.564713	-3.390536
22.015654	0.077203	0.181273	-2.437160	-2.940700
22.025028	0.073850	0.174552	-2.346516	-2.504289
22.034403	0.073850	0.167847	-2.282739	-2.121598
22.043779	0.073850	0.161126	-2.229020	-1.812756
22.053154	0.073850	0.151053	-2.158523	-1.560986
22.062529	0.073850	0.144348	-2.061173	-1.366287
22.071903	0.073850	0.140980	-1.920179	-1.208514
22.081278	0.067130	0.140980	-1.742259	-1.084298
22.090654	0.063777	0.140980	-1.530781	-0.980243
22.100029	0.057057	0.144348	-1.225293	-0.869453
22.109404	0.053704	0.144348	-0.960097	-0.748605
22.118778	0.053704	0.140980	-0.704974	-0.631109
22.128153	0.050351	0.140980	-0.493482	-0.557259
22.137529	0.046983	0.147700	-0.355840	-0.567332
22.146904	0.046983	0.154406	-0.298783	-0.681475
22.156279	0.046983	0.161126	-0.328988	-0.892952
22.165653	0.046983	0.164479	-0.443131	-1.168221
22.175028	0.050351	0.164479	-0.634477	-1.463637
22.184402	0.053704	0.164479	-0.892952	-1.742259
22.193779	0.057057	0.164479	-1.185015	-1.977250
22.203154	0.060424	0.167847	-1.463637	-2.168596
22.212528	0.063777	0.171199	-1.705334	-2.289444
22.221903	0.067130	0.171199	-1.903400	-2.333090
22.231277	0.070482	0.174552	-2.074599	-2.302870
22.240654	0.073850	0.177905	-2.245814	-2.255872
22.250029	0.077203	0.177905	-2.437160	-2.252519
22.259403	0.080556	0.181273	-2.655357	-2.323017
22.268778	0.083923	0.184625	-2.880275	-2.470717
22.278152	0.087276	0.187978	-3.091767	-2.655357
22.287527	0.093982	0.194699	-3.259614	-2.829924
22.296904	0.097349	0.194699	-3.363669	-2.947405
22.306278	0.100702	0.191346	-3.403962	-2.974272
22.315653	0.100702	0.184625	-3.370389	-2.907127
22.325027	0.097349	0.177905	-3.276393	-2.739280
22.334402	0.093982	0.174552	-3.138751	-2.574787
22.343779	0.093982	0.174552	-2.974272	-2.417013
22.353153	0.090629	0.171199	-2.809778	-2.279371
22.362528	0.087276	0.167847	-2.648637	-2.185390
22.371902	0.083923	0.167847	-2.477437	-2.148449
22.381277	0.083923	0.171199	-2.282739	-2.155170
22.390654	0.083923	0.174552	-2.044394	-2.188742
22.400028	0.077203	0.177905	-1.775831	-2.232388
22.409403	0.070482	0.181273	-1.507282	-2.269313
22.418777	0.067130	0.181273	-1.275644	-2.296165
22.428152	0.063777	0.177905	-1.101092	-2.302870
22.437527	0.063777	0.177905	-0.980243	-2.292812
22.446903	0.063777	0.177905	-0.886247	-2.282739
22.456278	0.063777	0.177905	-0.798956	-2.276018
22.465652	0.063777	0.181273	-0.718400	-2.282739
22.475027	0.063777	0.184625	-0.661328	-2.299517
22.484402	0.067130	0.184625	-0.641182	-2.336442
22.493778	0.070482	0.184625	-0.661328	-2.386794
22.503153	0.070482	0.187978	-0.715032	-2.450585
22.512527	0.073850	0.194699	-0.812396	-2.511010
22.521902	0.077203	0.198051	-0.966802	-2.558008
22.531277	0.080556	0.198051	-1.208514	-2.584860
22.540651	0.083923	0.194699	-1.540855	-2.584860
22.550028	0.090629	0.194699	-1.970544	-2.564713
22.559402	0.100702	0.194699	-2.460659	-2.527788
22.568777	0.110775	0.194699	-2.960846	-2.494216
22.578152	0.117481	0.198051	-3.417387	-2.474084
22.587526	0.124201	0.198051	-3.790006	-2.487510
22.596903	0.127554	0.194699	-4.051849	-2.531156
22.606277	0.130907	0.194699	-4.206270	-2.601638
22.615652	0.134274	0.194699	-4.270047	-2.682209
22.625027	0.130907	0.198051	-4.259974	-2.746001
22.634401	0.130907	0.198051	-4.189476	-2.762780
22.643778	0.130907	0.201404	-4.082054	-2.692282
22.653152	0.130907	0.198051	-3.937706	-2.571434
22.662527	0.127554	0.194699	-3.766507	-2.437160
22.671902	0.120848	0.194699	-3.558383	-2.319664
22.681276	0.117481	0.198051	-3.293171	-2.242446
22.690651	0.114128	0.201404	-2.950773	-2.205521
22.700027	0.104055	0.204772	-2.527788	-2.208889
22.709402	0.097349	0.208125	-2.034321	-2.249166
22.718777	0.087276	0.211477	-1.503915	-2.312943
22.728151	0.080556	0.208125	-1.000375	-2.383441
22.737526	0.073850	0.204772	-0.570685	-2.433792
22.746902	0.067130	0.204772	-0.245064	-2.440512
22.756277	0.063777	0.208125	-0.050366	-2.390161
22.765652	0.063777	0.208125	0.023484	-2.289444
22.775026	0.070482	0.201404	0.003353	-2.182022
22.784401	0.073850	0.194699	-0.070497	-2.091393
22.793777	0.073850	0.191346	-0.161141	-2.037674
22.803152	0.073850	0.191346	-0.241712	-2.000749
22.812527	0.073850	0.191346	-0.315562	-1.980603
22.821901	0.077203	0.194699	-0.399485	-1.983970
22.831276	0.080556	0.198051	-0.513628	-2.020895
22.840651	0.083923	0.204772	-0.668034	-2.094746
22.850027	0.090629	0.208125	-0.845954	-2.192095
22.859402	0.093982	0.208125	-1.040667	-2.289444
22.868776	0.100702	0.211477	-1.248792	-2.359941
22.878151	0.104055	0.211477	-1.473710	-2.376735
22.887526	0.110775	0.214845	-1.712054	-2.326369
22.896902	0.117481	0.214845	-1.947045	-2.235740
22.906277	0.120848	0.214845	-2.128318	-2.151817
22.915651	0.120848	0.214845	-2.225667	-2.121598
22.925026	0.120848	0.214845	-2.239093	-2.178669
22.934401	0.120848	0.218198	-2.205521	-2.312943
22.943775	0.120848	0.224903	-2.171948	-2.490863
22.953152	0.120848	0.228271	-2.185390	-2.709061
22.962526	0.124201	0.231624	-2.252519	-2.853423
22.971901	0.124201	0.234976	-2.353236	-2.957478
22.981276	0.120848	0.234976	-2.433792	-3.031328
22.990650	0.120848	0.234976	-2.470717	-3.068268
23.000027	0.117481	0.238329	-2.447233	-3.048122
23.009401	0.114128	0.238329	-2.386794	-2.954125
23.018776	0.117481	0.234976	-2.302870	-2.786279
23.028151	0.120848	0.231624	-2.208889	-2.568081
23.037525	0.120848	0.228271	-2.098098	-2.356589
23.046902	0.117481	0.228271	-1.967177	-2.192095
23.056276	0.114128	0.228271	-1.826182	-2.088025
23.065651	0.114128	0.231624	-1.701981	-2.027601
23.075026	0.114128	0.228271	-1.624778	-1.977250
23.084400	0.114128	0.224903	-1.614705	-1.916826
23.093775	0.110775	0.218198	-1.668409	-1.829550
23.103151	0.110775	0.211477	-1.762405	-1.738906
23.112526	0.114128	0.211477	-1.859754	-1.654983
23.121901	0.117481	0.218198	-1.923546	-1.601279
23.131275	0.120848	0.224903	-1.943678	-1.584485
23.140650	0.120848	0.228271	-1.930252	-1.618057
23.150026	0.124201	0.231624	-1.913473	-1.718760
23.159401	0.124201	0.228271	-1.910120	-1.910120
23.168776	0.124201	0.231624	-1.910120	-2.188742
23.178150	0.127554	0.238329	-1.906753	-2.527788
23.187525	0.127554	0.248402	-1.879901	-2.964199
23.196901	0.127554	0.258476	-1.842976	-3.262967
23.206276	0.127554	0.261828	-1.795977	-3.481164
23.215651	0.124201	0.261828	-1.762405	-3.618807
23.225025	0.120848	0.261828	-1.748979	-3.699362
23.234400	0.120848	0.258476	-1.762405	-3.743008
23.243774	0.120848	0.258476	-1.802698	-3.773227
23.253151	0.120848	0.261828	-1.869828	-3.793359
23.262526	0.124201	0.261828	-1.967177	-3.790006
23.271900	0.127554	0.258476	-2.088025	-3.759787
23.281275	0.130907	0.258476	-2.212241	-3.716156
23.290649	0.130907	0.258476	-2.329737	-3.682584
23.300026	0.137627	0.261828	-2.420366	-3.655732
23.309401	0.140980	0.258476	-2.477437	-3.605381
23.318775	0.144348	0.258476	-2.507657	-3.494591
23.328150	0.151053	0.251770	-2.524436	-3.293171
23.337524	0.151053	0.248402	-2.537861	-2.994403
23.346899	0.147700	0.241697	-2.561361	-2.615079
23.356276	0.144348	0.234976	-2.594933	-2.182022
23.365650	0.144348	0.224903	-2.611712	-1.725480
23.375025	0.147700	0.214845	-2.594933	-1.282364
23.384399	0.151053	0.208125	-2.527788	-0.876173
23.393774	0.154406	0.201404	-2.420366	-0.530407
23.403151	0.151053	0.201404	-2.282739	-0.261843
23.412525	0.147700	0.201404	-2.145097	-0.083938
23.421900	0.144348	0.204772	-2.034321	0.003353
23.431274	0.140980	0.208125	-1.967177	0.016779
23.440649	0.144348	0.208125	-1.950398	-0.030220
23.450026	0.147700	0.211477	-1.980603	-0.124216
23.459400	0.147700	0.211477	-2.047747	-0.255138
23.468775	0.147700	0.214845	-2.141744	-0.412911
23.478149	0.144348	0.218198	-2.252519	-0.600904
23.487524	0.144348	0.218198	-2.356589	-0.819102
23.496899	0.147700	0.221550	-2.433792	-1.084298
23.506275	0.151053	0.224903	-2.470717	-1.399860
23.515650	0.154406	0.228271	-2.480790	-1.769125
23.525024	0.154406	0.238329	-2.487510	-2.178669
23.534399	0.154406	0.248402	-2.497584	-2.611712
23.543774	0.157773	0.261828	-2.511010	-3.048122
23.553150	0.161126	0.271901	-2.521083	-3.454313
23.562525	0.164479	0.278622	-2.511010	-3.783286
23.571899	0.164479	0.281975	-2.457291	-3.994778
23.581274	0.164479	0.278622	-2.356589	-4.078701
23.590649	0.161126	0.275269	-2.212241	-4.041776
23.600023	0.157773	0.275269	-1.987323	-3.920928
23.609400	0.157773	0.278622	-1.792625	-3.759787
23.618774	0.157773	0.278622	-1.591206	-3.585234
23.628149	0.154406	0.275269	-1.393139	-3.403962
23.637524	0.151053	0.271901	-1.225293	-3.202543
23.646898	0.147700	0.268549	-1.107797	-2.977624
23.656275	0.147700	0.268549	-1.057446	-2.732560
23.665649	0.147700	0.265196	-1.067519	-2.464011
23.675024	0.147700	0.261828	-1.121223	-2.185390
23.684399	0.151053	0.255123	-1.188368	-1.896679
23.693773	0.154406	0.251770	-1.245439	-1.618057
23.703150	0.154406	0.248402	-1.275644	-1.366287
23.712524	0.151053	0.248402	-1.279011	-1.164868
23.721899	0.151053	0.248402	-1.272291	-1.027241
23.731274	0.154406	0.251770	-1.265585	-0.973523
23.740648	0.157773	0.251770	-1.275644	-0.990301
23.750023	0.164479	0.255123	-1.315936	-1.050740
23.759399	0.167847	0.255123	-1.406565	-1.131296
23.768774	0.171199	0.258476	-1.557633	-1.228645
23.778149	0.171199	0.265196	-1.765758	-1.359567
23.787523	0.174552	0.268549	-2.004102	-1.540855
23.796898	0.177905	0.271901	-2.225667	-1.772478
23.806274	0.184625	0.275269	-2.390161	-2.047747
23.815649	0.184625	0.281975	-2.484158	-2.356589
23.825024	0.187978	0.288695	-2.517715	-2.688930
23.834398	0.187978	0.295401	-2.531156	-3.034696
23.843773	0.187978	0.302121	-2.561361	-3.390536
23.853149	0.191346	0.308827	-2.628505	-3.729582
23.862524	0.198051	0.318900	-2.735928	-4.004851
23.871899	0.201404	0.322267	-2.873555	-4.179418
23.881273	0.204772	0.328973	-3.017902	-4.223049
23.890648	0.204772	0.328973	-3.138751	-4.149199
23.900023	0.204772	0.332326	-3.205895	-3.991425
23.909399	0.208125	0.332326	-3.192470	-3.779933
23.918774	0.211477	0.332326	-3.088400	-3.544941
23.928148	0.211477	0.325620	-2.903774	-3.306612
23.937523	0.208125	0.322267	-2.675503	-3.071621
23.946898	0.201404	0.318900	-2.450585	-2.826557
23.956274	0.194699	0.315547	-2.252519	-2.554655
23.965649	0.191346	0.308827	-2.084672	-2.249166
23.975023	0.191346	0.302121	-1.950398	-1.913473
23.984398	0.194699	0.302121	-1.849681	-1.550913
23.993773	0.201404	0.298768	-1.782551	-1.188368
24.003147	0.201404	0.295401	-1.732200	-0.842601
24.012524	0.198051	0.295401	-1.671776	-0.540480
24.021898	0.194699	0.295401	-1.581132	-0.302136
24.031273	0.191346	0.295401	-1.463637	-0.151068
24.040648	0.191346	0.295401	-1.332715	-0.107422
24.050022	0.194699	0.298768	-1.218587	-0.181288
24.059399	0.194699	0.305474	-1.138017	-0.359207
24.068773	0.198051	0.312194	-1.101092	-0.607610
24.078148	0.198051	0.325620	-1.097724	-0.892952
24.087523	0.201404	0.335693	-1.121223	-1.185015
24.096897	0.201404	0.345752	-1.164868	-1.466990
24.106274	0.204772	0.352472	-1.238719	-1.732200
24.115648	0.208125	0.362545	-1.356214	-1.970544
24.125023	0.211477	0.369251	-1.517355	-2.175316
24.134398	0.218198	0.375971	-1.691908	-2.349868
24.143772	0.218198	0.379324	-1.859754	-2.511010
24.153147	0.221550	0.386044	-1.997396	-2.675503
24.162523	0.224903	0.396118	-2.111524	-2.866849
24.171898	0.231624	0.402823	-2.222314	-3.071621
24.181273	0.234976	0.409544	-2.329737	-3.273040
24.190647	0.238329	0.412896	-2.450585	-3.437519
24.200022	0.241697	0.416249	-2.578139	-3.538236
24.209398	0.245050	0.422969	-2.705708	-3.568441
24.218773	0.248402	0.426322	-2.836630	-3.538236
24.228148	0.255123	0.429690	-2.960846	-3.454313
24.237522	0.258476	0.433043	-3.071621	-3.316671
24.246897	0.261828	0.436395	-3.162250	-3.135398
24.256273	0.261828	0.436395	-3.232747	-2.917200
24.265648	0.261828	0.439748	-3.259614	-2.682209
24.275023	0.261828	0.439748	-3.236115	-2.450585
24.284397	0.261828	0.443116	-3.148824	-2.249166
24.293772	0.265196	0.449821	-2.991050	-2.064526
24.303146	0.265196	0.456542	-2.776206	-1.889974
24.312523	0.265196	0.463247	-2.477437	-1.722127
24.321898	0.261828	0.466615	-2.269313	-1.564354
24.331272	0.265196	0.469968	-2.124965	-1.440138
24.340647	0.268549	0.469968	-2.044394	-1.369640
24.350021	0.268549	0.476673	-2.007470	-1.352862
24.359398	0.271901	0.486746	-1.977250	-1.386434
24.368773	0.271901	0.500172	-1.936972	-1.456931
24.378147	0.271901	0.510246	-1.863122	-1.567706
24.387522	0.271901	0.520319	-1.765758	-1.715407
24.396896	0.271901	0.530392	-1.644909	-1.900047
24.406271	0.271901	0.543818	-1.520708	-2.111524
24.415648	0.275269	0.560597	-1.396492	-2.323017
24.425022	0.278622	0.574037	-1.292437	-2.507657
24.434397	0.281975	0.587463	-1.228645	-2.638578
24.443771	0.281975	0.600889	-1.218587	-2.715781
24.453146	0.281975	0.610963	-1.272291	-2.759427
24.462523	0.285327	0.624388	-1.362935	-2.796352
24.471897	0.285327	0.637814	-1.453564	-2.839983
24.481272	0.288695	0.651240	-1.524061	-2.893701
24.490646	0.295401	0.664666	-1.584485	-2.944052
24.500021	0.298768	0.678092	-1.661703	-2.987698
24.509398	0.305474	0.691518	-1.779199	-3.021270
24.518772	0.312194	0.704959	-1.950398	-3.031328
24.528147	0.318900	0.721738	-2.161890	-3.014550
24.537521	0.328973	0.738516	-2.383441	-2.974272
24.546896	0.335693	0.755310	-2.594933	-2.913847
24.556271	0.339046	0.772089	-2.772853	-2.833277
24.565647	0.342399	0.788882	-2.907127	-2.746001
24.575022	0.349119	0.805661	-2.994403	-2.658710
24.584396	0.352472	0.829160	-3.024623	-2.591580
24.593771	0.359192	0.852659	-3.007829	-2.551287
24.603146	0.362545	0.876158	-2.950773	-2.527788
24.612522	0.365898	0.899658	-2.880275	-2.511010
24.621897	0.369251	0.926509	-2.816483	-2.494216
24.631271	0.372618	0.956729	-2.766132	-2.464011
24.640646	0.375971	0.986934	-2.732560	-2.413660
24.650021	0.382692	1.020506	-2.719134	-2.346516
24.659395	0.389397	1.060784	-2.712429	-2.269313
24.668772	0.396118	1.097709	-2.692282	-2.208889
24.678146	0.396118	1.138002	-2.635211	-2.202168
24.687521	0.396118	1.181647	-2.534509	-2.262592
24.696896	0.396118	1.231998	-2.370015	-2.393514
24.706270	0.402823	1.285702	-2.151817	-2.574787
24.715647	0.406191	1.349494	-1.893327	-2.766132
24.725021	0.412896	1.423344	-1.628131	-2.933979
24.734396	0.416249	1.497194	-1.389787	-3.051475
24.743771	0.416249	1.581118	-1.218587	-3.105193
24.753145	0.419617	1.671761	-1.131296	-3.098473
24.762522	0.426322	1.772463	-1.124591	-3.044769
24.771896	0.433043	1.889959	-1.178294	-2.954125
24.781271	0.443116	2.024233	-1.258865	-2.853423
24.790646	0.449821	2.171934	-1.346141	-2.769500
24.800020	0.459895	2.339795	-1.433432	-2.719134
24.809395	0.466615	2.524421	-1.513988	-2.715781
24.818771	0.476673	2.725840	-1.597911	-2.766132
24.828146	0.490114	2.944037	-1.685202	-2.850056
24.837521	0.500172	3.236100	-1.795977	-2.954125
24.846895	0.513613	3.471076	-1.940325	-2.987698
24.856270	0.523672	3.695995	-2.124965	-2.937347
24.865646	0.537112	3.904134	-2.343163	-2.806425
24.875021	0.550538	4.092112	-2.568081	-2.625138
24.884396	0.560597	4.259959	-2.772853	-2.453938
24.893770	0.574037	4.411027	-2.940700	-2.353236
24.903145	0.590816	4.545301	-3.051475	-2.353236
24.912521	0.604242	4.659444	-3.098473	-2.450585
24.921896	0.610963	4.753441	-3.068268	-2.618432
24.931271	0.621036	4.823938	-2.957478	-2.819851
24.940645	0.631094	4.870936	-2.779558	-3.031328
24.950020	0.641167	4.897788	-2.564713	-3.222674
24.959394	0.651240	4.901141	-2.349868	-3.377095
24.968771	0.657961	4.887715	-2.165243	-3.474459
24.978146	0.671387	4.850790	-2.024248	-3.508017
24.987520	0.684813	4.787013	-1.896679	-3.491238
24.996895	0.701591	4.706442	-1.735553	-3.444240
25.006269	0.718385	4.605725	-1.524061	-3.410667
25.015646	0.735164	4.491597	-1.279011	-3.410667
25.025021	0.751957	4.364028	-1.030594	-3.454313
25.034395	0.772089	4.223034	-0.815749	-3.514737
25.043770	0.788882	4.065260	-0.657976	-3.551662
25.053144	0.809014	3.894061	-0.560611	-3.541589
25.062519	0.832513	3.706068	-0.527054	-3.481164
25.071896	0.859380	3.508002	-0.550553	-3.383815
25.081270	0.886232	3.299877	-0.631109	-3.266320
25.090645	0.916436	3.091753	-0.755325	-3.125325
25.100019	0.950009	2.883613	-0.923172	-2.964199
25.109394	0.983581	2.678841	-1.114517	-2.789631
25.118771	1.020506	2.484143	-1.319289	-2.611712
25.128145	1.060784	2.302855	-1.534134	-2.440512
25.137520	1.107782	2.138376	-1.762405	-2.306238
25.146894	1.154780	1.994029	-2.014175	-2.215594
25.156269	1.205131	1.866460	-2.296165	-2.178669
25.165646	1.262203	1.759037	-2.611712	-2.175316
25.175020	1.322627	1.658320	-2.940700	-2.185390
25.184395	1.386419	1.574397	-3.262967	-2.192095
25.193769	1.456916	1.497194	-3.548309	-2.195448
25.203144	1.537472	1.430050	-3.773227	-2.218947
25.212519	1.621395	1.369625	-3.920928	-2.259240
25.221895	1.715392	1.315922	-3.984704	-2.323017
25.231270	1.819462	1.262203	-3.961205	-2.393514
25.240644	1.933604	1.218572	-3.873930	-2.467364
25.250019	2.067879	1.178280	-3.732934	-2.544582
25.259394	2.218932	1.141354	-3.558383	-2.631858
25.268770	2.396852	1.107782	-3.346890	-2.735928
25.278145	2.594918	1.074225	-3.105193	-2.843350
25.287519	2.809763	1.047358	-2.843350	-2.940700
25.296894	3.041387	1.020506	-2.574787	-3.007829
25.306269	3.276378	0.993654	-2.333090	-3.024623
25.315645	3.518075	0.963435	-2.141744	-2.994403
25.325020	3.753066	0.936583	-2.007470	-2.917200
25.334394	3.971264	0.913084	-1.916826	-2.796352
25.343769	4.176035	0.889584	-1.836255	-2.631858
25.353144	4.364028	0.866085	-1.728833	-2.447233
25.362518	4.528522	0.842586	-1.587853	-2.276018
25.371895	4.672870	0.819087	-1.433432	-2.148449
25.381269	4.793718	0.798941	-1.322642	-2.081320
25.390644	4.891068	0.775442	-1.302510	-2.047747
25.400019	4.971638	0.758663	-1.409933	-2.020895
25.409393	5.032063	0.741884	-1.634836	-1.970544
25.418770	5.068988	0.725091	-1.943678	-1.893327
25.428144	5.089134	0.708312	-2.286091	-1.795977
25.437519	5.082414	0.688165	-2.621785	-1.701981
25.446894	5.055562	0.671387	-2.913847	-1.621410
25.456268	5.005211	0.651240	-3.152192	-1.560986
25.465643	4.931360	0.634462	-3.326744	-1.530781
25.475019	4.840717	0.621036	-3.447592	-1.544207
25.484394	4.729941	0.614315	-3.528163	-1.611337
25.493769	4.605725	0.604242	-3.581882	-1.725480
25.503143	4.464746	0.594169	-3.622159	-1.863122
25.512518	4.306957	0.584096	-3.655732	-1.997396
25.521894	4.129037	0.574037	-3.689304	-2.104819
25.531269	3.937691	0.563964	-3.712803	-2.175316
25.540644	3.732920	0.553891	-3.709435	-2.235740
25.550018	3.514722	0.547171	-3.659084	-2.306238
25.559393	3.293157	0.540465	-3.531516	-2.386794
25.568769	3.071606	0.530392	-3.320038	-2.467364
25.578144	2.850041	0.520319	-3.031328	-2.544582
25.587519	2.635196	0.516966	-2.692282	-2.611712
25.596893	2.437145	0.513613	-2.336442	-2.672136
25.606268	2.255872	0.506893	-1.990676	-2.715781
25.615643	2.098083	0.500172	-1.675129	-2.735928
25.625019	1.957089	0.490114	-1.413286	-2.719134
25.634394	1.829535	0.480041	-1.221940	-2.658710
25.643768	1.718760	0.469968	-1.114517	-2.551287
25.653143	1.618043	0.456542	-1.084298	-2.406940
25.662518	1.534119	0.449821	-1.101092	-2.225667
25.671894	1.456916	0.436395	-1.127943	-2.014175
25.681269	1.389772	0.426322	-1.138017	-1.765758
25.690643	1.329347	0.412896	-1.124591	-1.473710
25.700018	1.272276	0.399470	-1.111165	-1.141369
25.709393	1.218572	0.386044	-1.124591	-0.812396
25.718767	1.164854	0.379324	-1.188368	-0.537112
25.728144	1.124576	0.372618	-1.315936	-0.352487
25.737518	1.091003	0.365898	-1.517355	-0.271916
25.746893	1.060784	0.362545	-1.789257	-0.281990
25.756268	1.037285	0.355825	-2.114892	-0.339061
25.765642	1.010433	0.349119	-2.474084	-0.416264
25.775019	0.986934	0.345752	-2.816483	-0.503555
25.784393	0.963435	0.345752	-3.095120	-0.614330
25.793768	0.939935	0.345752	-3.276393	-0.758678
25.803143	0.919804	0.345752	-3.343537	-0.943318
25.812517	0.899658	0.345752	-3.336817	-1.151443
25.821894	0.876158	0.345752	-3.299892	-1.386434
25.831268	0.856012	0.349119	-3.279746	-1.658335
25.840643	0.832513	0.352472	-3.283113	-1.980603
25.850018	0.809014	0.355825	-3.293171	-2.336442
25.859392	0.792235	0.359192	-3.276393	-2.705708
25.868767	0.775442	0.362545	-3.212616	-3.054827
25.878143	0.758663	0.362545	-3.078327	-3.353596
25.887518	0.735164	0.362545	-2.880275	-3.585234
25.896893	0.715017	0.359192	-2.625138	-3.732934
25.906267	0.691518	0.355825	-2.336442	-3.790006
25.915642	0.674739	0.352472	-2.030969	-3.763154
25.925018	0.661314	0.349119	-1.732200	-3.662437
25.934393	0.647888	0.345752	-1.466990	-3.504664
25.943768	0.631094	0.339046	-1.242086	-3.306612
25.953142	0.614315	0.332326	-1.057446	-3.074974
25.962517	0.597537	0.325620	-0.903025	-2.813131
25.971893	0.584096	0.315547	-0.762030	-2.531156
25.981268	0.574037	0.308827	-0.627756	-2.249166
25.990643	0.560597	0.298768	-0.503555	-1.973897
26.000017	0.550538	0.292048	-0.406206	-1.722127
26.009392	0.537112	0.285327	-0.342414	-1.483783
26.018766	0.523672	0.278622	-0.312209	-1.242086
26.028143	0.513613	0.268549	-0.332341	-0.983596
26.037518	0.506893	0.258476	-0.406206	-0.728473
26.046892	0.500172	0.251770	-0.540480	-0.513628
26.056267	0.496820	0.248402	-0.731826	-0.375986
26.065641	0.493467	0.245050	-0.950024	-0.335708
26.075018	0.490114	0.245050	-1.168221	-0.386059
26.084393	0.483394	0.241697	-1.346141	-0.516981
26.093767	0.480041	0.241697	-1.480430	-0.718400
26.103142	0.476673	0.248402	-1.587853	-0.986949
26.112516	0.469968	0.255123	-1.701981	-1.329362
26.121891	0.466615	0.261828	-1.849681	-1.732200
26.131268	0.459895	0.268549	-2.037674	-2.178669
26.140642	0.456542	0.275269	-2.242446	-2.628505
26.150017	0.453174	0.281975	-2.430439	-3.051475
26.159391	0.449821	0.288695	-2.571434	-3.424093
26.168766	0.449821	0.295401	-2.662077	-3.736302
26.178143	0.443116	0.298768	-2.709061	-3.988072
26.187517	0.439748	0.302121	-2.732560	-4.179418
26.196892	0.433043	0.298768	-2.725854	-4.317045
26.206266	0.422969	0.295401	-2.668783	-4.390895
26.215641	0.416249	0.288695	-2.581507	-4.394263
26.225018	0.412896	0.285327	-2.480790	-4.323766
26.234392	0.406191	0.278622	-2.403587	-4.182771
26.243767	0.399470	0.271901	-2.373368	-3.977999
26.253141	0.392750	0.265196	-2.390161	-3.712803
26.262516	0.389397	0.258476	-2.430439	-3.393888
26.271891	0.389397	0.251770	-2.457291	-3.044769
26.281267	0.386044	0.241697	-2.437160	-2.682209
26.290642	0.379324	0.234976	-2.363294	-2.323017
26.300016	0.372618	0.224903	-2.252519	-1.987323
26.309391	0.365898	0.214845	-2.135024	-1.658335
26.318766	0.359192	0.204772	-2.024248	-1.352862
26.328142	0.355825	0.194699	-1.930252	-1.091018
26.337517	0.352472	0.191346	-1.839623	-0.906378
26.346891	0.349119	0.191346	-1.759052	-0.819102
26.356266	0.345752	0.191346	-1.705334	-0.825822
26.365641	0.342399	0.187978	-1.695275	-0.896320
26.375017	0.335693	0.187978	-1.718760	-1.000375
26.384392	0.335693	0.187978	-1.759052	-1.127943
26.393766	0.335693	0.187978	-1.795977	-1.289070
26.403141	0.332326	0.191346	-1.819476	-1.500562
26.412516	0.328973	0.198051	-1.829550	-1.762405
26.421890	0.322267	0.204772	-1.832902	-2.054468
26.431267	0.318900	0.208125	-1.829550	-2.346516
26.440641	0.315547	0.208125	-1.816124	-2.631858
26.450016	0.312194	0.211477	-1.792625	-2.897054
26.459391	0.308827	0.211477	-1.772478	-3.148824
26.468765	0.305474	0.218198	-1.772478	-3.367037
26.478142	0.305474	0.221550	-1.816124	-3.544941
26.487516	0.302121	0.218198	-1.896679	-3.659084
26.496891	0.298768	0.214845	-2.007470	-3.709435
26.506266	0.298768	0.214845	-2.114892	-3.706083
26.515640	0.298768	0.214845	-2.212241	-3.672510
26.525015	0.302121	0.218198	-2.289444	-3.618807
26.534391	0.298768	0.214845	-2.353236	-3.538236
26.543766	0.295401	0.211477	-2.413660	-3.414035
26.553141	0.288695	0.204772	-2.484158	-3.236115
26.562515	0.288695	0.198051	-2.571434	-3.007829
26.571890	0.288695	0.187978	-2.662077	-2.749354
26.581266	0.292048	0.181273	-2.739280	-2.457291
26.590641	0.292048	0.177905	-2.792984	-2.124965
26.600016	0.288695	0.171199	-2.826557	-1.762405
26.609390	0.285327	0.161126	-2.850056	-1.386434
26.618765	0.285327	0.151053	-2.870202	-1.017168
26.628141	0.281975	0.140980	-2.897054	-0.684828
26.637516	0.285327	0.137627	-2.927274	-0.409558
26.646891	0.288695	0.134274	-2.947405	-0.208139
26.656265	0.292048	0.130907	-2.947405	-0.093997
26.665640	0.288695	0.127554	-2.910480	-0.073865
26.675014	0.281975	0.127554	-2.836630	-0.151068
26.684391	0.275269	0.127554	-2.732560	-0.328988
26.693766	0.268549	0.130907	-2.581507	-0.590831
26.703140	0.265196	0.134274	-2.386794	-0.903025
26.712515	0.261828	0.140980	-2.151817	-1.225293
26.721889	0.255123	0.147700	-1.903400	-1.534134
26.731266	0.248402	0.154406	-1.675129	-1.826182
26.740641	0.245050	0.161126	-1.490489	-2.118245
26.750015	0.241697	0.164479	-1.349509	-2.423733
26.759390	0.241697	0.167847	-1.238719	-2.752707
26.768764	0.241697	0.174552	-1.138017	-3.088400
26.778139	0.238329	0.181273	-1.030594	-3.400594
26.787516	0.234976	0.181273	-0.916451	-3.635585
26.796890	0.228271	0.177905	-0.822455	-3.759787
26.806265	0.224903	0.171199	-0.782177	-3.773227
26.815639	0.224903	0.164479	-0.819102	-3.692657
26.825014	0.231624	0.164479	-0.929877	-3.555015
26.834391	0.234976	0.161126	-1.094371	-3.380463
26.843765	0.234976	0.157773	-1.282364	-3.179044
26.853140	0.234976	0.154406	-1.490489	-2.960846
26.862514	0.231624	0.147700	-1.712054	-2.749354
26.871889	0.234976	0.144348	-1.947045	-2.568081
26.881266	0.238329	0.140980	-2.195448	-2.420366
26.890640	0.245050	0.137627	-2.440512	-2.296165
26.900015	0.245050	0.137627	-2.655357	-2.161890
26.909389	0.245050	0.130907	-2.819851	-1.980603
26.918764	0.241697	0.124201	-2.933979	-1.748979
26.928139	0.238329	0.120848	-3.027976	-1.483783
26.937515	0.241697	0.117481	-3.125325	-1.221940
26.946890	0.245050	0.114128	-3.232747	-1.000375
26.956264	0.248402	0.110775	-3.313318	-0.849321
26.965639	0.248402	0.107422	-3.336817	-0.772104
26.975014	0.241697	0.104055	-3.289819	-0.775456
26.984390	0.234976	0.104055	-3.182396	-0.866100
26.993765	0.231624	0.104055	-3.034696	-1.033947
27.003139	0.228271	0.107422	-2.860129	-1.258865
27.012514	0.224903	0.114128	-2.645284	-1.510635
27.021889	0.221550	0.117481	-2.393514	-1.752332
27.031265	0.218198	0.124201	-2.128318	-1.970544
27.040640	0.211477	0.124201	-1.883253	-2.165243
27.050014	0.208125	0.124201	-1.681834	-2.349868
27.059389	0.204772	0.127554	-1.510635	-2.531156
27.068764	0.201404	0.130907	-1.349509	-2.725854
27.078138	0.201404	0.134274	-1.185015	-2.923906
27.087515	0.198051	0.137627	-1.020521	-3.115252
27.096889	0.191346	0.140980	-0.876173	-3.293171
27.106264	0.184625	0.140980	-0.772104	-3.440887
27.115639	0.181273	0.140980	-0.715032	-3.548309
27.125013	0.181273	0.140980	-0.694901	-3.598660
27.134390	0.184625	0.144348	-0.698254	-3.595307
27.143764	0.187978	0.140980	-0.731826	-3.538236
27.153139	0.187978	0.140980	-0.809029	-3.430814
27.162514	0.184625	0.134274	-0.953376	-3.289819
27.171888	0.184625	0.130907	-1.161516	-3.111899
27.181263	0.187978	0.124201	-1.413286	-2.900407
27.190639	0.194699	0.120848	-1.668409	-2.675503
27.200014	0.198051	0.117481	-1.896679	-2.457291
27.209389	0.201404	0.114128	-2.091393	-2.276018
27.218763	0.201404	0.110775	-2.262592	-2.141744
27.228138	0.201404	0.110775	-2.437160	-2.037674
27.237514	0.201404	0.107422	-2.618432	-1.936972
27.246889	0.204772	0.104055	-2.789631	-1.822829
27.256264	0.208125	0.104055	-2.927274	-1.708701
27.265638	0.211477	0.097349	-3.011197	-1.614705
27.275013	0.208125	0.093982	-3.051475	-1.564354
27.284389	0.208125	0.093982	-3.071621	-1.557633
27.293764	0.208125	0.090629	-3.085047	-1.591206
27.303139	0.208125	0.093982	-3.098473	-1.648277
27.312513	0.211477	0.093982	-3.095120	-1.718760
27.321888	0.208125	0.097349	-3.027976	-1.792625
27.331263	0.201404	0.097349	-2.910480	-1.863122
27.340639	0.194699	0.097349	-2.746001	-1.930252
27.350014	0.187978	0.100702	-2.544582	-1.990676
27.359388	0.184625	0.104055	-2.336442	-2.024248
27.368763	0.181273	0.104055	-2.128318	-2.010822
27.378138	0.181273	0.104055	-1.923546	-1.963824
27.387514	0.177905	0.104055	-1.705334	-1.913473
27.396889	0.174552	0.100702	-1.466990	-1.889974
27.406263	0.171199	0.097349	-1.232013	-1.903400
27.415638	0.164479	0.097349	-1.020521	-1.947045
27.425013	0.161126	0.093982	-0.852674	-2.000749
27.434389	0.157773	0.093982	-0.735179	-2.041027
27.443764	0.154406	0.097349	-0.647902	-2.067894
27.453138	0.151053	0.097349	-0.587478	-2.094746
27.462513	0.147700	0.100702	-0.547186	-2.138391
27.471888	0.144348	0.100702	-0.530407	-2.198815
27.481262	0.144348	0.104055	-0.547186	-2.252519
27.490639	0.147700	0.104055	-0.604257	-2.272666
27.500013	0.147700	0.100702	-0.694901	-2.262592
27.509388	0.151053	0.100702	-0.819102	-2.239093
27.518763	0.151053	0.100702	-0.956744	-2.232388
27.528137	0.154406	0.097349	-1.104444	-2.252519
27.537514	0.157773	0.097349	-1.252145	-2.312943
27.546888	0.161126	0.097349	-1.389787	-2.400234
27.556263	0.161126	0.100702	-1.503915	-2.494216
27.565638	0.161126	0.100702	-1.571059	-2.568081
27.575012	0.157773	0.100702	-1.584485	-2.605006
27.584387	0.157773	0.100702	-1.560986	-2.611712
27.593763	0.157773	0.100702	-1.524061	-2.588212
27.603138	0.157773	0.097349	-1.497209	-2.544582
27.612513	0.157773	0.097349	-1.513988	-2.484158
27.621887	0.157773	0.093982	-1.577780	-2.423733
27.631262	0.157773	0.093982	-1.688555	-2.370015
27.640638	0.157773	0.093982	-1.826182	-2.326369
27.650013	0.161126	0.093982	-1.973897	-2.299517
27.659388	0.167847	0.090629	-2.121598	-2.302870
27.668762	0.171199	0.090629	-2.245814	-2.336442
27.678137	0.171199	0.090629	-2.329737	-2.386794
27.687513	0.171199	0.090629	-2.373368	-2.427086
27.696888	0.167847	0.087276	-2.386794	-2.417013
27.706263	0.167847	0.083923	-2.396867	-2.339810
27.715637	0.167847	0.080556	-2.430439	-2.205521
27.725012	0.171199	0.080556	-2.477437	-2.051100
27.734386	0.171199	0.080556	-2.531156	-1.933604
27.743763	0.167847	0.080556	-2.578139	-1.889974
27.753138	0.164479	0.080556	-2.591580	-1.926899
27.762512	0.161126	0.080556	-2.547935	-2.014175
27.771887	0.161126	0.083923	-2.437160	-2.118245
27.781261	0.164479	0.083923	-2.255872	-2.218947
27.790638	0.161126	0.087276	-2.000749	-2.299517
27.800013	0.154406	0.087276	-1.678482	-2.333090
27.809387	0.144348	0.087276	-1.315936	-2.319664
27.818762	0.134274	0.083923	-0.956744	-2.262592
27.828136	0.127554	0.083923	-0.647902	-2.182022
27.837511	0.120848	0.083923	-0.436410	-2.094746
27.846888	0.120848	0.083923	-0.335708	-2.027601
27.856262	0.117481	0.080556	-0.342414	-2.000749
27.865637	0.117481	0.080556	-0.429690	-2.027601
27.875011	0.114128	0.080556	-0.570685	-2.091393
27.884386	0.114128	0.083923	-0.738531	-2.165243
27.893763	0.117481	0.080556	-0.913098	-2.225667
27.903137	0.120848	0.080556	-1.077592	-2.272666
27.912512	0.124201	0.080556	-1.215219	-2.309591
27.921886	0.127554	0.080556	-1.329362	-2.343163
27.931261	0.124201	0.080556	-1.446858	-2.370015
27.940638	0.124201	0.080556	-1.591206	-2.393514
27.950012	0.127554	0.077203	-1.842976	-2.413660
27.959387	0.130907	0.077203	-2.081320	-2.430439
27.968761	0.137627	0.077203	-2.326369	-2.457291
27.978136	0.140980	0.077203	-2.541214	-2.504289
27.987511	0.140980	0.077203	-2.709061	-2.581507
27.996887	0.140980	0.080556	-2.833277	-2.682209
28.006262	0.144348	0.083923	-2.927274	-2.776206
28.015636	0.147700	0.083923	-2.997771	-2.823204
28.025011	0.151053	0.083923	-3.027976	-2.799705
28.034386	0.154406	0.080556	-3.017902	-2.692282
28.043762	0.151053	0.077203	-2.967551	-2.514362
28.053137	0.144348	0.073850	-2.900407	-2.276018
28.062511	0.137627	0.070482	-2.829924	-2.000749
28.071886	0.134274	0.063777	-2.749354	-1.698628
28.081261	0.134274	0.057057	-2.652004	-1.399860
28.090637	0.137627	0.050351	-2.537861	-1.124591
28.100012	0.134274	0.043631	-2.406940	-0.886247
28.109386	0.130907	0.036925	-2.282739	-0.718400
28.118761	0.127554	0.036925	-2.178669	-0.641182
28.128136	0.124201	0.036925	-2.098098	-0.644535
28.137510	0.124201	0.040278	-2.024248	-0.718400
28.146887	0.124201	0.040278	-1.943678	-0.835896
28.156261	0.124201	0.043631	-1.846328	-0.966802
28.165636	0.117481	0.043631	-1.738906	-1.087666
28.175011	0.114128	0.046983	-1.648277	-1.201794
28.184385	0.110775	0.046983	-1.587853	-1.319289
28.193762	0.110775	0.050351	-1.571059	-1.456931
28.203136	0.114128	0.053704	-1.594558	-1.614705
28.212511	0.120848	0.057057	-1.651630	-1.792625
28.221886	0.127554	0.063777	-1.738906	-1.997396
28.231260	0.130907	0.067130	-1.853049	-2.229020
28.240635	0.134274	0.070482	-1.977250	-2.480790
28.250011	0.137627	0.073850	-2.101466	-2.732560
28.259386	0.140980	0.077203	-2.208889	-2.947405
28.268761	0.147700	0.080556	-2.279371	-3.098473
28.278135	0.147700	0.080556	-2.312943	-3.158897
28.287510	0.144348	0.077203	-2.316311	-3.132045
28.296886	0.137627	0.077203	-2.299517	-3.027976
28.306261	0.130907	0.077203	-2.262592	-2.870202
28.315636	0.124201	0.070482	-2.215594	-2.675503
28.325010	0.120848	0.067130	-2.155170	-2.467364
28.334385	0.124201	0.060424	-2.077967	-2.282739
28.343761	0.120848	0.060424	-1.983970	-2.155170
28.353136	0.120848	0.060424	-1.876548	-2.094746
28.362511	0.114128	0.057057	-1.769125	-2.084672
28.371885	0.114128	0.057057	-1.678482	-2.094746
28.381260	0.110775	0.053704	-1.628131	-2.091393
28.390635	0.110775	0.053704	-1.631483	-2.061173
28.400011	0.114128	0.053704	-1.685202	-1.997396
28.409386	0.114128	0.053704	-1.779199	-1.916826
28.418760	0.114128	0.050351	-1.876548	-1.849681
28.428135	0.110775	0.050351	-1.947045	-1.822829
28.437510	0.110775	0.050351	-1.994044	-1.859754
28.446886	0.114128	0.053704	-2.027601	-1.960471
28.456261	0.114128	0.057057	-2.071247	-2.131671
28.465635	0.117481	0.063777	-2.124965	-2.353236
28.475010	0.120848	0.067130	-2.188742	-2.605006
28.484385	0.127554	0.073850	-2.252519	-2.860129
28.493759	0.130907	0.077203	-2.299517	-3.085047
28.503136	0.134274	0.080556	-2.323017	-3.259614
28.512510	0.134274	0.080556	-2.319664	-3.353596
28.521885	0.134274	0.080556	-2.286091	-3.356963
28.531260	0.130907	0.080556	-2.208889	-3.269672
28.540634	0.127554	0.073850	-2.084672	-3.115252
28.550011	0.120848	0.070482	-1.923546	-2.947405
28.559385	0.114128	0.070482	-1.762405	-2.796352
28.568760	0.107422	0.067130	-1.631483	-2.685562
28.578135	0.104055	0.067130	-1.557633	-2.615079
28.587509	0.104055	0.067130	-1.530781	-2.571434
28.596886	0.104055	0.063777	-1.517355	-2.527788
28.606260	0.100702	0.060424	-1.487136	-2.443865
28.615635	0.097349	0.057057	-1.426712	-2.296165
28.625010	0.093982	0.053704	-1.336068	-2.074599
28.634384	0.090629	0.046983	-1.221940	-1.812756
28.643759	0.087276	0.040278	-1.104444	-1.544207
28.653135	0.083923	0.036925	-0.997022	-1.309216
28.662510	0.083923	0.030205	-0.923172	-1.138017
28.671885	0.080556	0.030205	-0.892952	-1.054093
28.681259	0.080556	0.030205	-0.903025	-1.067519
28.690634	0.080556	0.033557	-0.946671	-1.171589
28.700010	0.080556	0.036925	-1.013801	-1.339436
28.709385	0.083923	0.040278	-1.087666	-1.540855
28.718760	0.083923	0.043631	-1.164868	-1.735553
28.728134	0.080556	0.046983	-1.248792	-1.886621
28.737509	0.080556	0.050351	-1.359567	-1.957104
28.746885	0.083923	0.050351	-1.450211	-1.940325
28.756260	0.087276	0.050351	-1.524061	-1.859754
28.765635	0.087276	0.050351	-1.584485	-1.742259
28.775009	0.090629	0.046983	-1.644909	-1.597911
28.784384	0.090629	0.046983	-1.722127	-1.534134
28.793758	0.090629	0.046983	-1.826182	-1.554281
28.803135	0.093982	0.050351	-1.953751	-1.671776
28.812510	0.093982	0.053704	-2.081320	-1.856402
28.821884	0.097349	0.060424	-2.198815	-2.054468
28.831259	0.093982	0.063777	-2.289444	-2.212241
28.840633	0.093982	0.060424	-2.349868	-2.289444
28.850010	0.093982	0.057057	-2.376735	-2.286091
28.859385	0.090629	0.053704	-2.380088	-2.232388
28.868759	0.090629	0.053704	-2.359941	-2.171948
28.878134	0.090629	0.053704	-2.319664	-2.131671
28.887508	0.097349	0.050351	-2.259240	-2.118245
28.896883	0.097349	0.050351	-2.192095	-2.131671
28.906260	0.097349	0.050351	-2.128318	-2.178669
28.915634	0.093982	0.050351	-2.071247	-2.265945
28.925009	0.090629	0.050351	-2.020895	-2.390161
28.934383	0.087276	0.053704	-1.977250	-2.524436
28.943758	0.083923	0.057057	-1.943678	-2.625138
28.953135	0.080556	0.057057	-1.923546	-2.655357
28.962509	0.077203	0.057057	-1.923546	-2.598286
28.971884	0.077203	0.053704	-1.933604	-2.474084
28.981258	0.077203	0.053704	-1.947045	-2.326369
28.990633	0.077203	0.050351	-1.960471	-2.205521
29.000010	0.083923	0.050351	-1.967177	-2.131671
29.009384	0.090629	0.050351	-1.950398	-2.098098
29.018759	0.093982	0.046983	-1.906753	-2.094746
29.028133	0.090629	0.046983	-1.846328	-2.104819
29.037508	0.083923	0.046983	-1.772478	-2.138391
29.046883	0.080556	0.046983	-1.698628	-2.195448
29.056259	0.077203	0.050351	-1.618057	-2.272666
29.065634	0.077203	0.053704	-1.537487	-2.359941
29.075008	0.073850	0.053704	-1.460284	-2.440512
29.084383	0.070482	0.057057	-1.389787	-2.500937
29.093758	0.070482	0.057057	-1.326010	-2.531156
29.103134	0.067130	0.057057	-1.268938	-2.534509
29.112509	0.063777	0.057057	-1.221940	-2.541214
29.121883	0.063777	0.060424	-1.198441	-2.564713
29.131258	0.067130	0.060424	-1.205146	-2.605006
29.140633	0.067130	0.060424	-1.238719	-2.658710
29.150009	0.063777	0.060424	-1.275644	-2.715781
29.159384	0.063777	0.060424	-1.285717	-2.779558
29.168758	0.063777	0.063777	-1.252145	-2.846703
29.178133	0.067130	0.063777	-1.198441	-2.910480
29.187508	0.070482	0.067130	-1.178294	-2.957478
29.196882	0.070482	0.067130	-1.235366	-2.980977
29.206259	0.070482	0.067130	-1.369640	-2.984345
29.215633	0.067130	0.067130	-1.557633	-2.974272
29.225008	0.070482	0.063777	-1.752332	-2.957478
29.234383	0.070482	0.063777	-1.923546	-2.940700
29.243757	0.073850	0.063777	-2.064526	-2.907127
29.253134	0.073850	0.063777	-2.182022	-2.836630
29.262508	0.070482	0.060424	-2.289444	-2.719134
29.271883	0.070482	0.057057	-2.376735	-2.568081
29.281258	0.070482	0.050351	-2.430439	-2.417013
29.290632	0.070482	0.046983	-2.433792	-2.282739
29.300007	0.070482	0.046983	-2.383441	-2.171948
29.309383	0.073850	0.043631	-2.299517	-2.067894
29.318758	0.077203	0.043631	-2.192095	-1.960471
29.328133	0.077203	0.036925	-2.084672	-1.849681
29.337507	0.073850	0.033557	-1.987323	-1.738906
29.346882	0.070482	0.030205	-1.906753	-1.621410
29.356258	0.070482	0.030205	-1.842976	-1.510635
29.365633	0.070482	0.030205	-1.792625	-1.406565
29.375008	0.067130	0.030205	-1.742259	-1.326010
29.384382	0.063777	0.030205	-1.691908	-1.285717
29.393757	0.060424	0.030205	-1.634836	-1.302510
29.403133	0.060424	0.030205	-1.567706	-1.376361
29.412508	0.063777	0.033557	-1.497209	-1.490489
29.421883	0.067130	0.036925	-1.436785	-1.614705
29.431257	0.070482	0.040278	-1.406565	-1.722127
29.440632	0.067130	0.040278	-1.426712	-1.816124
29.450006	0.063777	0.043631	-1.500562	-1.903400
29.459383	0.063777	0.043631	-1.618057	-1.997396
29.468758	0.063777	0.043631	-1.755700	-2.094746
29.478132	0.067130	0.046983	-1.906753	-2.185390
29.487507	0.067130	0.046983	-2.057821	-2.255872
29.496881	0.067130	0.043631	-2.192095	-2.286091
29.506258	0.063777	0.043631	-2.296165	-2.252519
29.515633	0.060424	0.040278	-2.390161	-2.168596
29.525007	0.063777	0.036925	-2.433792	-2.037674
29.534382	0.063777	0.033557	-2.447233	-1.876548
29.543756	0.067130	0.033557	-2.423733	-1.712054
29.553131	0.070482	0.030205	-2.366662	-1.564354
29.562508	0.070482	0.026852	-2.279371	-1.450211
29.571882	0.067130	0.023484	-2.178669	-1.376361
29.581257	0.067130	0.023484	-2.077967	-1.332715
29.590631	0.063777	0.020131	-1.987323	-1.305863
29.600006	0.063777	0.020131	-1.926899	-1.275644
29.609383	0.060424	0.020131	-1.886621	-1.245439
29.618757	0.057057	0.020131	-1.849681	-1.215219
29.628132	0.050351	0.020131	-1.789257	-1.205146
29.637506	0.046983	0.016779	-1.688555	-1.228645
29.646881	0.043631	0.020131	-1.537487	-1.299143
29.656258	0.043631	0.020131	-1.379713	-1.416638
29.665632	0.043631	0.023484	-1.248792	-1.581132
29.675007	0.046983	0.030205	-1.185015	-1.792625
29.684381	0.050351	0.033557	-1.191720	-2.047747
29.693756	0.053704	0.040278	-1.255512	-2.333090
29.703131	0.053704	0.046983	-1.342788	-2.631858
29.712507	0.057057	0.050351	-1.430064	-2.910480
29.721882	0.060424	0.057057	-1.483783	-3.138751
29.731256	0.060424	0.060424	-1.497209	-3.306612
29.740631	0.057057	0.060424	-1.470357	-3.414035
29.750006	0.053704	0.060424	-1.406565	-3.471091
29.759382	0.046983	0.063777	-1.302510	-3.484517
29.768757	0.043631	0.063777	-1.218587	-3.457665
29.778131	0.043631	0.060424	-1.168221	-3.393888
29.787506	0.046983	0.060424	-1.161516	-3.299892
29.796881	0.050351	0.060424	-1.215219	-3.185749
29.806257	0.053704	0.057057	-1.315936	-3.058195
29.815632	0.053704	0.057057	-1.446858	-2.917200
29.825006	0.053704	0.053704	-1.577780	-2.766132
29.834381	0.053704	0.050351	-1.681834	-2.605006
29.843756	0.053704	0.046983	-1.755700	-2.437160
29.853130	0.053704	0.043631	-1.809403	-2.269313
29.862507	0.053704	0.043631	-1.856402	-2.091393
29.871881	0.050351	0.040278	-1.903400	-1.900047
29.881256	0.050351	0.036925	-1.950398	-1.698628
29.890631	0.050351	0.033557	-1.987323	-1.497209
29.900005	0.053704	0.033557	-2.014175	-1.326010
29.909382	0.057057	0.030205	-2.030969	-1.221940
29.918756	0.060424	0.033557	-2.041027	-1.211867
29.928131	0.063777	0.033557	-2.041027	-1.305863
29.937506	0.063777	0.036925	-2.030969	-1.470357
29.946880	0.063777	0.040278	-2.007470	-1.671776
29.956255	0.057057	0.040278	-1.957104	-1.876548
29.965631	0.053704	0.043631	-1.879901	-2.081320
29.975006	0.050351	0.043631	-1.762405	-2.279371
29.984381	0.046983	0.046983	-1.618057	-2.464011
29.993755	0.040278	0.050351	-1.456931	-2.635211
30.003130	0.036925	0.053704	-1.299143	-2.786279
30.012506	0.030205	0.057057	-1.158163	-2.913847
30.021881	0.026852	0.060424	-1.040667	-3.007829
30.031256	0.026852	0.060424	-0.950024	-3.074974
30.040630	0.026852	0.063777	-0.886247	-3.135398
30.050005	0.026852	0.067130	-0.845954	-3.195822
30.059381	0.026852	0.067130	-0.839248	-3.252894
30.068756	0.026852	0.070482	-0.859380	-3.299892
30.078131	0.026852	0.070482	-0.913098	-3.336817
30.087505	0.026852	0.073850	-0.997022	-3.367037
30.096880	0.030205	0.073850	-1.111165	-3.383815
30.106255	0.033557	0.073850	-1.248792	-3.373742
30.115631	0.033557	0.073850	-1.393139	-3.316671
30.125006	0.036925	0.070482	-1.527414	-3.199190
30.134380	0.036925	0.070482	-1.648277	-3.027976
30.143755	0.036925	0.063777	-1.772478	-2.813131
30.153130	0.040278	0.060424	-1.910120	-2.591580
30.162506	0.043631	0.057057	-2.081320	-2.393514
30.171881	0.046983	0.053704	-2.272666	-2.252519
30.181255	0.046983	0.053704	-2.464011	-2.168596
30.190630	0.046983	0.057057	-2.631858	-2.128318
30.200005	0.046983	0.057057	-2.759427	-2.114892
30.209381	0.050351	0.060424	-2.829924	-2.114892
30.218756	0.053704	0.057057	-2.839983	-2.124965
30.228130	0.060424	0.053704	-2.796352	-2.131671
30.237505	0.063777	0.053704	-2.702355	-2.128318
30.246880	0.063777	0.050351	-2.578139	-2.104819
30.256254	0.060424	0.050351	-2.447233	-2.057821
30.265631	0.057057	0.050351	-2.319664	-1.997396
30.275005	0.053704	0.053704	-2.212241	-1.947045
30.284380	0.050351	0.053704	-2.124965	-1.936972
30.293755	0.053704	0.057057	-2.047747	-1.987323
30.303129	0.050351	0.060424	-1.973897	-2.084672
30.312506	0.046983	0.063777	-1.900047	-2.198815
30.321880	0.043631	0.063777	-1.819476	-2.309591
30.331255	0.036925	0.063777	-1.728833	-2.403587
30.340630	0.033557	0.060424	-1.628131	-2.480790
30.350004	0.033557	0.060424	-1.524061	-2.544582
30.359379	0.030205	0.063777	-1.416638	-2.598286
30.368755	0.026852	0.067130	-1.326010	-2.655357
30.378130	0.026852	0.070482	-1.268938	-2.715781
30.387505	0.026852	0.073850	-1.275644	-2.772853
30.396879	0.030205	0.073850	-1.349509	-2.816483
30.406254	0.033557	0.073850	-1.483783	-2.833277
30.415630	0.036925	0.073850	-1.641557	-2.823204
30.425005	0.040278	0.077203	-1.792625	-2.786279
30.434380	0.040278	0.080556	-1.896679	-2.739280
30.443754	0.040278	0.083923	-1.936972	-2.692282
30.453129	0.033557	0.083923	-1.916826	-2.645284
30.462505	0.026852	0.083923	-1.876548	-2.598286
30.471880	0.023484	0.083923	-1.853049	-2.541214
30.481255	0.023484	0.087276	-1.873180	-2.464011
30.490629	0.023484	0.087276	-1.933604	-2.353236
30.500004	0.023484	0.087276	-2.017543	-2.208889
30.509378	0.026852	0.083923	-2.091393	-2.020895
30.518755	0.026852	0.077203	-2.141744	-1.799330
30.528130	0.026852	0.067130	-2.161890	-1.497209
30.537504	0.026852	0.060424	-2.158523	-1.282364
30.546879	0.026852	0.057057	-2.121598	-1.117870
30.556253	0.026852	0.057057	-2.041027	-1.030594
30.565630	0.023484	0.057057	-1.916826	-1.023874
30.575005	0.016779	0.060424	-1.772478	-1.084298
30.584379	0.010058	0.063777	-1.631483	-1.185015
30.593754	0.006706	0.063777	-1.527414	-1.289070
30.603128	0.003353	0.067130	-1.453564	-1.369640
30.612503	0.003353	0.067130	-1.399860	-1.419991
30.621880	0.003353	0.070482	-1.366287	-1.446858
30.631254	0.003353	0.073850	-1.359567	-1.460284
30.640629	0.000000	0.073850	-1.383066	-1.463637
30.650003	0.000000	0.073850	-1.430064	-1.480430
30.659378	0.003353	0.077203	-1.487136	-1.524061
30.668755	0.006706	0.083923	-1.527414	-1.604632
30.678129	0.010058	0.090629	-1.544207	-1.722127
30.687504	0.013426	0.097349	-1.547560	-1.886621
30.696878	0.013426	0.100702	-1.547560	-2.088025
30.706253	0.013426	0.104055	-1.567706	-2.319664
30.715630	0.013426	0.104055	-1.607984	-2.564713
30.725004	0.013426	0.107422	-1.668409	-2.789631
30.734379	0.013426	0.107422	-1.722127	-2.964199
30.743753	0.016779	0.104055	-1.759052	-3.068268
30.753128	0.016779	0.097349	-1.765758	-3.088400
30.762503	0.016779	0.087276	-1.745626	-3.041401
30.771879	0.013426	0.070482	-1.712054	-2.954125
30.781254	0.013426	0.060424	-1.685202	-2.866849
30.790628	0.010058	0.053704	-1.658335	-2.806425
30.800003	0.010058	0.057057	-1.628131	-2.772853
30.809378	0.006706	0.057057	-1.594558	-2.719134
30.818754	0.003353	0.057057	-1.574412	-2.621785
30.828129	0.000000	0.050351	-1.581132	-2.464011
30.837503	0.000000	0.046983	-1.611337	-2.255872
30.846878	-0.003368	0.040278	-1.648277	-2.004102
30.856253	-0.003368	0.036925	-1.678482	-1.725480
30.865629	0.000000	0.033557	-1.695275	-1.426712
30.875004	-0.003368	0.026852	-1.712054	-1.117870
30.884378	-0.003368	0.023484	-1.742259	-0.825822
30.893753	-0.003368	0.020131	-1.792625	-0.577405
30.903128	-0.003368	0.016779	-1.866475	-0.396132
30.912502	0.000000	0.016779	-1.953751	-0.292063
30.921879	0.003353	0.016779	-2.051100	-0.255138
30.931253	0.003353	0.020131	-2.165243	-0.268564
30.940628	0.006706	0.020131	-2.296165	-0.315562
30.950003	0.006706	0.016779	-2.447233	-0.386059
30.959377	0.006706	0.016779	-2.598286	-0.480056
30.968754	0.010058	0.016779	-2.722502	-0.607610
30.978128	0.013426	0.020131	-2.806425	-0.755325
30.987503	0.016779	0.023484	-2.850056	-0.909746
30.996878	0.016779	0.026852	-2.863482	-1.060799
31.006252	0.020131	0.030205	-2.860129	-1.221940
31.015627	0.023484	0.033557	-2.826557	-1.423359
31.025003	0.023484	0.040278	-2.739280	-1.685202
31.034378	0.023484	0.046983	-2.574787	-2.000749
31.043753	0.020131	0.053704	-2.336442	-2.333090
31.053127	0.013426	0.063777	-2.037674	-2.652004
31.062502	0.006706	0.067130	-1.715407	-2.923906
31.071878	-0.003368	0.070482	-1.403213	-3.148824
31.081253	-0.010073	0.073850	-1.117870	-3.326744
31.090628	-0.016794	0.077203	-0.872821	-3.471091
31.100002	-0.020146	0.080556	-0.661328	-3.571808
31.109377	-0.023499	0.080556	-0.476688	-3.622159
31.118753	-0.026867	0.083923	-0.335708	-3.608733
31.128128	-0.026867	0.083923	-0.245064	-3.541589
31.137503	-0.030220	0.083923	-0.214845	-3.434166
31.146877	-0.030220	0.080556	-0.241712	-3.296539
31.156252	-0.030220	0.077203	-0.318915	-3.132045
31.165627	-0.026867	0.073850	-0.453189	-2.923906
31.175003	-0.026867	0.070482	-0.641182	-2.678856
31.184378	-0.023499	0.063777	-0.889599	-2.400234
31.193752	-0.016794	0.053704	-1.181647	-2.098098
31.203127	-0.010073	0.043631	-1.507282	-1.789257
31.212502	-0.003368	0.036925	-1.839623	-1.463637
31.221878	0.003353	0.033557	-2.145097	-1.127943
31.231253	0.010058	0.030205	-2.393514	-0.782177
31.240627	0.013426	0.026852	-2.578139	-0.443131
31.250002	0.016779	0.023484	-2.712429	-0.161141
31.259377	0.020131	0.020131	-2.816483	0.023484
31.268753	0.026852	0.020131	-2.920553	0.077203
31.278128	0.030205	0.023484	-3.031328	0.003353
31.287502	0.033557	0.030205	-3.138751	-0.177920
31.296877	0.033557	0.036925	-3.222674	-0.436410
31.306252	0.033557	0.043631	-3.266320	-0.745252
31.315626	0.036925	0.050351	-3.259614	-1.087666
31.325003	0.036925	0.057057	-3.199190	-1.456931
31.334377	0.036925	0.067130	-3.058195	-1.846328
31.343752	0.030205	0.077203	-2.897054	-2.255872
31.353127	0.026852	0.090629	-2.695635	-2.678856
31.362501	0.020131	0.100702	-2.464011	-3.108546
31.371878	0.013426	0.110775	-2.222314	-3.548309
31.381252	0.006706	0.120848	-1.977250	-3.984704
31.390627	0.003353	0.130907	-1.738906	-4.387543
31.400002	0.003353	0.137627	-1.500562	-4.729957
31.409376	-0.003368	0.144348	-1.252145	-4.978374
31.418751	-0.010073	0.147700	-0.993669	-5.122721
31.428127	-0.016794	0.147700	-0.738531	-5.162999
31.437502	-0.023499	0.140980	-0.503555	-5.105927
31.446877	-0.023499	0.130907	-0.298783	-4.954875
31.456251	-0.026867	0.120848	-0.147715	-4.716530
31.465626	-0.026867	0.110775	-0.050366	-4.404321
31.475002	-0.030220	0.107422	-0.013441	-4.028350
31.484377	-0.030220	0.100702	-0.036940	-3.602013
31.493752	-0.033572	0.093982	-0.124216	-3.135398
31.503126	-0.030220	0.083923	-0.271916	-2.625138
31.512501	-0.020146	0.073850	-0.490129	-2.074599
31.521877	-0.013441	0.063777	-0.785530	-1.493856
31.531252	-0.006720	0.053704	-1.148090	-0.889599
31.540627	0.000000	0.046983	-1.564354	-0.292063
31.550001	0.006706	0.036925	-2.004102	0.268549
31.559376	0.013426	0.030205	-2.433792	0.778809
31.568750	0.023484	0.023484	-2.826557	1.218572
31.578127	0.033557	0.016779	-3.158897	1.574397
31.587502	0.040278	0.016779	-3.403962	1.819462
31.596876	0.040278	0.016779	-3.558383	1.920164
31.606251	0.040278	0.020131	-3.622159	1.853034
31.615625	0.036925	0.020131	-3.602013	1.621395
31.625002	0.036925	0.020131	-3.508017	1.268923
31.634377	0.043631	0.023484	-3.356963	0.852659
31.643751	0.050351	0.030205	-3.132045	0.433043
31.653126	0.050351	0.040278	-2.833277	0.026852
31.662500	0.046983	0.046983	-2.450585	-0.375986
31.671875	0.036925	0.053704	-1.997396	-0.788897
31.681252	0.026852	0.057057	-1.503915	-1.221940
31.690626	0.020131	0.063777	-1.013801	-1.681834
31.700001	0.010058	0.073850	-0.553906	-2.151817
31.709375	0.003353	0.083923	-0.130922	-2.621785
31.718750	-0.006720	0.090629	0.251770	-3.068268
31.728127	-0.016794	0.093982	0.584096	-3.454313
31.737501	-0.026867	0.093982	0.845939	-3.759787
31.746876	-0.030220	0.093982	1.007080	-3.951147
31.756250	-0.033572	0.093982	1.047358	-4.035070
31.765625	-0.026867	0.097349	0.970155	-4.021630
31.775002	-0.013441	0.100702	0.792235	-3.927648
31.784376	-0.003368	0.100702	0.537112	-3.763154
31.793751	0.003353	0.097349	0.221550	-3.511384
31.803125	0.006706	0.087276	-0.167862	-3.172323
31.812500	0.013426	0.077203	-0.634477	-2.769500
31.821875	0.026852	0.070482	-1.174942	-2.339810
31.831251	0.040278	0.063777	-1.772478	-1.923546
31.840626	0.050351	0.057057	-2.376735	-1.527414
31.850000	0.057057	0.043631	-2.944052	-1.154795
31.859375	0.063777	0.026852	-3.457665	-0.805676
31.868750	0.067130	0.013426	-3.887355	-0.480056
31.878126	0.073850	0.010058	-4.219696	-0.198066
31.887501	0.077203	0.010058	-4.458040	0.033557
31.896875	0.077203	0.006706	-4.599035	0.218198
31.906250	0.073850	0.003353	-4.659459	0.362545
31.915625	0.070482	0.000000	-4.649386	0.469968
31.925001	0.067130	0.000000	-4.575536	0.527039
31.934376	0.073850	0.003353	-4.441261	0.493467
31.943750	0.080556	0.006706	-4.239842	0.352472
31.953125	0.090629	0.013426	-3.951147	0.087276
31.962500	0.090629	0.023484	-3.561735	-0.265211
31.971874	0.083923	0.030205	-3.098473	-0.674754
31.981251	0.073850	0.040278	-2.594933	-1.117870
31.990625	0.060424	0.050351	-2.081320	-1.584485
