20.958424	-0.100851	-0.235081	0.268459	0.234842
20.989719	-0.134468	-0.235081	0.268459	0.234842
21.021015	-0.134468	-0.268698	0.268459	0.234842
21.052311	-0.134468	-0.268698	0.268459	0.234842
21.083607	-0.134468	-0.268698	0.268459	0.234842
21.114902	-0.134468	-0.268698	0.268459	0.234842
21.146198	-0.168085	-0.268698	0.268459	0.234842
21.177494	-0.168085	-0.235081	0.268459	0.234842
21.208790	-0.168085	-0.235081	0.268459	0.234842
21.240086	-0.134468	-0.235081	0.268459	0.234842
21.271381	-0.134468	-0.235081	0.268459	0.234842
21.302677	-0.134468	-0.235081	0.268459	0.268459
21.333973	-0.134468	-0.235081	0.268459	0.234842
21.365271	-0.134468	-0.235081	0.302076	0.234842
21.396566	-0.134468	-0.235081	0.302076	0.234842
21.427862	-0.134468	-0.235081	0.302076	0.234842
21.459158	-0.134468	-0.235081	0.302076	0.234842
21.490454	-0.134468	-0.201464	0.302076	0.234842
21.521749	-0.134468	-0.201464	0.268459	0.234842
21.553045	-0.134468	-0.201464	0.268459	0.234842
21.584341	-0.134468	-0.168085	0.234842	0.234842
21.615637	-0.134468	-0.168085	0.234842	0.268459
21.646933	-0.134468	-0.168085	0.234842	0.268459
21.678228	-0.100851	-0.201464	0.234842	0.268459
21.709524	-0.100851	-0.168085	0.234842	0.268459
21.740820	-0.100851	-0.168085	0.268459	0.268459
21.772116	-0.100851	-0.168085	0.268459	0.268459
21.803411	-0.100851	-0.134468	0.268459	0.268459
21.834707	-0.100851	-0.134468	0.268459	0.268459
21.866005	-0.100851	-0.134468	0.268459	0.268459
21.897301	-0.100851	-0.134468	0.268459	0.268459
21.928596	-0.100851	-0.100851	0.234842	0.234842
21.959892	-0.100851	-0.100851	0.234842	0.234842
21.991188	-0.100851	-0.100851	0.201225	0.234842
22.022484	-0.100851	-0.100851	0.201225	0.234842
22.053780	-0.067234	-0.100851	0.201225	0.234842
22.085075	-0.067234	-0.100851	0.201225	0.201225
22.116371	-0.067234	-0.100851	0.201225	0.201225
22.147667	-0.067234	-0.100851	0.201225	0.201225
22.178963	-0.100851	-0.067234	0.201225	0.201225
22.210258	-0.067234	-0.067234	0.201225	0.201225
22.241554	-0.067234	-0.033617	0.201225	0.201225
22.272850	-0.067234	-0.033617	0.201225	0.201225
22.304146	-0.067234	-0.033617	0.201225	0.201225
22.335442	-0.033617	0.000000	0.201225	0.167847
22.366739	-0.033617	0.000000	0.167847	0.167847
22.398035	-0.033617	0.000000	0.201225	0.167847
22.429331	-0.033617	0.000000	0.201225	0.167847
22.460627	-0.033617	0.000000	0.201225	0.167847
22.491922	-0.033617	0.033379	0.201225	0.134230
22.523218	0.000000	0.033379	0.201225	0.134230
22.554514	0.000000	0.033379	0.201225	0.134230
22.585810	0.000000	0.066996	0.201225	0.134230
22.617105	0.000000	0.066996	0.201225	0.134230
22.648401	0.000000	0.100613	0.167847	0.134230
22.679697	0.000000	0.100613	0.167847	0.100613
22.710993	0.000000	0.134230	0.134230	0.100613
22.742289	0.000000	0.134230	0.134230	0.100613
22.773584	0.033379	0.167847	0.134230	0.066996
22.804880	0.033379	0.167847	0.134230	0.066996
22.836176	0.033379	0.201225	0.134230	0.066996
22.867474	0.033379	0.201225	0.134230	0.066996
22.898769	0.033379	0.234842	0.134230	0.066996
22.930065	0.066996	0.234842	0.134230	0.066996
22.961361	0.066996	0.268459	0.167847	0.066996
22.992657	0.066996	0.268459	0.167847	0.066996
23.023952	0.066996	0.302076	0.134230	0.066996
23.055248	0.066996	0.302076	0.134230	0.066996
23.086544	0.066996	0.335693	0.134230	0.066996
23.117840	0.066996	0.335693	0.134230	0.066996
23.149136	0.100613	0.369072	0.167847	0.033379
23.180431	0.100613	0.402689	0.167847	0.033379
23.211727	0.100613	0.469923	0.167847	0.033379
23.243023	0.100613	0.503540	0.167847	0.000000
23.274319	0.134230	0.536919	0.134230	0.000000
23.305614	0.134230	0.570536	0.134230	0.000000
23.336912	0.134230	0.604153	0.167847	0.000000
23.368208	0.134230	0.637770	0.167847	-0.033617
23.399504	0.167847	0.671387	0.167847	-0.067234
23.430799	0.167847	0.704765	0.167847	-0.100851
23.462095	0.167847	0.738382	0.167847	-0.100851
23.493391	0.201225	0.771999	0.134230	-0.134468
23.524687	0.201225	0.805616	0.134230	-0.168085
23.555983	0.201225	0.839233	0.134230	-0.201464
23.587278	0.201225	0.906229	0.134230	-0.235081
23.618574	0.234842	0.973463	0.134230	-0.235081
23.649870	0.234842	1.074076	0.134230	-0.268698
23.681166	0.234842	1.174927	0.134230	-0.268698
23.712461	0.268459	1.275539	0.100613	-0.302315
23.743757	0.268459	1.409769	0.100613	-0.302315
23.775053	0.268459	1.577616	0.100613	-0.335932
23.806349	0.302076	1.779079	0.100613	-0.335932
23.837646	0.302076	2.014160	0.100613	-0.369310
23.868942	0.335693	2.282619	0.100613	-0.402927
23.900238	0.335693	2.618313	0.066996	-0.470161
23.931534	0.335693	3.021240	0.066996	-0.537157
23.962830	0.369072	3.524780	0.066996	-0.638008
23.994125	0.369072	4.196167	0.066996	-0.805855
24.025421	0.402689	5.035400	0.066996	-1.040697
24.056717	0.402689	6.109715	0.033379	-1.343012
24.088013	0.436306	7.452488	0.033379	-1.779318
24.119308	0.469923	9.063959	0.033379	-2.350092
24.150604	0.503540	10.943890	0.033379	-3.021479
24.181900	0.536919	12.924433	0.033379	-3.793478
24.213196	0.536919	14.770985	0.000000	-4.565716
24.244492	0.570536	16.147375	0.000000	-5.136490
24.275787	0.604153	16.751528	0.000000	-5.438566
24.307083	0.637770	16.550064	-0.033617	-5.371332
24.338381	0.671387	15.576601	-0.033617	-5.035639
24.369677	0.704765	14.065981	-0.033617	-4.465103
24.400972	0.738382	12.219429	-0.067234	-3.726482
24.432268	0.771999	10.205269	-0.100851	-2.954245
24.463564	0.805616	8.291721	-0.134468	-2.215862
24.494860	0.839233	6.613255	-0.168085	-1.577854
24.526155	0.872612	5.337477	-0.201464	-1.107931
24.557451	0.939846	4.364014	-0.235081	-0.839472
24.588747	0.973463	3.692627	-0.268698	-0.638008
24.620043	1.040459	3.189087	-0.302315	-0.503778
24.651339	1.107693	2.819777	-0.335932	-0.402927
24.682634	1.174927	2.484083	-0.335932	-0.335932
24.713930	1.241922	2.249002	-0.369310	-0.268698
24.745226	1.342773	2.047777	-0.369310	-0.235081
24.776522	1.443386	1.846313	-0.335932	-0.201464
24.807819	1.577616	1.678467	-0.335932	-0.168085
24.839115	1.712084	1.544237	-0.369310	-0.168085
24.870411	1.913309	1.443386	-0.369310	-0.134468
24.901707	2.114773	1.309156	-0.402927	-0.100851
24.933002	2.383471	1.208305	-0.436544	-0.100851
24.964298	2.685547	1.107693	-0.503778	-0.067234
24.995594	3.054857	1.040459	-0.570774	-0.033617
25.026890	3.558397	0.939846	-0.638008	-0.033617
25.058186	4.196167	0.872612	-0.772238	0.000000
25.089481	5.136251	0.805616	-0.906467	0.000000
25.120777	6.512642	0.771999	-1.074314	0.033379
25.152073	8.392572	0.704765	-1.242161	0.033379
25.183369	10.675192	0.671387	-1.410007	0.033379
25.214664	13.092279	0.637770	-1.611471	0.033379
25.245960	15.207291	0.570536	-1.812935	0.033379
25.277256	16.785145	0.536919	-1.980782	0.033379
25.308554	17.590761	0.503540	-2.115011	0.033379
25.339849	17.590761	0.469923	-2.182245	0.066996
25.371145	16.818762	0.402689	-2.148628	0.066996
25.402441	15.341520	0.369072	-2.048016	0.066996
25.433737	13.461590	0.369072	-1.880169	0.066996
25.465033	11.447430	0.335693	-1.712322	0.066996
25.496328	9.500265	0.302076	-1.477242	0.066996
25.527624	7.821798	0.302076	-1.275778	0.066996
25.558920	6.445408	0.268459	-1.074314	0.066996
25.590216	5.337477	0.234842	-0.906467	0.066996
25.621511	4.464865	0.234842	-0.738621	0.066996
25.652807	3.793240	0.201225	-0.604391	0.066996
25.684103	3.256321	0.167847	-0.503778	0.066996
25.715399	2.853394	0.167847	-0.402927	0.066996
25.746695	2.517700	0.134230	-0.335932	0.066996
25.777990	2.249002	0.134230	-0.268698	0.066996
25.809288	2.047777	0.100613	-0.235081	0.066996
25.840584	1.846313	0.100613	-0.201464	0.066996
25.871880	1.678467	0.066996	-0.168085	0.100613
25.903175	1.544237	0.066996	-0.134468	0.100613
25.934471	1.443386	0.033379	-0.100851	0.100613
25.965767	1.342773	0.033379	-0.067234	0.134230
25.997063	1.241922	0.000000	-0.067234	0.134230
26.028358	1.141310	0.000000	-0.067234	0.134230
26.059654	1.074076	0.000000	-0.033617	0.100613
26.090950	0.973463	0.000000	-0.033617	0.100613
26.122246	0.906229	-0.033617	-0.033617	0.100613
26.153542	0.872612	-0.033617	0.000000	0.100613
26.184837	0.805616	-0.033617	0.000000	0.100613
26.216133	0.738382	-0.033617	0.000000	0.100613
26.247429	0.704765	-0.033617	0.000000	0.100613
26.278725	0.671387	-0.033617	0.000000	0.100613
26.310022	0.604153	-0.067234	0.000000	0.100613
26.341318	0.570536	-0.067234	0.000000	0.100613
26.372614	0.503540	-0.067234	0.000000	0.100613
26.403910	0.469923	-0.067234	0.000000	0.100613
26.435205	0.436306	-0.067234	-0.033617	0.100613
26.466501	0.402689	-0.067234	-0.033617	0.100613
26.497797	0.369072	-0.100851	0.000000	0.100613
26.529093	0.369072	-0.100851	0.000000	0.134230
26.560389	0.335693	-0.100851	0.033379	0.134230
26.591684	0.302076	-0.100851	0.033379	0.134230
26.622980	0.268459	-0.100851	0.033379	0.134230
26.654276	0.234842	-0.100851	0.033379	0.134230
26.685572	0.234842	-0.100851	0.033379	0.134230
26.716867	0.201225	-0.100851	0.033379	0.134230
26.748163	0.167847	-0.134468	0.033379	0.134230
26.779461	0.167847	-0.134468	0.033379	0.134230
26.810757	0.167847	-0.134468	0.033379	0.134230
26.842052	0.134230	-0.134468	0.033379	0.134230
26.873348	0.134230	-0.134468	0.033379	0.134230
26.904644	0.100613	-0.134468	0.066996	0.134230
26.935940	0.100613	-0.134468	0.066996	0.134230
26.967236	0.066996	-0.134468	0.066996	0.167847
26.998531	0.066996	-0.134468	0.066996	0.167847
27.029827	0.033379	-0.168085	0.066996	0.167847
27.061123	0.033379	-0.168085	0.066996	0.201225
27.092419	0.033379	-0.168085	0.066996	0.167847
27.123714	0.033379	-0.168085	0.066996	0.167847
27.155010	0.000000	-0.168085	0.100613	0.167847
27.186306	0.000000	-0.201464	0.100613	0.134230
27.217602	-0.033617	-0.201464	0.100613	0.134230
27.248898	-0.033617	-0.201464	0.134230	0.134230
27.280195	-0.033617	-0.201464	0.134230	0.134230
27.311491	-0.067234	-0.201464	0.134230	0.167847
27.342787	-0.067234	-0.201464	0.134230	0.167847
27.374083	-0.067234	-0.201464	0.134230	0.167847
27.405378	-0.100851	-0.235081	0.134230	0.167847
27.436674	-0.100851	-0.235081	0.134230	0.167847
27.467970	-0.100851	-0.235081	0.134230	0.167847
27.499266	-0.100851	-0.268698	0.134230	0.134230
27.530561	-0.134468	-0.235081	0.134230	0.134230
27.561857	-0.134468	-0.235081	0.134230	0.134230
27.593153	-0.168085	-0.235081	0.134230	0.134230
27.624449	-0.168085	-0.235081	0.134230	0.134230
27.655745	-0.168085	-0.235081	0.134230	0.167847
27.687040	-0.201464	-0.235081	0.134230	0.167847
27.718336	-0.201464	-0.235081	0.134230	0.167847
27.749632	-0.201464	-0.235081	0.134230	0.167847
27.780930	-0.201464	-0.235081	0.134230	0.167847
27.812225	-0.201464	-0.235081	0.134230	0.167847
27.843521	-0.201464	-0.235081	0.134230	0.134230
27.874817	-0.201464	-0.235081	0.134230	0.134230
27.906113	-0.201464	-0.235081	0.134230	0.134230
27.937408	-0.201464	-0.235081	0.134230	0.134230
27.968704	-0.235081	-0.235081	0.134230	0.134230
