20.958424	0.030205	0.043631	80.120369	80.160645
20.989719	0.030205	0.043631	80.120369	80.164017
21.021015	0.030205	0.046983	80.120369	80.167366
21.052311	0.026852	0.046983	80.120369	80.170723
21.083607	0.026852	0.050351	80.120369	80.170723
21.114902	0.026852	0.050351	80.120369	80.167366
21.146198	0.026852	0.050351	80.123726	80.164017
21.177494	0.026852	0.050351	80.123726	80.164017
21.208790	0.026852	0.050351	80.123726	80.164017
21.240086	0.026852	0.050351	80.123726	80.164017
21.271381	0.026852	0.053704	80.123726	80.164017
21.302677	0.026852	0.057057	80.123726	80.160645
21.333973	0.026852	0.060424	80.123726	80.160645
21.365271	0.026852	0.063777	80.123726	80.160645
21.396566	0.030205	0.067130	80.123726	80.164017
21.427862	0.030205	0.070482	80.123726	80.167366
21.459158	0.030205	0.073850	80.120369	80.164017
21.490454	0.030205	0.077203	80.123726	80.164017
21.521749	0.030205	0.080556	80.123726	80.160645
21.553045	0.030205	0.083923	80.127090	80.157295
21.584341	0.033557	0.083923	80.127090	80.153946
21.615637	0.033557	0.087276	80.123726	80.153946
21.646933	0.036925	0.087276	80.120369	80.150589
21.678228	0.040278	0.090629	80.117020	80.150589
21.709524	0.040278	0.093982	80.113663	80.150589
21.740820	0.043631	0.097349	80.110298	80.153946
21.772116	0.043631	0.104055	80.106941	80.153946
21.803411	0.043631	0.104055	80.106941	80.150589
21.834707	0.046983	0.107422	80.103592	80.150589
21.866005	0.046983	0.110775	80.103592	80.150589
21.897301	0.050351	0.114128	80.103592	80.150589
21.928596	0.053704	0.117481	80.103592	80.147224
21.959892	0.053704	0.120848	80.106941	80.143867
21.991188	0.053704	0.120848	80.110298	80.143867
22.022484	0.050351	0.124201	80.113663	80.147224
22.053780	0.050351	0.127554	80.113663	80.150589
22.085075	0.050351	0.134274	80.113663	80.150589
22.116371	0.053704	0.137627	80.110298	80.150589
22.147667	0.057057	0.144348	80.110298	80.150589
22.178963	0.060424	0.147700	80.106941	80.150589
22.210258	0.063777	0.151053	80.106941	80.147224
22.241554	0.067130	0.151053	80.106941	80.147224
22.272850	0.070482	0.154406	80.103592	80.150589
22.304146	0.073850	0.161126	80.100220	80.157295
22.335442	0.073850	0.164479	80.100220	80.164017
22.366739	0.073850	0.167847	80.096870	80.164017
22.398035	0.073850	0.174552	80.093521	80.164017
22.429331	0.077203	0.177905	80.090164	80.160645
22.460627	0.077203	0.184625	80.090164	80.157295
22.491922	0.080556	0.187978	80.090164	80.153946
22.523218	0.083923	0.191346	80.090164	80.150589
22.554514	0.087276	0.194699	80.090164	80.147224
22.585810	0.087276	0.201404	80.090164	80.143867
22.617105	0.083923	0.211477	80.093521	80.140518
22.648401	0.083923	0.221550	80.096870	80.140518
22.679697	0.083923	0.231624	80.096870	80.140518
22.710993	0.087276	0.238329	80.096870	80.137161
22.742289	0.090629	0.245050	80.096870	80.133797
22.773584	0.093982	0.251770	80.100220	80.133797
22.804880	0.093982	0.261828	80.103592	80.130440
22.836176	0.097349	0.268549	80.103592	80.130440
22.867474	0.100702	0.278622	80.103592	80.127090
22.898769	0.100702	0.288695	80.100220	80.120369
22.930065	0.104055	0.295401	80.093521	80.113663
22.961361	0.107422	0.305474	80.090164	80.110298
22.992657	0.110775	0.315547	80.090164	80.103592
23.023952	0.114128	0.328973	80.090164	80.093521
23.055248	0.117481	0.342399	80.093521	80.086800
23.086544	0.120848	0.355825	80.093521	80.080093
23.117840	0.124201	0.369251	80.093521	80.070023
23.149136	0.127554	0.379324	80.090164	80.059944
23.180431	0.130907	0.389397	80.090164	80.053223
23.211727	0.134274	0.402823	80.090164	80.049873
23.243023	0.137627	0.419617	80.090164	80.046516
23.274319	0.140980	0.433043	80.086800	80.039803
23.305614	0.144348	0.449821	80.086800	80.036446
23.336912	0.147700	0.473320	80.083443	80.033096
23.368208	0.154406	0.496820	80.083443	80.029739
23.399504	0.157773	0.527039	80.083443	80.029739
23.430799	0.161126	0.563964	80.080093	80.023018
23.462095	0.167847	0.600889	80.080093	80.016296
23.493391	0.171199	0.644535	80.080093	80.012947
23.524687	0.177905	0.691518	80.076721	80.009598
23.555983	0.184625	0.748590	80.076721	80.002876
23.587278	0.191346	0.815734	80.073372	79.996170
23.618574	0.198051	0.899658	80.073372	79.986099
23.649870	0.204772	0.993654	80.070023	79.976021
23.681166	0.211477	1.107782	80.070023	79.959244
23.712461	0.214845	1.245424	80.070023	79.935745
23.743757	0.224903	1.416624	80.070023	79.908875
23.775053	0.231624	1.638189	80.070023	79.868599
23.806349	0.238329	1.920164	80.070023	79.811531
23.837646	0.245050	2.286077	80.066666	79.727608
23.868942	0.255123	2.742618	80.066666	79.610107
23.900238	0.265196	3.313303	80.063301	79.462410
23.931534	0.271901	3.991410	80.063301	79.271065
23.962830	0.281975	4.733294	80.063301	79.039436
23.994125	0.292048	5.485251	80.059944	78.780952
24.025421	0.302121	6.126433	80.059944	78.545959
24.056717	0.312194	6.546050	80.056595	78.374756
24.088013	0.322267	6.690398	80.053223	78.297539
24.119308	0.335693	6.559476	80.046516	78.321037
24.150604	0.345752	6.203637	80.043167	78.431831
24.181900	0.355825	5.669892	80.036446	78.609749
24.213196	0.369251	5.015284	80.029739	78.827950
24.244492	0.379324	4.296899	80.019669	79.069641
24.275787	0.392750	3.588572	80.009598	79.311340
24.307083	0.402823	2.950758	79.996170	79.526184
24.338381	0.416249	2.420351	79.989449	79.704109
24.369677	0.433043	2.010808	79.982742	79.828323
24.400972	0.449821	1.712039	79.976021	79.908875
24.432268	0.469968	1.490474	79.976021	79.959244
24.463564	0.493467	1.325995	79.972672	79.992798
24.494860	0.520319	1.195073	79.972672	80.016296
24.526155	0.547171	1.087651	79.972672	80.036446
24.557451	0.580743	1.000360	79.972672	80.053223
24.588747	0.627741	0.926509	79.972672	80.063301
24.620043	0.671387	0.862733	79.969299	80.073372
24.651339	0.721738	0.792235	79.965950	80.076721
24.682634	0.778809	0.741884	79.959244	80.080093
24.713930	0.842586	0.694886	79.952522	80.080093
24.745226	0.919804	0.654593	79.942451	80.076721
24.776522	1.010433	0.614315	79.929024	80.076721
24.807819	1.117855	0.580743	79.918953	80.080093
24.839115	1.248777	0.547171	79.902176	80.086800
24.870411	1.413271	0.516966	79.878670	80.093521
24.901707	1.621395	0.490114	79.851822	80.096870
24.933002	1.913458	0.463247	79.818253	80.100220
24.964298	2.339795	0.443116	79.784676	80.103592
24.995594	2.947390	0.419617	79.761177	80.103592
25.026890	3.729567	0.402823	79.744400	80.106941
25.058186	4.599020	0.382692	79.720901	80.106941
25.089481	5.451679	0.362545	79.680603	80.110298
25.120777	6.173432	0.345752	79.623535	80.106941
25.152073	6.680325	0.332326	79.569832	80.110298
25.183369	6.935462	0.318900	79.529556	80.110298
25.214664	6.922021	0.308827	79.506058	80.110298
25.245960	6.650120	0.298768	79.495979	80.113663
25.277256	6.156638	0.288695	79.506058	80.110298
25.308554	5.502030	0.281975	79.529556	80.106941
25.339849	4.776940	0.271901	79.569832	80.103592
25.371145	4.048481	0.261828	79.620186	80.103592
25.402441	3.387153	0.251770	79.680603	80.100220
25.433737	2.829909	0.245050	79.737679	80.096870
25.465033	2.373353	0.238329	79.794746	80.096870
25.496328	2.010808	0.234976	79.841751	80.096870
25.527624	1.728818	0.224903	79.885376	80.096870
25.558920	1.507267	0.218198	79.918953	80.096870
25.590216	1.336053	0.211477	79.949173	80.096870
25.621511	1.198426	0.204772	79.976021	80.093521
25.652807	1.087651	0.198051	79.992798	80.093521
25.684103	0.976861	0.191346	80.009598	80.096870
25.715399	0.906363	0.184625	80.016296	80.103592
25.746695	0.842586	0.177905	80.019669	80.106941
25.777990	0.785515	0.174552	80.019669	80.110298
25.809288	0.735164	0.167847	80.019669	80.113663
25.840584	0.691518	0.161126	80.023018	80.113663
25.871880	0.651240	0.154406	80.029739	80.113663
25.903175	0.614315	0.151053	80.036446	80.113663
25.934471	0.580743	0.147700	80.043167	80.113663
25.965767	0.547171	0.147700	80.049873	80.113663
25.997063	0.516966	0.144348	80.056595	80.113663
26.028358	0.490114	0.140980	80.063301	80.110298
26.059654	0.466615	0.137627	80.066666	80.110298
26.090950	0.446469	0.130907	80.070023	80.113663
26.122246	0.426322	0.127554	80.076721	80.117020
26.153542	0.406191	0.120848	80.080093	80.127090
26.184837	0.389397	0.117481	80.086800	80.133797
26.216133	0.375971	0.114128	80.086800	80.137161
26.247429	0.359192	0.107422	80.083443	80.137161
26.278725	0.345752	0.107422	80.080093	80.130440
26.310022	0.332326	0.104055	80.076721	80.127090
26.341318	0.318900	0.097349	80.073372	80.123726
26.372614	0.308827	0.093982	80.073372	80.123726
26.403910	0.298768	0.090629	80.073372	80.123726
26.435205	0.288695	0.090629	80.076721	80.123726
26.466501	0.281975	0.087276	80.080093	80.123726
26.497797	0.271901	0.083923	80.080093	80.120369
26.529093	0.261828	0.080556	80.080093	80.120369
26.560389	0.251770	0.080556	80.080093	80.123726
26.591684	0.241697	0.077203	80.080093	80.127090
26.622980	0.234976	0.073850	80.083443	80.130440
26.654276	0.228271	0.073850	80.090164	80.130440
26.685572	0.221550	0.070482	80.093521	80.133797
26.716867	0.214845	0.070482	80.096870	80.137161
26.748163	0.204772	0.070482	80.100220	80.140518
26.779461	0.198051	0.070482	80.100220	80.143867
26.810757	0.191346	0.067130	80.096870	80.147224
26.842052	0.184625	0.063777	80.093521	80.150589
26.873348	0.177905	0.060424	80.093521	80.150589
26.904644	0.171199	0.060424	80.093521	80.147224
26.935940	0.164479	0.057057	80.096870	80.147224
26.967236	0.161126	0.057057	80.100220	80.147224
26.998531	0.154406	0.057057	80.100220	80.147224
27.029827	0.151053	0.057057	80.103592	80.147224
27.061123	0.147700	0.053704	80.103592	80.147224
27.092419	0.140980	0.053704	80.103592	80.147224
27.123714	0.137627	0.050351	80.103592	80.143867
27.155010	0.134274	0.046983	80.103592	80.140518
27.186306	0.130907	0.046983	80.106941	80.140518
27.217602	0.127554	0.046983	80.106941	80.143867
27.248898	0.124201	0.046983	80.106941	80.147224
27.280195	0.120848	0.050351	80.106941	80.153946
27.311491	0.117481	0.050351	80.103592	80.153946
27.342787	0.114128	0.050351	80.096870	80.153946
27.374083	0.114128	0.050351	80.096870	80.153946
27.405378	0.114128	0.046983	80.103592	80.153946
27.436674	0.107422	0.046983	80.106941	80.150589
27.467970	0.104055	0.050351	80.113663	80.147224
27.499266	0.100702	0.050351	80.120369	80.143867
27.530561	0.093982	0.050351	80.120369	80.137161
27.561857	0.090629	0.046983	80.120369	80.133797
27.593153	0.087276	0.046983	80.120369	80.130440
27.624449	0.080556	0.046983	80.120369	80.130440
27.655745	0.077203	0.046983	80.123726	80.133797
27.687040	0.073850	0.046983	80.123726	80.133797
27.718336	0.070482	0.050351	80.120369	80.137161
27.749632	0.067130	0.050351	80.117020	80.137161
27.780930	0.067130	0.050351	80.117020	80.137161
27.812225	0.063777	0.050351	80.120369	80.137161
27.843521	0.060424	0.050351	80.120369	80.140518
27.874817	0.057057	0.050351	80.120369	80.140518
27.906113	0.057057	0.050351	80.123726	80.140518
27.937408	0.053704	0.053704	80.123726	80.140518
27.968704	0.053704	0.053704	80.127090	80.133797
