21.452927	-0.010073	-0.070512	-0.050366	0.010014
21.492014	-0.010073	-0.080585	-0.050366	0.010014
21.531101	-0.010073	-0.080585	-0.040293	0.020087
21.570189	-0.020146	-0.080585	-0.040293	0.030160
21.609276	-0.020146	-0.090659	-0.030220	0.040233
21.648363	-0.020146	-0.090659	-0.030220	0.040233
21.687450	-0.030220	-0.100732	-0.030220	0.050306
21.726538	-0.040293	-0.100732	-0.020146	0.060380
21.765625	-0.040293	-0.110805	-0.020146	0.080526
21.804712	-0.040293	-0.110805	-0.020146	0.090599
21.843801	-0.040293	-0.120878	-0.010073	0.110745
21.882889	-0.040293	-0.130951	-0.010073	0.120819
21.921976	-0.040293	-0.141025	0.000000	0.130892
21.961063	-0.040293	-0.161171	0.000000	0.140965
22.000151	-0.050366	-0.171244	-0.010073	0.151038
22.039238	-0.050366	-0.181317	-0.010073	0.171185
22.078325	-0.060439	-0.181317	0.000000	0.191331
22.117413	-0.050366	-0.191391	0.010014	0.211477
22.156500	-0.050366	-0.211537	0.020087	0.221550
22.195587	-0.050366	-0.221610	0.030160	0.241697
22.234674	-0.050366	-0.231683	0.040233	0.261784
22.273762	-0.060439	-0.251830	0.040233	0.281930
22.312851	-0.060439	-0.261843	0.040233	0.292003
22.351938	-0.070512	-0.281990	0.030160	0.312150
22.391026	-0.070512	-0.302136	0.030160	0.332296
22.430113	-0.070512	-0.322282	0.040233	0.352442
22.469200	-0.080585	-0.332355	0.050306	0.382662
22.508287	-0.090659	-0.352502	0.050306	0.412881
22.547375	-0.090659	-0.372648	0.060380	0.453174
22.586462	-0.090659	-0.382721	0.060380	0.483394
22.625549	-0.100732	-0.412941	0.070453	0.513613
22.664637	-0.100732	-0.433087	0.070453	0.543773
22.703724	-0.110805	-0.463307	0.070453	0.563920
22.742811	-0.120878	-0.493526	0.080526	0.604212
22.781900	-0.130951	-0.523686	0.090599	0.644505
22.820988	-0.130951	-0.553906	0.100672	0.694871
22.860075	-0.141025	-0.584126	0.120819	0.745237
22.899162	-0.141025	-0.634491	0.130892	0.795543
22.938250	-0.141025	-0.694931	0.151038	0.835836
22.977337	-0.151098	-0.755370	0.161111	0.886202
23.016424	-0.151098	-0.815749	0.161111	0.946641
23.055511	-0.161171	-0.896335	0.171185	1.027226
23.094599	-0.171244	-0.976920	0.191331	1.117826
23.133686	-0.181317	-1.067519	0.201404	1.208484
23.172773	-0.201464	-1.178324	0.211477	1.309156
23.211861	-0.211537	-1.309216	0.221550	1.440108
23.250950	-0.221610	-1.460314	0.231624	1.571000
23.290037	-0.231683	-1.651645	0.241697	1.722097
23.329124	-0.241756	-1.893342	0.261784	1.913428
23.368212	-0.251830	-2.165258	0.271857	2.145052
23.407299	-0.261843	-2.507687	0.292003	2.437115
23.446386	-0.271916	-2.930641	0.302076	2.819836
23.485474	-0.281990	-3.434181	0.322223	3.323376
23.524561	-0.302136	-4.068673	0.342369	3.957808
23.563648	-0.312209	-4.834056	0.352442	4.783630
23.602736	-0.332355	-5.750477	0.372589	5.831003
23.641823	-0.342429	-6.797850	0.392735	7.140219
23.680912	-0.362575	-7.925808	0.422955	8.731424
23.719999	-0.382721	-9.043634	0.443101	10.544181
23.759087	-0.412941	-10.010481	0.473320	12.507975
23.798174	-0.443161	-10.654985	0.503540	14.391243
23.837261	-0.463307	-10.826230	0.533700	15.932083
23.876348	-0.483453	-10.443508	0.573993	16.868650
23.915436	-0.503600	-9.567320	0.604212	17.059982
23.954523	-0.533760	-8.358836	0.634432	16.626953
23.993610	-0.563979	-6.959021	0.664651	15.740692
24.032698	-0.594199	-5.408108	0.704944	14.481842
24.071785	-0.634491	-3.665805	0.745237	12.880623
24.110872	-0.674784	-1.712084	0.785470	10.916769
24.149961	-0.715077	0.362515	0.845909	8.670986
24.189049	-0.765443	2.356529	0.896275	6.334543
24.228136	-0.815749	3.967881	0.956714	4.128993
24.267223	-0.866115	4.894435	1.017153	2.386749
24.306311	-0.936627	4.995108	1.087606	1.329303
24.345398	-1.007140	4.441202	1.158118	0.886202
24.384485	-1.087666	3.605366	1.228631	0.795543
24.423573	-1.188397	2.779543	1.309156	0.825763
24.462660	-1.299143	2.094686	1.409888	0.886202
24.501747	-1.440167	1.560926	1.530766	0.906348
24.540834	-1.591206	1.168191	1.661658	0.906348
24.579922	-1.782596	0.866055	1.812696	0.886202
24.619011	-2.004147	0.644505	1.983941	0.845909
24.658098	-2.276063	0.463247	2.185345	0.815690
24.697186	-2.618432	0.322223	2.416968	0.785470
24.736273	-3.051519	0.221550	2.719104	0.755310
24.775360	-3.615439	0.151038	3.101766	0.745237
24.814447	-4.360735	0.100672	3.585219	0.735164
24.853535	-5.347669	0.060380	4.219651	0.715017
24.892622	-6.616592	0.040233	5.035400	0.694871
24.931709	-8.217871	0.020087	6.112993	0.664651
24.970797	-10.131300	0.010014	7.452428	0.624359
25.009884	-12.024641	0.000000	8.993268	0.594139
25.048973	-13.525188	0.000000	10.584414	0.563920
25.088060	-14.421522	-0.010073	12.044727	0.523627
25.127148	-14.693439	-0.010073	13.192773	0.493467
25.166235	-14.441609	0.000000	13.958157	0.463247
25.205322	-13.776958	0.000000	14.310658	0.433028
25.244410	-12.769878	0.000000	14.250219	0.412881
25.283497	-11.359930	0.000000	13.817191	0.392735
25.322584	-9.426355	0.000000	13.041735	0.372589
25.361671	-6.848216	-0.010073	11.984289	0.342369
25.400759	-3.766537	-0.010073	10.695219	0.322223
25.439846	-0.694931	-0.010073	9.234964	0.312150
25.478933	1.822770	-0.010073	7.714272	0.302076
25.518023	3.494561	-0.010073	6.243885	0.281930
25.557110	4.310310	-0.010073	4.944742	0.271857
25.596197	4.431129	0.000000	3.897369	0.261784
25.635284	4.118979	0.000000	3.071606	0.251770
25.674372	3.585219	0.000000	2.467334	0.231624
25.713459	2.980947	0.000000	2.024233	0.221550
25.752546	2.406895	-0.010073	1.701951	0.201404
25.791634	1.913428	-0.010073	1.470327	0.181258
25.830721	1.500547	-0.010073	1.309156	0.171185
25.869808	1.148045	-0.010073	1.178265	0.151038
25.908895	0.866055	-0.010073	1.077533	0.140965
25.947983	0.634432	0.000000	0.986934	0.130892
25.987072	0.453174	0.000000	0.916421	0.120819
26.026159	0.312150	0.010014	0.866055	0.110745
26.065247	0.211477	0.020087	0.825763	0.090599
26.104334	0.140965	0.030160	0.795543	0.080526
26.143421	0.090599	0.030160	0.765383	0.070453
26.182508	0.060380	0.030160	0.745237	0.060380
26.221596	0.030160	0.030160	0.715017	0.060380
26.260683	0.020087	0.030160	0.684798	0.060380
26.299770	0.010014	0.030160	0.654578	0.060380
26.338858	0.000000	0.040233	0.614285	0.050306
26.377945	-0.010073	0.040233	0.573993	0.040233
26.417032	-0.020146	0.050306	0.543773	0.030160
26.456121	-0.030220	0.050306	0.503540	0.020087
26.495209	-0.040293	0.050306	0.483394	0.010014
26.534296	-0.040293	0.050306	0.463247	0.000000
26.573383	-0.040293	0.050306	0.443101	-0.010073
26.612471	-0.040293	0.040233	0.412881	-0.010073
26.651558	-0.040293	0.040233	0.392735	-0.010073
26.690645	-0.040293	0.040233	0.362515	-0.010073
26.729733	-0.030220	0.040233	0.342369	-0.010073
26.768820	-0.030220	0.040233	0.322223	-0.010073
26.807907	-0.030220	0.050306	0.312150	-0.020146
26.846994	-0.030220	0.050306	0.292003	-0.030220
26.886084	-0.030220	0.060380	0.281930	-0.040293
26.925171	-0.030220	0.060380	0.261784	-0.050366
26.964258	-0.030220	0.070453	0.241697	-0.060439
27.003345	-0.030220	0.070453	0.231624	-0.070512
27.042433	-0.030220	0.080526	0.211477	-0.080585
27.081520	-0.030220	0.080526	0.201404	-0.080585
27.120607	-0.030220	0.080526	0.191331	-0.090659
27.159695	-0.020146	0.070453	0.181258	-0.100732
27.198782	-0.020146	0.080526	0.171185	-0.100732
27.237869	-0.010073	0.080526	0.161111	-0.110805
27.276957	-0.010073	0.080526	0.140965	-0.110805
27.316044	-0.010073	0.080526	0.130892	-0.100732
27.355133	-0.010073	0.080526	0.120819	-0.100732
27.394220	-0.010073	0.080526	0.100672	-0.110805
27.433308	-0.010073	0.080526	0.090599	-0.110805
27.472395	-0.010073	0.080526	0.080526	-0.120878
27.511482	-0.010073	0.090599	0.080526	-0.130951
27.550570	0.000000	0.080526	0.070453	-0.130951
27.589657	0.000000	0.080526	0.060380	-0.130951
27.628744	0.000000	0.080526	0.050306	-0.130951
27.667831	0.010014	0.080526	0.050306	-0.141025
27.706919	0.010014	0.080526	0.040233	-0.141025
27.746006	0.010014	0.080526	0.040233	-0.141025
27.785093	0.020087	0.090599	0.030160	-0.141025
27.824183	0.030160	0.090599	0.030160	-0.151098
27.863270	0.040233	0.100672	0.030160	-0.151098
27.902357	0.040233	0.100672	0.020087	-0.151098
27.941444	0.040233	0.100672	0.010014	-0.151098
27.980532	0.040233	0.100672	0.000000	-0.151098
28.019619	0.040233	0.110745	-0.010073	-0.151098
28.058706	0.040233	0.110745	-0.020146	-0.161171
28.097794	0.040233	0.110745	-0.020146	-0.161171
28.136881	0.040233	0.110745	-0.030220	-0.161171
28.175968	0.040233	0.110745	-0.030220	-0.161171
28.215055	0.040233	0.120819	-0.040293	-0.171244
28.254143	0.040233	0.120819	-0.040293	-0.171244
28.293232	0.040233	0.120819	-0.040293	-0.171244
28.332319	0.040233	0.120819	-0.050366	-0.171244
28.371407	0.050306	0.120819	-0.050366	-0.171244
28.410494	0.050306	0.110745	-0.060439	-0.181317
28.449581	0.050306	0.120819	-0.060439	-0.191391
28.488668	0.050306	0.120819	-0.060439	-0.191391
28.527756	0.050306	0.130892	-0.060439	-0.201464
28.566843	0.050306	0.130892	-0.070512	-0.201464
28.605930	0.060380	0.140965	-0.080585	-0.201464
28.645018	0.060380	0.140965	-0.090659	-0.201464
28.684105	0.060380	0.140965	-0.100732	-0.211537
28.723194	0.060380	0.140965	-0.100732	-0.211537
28.762281	0.060380	0.140965	-0.110805	-0.201464
28.801369	0.070453	0.130892	-0.120878	-0.201464
28.840456	0.070453	0.130892	-0.130951	-0.201464
28.879543	0.080526	0.130892	-0.130951	-0.211537
28.918631	0.080526	0.120819	-0.141025	-0.221610
28.957718	0.090599	0.120819	-0.141025	-0.221610
28.996805	0.090599	0.120819	-0.141025	-0.231683
29.035892	0.090599	0.120819	-0.151098	-0.231683
29.074980	0.090599	0.130892	-0.151098	-0.221610
29.114067	0.090599	0.140965	-0.151098	-0.221610
29.153154	0.080526	0.140965	-0.151098	-0.231683
29.192244	0.080526	0.140965	-0.151098	-0.231683
29.231331	0.090599	0.140965	-0.151098	-0.241756
29.270418	0.090599	0.130892	-0.151098	-0.251830
29.309505	0.090599	0.130892	-0.151098	-0.241756
29.348593	0.090599	0.130892	-0.161171	-0.241756
29.387680	0.090599	0.130892	-0.161171	-0.251830
29.426767	0.090599	0.130892	-0.171244	-0.251830
29.465855	0.090599	0.130892	-0.181317	-0.251830
29.504942	0.090599	0.130892	-0.171244	-0.261843
29.544029	0.100672	0.130892	-0.171244	-0.261843
29.583117	0.100672	0.120819	-0.171244	-0.261843
29.622204	0.110745	0.120819	-0.171244	-0.251830
29.661293	0.110745	0.120819	-0.171244	-0.261843
29.700380	0.110745	0.130892	-0.181317	-0.261843
29.739468	0.110745	0.140965	-0.181317	-0.261843
29.778555	0.110745	0.140965	-0.191391	-0.261843
29.817642	0.110745	0.151038	-0.201464	-0.261843
29.856730	0.110745	0.151038	-0.201464	-0.261843
29.895817	0.110745	0.151038	-0.201464	-0.261843
29.934904	0.120819	0.140965	-0.201464	-0.271916
29.973991	0.120819	0.140965	-0.211537	-0.271916
30.013079	0.120819	0.140965	-0.211537	-0.271916
30.052166	0.120819	0.140965	-0.211537	-0.261843
30.091253	0.110745	0.140965	-0.221610	-0.261843
30.130342	0.110745	0.140965	-0.221610	-0.261843
30.169430	0.110745	0.140965	-0.211537	-0.261843
30.208517	0.110745	0.140965	-0.211537	-0.261843
30.247604	0.120819	0.140965	-0.211537	-0.261843
30.286692	0.120819	0.140965	-0.211537	-0.271916
30.325779	0.120819	0.140965	-0.211537	-0.271916
30.364866	0.120819	0.140965	-0.211537	-0.281990
30.403954	0.120819	0.140965	-0.211537	-0.281990
30.443041	0.120819	0.140965	-0.221610	-0.281990
30.482128	0.130892	0.151038	-0.221610	-0.271916
30.521215	0.130892	0.151038	-0.231683	-0.281990
30.560305	0.130892	0.151038	-0.231683	-0.292063
30.599392	0.140965	0.151038	-0.231683	-0.292063
30.638479	0.140965	0.151038	-0.231683	-0.292063
30.677567	0.130892	0.151038	-0.231683	-0.292063
30.716654	0.130892	0.151038	-0.231683	-0.292063
30.755741	0.130892	0.151038	-0.231683	-0.281990
30.794828	0.130892	0.151038	-0.231683	-0.271916
30.833916	0.130892	0.151038	-0.231683	-0.271916
30.873003	0.120819	0.151038	-0.231683	-0.281990
30.912090	0.120819	0.151038	-0.231683	-0.281990
30.951178	0.130892	0.161111	-0.221610	-0.292063
30.990265	0.140965	0.161111	-0.231683	-0.292063
31.029354	0.140965	0.161111	-0.231683	-0.292063
31.068441	0.151038	0.161111	-0.241756	-0.302136
31.107529	0.151038	0.161111	-0.241756	-0.302136
31.146616	0.151038	0.151038	-0.251830	-0.292063
31.185703	0.151038	0.161111	-0.251830	-0.292063
31.224791	0.151038	0.151038	-0.261843	-0.292063
31.263878	0.140965	0.151038	-0.261843	-0.302136
31.302965	0.140965	0.161111	-0.261843	-0.312209
31.342052	0.130892	0.161111	-0.261843	-0.312209
31.381140	0.130892	0.151038	-0.261843	-0.312209
31.420227	0.130892	0.151038	-0.271916	-0.312209
31.459314	0.140965	0.161111	-0.271916	-0.312209
31.498404	0.140965	0.161111	-0.271916	-0.312209
31.537491	0.151038	0.161111	-0.271916	-0.312209
31.576578	0.151038	0.161111	-0.271916	-0.312209
31.615665	0.151038	0.161111	-0.271916	-0.312209
31.654753	0.151038	0.171185	-0.271916	-0.312209
31.693840	0.151038	0.171185	-0.281990	-0.312209
31.732927	0.151038	0.171185	-0.281990	-0.322282
31.772015	0.140965	0.181258	-0.292063	-0.322282
31.811102	0.140965	0.181258	-0.292063	-0.322282
31.850189	0.140965	0.181258	-0.281990	-0.322282
31.889277	0.140965	0.181258	-0.281990	-0.312209
31.928364	0.140965	0.171185	-0.281990	-0.312209
31.967453	0.140965	0.161111	-0.281990	-0.312209
32.006538	0.140965	0.151038	-0.281990	-0.312209
32.045628	0.140965	0.151038	-0.281990	-0.312209
32.084713	0.140965	0.151038	-0.292063	-0.322282
32.123802	0.140965	0.151038	-0.292063	-0.332355
32.162888	0.140965	0.151038	-0.292063	-0.332355
32.201977	0.151038	0.161111	-0.292063	-0.332355
32.241066	0.151038	0.161111	-0.292063	-0.332355
32.280151	0.151038	0.161111	-0.292063	-0.332355
32.319241	0.161111	0.161111	-0.292063	-0.342429
32.358326	0.161111	0.161111	-0.292063	-0.342429
32.397415	0.161111	0.161111	-0.292063	-0.352502
32.436501	0.161111	0.161111	-0.292063	-0.352502
32.475590	0.151038	0.161111	-0.302136	-0.352502
32.514675	0.151038	0.161111	-0.302136	-0.352502
32.553764	0.151038	0.161111	-0.302136	-0.352502
32.592850	0.161111	0.171185	-0.302136	-0.342429
32.631939	0.151038	0.171185	-0.312209	-0.342429
32.671028	0.151038	0.171185	-0.312209	-0.342429
32.710114	0.151038	0.171185	-0.312209	-0.342429
32.749203	0.151038	0.171185	-0.322282	-0.342429
32.788288	0.151038	0.171185	-0.332355	-0.342429
32.827377	0.140965	0.171185	-0.332355	-0.332355
32.866463	0.140965	0.181258	-0.332355	-0.332355
32.905552	0.151038	0.171185	-0.332355	-0.332355
32.944637	0.151038	0.171185	-0.332355	-0.332355
32.983727	0.161111	0.181258	-0.322282	-0.332355
33.022812	0.161111	0.181258	-0.312209	-0.332355
33.061901	0.161111	0.181258	-0.312209	-0.332355
33.100990	0.161111	0.181258	-0.312209	-0.332355
33.140076	0.161111	0.171185	-0.312209	-0.332355
33.179165	0.161111	0.171185	-0.312209	-0.332355
33.218250	0.161111	0.181258	-0.312209	-0.342429
33.257339	0.171185	0.181258	-0.312209	-0.342429
33.296425	0.171185	0.171185	-0.312209	-0.342429
33.335514	0.171185	0.171185	-0.312209	-0.342429
33.374599	0.181258	0.161111	-0.312209	-0.342429
33.413689	0.181258	0.151038	-0.312209	-0.342429
33.452774	0.181258	0.151038	-0.322282	-0.352502
33.491863	0.171185	0.151038	-0.332355	-0.342429
33.530949	0.171185	0.151038	-0.332355	-0.332355
33.570038	0.161111	0.151038	-0.332355	-0.332355
33.609127	0.161111	0.151038	-0.322282	-0.332355
33.648212	0.161111	0.161111	-0.322282	-0.332355
33.687302	0.161111	0.161111	-0.332355	-0.332355
33.726387	0.161111	0.161111	-0.332355	-0.342429
33.765476	0.161111	0.151038	-0.332355	-0.342429
33.804562	0.161111	0.151038	-0.332355	-0.342429
33.843651	0.161111	0.151038	-0.332355	-0.332355
33.882736	0.171185	0.151038	-0.322282	-0.332355
33.921825	0.171185	0.161111	-0.322282	-0.322282
33.960911	0.171185	0.161111	-0.322282	-0.322282
