21.940655	-0.050366	-0.221610	0.030160	0.120819
21.979643	-0.050366	-0.231683	0.030160	0.120819
22.018633	-0.050366	-0.251830	0.030160	0.110745
22.057623	-0.050366	-0.261843	0.040233	0.110745
22.096613	-0.050366	-0.271916	0.040233	0.120819
22.135603	-0.050366	-0.271916	0.040233	0.140965
22.174593	-0.060439	-0.281990	0.040233	0.140965
22.213581	-0.060439	-0.292063	0.050306	0.151038
22.252571	-0.070512	-0.302136	0.050306	0.161111
22.291561	-0.070512	-0.322282	0.060380	0.171185
22.330551	-0.080585	-0.332355	0.060380	0.181258
22.369541	-0.080585	-0.352502	0.070453	0.181258
22.408531	-0.080585	-0.372648	0.070453	0.181258
22.447521	-0.090659	-0.382721	0.070453	0.191331
22.486509	-0.100732	-0.402868	0.080526	0.201404
22.525499	-0.110805	-0.423014	0.080526	0.211477
22.564489	-0.120878	-0.453234	0.090599	0.221550
22.603479	-0.141025	-0.483453	0.090599	0.221550
22.642469	-0.151098	-0.503600	0.090599	0.241697
22.681459	-0.161171	-0.533760	0.090599	0.251770
22.720448	-0.161171	-0.553906	0.100672	0.251770
22.759438	-0.161171	-0.584126	0.110745	0.251770
22.798428	-0.171244	-0.604272	0.110745	0.251770
22.837418	-0.181317	-0.634491	0.110745	0.271857
22.876408	-0.191391	-0.664711	0.110745	0.292003
22.915398	-0.201464	-0.684857	0.110745	0.312150
22.954386	-0.211537	-0.715077	0.110745	0.322223
22.993376	-0.221610	-0.755370	0.110745	0.332296
23.032366	-0.231683	-0.785530	0.110745	0.342369
23.071356	-0.241756	-0.825822	0.120819	0.362515
23.110346	-0.241756	-0.866115	0.140965	0.372589
23.149336	-0.251830	-0.916481	0.140965	0.392735
23.188324	-0.271916	-0.956774	0.140965	0.412881
23.227314	-0.281990	-1.007140	0.140965	0.443101
23.266304	-0.292063	-1.067519	0.140965	0.463247
23.305294	-0.312209	-1.127958	0.140965	0.483394
23.344284	-0.332355	-1.198471	0.140965	0.513613
23.383274	-0.352502	-1.268983	0.151038	0.533700
23.422262	-0.362575	-1.359582	0.161111	0.563920
23.461252	-0.372648	-1.450241	0.171185	0.594139
23.500242	-0.392795	-1.560986	0.171185	0.634432
23.539232	-0.412941	-1.681864	0.181258	0.684798
23.578222	-0.423014	-1.812756	0.181258	0.735164
23.617212	-0.443161	-1.973927	0.201404	0.805616
23.656202	-0.463307	-2.145112	0.211477	0.876129
23.695190	-0.493526	-2.356589	0.221550	0.946641
23.734180	-0.513673	-2.598286	0.231624	1.037240
23.773170	-0.533760	-2.890348	0.251770	1.158118
23.812160	-0.553906	-3.232777	0.271857	1.319230
23.851151	-0.574052	-3.665805	0.281930	1.510620
23.890141	-0.594199	-4.189491	0.281930	1.762390
23.929129	-0.614345	-4.844129	0.281930	2.084613
23.968119	-0.644565	-5.639732	0.292003	2.497554
24.007109	-0.674784	-6.586373	0.312150	3.011167
24.046099	-0.705004	-7.724404	0.322223	3.615379
24.085089	-0.735223	-9.013474	0.342369	4.330456
24.124079	-0.765443	-10.423363	0.352442	5.156279
24.163067	-0.805676	-11.903763	0.362515	6.042480
24.202057	-0.845969	-13.374149	0.382662	6.948888
24.241047	-0.886261	-14.743746	0.412881	7.784724
24.280037	-0.936627	-15.932142	0.433028	8.479654
24.319027	-0.997066	-16.828419	0.453174	8.973122
24.358017	-1.057446	-17.412544	0.473320	9.224892
24.397005	-1.117885	-17.744900	0.503540	9.275257
24.435995	-1.188397	-17.885864	0.523627	9.184599
24.474985	-1.258910	-17.815351	0.553846	8.983194
24.513975	-1.329362	-17.503202	0.584066	8.670986
24.552965	-1.409948	-16.888857	0.614285	8.207739
24.591955	-1.520753	-15.881777	0.654578	7.563174
24.630943	-1.631498	-14.431596	0.694871	6.737351
24.669933	-1.752377	-12.508035	0.735164	5.700052
24.708923	-1.893342	-10.211885	0.785470	4.491568
24.747913	-2.044439	-7.714331	0.855982	3.212571
24.786903	-2.225697	-5.367815	0.926495	2.014160
24.825893	-2.437174	-3.514767	0.997007	1.107752
24.864883	-2.678871	-2.326369	1.087606	0.584066
24.903872	-2.981007	-1.722157	1.198411	0.392735
24.942862	-3.343582	-1.480460	1.339376	0.372589
24.981852	-3.806829	-1.379728	1.490474	0.382662
25.020842	-4.390895	-1.329362	1.681805	0.402808
25.059832	-5.136192	-1.299143	1.923501	0.422955
25.098822	-6.072760	-1.268983	2.215564	0.422955
25.137810	-7.220805	-1.238763	2.557993	0.433028
25.176800	-8.570313	-1.218617	2.980947	0.443101
25.215790	-10.121226	-1.208544	3.454268	0.463247
25.254780	-11.833310	-1.208544	3.957808	0.473320
25.293770	-13.555408	-1.198471	4.461348	0.493467
25.332760	-15.116394	-1.178324	4.924595	0.493467
25.371748	-16.425610	-1.138031	5.317390	0.473320
25.410738	-17.472982	-1.097739	5.629599	0.443101
25.449728	-18.268585	-1.057446	5.831003	0.422955
25.488718	-18.862724	-1.007140	5.921662	0.402808
25.527708	-19.265593	-0.956774	5.901515	0.392735
25.566698	-19.497215	-0.906408	5.760491	0.372589
25.605686	-19.517363	-0.866115	5.518794	0.362515
25.644676	-19.245445	-0.815749	5.196512	0.342369
25.683666	-18.540501	-0.775456	4.763484	0.332296
25.722656	-17.180920	-0.735223	4.280090	0.322223
25.761646	-15.086174	-0.705004	3.786623	0.302076
25.800636	-12.447596	-0.674784	3.283083	0.281930
25.839624	-9.647905	-0.644565	2.789617	0.261784
25.878614	-7.120132	-0.604272	2.326310	0.261784
25.917604	-5.116045	-0.563979	1.893282	0.251770
25.956594	-3.655732	-0.533760	1.530766	0.251770
25.995584	-2.658725	-0.513673	1.248777	0.241697
26.034575	-2.034366	-0.493526	1.047313	0.241697
26.073565	-1.651645	-0.473380	0.886202	0.231624
26.112553	-1.420021	-0.453234	0.785470	0.211477
26.151543	-1.289070	-0.433087	0.704944	0.181258
26.190533	-1.208544	-0.412941	0.654578	0.161111
26.229523	-1.168251	-0.382721	0.624359	0.161111
26.268513	-1.158178	-0.362575	0.594139	0.171185
26.307503	-1.158178	-0.332355	0.573993	0.171185
26.346491	-1.168251	-0.312209	0.543773	0.171185
26.385481	-1.168251	-0.302136	0.513613	0.151038
26.424471	-1.168251	-0.292063	0.483394	0.151038
26.463461	-1.148105	-0.281990	0.463247	0.140965
26.502451	-1.117885	-0.271916	0.453174	0.140965
26.541441	-1.077592	-0.251830	0.433028	0.130892
26.580429	-1.027286	-0.231683	0.422955	0.130892
26.619419	-0.976920	-0.211537	0.402808	0.130892
26.658409	-0.926554	-0.191391	0.392735	0.130892
26.697399	-0.886261	-0.181317	0.372589	0.130892
26.736389	-0.835896	-0.161171	0.362515	0.120819
26.775379	-0.795603	-0.151098	0.352442	0.110745
26.814367	-0.755370	-0.141025	0.332296	0.100672
26.853357	-0.725150	-0.130951	0.322223	0.090599
26.892347	-0.684857	-0.120878	0.302076	0.080526
26.931337	-0.654638	-0.120878	0.292003	0.080526
26.970327	-0.624418	-0.110805	0.271857	0.090599
27.009317	-0.584126	-0.100732	0.261784	0.100672
27.048306	-0.563979	-0.090659	0.241697	0.100672
27.087296	-0.533760	-0.080585	0.231624	0.080526
27.126286	-0.503600	-0.080585	0.221550	0.060380
27.165276	-0.483453	-0.070512	0.201404	0.050306
27.204266	-0.463307	-0.050366	0.191331	0.050306
27.243256	-0.433087	-0.040293	0.191331	0.060380
27.282246	-0.412941	-0.040293	0.191331	0.050306
27.321234	-0.382721	-0.030220	0.181258	0.050306
27.360224	-0.362575	-0.020146	0.171185	0.050306
27.399214	-0.342429	-0.020146	0.161111	0.050306
27.438204	-0.332355	-0.010073	0.161111	0.040233
27.477194	-0.312209	-0.010073	0.161111	0.020087
27.516184	-0.302136	0.000000	0.140965	0.010014
27.555172	-0.281990	0.000000	0.130892	0.000000
27.594162	-0.261843	0.010014	0.130892	0.000000
27.633152	-0.241756	0.020087	0.130892	0.000000
27.672142	-0.221610	0.030160	0.130892	0.000000
27.711132	-0.211537	0.040233	0.130892	0.010014
27.750122	-0.191391	0.050306	0.120819	0.010014
27.789110	-0.181317	0.060380	0.110745	0.000000
27.828100	-0.171244	0.060380	0.100672	-0.010073
27.867090	-0.161171	0.060380	0.090599	-0.030220
27.906080	-0.151098	0.060380	0.090599	-0.030220
27.945070	-0.141025	0.070453	0.090599	-0.030220
27.984060	-0.120878	0.080526	0.100672	-0.010073
28.023048	-0.110805	0.090599	0.090599	0.000000
28.062038	-0.100732	0.100672	0.080526	0.010014
28.101028	-0.090659	0.100672	0.070453	0.010014
28.140018	-0.080585	0.110745	0.070453	0.000000
28.179008	-0.060439	0.110745	0.070453	-0.020146
28.217999	-0.060439	0.110745	0.060380	-0.020146
28.256987	-0.050366	0.120819	0.060380	-0.020146
28.295977	-0.040293	0.130892	0.050306	-0.010073
28.334967	-0.030220	0.140965	0.050306	0.000000
28.373957	-0.030220	0.140965	0.040233	0.000000
28.412947	-0.020146	0.140965	0.030160	-0.010073
28.451937	-0.010073	0.140965	0.020087	-0.020146
28.490927	0.000000	0.151038	0.020087	-0.030220
28.529915	0.010014	0.151038	0.020087	-0.040293
28.568905	0.020087	0.151038	0.020087	-0.040293
28.607895	0.020087	0.161111	0.020087	-0.040293
28.646885	0.030160	0.171185	0.030160	-0.040293
28.685875	0.040233	0.171185	0.030160	-0.030220
28.724865	0.040233	0.171185	0.030160	-0.020146
28.763853	0.050306	0.181258	0.020087	-0.010073
28.802843	0.050306	0.181258	0.010014	-0.020146
28.841833	0.060380	0.181258	0.010014	-0.020146
28.880823	0.060380	0.181258	0.000000	-0.030220
28.919813	0.060380	0.181258	0.000000	-0.030220
28.958803	0.070453	0.181258	0.000000	-0.040293
28.997791	0.080526	0.181258	0.010014	-0.040293
29.036781	0.090599	0.181258	0.010014	-0.030220
29.075771	0.090599	0.191331	0.010014	-0.030220
29.114761	0.100672	0.201404	0.000000	-0.040293
29.153751	0.100672	0.201404	0.000000	-0.040293
29.192741	0.100672	0.211477	-0.010073	-0.050366
29.231730	0.110745	0.211477	-0.010073	-0.050366
29.270720	0.120819	0.211477	0.000000	-0.060439
29.309710	0.130892	0.211477	0.010014	-0.070512
29.348700	0.130892	0.221550	0.000000	-0.060439
29.387690	0.130892	0.221550	0.000000	-0.060439
29.426680	0.140965	0.221550	0.000000	-0.060439
29.465668	0.140965	0.231624	-0.010073	-0.070512
29.504658	0.140965	0.221550	-0.020146	-0.080585
29.543648	0.151038	0.221550	-0.030220	-0.080585
29.582638	0.151038	0.221550	-0.030220	-0.080585
29.621628	0.161111	0.231624	-0.020146	-0.080585
29.660618	0.171185	0.231624	-0.020146	-0.080585
29.699608	0.181258	0.241697	-0.030220	-0.070512
29.738596	0.191331	0.241697	-0.030220	-0.060439
29.777586	0.191331	0.251770	-0.040293	-0.050366
29.816576	0.201404	0.251770	-0.030220	-0.060439
29.855566	0.201404	0.251770	-0.030220	-0.080585
29.894556	0.201404	0.251770	-0.030220	-0.090659
29.933546	0.201404	0.261784	-0.030220	-0.100732
29.972534	0.201404	0.261784	-0.020146	-0.090659
30.011524	0.201404	0.261784	-0.020146	-0.090659
30.050514	0.191331	0.271857	-0.030220	-0.080585
30.089504	0.201404	0.271857	-0.040293	-0.070512
30.128494	0.201404	0.271857	-0.040293	-0.070512
30.167484	0.211477	0.261784	-0.030220	-0.070512
30.206472	0.211477	0.261784	-0.030220	-0.070512
30.245462	0.211477	0.261784	-0.040293	-0.070512
30.284452	0.221550	0.271857	-0.050366	-0.080585
30.323442	0.221550	0.271857	-0.050366	-0.080585
30.362432	0.221550	0.271857	-0.050366	-0.080585
30.401423	0.221550	0.271857	-0.050366	-0.080585
30.440411	0.221550	0.271857	-0.060439	-0.080585
30.479401	0.221550	0.281930	-0.070512	-0.080585
30.518391	0.231624	0.281930	-0.070512	-0.090659
30.557381	0.231624	0.281930	-0.070512	-0.090659
30.596371	0.241697	0.281930	-0.070512	-0.100732
30.635361	0.251770	0.281930	-0.060439	-0.110805
30.674349	0.251770	0.281930	-0.060439	-0.110805
30.713339	0.251770	0.292003	-0.060439	-0.100732
30.752329	0.261784	0.292003	-0.060439	-0.090659
30.791319	0.261784	0.302076	-0.070512	-0.090659
30.830309	0.251770	0.302076	-0.070512	-0.080585
30.869299	0.251770	0.302076	-0.070512	-0.080585
30.908289	0.251770	0.302076	-0.080585	-0.090659
30.947277	0.251770	0.302076	-0.080585	-0.100732
30.986267	0.261784	0.302076	-0.080585	-0.110805
31.025257	0.261784	0.302076	-0.080585	-0.100732
31.064247	0.271857	0.302076	-0.070512	-0.090659
31.103237	0.281930	0.302076	-0.070512	-0.090659
31.142227	0.292003	0.302076	-0.080585	-0.080585
31.181215	0.292003	0.302076	-0.080585	-0.090659
31.220205	0.292003	0.302076	-0.090659	-0.090659
31.259195	0.302076	0.312150	-0.100732	-0.100732
31.298185	0.302076	0.312150	-0.090659	-0.100732
31.337175	0.302076	0.312150	-0.090659	-0.100732
31.376165	0.302076	0.312150	-0.080585	-0.100732
31.415154	0.302076	0.312150	-0.090659	-0.090659
31.454144	0.302076	0.312150	-0.090659	-0.080585
31.493134	0.302076	0.322223	-0.090659	-0.080585
31.532124	0.302076	0.322223	-0.100732	-0.080585
31.571114	0.302076	0.332296	-0.100732	-0.090659
31.610104	0.312150	0.332296	-0.100732	-0.100732
31.649092	0.312150	0.322223	-0.100732	-0.100732
31.688082	0.312150	0.312150	-0.100732	-0.100732
31.727072	0.312150	0.312150	-0.090659	-0.100732
31.766062	0.312150	0.322223	-0.080585	-0.090659
31.805052	0.312150	0.322223	-0.070512	-0.080585
31.844042	0.312150	0.312150	-0.070512	-0.080585
31.883030	0.312150	0.312150	-0.080585	-0.080585
31.922020	0.302076	0.312150	-0.090659	-0.080585
31.961010	0.302076	0.302076	-0.090659	-0.090659
