26.000483	0.000000	-0.302315	0.134230	0.302076
26.031731	0.000000	-0.268698	0.134230	0.302076
26.062979	0.000000	-0.268698	0.134230	0.302076
26.094227	0.000000	-0.268698	0.134230	0.302076
26.125475	0.000000	-0.268698	0.134230	0.302076
26.156723	0.000000	-0.268698	0.134230	0.302076
26.187971	0.000000	-0.235081	0.134230	0.302076
26.219219	0.033379	-0.235081	0.134230	0.302076
26.250467	0.033379	-0.235081	0.134230	0.302076
26.281715	0.033379	-0.235081	0.100613	0.302076
26.312963	0.033379	-0.235081	0.100613	0.302076
26.344212	0.033379	-0.235081	0.100613	0.302076
26.375460	0.033379	-0.201464	0.100613	0.302076
26.406708	0.033379	-0.201464	0.100613	0.268459
26.437956	0.033379	-0.201464	0.066996	0.268459
26.469204	0.033379	-0.201464	0.066996	0.268459
26.500452	0.033379	-0.201464	0.066996	0.268459
26.531700	0.033379	-0.201464	0.066996	0.268459
26.562948	0.033379	-0.168085	0.066996	0.234842
26.594196	0.033379	-0.168085	0.066996	0.234842
26.625444	0.033379	-0.168085	0.066996	0.234842
26.656693	0.033379	-0.168085	0.066996	0.234842
26.687941	0.033379	-0.168085	0.066996	0.234842
26.719189	0.033379	-0.168085	0.066996	0.268459
26.750437	0.066996	-0.134468	0.066996	0.268459
26.781685	0.066996	-0.134468	0.066996	0.268459
26.812933	0.066996	-0.100851	0.066996	0.268459
26.844181	0.066996	-0.100851	0.066996	0.268459
26.875429	0.066996	-0.100851	0.066996	0.234842
26.906677	0.066996	-0.100851	0.066996	0.234842
26.937925	0.066996	-0.100851	0.066996	0.234842
26.969173	0.066996	-0.067234	0.066996	0.234842
27.000422	0.033379	-0.067234	0.100613	0.234842
27.031670	0.033379	-0.067234	0.100613	0.234842
27.062918	0.033379	-0.067234	0.100613	0.234842
27.094166	0.033379	-0.067234	0.100613	0.234842
27.125414	0.033379	-0.033617	0.100613	0.234842
27.156662	0.066996	-0.033617	0.100613	0.234842
27.187910	0.066996	-0.033617	0.100613	0.234842
27.219158	0.100613	-0.033617	0.100613	0.234842
27.250406	0.100613	-0.033617	0.066996	0.234842
27.281654	0.100613	0.000000	0.066996	0.268459
27.312902	0.100613	0.000000	0.066996	0.268459
27.344151	0.100613	0.000000	0.066996	0.268459
27.375399	0.100613	0.033379	0.066996	0.234842
27.406647	0.100613	0.033379	0.033379	0.234842
27.437895	0.134230	0.033379	0.033379	0.201225
27.469143	0.134230	0.066996	0.033379	0.201225
27.500391	0.134230	0.066996	0.033379	0.201225
27.531639	0.134230	0.066996	0.033379	0.201225
27.562887	0.134230	0.066996	0.033379	0.201225
27.594135	0.134230	0.066996	0.066996	0.201225
27.625383	0.134230	0.066996	0.066996	0.201225
27.656631	0.134230	0.100613	0.066996	0.201225
27.687880	0.167847	0.100613	0.033379	0.201225
27.719128	0.167847	0.134230	0.033379	0.201225
27.750376	0.167847	0.167847	0.033379	0.201225
27.781624	0.167847	0.167847	0.033379	0.201225
27.812872	0.167847	0.201225	0.033379	0.201225
27.844120	0.167847	0.201225	0.033379	0.201225
27.875368	0.167847	0.234842	0.066996	0.201225
27.906616	0.167847	0.234842	0.066996	0.201225
27.937866	0.201225	0.234842	0.066996	0.201225
27.969114	0.201225	0.268459	0.066996	0.167847
28.000362	0.201225	0.268459	0.066996	0.167847
28.031610	0.234842	0.302076	0.033379	0.167847
28.062859	0.234842	0.335693	0.033379	0.167847
28.094107	0.234842	0.369072	0.000000	0.167847
28.125355	0.234842	0.402689	0.000000	0.167847
28.156603	0.234842	0.402689	0.000000	0.167847
28.187851	0.234842	0.436306	0.000000	0.134230
28.219099	0.234842	0.436306	-0.033617	0.134230
28.250347	0.234842	0.469923	-0.033617	0.134230
28.281595	0.268459	0.469923	0.000000	0.134230
28.312843	0.268459	0.503540	0.000000	0.134230
28.344091	0.302076	0.570536	0.000000	0.134230
28.375340	0.302076	0.604153	0.000000	0.134230
28.406588	0.302076	0.637770	0.000000	0.134230
28.437836	0.302076	0.671387	0.000000	0.134230
28.469084	0.302076	0.738382	0.000000	0.134230
28.500332	0.335693	0.771999	0.000000	0.100613
28.531580	0.335693	0.839233	0.000000	0.100613
28.562828	0.369072	0.906229	0.000000	0.100613
28.594076	0.369072	0.939846	0.000000	0.066996
28.625324	0.402689	1.007080	0.000000	0.066996
28.656572	0.402689	1.074076	0.000000	0.066996
28.687820	0.402689	1.141310	0.000000	0.033379
28.719069	0.402689	1.208305	0.000000	0.000000
28.750317	0.436306	1.309156	0.000000	-0.033617
28.781565	0.436306	1.376152	0.033379	-0.033617
28.812813	0.469923	1.477003	0.000000	-0.067234
28.844061	0.469923	1.577616	0.000000	-0.067234
28.875309	0.503540	1.712084	0.000000	-0.100851
28.906557	0.536919	1.879930	0.000000	-0.134468
28.937805	0.536919	2.047777	0.000000	-0.168085
28.969053	0.570536	2.215624	-0.033617	-0.201464
29.000301	0.570536	2.450466	-0.033617	-0.235081
29.031549	0.604153	2.719164	-0.033617	-0.302315
29.062798	0.604153	3.021240	-0.033617	-0.369310
29.094046	0.637770	3.424168	-0.033617	-0.436544
29.125294	0.671387	3.927708	-0.033617	-0.537157
29.156542	0.671387	4.531860	-0.033617	-0.638008
29.187790	0.704765	5.304098	-0.033617	-0.805855
29.219038	0.704765	6.344795	-0.033617	-1.040697
29.250286	0.738382	7.687569	-0.033617	-1.376390
29.281534	0.771999	9.466648	-0.033617	-1.846552
29.312782	0.805616	11.682510	-0.033617	-2.484322
29.344030	0.839233	14.300823	-0.067234	-3.323555
29.375278	0.872612	17.188072	-0.067234	-4.330635
29.406527	0.906229	19.873619	-0.067234	-5.371332
29.437775	0.939846	21.652937	-0.067234	-6.143570
29.469023	1.007080	21.585703	-0.067234	-6.277800
29.500271	1.040459	19.202232	-0.100851	-5.438566
29.531519	1.107693	15.106678	-0.100851	-3.793478
29.562767	1.141310	11.044502	-0.100851	-2.182245
29.594015	1.174927	8.191109	-0.100851	-1.275778
29.625263	1.241922	6.411791	-0.100851	-0.805855
29.656511	1.309156	5.236864	-0.100851	-0.537157
29.687759	1.376152	4.397631	-0.100851	-0.369310
29.719007	1.443386	3.759861	-0.100851	-0.268698
29.750256	1.544237	3.256321	-0.134468	-0.235081
29.781504	1.644850	2.887011	-0.134468	-0.201464
29.812752	1.745462	2.584696	-0.168085	-0.201464
29.844000	1.879930	2.349854	-0.168085	-0.201464
29.875248	2.014160	2.148390	-0.201464	-0.201464
29.906496	2.148390	1.946926	-0.235081	-0.168085
29.937744	2.316236	1.812696	-0.268698	-0.168085
29.968992	2.484083	1.678467	-0.302315	-0.134468
30.000240	2.719164	1.544237	-0.335932	-0.134468
30.031488	2.987623	1.443386	-0.369310	-0.100851
30.062737	3.323317	1.342773	-0.436544	-0.100851
30.093985	3.726244	1.241922	-0.503778	-0.067234
30.125233	4.229784	1.174927	-0.570774	-0.067234
30.156481	4.867554	1.107693	-0.705004	-0.067234
30.187729	5.706787	1.040459	-0.839472	-0.033617
30.218977	6.915331	0.973463	-1.007318	0.000000
30.250225	8.728266	0.939846	-1.242161	0.000000
30.281473	11.783123	0.872612	-1.410007	0.033379
30.312721	16.180754	0.839233	-1.343012	0.033379
30.343969	20.545006	0.805616	-1.208544	0.033379
30.375219	22.928476	0.771999	-1.242161	0.066996
30.406467	22.760630	0.704765	-1.376390	0.066996
30.437716	20.712852	0.671387	-1.443624	0.100613
30.468964	17.724991	0.637770	-1.443624	0.100613
30.500212	14.636517	0.604153	-1.343012	0.100613
30.531460	11.816740	0.570536	-1.141548	0.100613
30.562708	9.466648	0.536919	-0.940084	0.100613
30.593956	7.620335	0.503540	-0.738621	0.100613
30.625204	6.210327	0.469923	-0.604391	0.100613
30.656452	5.136251	0.436306	-0.503778	0.066996
30.687700	4.330397	0.436306	-0.436544	0.066996
30.718948	3.726244	0.402689	-0.369310	0.100613
30.750196	3.256321	0.369072	-0.369310	0.134230
30.781445	2.887011	0.335693	-0.335932	0.134230
30.812693	2.584696	0.335693	-0.335932	0.134230
30.843941	2.316236	0.335693	-0.302315	0.134230
30.875189	2.114773	0.302076	-0.302315	0.134230
30.906437	1.946926	0.302076	-0.268698	0.134230
30.937685	1.812696	0.268459	-0.268698	0.167847
30.968933	1.678467	0.268459	-0.235081	0.167847
31.000181	1.577616	0.234842	-0.235081	0.167847
31.031429	1.477003	0.234842	-0.201464	0.167847
31.062677	1.376152	0.201225	-0.201464	0.167847
31.093925	1.309156	0.201225	-0.168085	0.167847
31.125174	1.208305	0.167847	-0.168085	0.167847
31.156422	1.141310	0.167847	-0.168085	0.167847
31.187670	1.074076	0.134230	-0.168085	0.134230
31.218918	1.040459	0.134230	-0.134468	0.134230
31.250166	0.973463	0.134230	-0.134468	0.134230
31.281414	0.906229	0.134230	-0.100851	0.167847
31.312662	0.872612	0.134230	-0.067234	0.167847
31.343910	0.839233	0.100613	-0.067234	0.201225
31.375158	0.805616	0.100613	-0.033617	0.201225
31.406406	0.771999	0.066996	-0.033617	0.201225
31.437654	0.738382	0.066996	-0.033617	0.201225
31.468903	0.704765	0.033379	0.000000	0.201225
31.500151	0.671387	0.033379	-0.033617	0.234842
31.531399	0.604153	0.033379	-0.033617	0.234842
31.562647	0.570536	0.033379	-0.033617	0.234842
31.593895	0.536919	0.000000	-0.033617	0.234842
31.625143	0.503540	0.000000	-0.033617	0.234842
31.656391	0.469923	0.000000	0.000000	0.234842
31.687639	0.436306	0.000000	0.000000	0.234842
31.718887	0.402689	0.000000	0.000000	0.234842
31.750135	0.402689	0.000000	0.000000	0.234842
31.781384	0.369072	0.000000	0.000000	0.234842
31.812632	0.369072	0.000000	0.033379	0.234842
31.843880	0.335693	0.000000	0.066996	0.268459
31.875128	0.335693	0.000000	0.066996	0.268459
31.906376	0.302076	0.000000	0.066996	0.268459
31.937624	0.302076	-0.033617	0.066996	0.268459
31.968872	0.268459	-0.033617	0.066996	0.268459
32.000122	0.268459	-0.033617	0.066996	0.268459
32.031368	0.234842	-0.067234	0.066996	0.268459
32.062618	0.234842	-0.067234	0.066996	0.268459
32.093864	0.201225	-0.067234	0.066996	0.268459
32.125114	0.201225	-0.100851	0.066996	0.234842
32.156361	0.167847	-0.067234	0.066996	0.201225
32.187611	0.167847	-0.067234	0.066996	0.201225
32.218857	0.134230	-0.067234	0.066996	0.167847
32.250107	0.134230	-0.067234	0.066996	0.167847
32.281353	0.134230	-0.067234	0.066996	0.201225
32.312603	0.100613	-0.067234	0.100613	0.201225
32.343849	0.100613	-0.067234	0.100613	0.201225
32.375099	0.100613	-0.067234	0.100613	0.201225
32.406345	0.066996	-0.100851	0.100613	0.201225
32.437595	0.066996	-0.100851	0.134230	0.201225
32.468842	0.066996	-0.100851	0.134230	0.201225
32.500092	0.066996	-0.100851	0.167847	0.167847
32.531338	0.033379	-0.100851	0.167847	0.201225
32.562588	0.033379	-0.134468	0.167847	0.201225
32.593834	0.033379	-0.134468	0.167847	0.201225
32.625084	0.033379	-0.134468	0.167847	0.201225
32.656330	0.033379	-0.134468	0.134230	0.201225
32.687580	0.000000	-0.134468	0.134230	0.201225
32.718826	0.000000	-0.168085	0.100613	0.201225
32.750076	0.000000	-0.168085	0.100613	0.201225
32.781322	-0.033617	-0.168085	0.100613	0.201225
32.812572	-0.033617	-0.168085	0.100613	0.201225
32.843819	-0.033617	-0.168085	0.134230	0.201225
32.875069	-0.033617	-0.168085	0.134230	0.201225
32.906315	-0.067234	-0.168085	0.167847	0.167847
32.937565	-0.067234	-0.168085	0.167847	0.167847
32.968811	-0.067234	-0.134468	0.167847	0.134230
33.000061	-0.067234	-0.134468	0.167847	0.134230
33.031307	-0.067234	-0.134468	0.167847	0.134230
33.062557	-0.067234	-0.134468	0.167847	0.134230
33.093803	-0.067234	-0.134468	0.167847	0.134230
33.125053	-0.100851	-0.168085	0.167847	0.134230
33.156300	-0.100851	-0.168085	0.167847	0.134230
33.187550	-0.100851	-0.168085	0.167847	0.134230
33.218796	-0.100851	-0.168085	0.167847	0.134230
33.250046	-0.100851	-0.168085	0.201225	0.134230
33.281292	-0.100851	-0.168085	0.201225	0.134230
33.312542	-0.100851	-0.168085	0.201225	0.134230
33.343788	-0.134468	-0.168085	0.201225	0.134230
33.375038	-0.134468	-0.168085	0.167847	0.167847
33.406284	-0.134468	-0.168085	0.167847	0.167847
33.437534	-0.134468	-0.201464	0.167847	0.167847
33.468781	-0.134468	-0.201464	0.167847	0.167847
33.500031	-0.134468	-0.201464	0.167847	0.167847
33.531277	-0.168085	-0.201464	0.167847	0.167847
33.562527	-0.168085	-0.201464	0.167847	0.201225
33.593773	-0.168085	-0.201464	0.167847	0.201225
33.625023	-0.168085	-0.201464	0.167847	0.201225
33.656269	-0.168085	-0.201464	0.167847	0.201225
33.687519	-0.168085	-0.168085	0.167847	0.201225
33.718765	-0.168085	-0.168085	0.167847	0.201225
33.750015	-0.168085	-0.201464	0.167847	0.201225
33.781261	-0.168085	-0.201464	0.167847	0.167847
33.812511	-0.201464	-0.201464	0.167847	0.167847
33.843758	-0.201464	-0.201464	0.167847	0.167847
33.875008	-0.201464	-0.201464	0.167847	0.167847
33.906254	-0.201464	-0.201464	0.134230	0.134230
33.937504	-0.201464	-0.201464	0.134230	0.134230
33.968750	-0.201464	-0.201464	0.134230	0.134230
