24.983185	-0.040293	-0.171244	-0.060439	-0.221610
24.992565	-0.030220	-0.171244	-0.060439	-0.221610
25.001945	-0.030220	-0.181317	-0.050366	-0.221610
25.011326	-0.030220	-0.181317	-0.060439	-0.231683
25.020706	-0.030220	-0.181317	-0.060439	-0.231683
25.030088	-0.030220	-0.181317	-0.060439	-0.221610
25.039469	-0.030220	-0.181317	-0.050366	-0.221610
25.048849	-0.030220	-0.181317	-0.050366	-0.221610
25.058229	-0.040293	-0.181317	-0.060439	-0.221610
25.067612	-0.050366	-0.171244	-0.060439	-0.211537
25.076992	-0.050366	-0.171244	-0.060439	-0.221610
25.086372	-0.040293	-0.181317	-0.050366	-0.221610
25.095753	-0.040293	-0.181317	-0.060439	-0.221610
25.105135	-0.040293	-0.171244	-0.070512	-0.221610
25.114515	-0.040293	-0.171244	-0.070512	-0.221610
25.123896	-0.040293	-0.171244	-0.070512	-0.221610
25.133276	-0.030220	-0.171244	-0.070512	-0.211537
25.142656	-0.040293	-0.161171	-0.070512	-0.201464
25.152039	-0.040293	-0.161171	-0.070512	-0.201464
25.161419	-0.040293	-0.161171	-0.070512	-0.201464
25.170799	-0.040293	-0.171244	-0.060439	-0.211537
25.180180	-0.040293	-0.181317	-0.060439	-0.211537
25.189562	-0.050366	-0.181317	-0.060439	-0.221610
25.198942	-0.050366	-0.181317	-0.060439	-0.221610
25.208323	-0.050366	-0.171244	-0.060439	-0.211537
25.217703	-0.040293	-0.171244	-0.050366	-0.211537
25.227083	-0.050366	-0.171244	-0.060439	-0.211537
25.236465	-0.060439	-0.171244	-0.060439	-0.201464
25.245846	-0.060439	-0.181317	-0.060439	-0.201464
25.255226	-0.050366	-0.191391	-0.050366	-0.211537
25.264606	-0.040293	-0.191391	-0.050366	-0.221610
25.273989	-0.040293	-0.191391	-0.050366	-0.221610
25.283369	-0.040293	-0.191391	-0.060439	-0.221610
25.292749	-0.040293	-0.181317	-0.060439	-0.211537
25.302130	-0.040293	-0.181317	-0.060439	-0.211537
25.311510	-0.040293	-0.171244	-0.060439	-0.211537
25.320892	-0.050366	-0.171244	-0.060439	-0.211537
25.330273	-0.050366	-0.181317	-0.070512	-0.211537
25.339653	-0.050366	-0.181317	-0.060439	-0.221610
25.349033	-0.050366	-0.181317	-0.070512	-0.221610
25.358416	-0.050366	-0.181317	-0.070512	-0.221610
25.367796	-0.050366	-0.171244	-0.070512	-0.211537
25.377176	-0.060439	-0.161171	-0.070512	-0.211537
25.386557	-0.060439	-0.161171	-0.070512	-0.211537
25.395937	-0.060439	-0.171244	-0.070512	-0.201464
25.405319	-0.060439	-0.171244	-0.080585	-0.201464
25.414700	-0.060439	-0.181317	-0.080585	-0.201464
25.424080	-0.050366	-0.181317	-0.070512	-0.211537
25.433460	-0.050366	-0.191391	-0.070512	-0.211537
25.442842	-0.040293	-0.191391	-0.070512	-0.201464
25.452223	-0.050366	-0.181317	-0.070512	-0.201464
25.461603	-0.050366	-0.181317	-0.070512	-0.191391
25.470984	-0.060439	-0.181317	-0.080585	-0.191391
25.480366	-0.070512	-0.191391	-0.080585	-0.201464
25.489746	-0.070512	-0.191391	-0.080585	-0.211537
25.499126	-0.070512	-0.201464	-0.080585	-0.211537
25.508507	-0.060439	-0.201464	-0.070512	-0.211537
25.517887	-0.050366	-0.211537	-0.070512	-0.211537
25.527269	-0.050366	-0.201464	-0.060439	-0.211537
25.536650	-0.060439	-0.191391	-0.070512	-0.211537
25.546030	-0.070512	-0.191391	-0.070512	-0.211537
25.555410	-0.060439	-0.181317	-0.060439	-0.201464
25.564793	-0.060439	-0.191391	-0.060439	-0.201464
25.574173	-0.060439	-0.191391	-0.070512	-0.201464
25.583553	-0.050366	-0.191391	-0.060439	-0.191391
25.592934	-0.050366	-0.191391	-0.060439	-0.191391
25.602314	-0.040293	-0.191391	-0.050366	-0.191391
25.611696	-0.040293	-0.191391	-0.050366	-0.191391
25.621077	-0.050366	-0.191391	-0.060439	-0.191391
25.630457	-0.060439	-0.191391	-0.070512	-0.191391
25.639837	-0.070512	-0.191391	-0.070512	-0.191391
25.649220	-0.060439	-0.191391	-0.070512	-0.181317
25.658600	-0.060439	-0.191391	-0.070512	-0.181317
25.667980	-0.070512	-0.201464	-0.070512	-0.181317
25.677361	-0.070512	-0.201464	-0.070512	-0.191391
25.686741	-0.060439	-0.201464	-0.060439	-0.191391
25.696123	-0.050366	-0.191391	-0.060439	-0.191391
25.705503	-0.060439	-0.191391	-0.060439	-0.191391
25.714884	-0.060439	-0.191391	-0.060439	-0.191391
25.724264	-0.070512	-0.191391	-0.060439	-0.191391
25.733646	-0.060439	-0.191391	-0.060439	-0.191391
25.743027	-0.060439	-0.191391	-0.060439	-0.201464
25.752407	-0.060439	-0.191391	-0.060439	-0.201464
25.761787	-0.050366	-0.191391	-0.060439	-0.201464
25.771168	-0.050366	-0.191391	-0.060439	-0.201464
25.780550	-0.060439	-0.201464	-0.060439	-0.191391
25.789930	-0.070512	-0.191391	-0.070512	-0.191391
25.799311	-0.070512	-0.191391	-0.070512	-0.181317
25.808691	-0.070512	-0.191391	-0.070512	-0.181317
25.818073	-0.060439	-0.191391	-0.060439	-0.191391
25.827454	-0.060439	-0.191391	-0.050366	-0.191391
25.836834	-0.060439	-0.201464	-0.050366	-0.191391
25.846214	-0.060439	-0.201464	-0.050366	-0.191391
25.855597	-0.070512	-0.211537	-0.050366	-0.191391
25.864977	-0.070512	-0.211537	-0.050366	-0.191391
25.874357	-0.070512	-0.201464	-0.060439	-0.191391
25.883738	-0.080585	-0.191391	-0.060439	-0.191391
25.893118	-0.080585	-0.191391	-0.070512	-0.181317
25.902500	-0.080585	-0.191391	-0.060439	-0.181317
25.911880	-0.080585	-0.181317	-0.060439	-0.181317
25.921261	-0.080585	-0.181317	-0.050366	-0.181317
25.930641	-0.080585	-0.181317	-0.050366	-0.181317
25.940023	-0.080585	-0.191391	-0.060439	-0.181317
25.949404	-0.090659	-0.201464	-0.060439	-0.181317
25.958784	-0.090659	-0.191391	-0.070512	-0.171244
25.968164	-0.100732	-0.191391	-0.070512	-0.171244
25.977545	-0.100732	-0.191391	-0.070512	-0.161171
25.986927	-0.090659	-0.201464	-0.060439	-0.161171
25.996307	-0.080585	-0.211537	-0.050366	-0.171244
26.005688	-0.080585	-0.221610	-0.050366	-0.171244
26.015068	-0.070512	-0.211537	-0.050366	-0.181317
26.024450	-0.080585	-0.211537	-0.050366	-0.181317
26.033831	-0.080585	-0.201464	-0.050366	-0.181317
26.043211	-0.080585	-0.201464	-0.050366	-0.181317
26.052591	-0.080585	-0.201464	-0.050366	-0.181317
26.061972	-0.080585	-0.201464	-0.060439	-0.181317
26.071354	-0.080585	-0.211537	-0.060439	-0.181317
26.080734	-0.070512	-0.211537	-0.060439	-0.181317
26.090115	-0.070512	-0.211537	-0.050366	-0.181317
26.099495	-0.070512	-0.201464	-0.050366	-0.181317
26.108877	-0.080585	-0.201464	-0.050366	-0.181317
26.118258	-0.080585	-0.201464	-0.050366	-0.181317
26.127638	-0.080585	-0.201464	-0.050366	-0.171244
26.137018	-0.080585	-0.201464	-0.050366	-0.171244
26.146399	-0.080585	-0.201464	-0.060439	-0.171244
26.155781	-0.080585	-0.201464	-0.060439	-0.181317
26.165161	-0.070512	-0.211537	-0.060439	-0.181317
26.174541	-0.070512	-0.211537	-0.060439	-0.181317
26.183922	-0.070512	-0.211537	-0.060439	-0.171244
26.193304	-0.070512	-0.211537	-0.060439	-0.171244
26.202684	-0.080585	-0.211537	-0.060439	-0.161171
26.212065	-0.080585	-0.201464	-0.060439	-0.161171
26.221445	-0.080585	-0.201464	-0.060439	-0.161171
26.230827	-0.090659	-0.211537	-0.060439	-0.161171
26.240208	-0.090659	-0.211537	-0.060439	-0.151098
26.249588	-0.090659	-0.211537	-0.050366	-0.151098
26.258968	-0.080585	-0.211537	-0.050366	-0.141025
26.268349	-0.080585	-0.201464	-0.050366	-0.141025
26.277731	-0.080585	-0.191391	-0.060439	-0.141025
26.287111	-0.070512	-0.191391	-0.060439	-0.151098
26.296492	-0.070512	-0.191391	-0.060439	-0.151098
26.305872	-0.070512	-0.201464	-0.050366	-0.151098
26.315254	-0.070512	-0.201464	-0.050366	-0.151098
26.324635	-0.080585	-0.201464	-0.050366	-0.151098
26.334015	-0.080585	-0.201464	-0.040293	-0.151098
26.343395	-0.080585	-0.201464	-0.040293	-0.151098
26.352776	-0.090659	-0.201464	-0.040293	-0.151098
26.362158	-0.100732	-0.201464	-0.040293	-0.151098
26.371538	-0.100732	-0.201464	-0.050366	-0.151098
26.380919	-0.100732	-0.211537	-0.050366	-0.151098
26.390299	-0.100732	-0.211537	-0.050366	-0.151098
26.399681	-0.090659	-0.211537	-0.050366	-0.151098
26.409061	-0.090659	-0.201464	-0.050366	-0.151098
26.418442	-0.090659	-0.201464	-0.050366	-0.151098
26.427822	-0.100732	-0.201464	-0.050366	-0.151098
26.437202	-0.100732	-0.201464	-0.050366	-0.151098
26.446585	-0.100732	-0.201464	-0.040293	-0.151098
26.455965	-0.090659	-0.201464	-0.040293	-0.161171
26.465345	-0.100732	-0.211537	-0.050366	-0.161171
26.474726	-0.100732	-0.211537	-0.050366	-0.151098
26.484108	-0.090659	-0.211537	-0.050366	-0.151098
26.493488	-0.090659	-0.211537	-0.040293	-0.151098
26.502869	-0.100732	-0.221610	-0.040293	-0.151098
26.512249	-0.100732	-0.221610	-0.040293	-0.151098
26.521631	-0.110805	-0.231683	-0.040293	-0.141025
26.531012	-0.110805	-0.231683	-0.040293	-0.141025
26.540392	-0.110805	-0.231683	-0.040293	-0.141025
26.549772	-0.100732	-0.241756	-0.040293	-0.141025
26.559153	-0.100732	-0.241756	-0.040293	-0.130951
26.568535	-0.100732	-0.241756	-0.040293	-0.141025
26.577915	-0.100732	-0.241756	-0.030220	-0.141025
26.587296	-0.110805	-0.241756	-0.030220	-0.141025
26.596676	-0.110805	-0.241756	-0.030220	-0.141025
26.606058	-0.110805	-0.241756	-0.030220	-0.141025
26.615438	-0.110805	-0.231683	-0.030220	-0.130951
26.624819	-0.110805	-0.221610	-0.030220	-0.130951
26.634199	-0.110805	-0.221610	-0.030220	-0.130951
26.643579	-0.120878	-0.221610	-0.030220	-0.120878
26.652962	-0.120878	-0.221610	-0.040293	-0.130951
26.662342	-0.120878	-0.231683	-0.040293	-0.130951
26.671722	-0.130951	-0.231683	-0.040293	-0.130951
26.681103	-0.120878	-0.231683	-0.040293	-0.130951
26.690485	-0.120878	-0.231683	-0.040293	-0.120878
26.699865	-0.120878	-0.221610	-0.040293	-0.120878
26.709246	-0.120878	-0.221610	-0.030220	-0.120878
26.718626	-0.110805	-0.221610	-0.030220	-0.120878
26.728006	-0.100732	-0.211537	-0.030220	-0.120878
26.737389	-0.100732	-0.221610	-0.030220	-0.120878
26.746769	-0.100732	-0.221610	-0.030220	-0.130951
26.756149	-0.100732	-0.231683	-0.030220	-0.130951
26.765530	-0.110805	-0.231683	-0.030220	-0.130951
26.774912	-0.110805	-0.231683	-0.020146	-0.130951
26.784292	-0.120878	-0.231683	-0.020146	-0.130951
26.793673	-0.130951	-0.231683	-0.020146	-0.120878
26.803053	-0.141025	-0.241756	-0.020146	-0.120878
26.812433	-0.141025	-0.231683	-0.020146	-0.120878
26.821815	-0.141025	-0.231683	-0.020146	-0.130951
26.831196	-0.130951	-0.231683	-0.030220	-0.130951
26.840576	-0.130951	-0.241756	-0.030220	-0.130951
26.849957	-0.120878	-0.241756	-0.020146	-0.130951
26.859339	-0.110805	-0.241756	-0.020146	-0.120878
26.868719	-0.120878	-0.241756	-0.020146	-0.120878
26.878099	-0.120878	-0.241756	-0.020146	-0.120878
26.887480	-0.120878	-0.251830	-0.020146	-0.120878
26.896862	-0.120878	-0.251830	-0.020146	-0.120878
26.906242	-0.130951	-0.251830	-0.020146	-0.120878
26.915623	-0.130951	-0.251830	-0.020146	-0.120878
26.925003	-0.130951	-0.241756	-0.010073	-0.120878
26.934383	-0.130951	-0.241756	0.000000	-0.110805
26.943766	-0.141025	-0.241756	0.000000	-0.110805
26.953146	-0.141025	-0.231683	0.000000	-0.110805
26.962526	-0.141025	-0.241756	-0.010073	-0.110805
26.971907	-0.141025	-0.241756	-0.020146	-0.110805
26.981289	-0.141025	-0.241756	-0.020146	-0.110805
26.990669	-0.141025	-0.241756	-0.020146	-0.110805
27.000050	-0.151098	-0.241756	-0.020146	-0.100732
27.009430	-0.161171	-0.231683	-0.020146	-0.100732
27.018810	-0.161171	-0.231683	-0.010073	-0.100732
27.028193	-0.151098	-0.241756	-0.010073	-0.100732
27.037573	-0.151098	-0.251830	-0.010073	-0.100732
27.046953	-0.151098	-0.261843	-0.010073	-0.100732
27.056334	-0.151098	-0.261843	-0.010073	-0.100732
27.065716	-0.141025	-0.261843	0.000000	-0.090659
27.075096	-0.141025	-0.261843	0.000000	-0.090659
27.084476	-0.141025	-0.251830	0.000000	-0.090659
27.093857	-0.151098	-0.241756	0.000000	-0.080585
27.103237	-0.151098	-0.251830	0.000000	-0.080585
27.112619	-0.151098	-0.251830	0.010014	-0.080585
27.122000	-0.151098	-0.261843	0.010014	-0.080585
27.131380	-0.151098	-0.261843	0.010014	-0.080585
27.140760	-0.151098	-0.271916	0.010014	-0.080585
27.150143	-0.141025	-0.271916	0.000000	-0.080585
27.159523	-0.141025	-0.271916	0.000000	-0.080585
27.168903	-0.151098	-0.271916	-0.010073	-0.080585
27.178284	-0.151098	-0.261843	-0.010073	-0.080585
27.187664	-0.161171	-0.261843	-0.010073	-0.070512
27.197046	-0.161171	-0.261843	0.000000	-0.070512
27.206427	-0.151098	-0.261843	0.000000	-0.070512
27.215807	-0.151098	-0.261843	0.010014	-0.070512
27.225187	-0.151098	-0.271916	0.010014	-0.070512
27.234570	-0.161171	-0.271916	0.010014	-0.070512
27.243950	-0.161171	-0.261843	0.000000	-0.070512
27.253330	-0.161171	-0.261843	0.000000	-0.060439
27.262711	-0.161171	-0.251830	0.000000	-0.060439
27.272093	-0.151098	-0.251830	0.000000	-0.050366
27.281473	-0.151098	-0.251830	0.010014	-0.060439
27.290854	-0.151098	-0.261843	0.010014	-0.060439
27.300234	-0.161171	-0.261843	0.010014	-0.060439
27.309614	-0.161171	-0.271916	0.010014	-0.050366
27.318996	-0.171244	-0.271916	0.010014	-0.050366
27.328377	-0.171244	-0.281990	0.010014	-0.050366
27.337757	-0.171244	-0.281990	0.010014	-0.040293
27.347137	-0.171244	-0.281990	0.010014	-0.050366
27.356520	-0.171244	-0.281990	0.020087	-0.050366
27.365900	-0.171244	-0.281990	0.020087	-0.050366
27.375280	-0.171244	-0.292063	0.020087	-0.050366
27.384661	-0.171244	-0.292063	0.020087	-0.050366
27.394041	-0.181317	-0.292063	0.020087	-0.050366
27.403423	-0.181317	-0.292063	0.020087	-0.050366
27.412804	-0.181317	-0.292063	0.020087	-0.050366
27.422184	-0.181317	-0.292063	0.030160	-0.040293
27.431564	-0.181317	-0.292063	0.030160	-0.040293
27.440947	-0.181317	-0.292063	0.030160	-0.040293
27.450327	-0.181317	-0.281990	0.030160	-0.040293
27.459707	-0.181317	-0.292063	0.040233	-0.030220
27.469088	-0.191391	-0.292063	0.030160	-0.030220
27.478468	-0.201464	-0.302136	0.030160	-0.030220
27.487850	-0.201464	-0.302136	0.030160	-0.020146
27.497231	-0.201464	-0.302136	0.030160	-0.020146
27.506611	-0.191391	-0.302136	0.040233	-0.010073
27.515991	-0.191391	-0.302136	0.040233	-0.010073
27.525373	-0.181317	-0.312209	0.040233	-0.010073
27.534754	-0.181317	-0.322282	0.040233	-0.010073
27.544134	-0.191391	-0.322282	0.040233	-0.010073
27.553514	-0.191391	-0.322282	0.050306	-0.010073
27.562895	-0.201464	-0.322282	0.050306	-0.010073
27.572277	-0.191391	-0.322282	0.040233	-0.010073
27.581657	-0.191391	-0.312209	0.040233	0.000000
27.591038	-0.191391	-0.312209	0.050306	0.000000
27.600418	-0.191391	-0.312209	0.050306	0.010014
27.609800	-0.201464	-0.312209	0.040233	0.010014
27.619181	-0.211537	-0.312209	0.040233	0.010014
27.628561	-0.211537	-0.322282	0.040233	0.010014
27.637941	-0.211537	-0.322282	0.050306	0.010014
27.647324	-0.211537	-0.332355	0.050306	0.010014
27.656704	-0.211537	-0.332355	0.050306	0.010014
27.666084	-0.211537	-0.332355	0.050306	0.020087
27.675465	-0.211537	-0.332355	0.050306	0.030160
27.684845	-0.221610	-0.332355	0.050306	0.030160
27.694227	-0.221610	-0.342429	0.060380	0.020087
27.703608	-0.231683	-0.342429	0.060380	0.020087
27.712988	-0.231683	-0.352502	0.060380	0.020087
27.722368	-0.231683	-0.352502	0.070453	0.020087
27.731750	-0.231683	-0.352502	0.070453	0.020087
27.741131	-0.221610	-0.342429	0.070453	0.030160
27.750511	-0.221610	-0.342429	0.070453	0.040233
27.759892	-0.221610	-0.342429	0.070453	0.040233
27.769272	-0.221610	-0.352502	0.070453	0.030160
27.778654	-0.231683	-0.362575	0.080526	0.030160
27.788034	-0.231683	-0.362575	0.080526	0.030160
27.797415	-0.241756	-0.362575	0.080526	0.040233
27.806795	-0.241756	-0.362575	0.080526	0.040233
27.816177	-0.231683	-0.352502	0.080526	0.040233
27.825558	-0.231683	-0.352502	0.080526	0.040233
27.834938	-0.231683	-0.352502	0.070453	0.050306
27.844318	-0.241756	-0.352502	0.080526	0.060380
27.853699	-0.241756	-0.352502	0.080526	0.060380
27.863081	-0.251830	-0.362575	0.090599	0.060380
27.872461	-0.251830	-0.362575	0.100672	0.060380
27.881842	-0.251830	-0.362575	0.100672	0.060380
27.891222	-0.251830	-0.372648	0.100672	0.060380
27.900604	-0.251830	-0.372648	0.100672	0.060380
27.909985	-0.261843	-0.372648	0.100672	0.070453
27.919365	-0.261843	-0.372648	0.090599	0.070453
27.928745	-0.261843	-0.372648	0.090599	0.080526
27.938128	-0.261843	-0.382721	0.090599	0.080526
27.947508	-0.261843	-0.392795	0.100672	0.070453
27.956888	-0.261843	-0.402868	0.110745	0.080526
27.966269	-0.271916	-0.412941	0.110745	0.090599
27.975649	-0.281990	-0.402868	0.110745	0.100672
27.985031	-0.281990	-0.402868	0.110745	0.110745
27.994411	-0.281990	-0.412941	0.110745	0.110745
28.003792	-0.292063	-0.412941	0.120819	0.110745
28.013172	-0.292063	-0.412941	0.120819	0.120819
28.022554	-0.292063	-0.412941	0.120819	0.120819
28.031935	-0.281990	-0.423014	0.130892	0.120819
28.041315	-0.281990	-0.423014	0.130892	0.120819
28.050695	-0.281990	-0.433087	0.140965	0.130892
28.060076	-0.292063	-0.433087	0.140965	0.130892
28.069458	-0.292063	-0.433087	0.140965	0.140965
28.078838	-0.302136	-0.443161	0.130892	0.140965
28.088219	-0.302136	-0.453234	0.130892	0.140965
28.097599	-0.312209	-0.453234	0.130892	0.151038
28.106981	-0.312209	-0.453234	0.140965	0.161111
28.116362	-0.302136	-0.453234	0.151038	0.161111
28.125742	-0.302136	-0.453234	0.161111	0.171185
28.135122	-0.302136	-0.463307	0.161111	0.171185
28.144503	-0.312209	-0.463307	0.161111	0.181258
28.153885	-0.312209	-0.463307	0.171185	0.191331
28.163265	-0.322282	-0.473380	0.171185	0.191331
28.172646	-0.322282	-0.473380	0.181258	0.201404
28.182026	-0.322282	-0.483453	0.181258	0.201404
28.191408	-0.312209	-0.483453	0.181258	0.211477
28.200788	-0.312209	-0.493526	0.191331	0.211477
28.210169	-0.322282	-0.503600	0.191331	0.211477
28.219549	-0.322282	-0.503600	0.191331	0.221550
28.228930	-0.332355	-0.503600	0.191331	0.231624
28.238312	-0.332355	-0.513673	0.201404	0.241697
28.247692	-0.342429	-0.513673	0.201404	0.241697
28.257072	-0.342429	-0.523686	0.221550	0.251770
28.266453	-0.342429	-0.513673	0.221550	0.251770
28.275835	-0.352502	-0.523686	0.221550	0.261784
28.285215	-0.352502	-0.523686	0.221550	0.271857
28.294596	-0.352502	-0.533760	0.231624	0.271857
28.303976	-0.362575	-0.543833	0.231624	0.281930
28.313358	-0.362575	-0.543833	0.231624	0.302076
28.322739	-0.362575	-0.553906	0.231624	0.312150
28.332119	-0.372648	-0.574052	0.231624	0.332296
28.341499	-0.372648	-0.584126	0.241697	0.332296
28.350880	-0.372648	-0.594199	0.251770	0.342369
28.360262	-0.382721	-0.604272	0.251770	0.352442
28.369642	-0.392795	-0.604272	0.251770	0.362515
28.379023	-0.402868	-0.614345	0.251770	0.362515
28.388403	-0.402868	-0.614345	0.261784	0.372589
28.397785	-0.412941	-0.614345	0.271857	0.382662
28.407166	-0.423014	-0.624418	0.271857	0.402808
28.416546	-0.423014	-0.624418	0.281930	0.412881
28.425926	-0.423014	-0.644565	0.292003	0.422955
28.435307	-0.423014	-0.654638	0.302076	0.433028
28.444689	-0.433087	-0.664711	0.302076	0.443101
28.454069	-0.433087	-0.684857	0.302076	0.453174
28.463449	-0.443161	-0.694931	0.312150	0.473320
28.472830	-0.443161	-0.705004	0.322223	0.483394
28.482212	-0.443161	-0.715077	0.322223	0.493467
28.491592	-0.453234	-0.715077	0.322223	0.513613
28.500973	-0.463307	-0.725150	0.322223	0.533700
28.510353	-0.473380	-0.735223	0.332296	0.543773
28.519733	-0.463307	-0.755370	0.352442	0.563920
28.529116	-0.463307	-0.775456	0.362515	0.573993
28.538496	-0.473380	-0.795603	0.362515	0.594139
28.547876	-0.483453	-0.805676	0.372589	0.614285
28.557257	-0.483453	-0.815749	0.382662	0.634432
28.566639	-0.483453	-0.835896	0.382662	0.664651
28.576019	-0.493526	-0.845969	0.392735	0.684798
28.585400	-0.503600	-0.856042	0.402808	0.715017
28.594780	-0.513673	-0.876188	0.412881	0.735164
28.604160	-0.513673	-0.896335	0.433028	0.755310
28.613543	-0.523686	-0.926554	0.453174	0.775397
28.622923	-0.533760	-0.946701	0.463247	0.795543
28.632303	-0.543833	-0.966847	0.463247	0.825763
28.641684	-0.553906	-0.986993	0.473320	0.855982
28.651066	-0.553906	-0.997066	0.493467	0.896275
28.660446	-0.563979	-1.017213	0.503540	0.936568
28.669827	-0.584126	-1.047373	0.513613	0.986934
28.679207	-0.594199	-1.077592	0.513613	1.027226
28.688589	-0.604272	-1.107812	0.513613	1.067460
28.697969	-0.614345	-1.148105	0.523627	1.117826
28.707350	-0.614345	-1.188397	0.543773	1.168191
28.716730	-0.624418	-1.228690	0.553846	1.228631
28.726110	-0.634491	-1.268983	0.573993	1.289070
28.735493	-0.644565	-1.319289	0.584066	1.349449
28.744873	-0.654638	-1.369655	0.604212	1.419961
28.754253	-0.664711	-1.420021	0.614285	1.490474
28.763634	-0.674784	-1.490533	0.624359	1.571000
28.773016	-0.694931	-1.560986	0.644505	1.651585
28.782396	-0.705004	-1.631498	0.654578	1.752317
28.791777	-0.715077	-1.702011	0.674725	1.863062
28.801157	-0.725150	-1.792669	0.694871	1.994014
28.810537	-0.745296	-1.883268	0.715017	2.134979
28.819920	-0.755370	-1.984000	0.735164	2.296150
28.829300	-0.775456	-2.094746	0.755310	2.477407
28.838680	-0.795603	-2.225697	0.775397	2.668738
28.848061	-0.815749	-2.366662	0.795543	2.880216
28.857443	-0.835896	-2.517760	0.825763	3.111839
28.866823	-0.845969	-2.688944	0.855982	3.363609
28.876204	-0.866115	-2.870202	0.886202	3.635526
28.885584	-0.886261	-3.051519	0.916421	3.937662
28.894964	-0.916481	-3.262997	0.946641	4.259944
28.904346	-0.936627	-3.494620	0.986934	4.612446
28.913727	-0.966847	-3.756464	1.027226	5.005181
28.923107	-0.997066	-4.038453	1.057386	5.428135
28.932487	-1.037300	-4.350662	1.087606	5.891442
28.941870	-1.067519	-4.703104	1.127899	6.384909
28.951250	-1.097739	-5.065680	1.168191	6.898522
28.960630	-1.117885	-5.438268	1.218557	7.412136
28.970011	-1.158178	-5.790770	1.268923	7.895529
28.979391	-1.208544	-6.143272	1.319230	8.318483
28.988773	-1.258910	-6.455421	1.379669	8.640766
28.998154	-1.299143	-6.737411	1.440108	8.872390
29.007534	-1.349509	-6.959021	1.520693	9.013414
29.016914	-1.399875	-7.130206	1.601219	9.053648
29.026297	-1.450241	-7.220805	1.681805	8.993268
29.035677	-1.510680	-7.230878	1.782537	8.822023
29.045057	-1.571059	-7.130206	1.883209	8.540034
29.054438	-1.661718	-6.908655	1.994014	8.127153
29.063820	-1.752377	-6.576300	2.114832	7.603467
29.073200	-1.853049	-6.133199	2.245784	6.989121
29.082581	-1.953781	-5.629659	2.396822	6.314397
29.091961	-2.074599	-5.105972	2.557993	5.639672
29.101341	-2.215624	-4.592359	2.729177	5.005181
29.110723	-2.356589	-4.129052	2.930582	4.451275
29.120104	-2.517760	-3.726244	3.152132	3.977954
29.129484	-2.699018	-3.393888	3.383756	3.595293
29.138865	-2.880275	-3.111899	3.645599	3.273010
29.148247	-3.142118	-2.880275	3.988028	3.001094
29.157627	-3.363669	-2.678871	4.290164	2.759397
29.167007	-3.605425	-2.507687	4.622519	2.557993
29.176388	-3.887355	-2.346516	5.005181	2.376676
29.185768	-4.209638	-2.205551	5.418062	2.215564
29.195150	-4.572213	-2.084672	5.881369	2.084613
29.204531	-4.975021	-1.973927	6.374836	1.963794
29.213911	-5.408108	-1.873195	6.868303	1.852989
29.223291	-5.841136	-1.782596	7.331550	1.752317
29.232674	-6.254017	-1.691937	7.754505	1.661658
29.242054	-6.646812	-1.631498	8.117080	1.571000
29.251434	-6.999254	-1.571059	8.409142	1.490474
29.260815	-7.311463	-1.520753	8.620620	1.419961
29.270195	-7.583380	-1.470387	8.751572	1.349449
29.279577	-7.794857	-1.420021	8.791804	1.299083
29.288958	-7.935882	-1.369655	8.731424	1.238704
29.298338	-7.956028	-1.329362	8.560181	1.188338
29.307718	-7.845223	-1.279056	8.278191	1.148045
29.317101	-7.583380	-1.238763	7.885456	1.107752
29.326481	-7.170498	-1.198471	7.391989	1.067460
29.335861	-6.646812	-1.168251	6.838083	1.027226
29.345242	-6.072760	-1.127958	6.253958	0.986934
29.354624	-5.478561	-1.107812	5.679905	0.946641
29.364004	-4.924655	-1.077592	5.136132	0.906348
29.373384	-4.421115	-1.057446	4.632592	0.876129
29.382765	-3.978014	-1.037300	4.189432	0.845909
29.392145	-3.595352	-1.007140	3.796697	0.815690
29.401527	-3.273070	-0.976920	3.464341	0.795543
29.410908	-3.001153	-0.956774	3.172278	0.765383
29.420288	-2.769530	-0.946701	2.920508	0.735164
29.429668	-2.558053	-0.926554	2.709031	0.704944
29.439051	-2.386808	-0.906408	2.517700	0.684798
29.448431	-2.235770	-0.886261	2.356529	0.674725
29.457811	-2.094746	-0.866115	2.195418	0.654578
29.467192	-1.973927	-0.845969	2.064466	0.634432
29.476572	-1.873195	-0.825822	1.953721	0.614285
29.485954	-1.782596	-0.805676	1.852989	0.604212
29.495335	-1.702011	-0.795603	1.752317	0.584066
29.504715	-1.621425	-0.785530	1.671731	0.563920
29.514095	-1.550913	-0.775456	1.591146	0.543773
29.523478	-1.480460	-0.765443	1.520693	0.523627
29.532858	-1.430094	-0.745296	1.460254	0.503540
29.542238	-1.369655	-0.735223	1.389742	0.493467
29.551619	-1.319289	-0.715077	1.329303	0.483394
29.560999	-1.268983	-0.705004	1.278996	0.463247
29.570381	-1.228690	-0.694931	1.228631	0.453174
29.579762	-1.188397	-0.684857	1.178265	0.433028
29.589142	-1.158178	-0.674784	1.127899	0.422955
29.598522	-1.127958	-0.674784	1.097679	0.402808
29.607904	-1.087666	-0.674784	1.057386	0.392735
29.617285	-1.057446	-0.664711	1.027226	0.382662
29.626665	-1.027286	-0.654638	0.986934	0.372589
29.636045	-1.007140	-0.634491	0.946641	0.362515
29.645426	-0.976920	-0.624418	0.916421	0.362515
29.654808	-0.946701	-0.614345	0.886202	0.352442
29.664188	-0.926554	-0.604272	0.855982	0.352442
29.673569	-0.916481	-0.594199	0.815690	0.342369
29.682949	-0.886261	-0.594199	0.795543	0.322223
29.692331	-0.866115	-0.584126	0.775397	0.312150
29.701712	-0.835896	-0.584126	0.755310	0.302076
29.711092	-0.825822	-0.563979	0.735164	0.302076
29.720472	-0.805676	-0.553906	0.704944	0.302076
29.729855	-0.795603	-0.543833	0.684798	0.302076
29.739235	-0.775456	-0.533760	0.664651	0.292003
29.748615	-0.765443	-0.523686	0.644505	0.281930
29.757996	-0.755370	-0.523686	0.624359	0.261784
29.767376	-0.735223	-0.523686	0.604212	0.251770
29.776758	-0.715077	-0.523686	0.594139	0.241697
29.786139	-0.694931	-0.523686	0.584066	0.231624
29.795519	-0.684857	-0.513673	0.573993	0.231624
29.804899	-0.674784	-0.503600	0.553846	0.231624
29.814281	-0.654638	-0.503600	0.533700	0.221550
29.823662	-0.644565	-0.503600	0.513613	0.211477
29.833042	-0.634491	-0.503600	0.503540	0.201404
29.842422	-0.624418	-0.503600	0.493467	0.191331
29.851803	-0.614345	-0.503600	0.483394	0.191331
29.861185	-0.604272	-0.493526	0.473320	0.181258
29.870565	-0.594199	-0.483453	0.463247	0.181258
29.879946	-0.584126	-0.463307	0.443101	0.171185
29.889326	-0.584126	-0.453234	0.422955	0.171185
29.898708	-0.594199	-0.453234	0.402808	0.171185
29.908089	-0.594199	-0.453234	0.392735	0.161111
29.917469	-0.574052	-0.453234	0.392735	0.151038
29.926849	-0.553906	-0.443161	0.392735	0.140965
29.936230	-0.543833	-0.433087	0.382662	0.140965
29.945612	-0.523686	-0.433087	0.382662	0.140965
29.954992	-0.513673	-0.423014	0.372589	0.140965
29.964373	-0.503600	-0.412941	0.362515	0.140965
29.973753	-0.503600	-0.412941	0.352442	0.130892
29.983135	-0.503600	-0.412941	0.332296	0.130892
29.992516	-0.493526	-0.412941	0.332296	0.120819
30.001896	-0.493526	-0.412941	0.322223	0.110745
30.011276	-0.483453	-0.412941	0.322223	0.100672
30.020657	-0.483453	-0.402868	0.312150	0.100672
30.030039	-0.473380	-0.392795	0.302076	0.100672
30.039419	-0.473380	-0.392795	0.292003	0.100672
30.048800	-0.463307	-0.392795	0.281930	0.100672
30.058180	-0.463307	-0.392795	0.271857	0.090599
30.067562	-0.473380	-0.392795	0.261784	0.090599
30.076942	-0.473380	-0.402868	0.251770	0.090599
30.086323	-0.463307	-0.402868	0.251770	0.090599
30.095703	-0.443161	-0.402868	0.251770	0.090599
30.105085	-0.433087	-0.392795	0.241697	0.090599
30.114466	-0.423014	-0.382721	0.241697	0.090599
30.123846	-0.412941	-0.372648	0.241697	0.090599
30.133226	-0.402868	-0.362575	0.231624	0.080526
30.142607	-0.402868	-0.362575	0.221550	0.080526
30.151989	-0.402868	-0.362575	0.201404	0.070453
30.161369	-0.402868	-0.372648	0.191331	0.060380
30.170750	-0.402868	-0.372648	0.191331	0.060380
30.180130	-0.392795	-0.372648	0.181258	0.060380
30.189512	-0.392795	-0.362575	0.181258	0.060380
30.198893	-0.402868	-0.362575	0.171185	0.060380
30.208273	-0.412941	-0.362575	0.161111	0.050306
30.217653	-0.402868	-0.352502	0.161111	0.040233
30.227034	-0.402868	-0.352502	0.161111	0.040233
30.236416	-0.392795	-0.342429	0.161111	0.040233
30.245796	-0.392795	-0.332355	0.161111	0.040233
30.255177	-0.382721	-0.332355	0.171185	0.030160
30.264557	-0.372648	-0.332355	0.171185	0.030160
30.273939	-0.362575	-0.332355	0.161111	0.030160
30.283319	-0.352502	-0.332355	0.151038	0.030160
30.292700	-0.352502	-0.332355	0.140965	0.030160
30.302080	-0.352502	-0.342429	0.140965	0.030160
30.311460	-0.342429	-0.342429	0.140965	0.020087
30.320843	-0.342429	-0.332355	0.140965	0.020087
30.330223	-0.342429	-0.332355	0.140965	0.020087
30.339603	-0.342429	-0.322282	0.130892	0.010014
30.348984	-0.342429	-0.322282	0.120819	0.000000
30.358366	-0.332355	-0.322282	0.110745	0.000000
30.367746	-0.332355	-0.322282	0.110745	0.010014
30.377127	-0.332355	-0.312209	0.100672	0.010014
30.386507	-0.332355	-0.322282	0.090599	0.000000
30.395887	-0.342429	-0.322282	0.090599	0.000000
30.405270	-0.332355	-0.312209	0.090599	-0.010073
30.414650	-0.332355	-0.312209	0.090599	-0.010073
30.424030	-0.322282	-0.302136	0.090599	-0.010073
30.433411	-0.322282	-0.312209	0.090599	-0.010073
30.442793	-0.312209	-0.302136	0.080526	-0.010073
30.452173	-0.312209	-0.302136	0.080526	-0.020146
30.461554	-0.302136	-0.302136	0.080526	-0.020146
30.470934	-0.302136	-0.302136	0.080526	-0.030220
30.480316	-0.302136	-0.302136	0.080526	-0.030220
30.489697	-0.302136	-0.292063	0.080526	-0.030220
30.499077	-0.302136	-0.281990	0.070453	-0.020146
30.508457	-0.302136	-0.281990	0.070453	-0.020146
30.517838	-0.292063	-0.271916	0.060380	-0.030220
30.527220	-0.292063	-0.271916	0.050306	-0.030220
30.536600	-0.292063	-0.271916	0.050306	-0.030220
30.545980	-0.281990	-0.261843	0.050306	-0.030220
30.555361	-0.281990	-0.261843	0.040233	-0.030220
30.564743	-0.292063	-0.261843	0.040233	-0.040293
30.574123	-0.292063	-0.261843	0.040233	-0.040293
30.583504	-0.292063	-0.261843	0.040233	-0.040293
30.592884	-0.292063	-0.271916	0.040233	-0.040293
30.602264	-0.292063	-0.271916	0.050306	-0.040293
30.611647	-0.292063	-0.271916	0.050306	-0.040293
30.621027	-0.292063	-0.271916	0.050306	-0.050366
30.630407	-0.292063	-0.271916	0.040233	-0.050366
30.639788	-0.281990	-0.281990	0.030160	-0.050366
30.649170	-0.281990	-0.271916	0.020087	-0.050366
30.658550	-0.271916	-0.271916	0.020087	-0.050366
30.667931	-0.271916	-0.261843	0.030160	-0.050366
30.677311	-0.261843	-0.261843	0.020087	-0.050366
30.686691	-0.261843	-0.261843	0.020087	-0.050366
30.696074	-0.261843	-0.261843	0.020087	-0.050366
30.705454	-0.261843	-0.261843	0.010014	-0.050366
30.714834	-0.251830	-0.261843	0.010014	-0.050366
30.724215	-0.251830	-0.271916	0.000000	-0.060439
30.733597	-0.251830	-0.261843	0.000000	-0.070512
30.742977	-0.261843	-0.261843	-0.010073	-0.070512
30.752357	-0.261843	-0.251830	-0.010073	-0.070512
30.761738	-0.251830	-0.241756	0.000000	-0.060439
30.771120	-0.251830	-0.241756	0.000000	-0.070512
30.780500	-0.241756	-0.241756	0.000000	-0.070512
30.789881	-0.241756	-0.241756	-0.010073	-0.070512
30.799261	-0.241756	-0.241756	-0.010073	-0.080585
30.808641	-0.241756	-0.241756	0.000000	-0.070512
30.818024	-0.241756	-0.241756	-0.010073	-0.080585
30.827404	-0.241756	-0.241756	-0.010073	-0.080585
30.836784	-0.241756	-0.241756	-0.010073	-0.070512
30.846165	-0.241756	-0.231683	-0.010073	-0.070512
30.855547	-0.231683	-0.231683	-0.010073	-0.070512
30.864927	-0.231683	-0.231683	-0.010073	-0.070512
30.874308	-0.231683	-0.241756	-0.020146	-0.070512
30.883688	-0.241756	-0.241756	-0.020146	-0.080585
30.893068	-0.241756	-0.241756	-0.020146	-0.080585
30.902451	-0.241756	-0.241756	-0.020146	-0.080585
30.911831	-0.241756	-0.231683	-0.030220	-0.080585
30.921211	-0.241756	-0.231683	-0.040293	-0.080585
30.930592	-0.241756	-0.231683	-0.040293	-0.080585
30.939974	-0.231683	-0.221610	-0.040293	-0.070512
30.949354	-0.231683	-0.231683	-0.040293	-0.070512
30.958735	-0.231683	-0.231683	-0.040293	-0.080585
30.968115	-0.231683	-0.231683	-0.040293	-0.080585
30.977495	-0.231683	-0.221610	-0.040293	-0.080585
30.986877	-0.221610	-0.221610	-0.030220	-0.080585
30.996258	-0.221610	-0.221610	-0.030220	-0.090659
31.005638	-0.221610	-0.211537	-0.040293	-0.090659
31.015018	-0.221610	-0.211537	-0.040293	-0.090659
31.024401	-0.211537	-0.201464	-0.030220	-0.090659
31.033781	-0.201464	-0.211537	-0.030220	-0.090659
31.043161	-0.211537	-0.221610	-0.040293	-0.090659
31.052542	-0.221610	-0.221610	-0.060439	-0.100732
31.061922	-0.211537	-0.221610	-0.060439	-0.100732
31.071304	-0.201464	-0.211537	-0.060439	-0.100732
31.080685	-0.201464	-0.211537	-0.070512	-0.110805
31.090065	-0.211537	-0.201464	-0.070512	-0.110805
31.099445	-0.221610	-0.201464	-0.070512	-0.120878
31.108828	-0.211537	-0.201464	-0.070512	-0.110805
31.118208	-0.211537	-0.201464	-0.060439	-0.110805
31.127588	-0.211537	-0.211537	-0.060439	-0.110805
31.136969	-0.221610	-0.221610	-0.060439	-0.120878
31.146351	-0.211537	-0.221610	-0.060439	-0.120878
31.155731	-0.201464	-0.211537	-0.060439	-0.110805
31.165112	-0.191391	-0.211537	-0.060439	-0.110805
31.174492	-0.191391	-0.211537	-0.070512	-0.110805
31.183872	-0.201464	-0.211537	-0.080585	-0.110805
31.193254	-0.201464	-0.201464	-0.080585	-0.110805
31.202635	-0.191391	-0.211537	-0.070512	-0.110805
31.212015	-0.191391	-0.211537	-0.070512	-0.110805
31.221395	-0.201464	-0.211537	-0.080585	-0.110805
31.230778	-0.211537	-0.211537	-0.080585	-0.120878
31.240158	-0.201464	-0.201464	-0.080585	-0.120878
31.249538	-0.191391	-0.201464	-0.080585	-0.120878
31.258919	-0.191391	-0.191391	-0.080585	-0.120878
31.268299	-0.191391	-0.201464	-0.090659	-0.120878
31.277681	-0.191391	-0.211537	-0.090659	-0.120878
31.287062	-0.191391	-0.211537	-0.090659	-0.120878
31.296442	-0.191391	-0.201464	-0.090659	-0.120878
31.305822	-0.201464	-0.201464	-0.090659	-0.120878
31.315205	-0.201464	-0.201464	-0.090659	-0.110805
31.324585	-0.201464	-0.201464	-0.080585	-0.110805
31.333965	-0.191391	-0.201464	-0.070512	-0.110805
31.343346	-0.191391	-0.191391	-0.080585	-0.120878
31.352726	-0.191391	-0.201464	-0.080585	-0.120878
31.362108	-0.191391	-0.201464	-0.090659	-0.120878
31.371489	-0.181317	-0.201464	-0.080585	-0.120878
31.380869	-0.181317	-0.201464	-0.080585	-0.110805
31.390249	-0.181317	-0.201464	-0.090659	-0.120878
31.399632	-0.191391	-0.201464	-0.090659	-0.120878
31.409012	-0.201464	-0.201464	-0.100732	-0.130951
31.418392	-0.191391	-0.191391	-0.090659	-0.130951
31.427773	-0.181317	-0.191391	-0.090659	-0.141025
31.437153	-0.181317	-0.191391	-0.090659	-0.141025
31.446535	-0.191391	-0.191391	-0.080585	-0.141025
31.455915	-0.181317	-0.191391	-0.080585	-0.141025
31.465296	-0.181317	-0.191391	-0.080585	-0.130951
31.474676	-0.181317	-0.191391	-0.080585	-0.120878
31.484058	-0.181317	-0.191391	-0.090659	-0.120878
31.493439	-0.181317	-0.181317	-0.090659	-0.120878
31.502819	-0.181317	-0.181317	-0.090659	-0.120878
31.512199	-0.171244	-0.171244	-0.090659	-0.120878
31.521582	-0.181317	-0.171244	-0.090659	-0.130951
31.530962	-0.191391	-0.171244	-0.100732	-0.130951
31.540342	-0.201464	-0.161171	-0.110805	-0.130951
31.549723	-0.191391	-0.161171	-0.110805	-0.120878
31.559103	-0.181317	-0.161171	-0.110805	-0.120878
31.568485	-0.181317	-0.161171	-0.110805	-0.130951
31.577866	-0.181317	-0.161171	-0.100732	-0.120878
31.587246	-0.181317	-0.171244	-0.100732	-0.120878
31.596626	-0.181317	-0.171244	-0.100732	-0.130951
31.606009	-0.181317	-0.171244	-0.110805	-0.130951
31.615389	-0.181317	-0.171244	-0.110805	-0.130951
31.624769	-0.181317	-0.171244	-0.120878	-0.141025
31.634150	-0.181317	-0.171244	-0.120878	-0.141025
31.643530	-0.171244	-0.171244	-0.110805	-0.141025
31.652912	-0.171244	-0.171244	-0.110805	-0.141025
31.662292	-0.171244	-0.161171	-0.120878	-0.141025
31.671673	-0.171244	-0.151098	-0.120878	-0.141025
31.681053	-0.161171	-0.151098	-0.120878	-0.141025
31.690435	-0.161171	-0.151098	-0.110805	-0.151098
31.699816	-0.161171	-0.161171	-0.110805	-0.151098
31.709196	-0.171244	-0.171244	-0.110805	-0.151098
31.718576	-0.171244	-0.171244	-0.110805	-0.141025
31.727957	-0.161171	-0.171244	-0.110805	-0.141025
31.737339	-0.161171	-0.171244	-0.110805	-0.141025
31.746719	-0.161171	-0.171244	-0.120878	-0.130951
31.756100	-0.161171	-0.161171	-0.120878	-0.130951
31.765480	-0.161171	-0.161171	-0.130951	-0.130951
31.774862	-0.161171	-0.161171	-0.130951	-0.130951
31.784243	-0.161171	-0.161171	-0.130951	-0.130951
31.793623	-0.161171	-0.161171	-0.141025	-0.130951
31.803003	-0.161171	-0.151098	-0.141025	-0.130951
31.812384	-0.161171	-0.151098	-0.141025	-0.130951
31.821766	-0.161171	-0.161171	-0.141025	-0.130951
31.831146	-0.161171	-0.161171	-0.130951	-0.130951
31.840527	-0.171244	-0.171244	-0.130951	-0.141025
31.849907	-0.181317	-0.171244	-0.130951	-0.141025
31.859289	-0.181317	-0.161171	-0.120878	-0.141025
31.868670	-0.171244	-0.171244	-0.120878	-0.141025
31.878050	-0.171244	-0.171244	-0.120878	-0.141025
31.887430	-0.181317	-0.171244	-0.130951	-0.141025
31.896812	-0.171244	-0.171244	-0.120878	-0.130951
31.906193	-0.171244	-0.161171	-0.120878	-0.130951
31.915573	-0.171244	-0.161171	-0.120878	-0.130951
31.924953	-0.181317	-0.151098	-0.130951	-0.130951
31.934334	-0.181317	-0.151098	-0.130951	-0.120878
31.943716	-0.181317	-0.151098	-0.130951	-0.130951
31.953096	-0.171244	-0.151098	-0.130951	-0.130951
31.962477	-0.161171	-0.151098	-0.130951	-0.141025
31.971857	-0.161171	-0.161171	-0.130951	-0.141025
31.981239	-0.161171	-0.151098	-0.130951	-0.141025
31.990620	-0.151098	-0.151098	-0.130951	-0.130951
