22.510115	-0.010073	0.030205	0.010058	0.026852
22.549194	-0.010073	0.030205	0.006706	0.023484
22.588276	-0.010073	0.030205	0.006706	0.016779
22.627357	-0.006720	0.033557	0.003353	0.010058
22.666439	-0.006720	0.033557	0.000000	0.006706
22.705521	-0.006720	0.036925	-0.006720	0.006706
22.744602	-0.006720	0.036925	-0.010073	0.006706
22.783682	-0.006720	0.036925	-0.010073	0.006706
22.822763	-0.006720	0.036925	-0.010073	0.010058
22.861845	-0.006720	0.036925	-0.006720	0.010058
22.900927	-0.006720	0.036925	-0.006720	0.013426
22.940008	-0.006720	0.036925	-0.006720	0.013426
22.979090	-0.006720	0.036925	-0.003368	0.016779
23.018169	-0.006720	0.040278	0.000000	0.020131
23.057251	-0.003368	0.040278	0.003353	0.020131
23.096333	-0.003368	0.046983	0.003353	0.023484
23.135414	-0.003368	0.050351	0.006706	0.023484
23.174496	-0.003368	0.057057	0.006706	0.023484
23.213577	0.000000	0.060424	0.003353	0.020131
23.252657	0.000000	0.067130	0.003353	0.020131
23.291739	0.000000	0.073850	0.003353	0.023484
23.330820	0.000000	0.077203	0.000000	0.020131
23.369902	0.000000	0.080556	0.000000	0.016779
23.408983	0.000000	0.080556	-0.003368	0.010058
23.448065	0.000000	0.080556	-0.006720	0.003353
23.487144	0.003353	0.080556	-0.010073	0.000000
23.526226	0.003353	0.083923	-0.013441	-0.003368
23.565308	0.006706	0.087276	-0.013441	0.000000
23.604389	0.006706	0.090629	-0.010073	0.003353
23.643471	0.010058	0.097349	-0.006720	0.006706
23.682550	0.013426	0.107422	-0.006720	0.010058
23.721632	0.013426	0.114128	-0.003368	0.006706
23.760714	0.013426	0.120848	0.000000	0.006706
23.799795	0.016779	0.127554	0.003353	0.006706
23.838877	0.016779	0.130907	0.006706	0.010058
23.877958	0.020131	0.134274	0.006706	0.013426
23.917038	0.020131	0.137627	0.006706	0.010058
23.956120	0.023484	0.137627	0.003353	0.006706
23.995201	0.023484	0.137627	0.000000	0.003353
24.034283	0.023484	0.137627	-0.003368	0.000000
24.073364	0.023484	0.140980	-0.006720	0.000000
24.112446	0.023484	0.144348	-0.006720	0.000000
24.151525	0.026852	0.147700	-0.006720	-0.003368
24.190607	0.026852	0.151053	-0.010073	-0.003368
24.229689	0.026852	0.154406	-0.010073	-0.010073
24.268770	0.030205	0.161126	-0.010073	-0.013441
24.307852	0.033557	0.164479	-0.010073	-0.013441
24.346933	0.036925	0.171199	-0.010073	-0.010073
24.386013	0.036925	0.177905	-0.006720	-0.013441
24.425095	0.040278	0.184625	-0.006720	-0.016794
24.464176	0.043631	0.191346	-0.006720	-0.020146
24.503258	0.043631	0.201404	-0.006720	-0.020146
24.542339	0.046983	0.208125	-0.006720	-0.020146
24.581421	0.046983	0.214845	-0.010073	-0.023499
24.620501	0.050351	0.221550	-0.013441	-0.023499
24.659582	0.050351	0.228271	-0.013441	-0.030220
24.698664	0.053704	0.238329	-0.016794	-0.036940
24.737745	0.057057	0.248402	-0.016794	-0.043646
24.776827	0.057057	0.265196	-0.020146	-0.046998
24.815907	0.060424	0.288695	-0.020146	-0.053719
24.854988	0.063777	0.312194	-0.020146	-0.053719
24.894070	0.067130	0.342399	-0.016794	-0.057071
24.933151	0.070482	0.375971	-0.016794	-0.063792
24.972233	0.077203	0.416249	-0.013441	-0.070497
25.011314	0.080556	0.459895	-0.013441	-0.077218
25.050394	0.083923	0.516966	-0.013441	-0.080571
25.089476	0.087276	0.584096	-0.013441	-0.087291
25.128557	0.090629	0.671387	-0.016794	-0.104070
25.167639	0.097349	0.788882	-0.020146	-0.127569
25.206720	0.100702	0.939935	-0.023499	-0.161141
25.245802	0.104055	1.138002	-0.023499	-0.211492
25.284882	0.107422	1.393124	-0.026867	-0.281990
25.323963	0.114128	1.708686	-0.030220	-0.379339
25.363045	0.120848	2.084658	-0.033572	-0.506908
25.402126	0.127554	2.484143	-0.033572	-0.661328
25.441208	0.134274	2.866834	-0.033572	-0.822455
25.480289	0.140980	3.152177	-0.033572	-0.953376
25.519369	0.147700	3.266305	-0.030220	-1.020521
25.558451	0.154406	3.189102	-0.030220	-1.007095
25.597532	0.164479	2.944037	-0.033572	-0.916451
25.636614	0.171199	2.584845	-0.036940	-0.775456
25.675695	0.177905	2.161875	-0.043646	-0.607610
25.714777	0.187978	1.742244	-0.050366	-0.436410
25.753857	0.198051	1.372993	-0.060439	-0.292063
25.792938	0.208125	1.084283	-0.070497	-0.187993
25.832020	0.221550	0.882864	-0.077218	-0.127569
25.871101	0.234976	0.741884	-0.083938	-0.090644
25.910183	0.255123	0.641167	-0.087291	-0.070497
25.949263	0.278622	0.563964	-0.087291	-0.057071
25.988344	0.305474	0.503540	-0.090644	-0.046998
26.027426	0.335693	0.456542	-0.090644	-0.040293
26.066507	0.369251	0.416249	-0.090644	-0.030220
26.105589	0.412896	0.379324	-0.090644	-0.023499
26.144670	0.463247	0.349119	-0.090644	-0.020146
26.183750	0.527039	0.322267	-0.093997	-0.016794
26.222832	0.604242	0.298768	-0.097364	-0.013441
26.261913	0.708312	0.281975	-0.110790	-0.013441
26.300995	0.856012	0.261828	-0.124216	-0.013441
26.340076	1.074225	0.245050	-0.140995	-0.010073
26.379158	1.403198	0.231624	-0.151068	-0.010073
26.418238	1.842961	0.218198	-0.161141	-0.010073
26.457319	2.343148	0.204772	-0.174567	-0.006720
26.496401	2.819836	0.194699	-0.201419	-0.006720
26.535482	3.192455	0.184625	-0.231639	-0.003368
26.574564	3.403947	0.174552	-0.258490	0.000000
26.613646	3.424078	0.164479	-0.275284	0.000000
26.652725	3.256232	0.154406	-0.278637	0.000000
26.691807	2.937332	0.144348	-0.275284	0.000000
26.730888	2.531141	0.137627	-0.258490	0.003353
26.769970	2.111509	0.130907	-0.231639	0.003353
26.809052	1.728818	0.124201	-0.201419	0.000000
26.848133	1.403198	0.117481	-0.167862	0.000000
26.887213	1.144707	0.110775	-0.137642	0.000000
26.926294	0.943303	0.104055	-0.110790	0.000000
26.965376	0.788882	0.100702	-0.087291	0.000000
27.004457	0.668019	0.093982	-0.070497	0.000000
27.043539	0.577390	0.090629	-0.057071	-0.003368
27.082619	0.506893	0.087276	-0.046998	-0.003368
27.121700	0.453174	0.080556	-0.043646	-0.003368
27.160782	0.406191	0.077203	-0.043646	0.000000
27.199863	0.369251	0.073850	-0.040293	0.000000
27.238945	0.339046	0.067130	-0.040293	0.003353
27.278027	0.312194	0.063777	-0.040293	0.003353
27.317106	0.288695	0.060424	-0.036940	0.003353
27.356188	0.268549	0.057057	-0.033572	0.006706
27.395269	0.248402	0.057057	-0.030220	0.006706
27.434351	0.231624	0.053704	-0.023499	0.010058
27.473433	0.218198	0.053704	-0.020146	0.010058
27.512514	0.204772	0.053704	-0.016794	0.010058
27.551594	0.194699	0.050351	-0.013441	0.006706
27.590675	0.184625	0.046983	-0.006720	0.006706
27.629757	0.174552	0.043631	-0.006720	0.006706
27.668839	0.164479	0.040278	-0.003368	0.006706
27.707920	0.154406	0.036925	-0.003368	0.003353
27.747002	0.147700	0.030205	-0.006720	0.000000
27.786081	0.140980	0.030205	-0.013441	0.000000
27.825163	0.137627	0.026852	-0.016794	0.000000
27.864244	0.130907	0.026852	-0.016794	0.000000
27.903326	0.130907	0.023484	-0.020146	0.000000
27.942408	0.127554	0.023484	-0.016794	0.003353
27.981489	0.130907	0.020131	-0.016794	0.006706
28.020569	0.130907	0.020131	-0.016794	0.006706
28.059650	0.127554	0.016779	-0.016794	0.006706
28.098732	0.124201	0.013426	-0.013441	0.006706
28.137814	0.114128	0.013426	-0.010073	0.010058
28.176895	0.104055	0.013426	-0.003368	0.010058
28.215975	0.093982	0.013426	-0.003368	0.013426
28.255056	0.087276	0.010058	0.003353	0.010058
28.294138	0.083923	0.010058	0.010058	0.010058
28.333220	0.077203	0.006706	0.016779	0.006706
28.372301	0.070482	0.006706	0.020131	0.006706
28.411383	0.060424	0.003353	0.016779	0.006706
28.450462	0.053704	0.003353	0.010058	0.010058
28.489544	0.046983	0.000000	0.006706	0.010058
28.528625	0.040278	-0.003368	0.003353	0.006706
28.567707	0.036925	-0.003368	0.000000	0.006706
28.606789	0.030205	-0.006720	-0.006720	0.003353
28.645870	0.026852	-0.006720	-0.010073	0.003353
28.684950	0.023484	-0.006720	-0.010073	0.003353
28.724031	0.020131	-0.006720	-0.010073	0.003353
28.763113	0.016779	-0.010073	-0.006720	0.003353
28.802195	0.016779	-0.010073	-0.003368	0.003353
28.841276	0.013426	-0.010073	-0.003368	0.006706
28.880358	0.013426	-0.010073	-0.003368	0.006706
28.919437	0.010058	-0.013441	-0.003368	0.010058
28.958519	0.010058	-0.013441	-0.003368	0.010058
28.997601	0.006706	-0.013441	0.000000	0.010058
29.036682	0.006706	-0.013441	0.000000	0.010058
29.075764	0.003353	-0.013441	0.000000	0.010058
29.114845	0.003353	-0.013441	0.000000	0.010058
29.153925	0.000000	-0.016794	0.000000	0.010058
29.193007	0.000000	-0.016794	0.000000	0.010058
29.232088	0.000000	-0.016794	0.000000	0.006706
29.271170	-0.003368	-0.020146	0.000000	0.006706
29.310251	-0.010073	-0.023499	-0.003368	0.003353
29.349333	-0.013441	-0.023499	-0.003368	0.003353
29.388412	-0.016794	-0.023499	-0.003368	0.000000
29.427494	-0.016794	-0.023499	-0.003368	0.000000
29.466576	-0.016794	-0.023499	-0.003368	0.000000
29.505657	-0.020146	-0.026867	-0.003368	-0.003368
29.544739	-0.023499	-0.026867	0.000000	-0.003368
29.583818	-0.023499	-0.026867	0.003353	-0.003368
29.622900	-0.023499	-0.026867	0.003353	0.000000
29.661982	-0.026867	-0.026867	0.006706	0.003353
29.701063	-0.026867	-0.026867	0.006706	0.010058
29.740145	-0.023499	-0.026867	0.003353	0.010058
29.779226	-0.023499	-0.026867	0.003353	0.013426
29.818306	-0.026867	-0.026867	0.003353	0.013426
29.857388	-0.030220	-0.026867	0.003353	0.013426
29.896469	-0.033572	-0.030220	0.003353	0.010058
29.935551	-0.033572	-0.030220	0.003353	0.006706
29.974632	-0.036940	-0.030220	0.003353	0.006706
30.013714	-0.036940	-0.030220	0.003353	0.003353
30.052794	-0.036940	-0.030220	0.003353	0.003353
30.091875	-0.040293	-0.030220	0.003353	0.003353
30.130957	-0.040293	-0.030220	0.006706	0.003353
30.170038	-0.040293	-0.030220	0.006706	0.003353
30.209120	-0.040293	-0.033572	0.003353	0.003353
30.248201	-0.040293	-0.033572	0.003353	0.003353
30.287281	-0.040293	-0.033572	0.003353	0.003353
30.326363	-0.040293	-0.033572	0.003353	0.006706
30.365444	-0.040293	-0.030220	0.003353	0.006706
30.404526	-0.040293	-0.030220	0.003353	0.010058
30.443607	-0.043646	-0.030220	0.003353	0.010058
30.482689	-0.043646	-0.033572	0.006706	0.010058
30.521769	-0.043646	-0.033572	0.006706	0.010058
30.560850	-0.043646	-0.033572	0.006706	0.010058
30.599932	-0.043646	-0.033572	0.006706	0.010058
30.639013	-0.046998	-0.036940	0.006706	0.010058
30.678095	-0.046998	-0.036940	0.006706	0.010058
30.717175	-0.050366	-0.036940	0.010058	0.006706
30.756256	-0.053719	-0.040293	0.013426	0.003353
30.795338	-0.053719	-0.040293	0.016779	0.000000
30.834419	-0.057071	-0.040293	0.016779	0.000000
30.873501	-0.057071	-0.040293	0.013426	0.000000
30.912582	-0.057071	-0.040293	0.013426	0.003353
30.951662	-0.053719	-0.040293	0.010058	0.003353
30.990744	-0.053719	-0.040293	0.010058	0.006706
31.029825	-0.053719	-0.040293	0.010058	0.010058
31.068907	-0.053719	-0.040293	0.010058	0.013426
31.107988	-0.053719	-0.040293	0.010058	0.013426
31.147070	-0.053719	-0.043646	0.010058	0.016779
31.186150	-0.057071	-0.043646	0.010058	0.016779
31.225231	-0.053719	-0.043646	0.010058	0.016779
31.264313	-0.053719	-0.040293	0.010058	0.013426
31.303394	-0.053719	-0.040293	0.013426	0.013426
31.342476	-0.057071	-0.040293	0.016779	0.013426
31.381557	-0.060439	-0.040293	0.020131	0.010058
31.420637	-0.063792	-0.043646	0.023484	0.006706
31.459719	-0.063792	-0.043646	0.026852	0.003353
31.498800	-0.067145	-0.043646	0.026852	0.000000
31.537882	-0.063792	-0.040293	0.026852	0.003353
31.576963	-0.067145	-0.040293	0.023484	0.003353
31.616045	-0.067145	-0.040293	0.016779	0.006706
31.655125	-0.067145	-0.040293	0.016779	0.006706
31.694206	-0.067145	-0.040293	0.013426	0.006706
31.733288	-0.067145	-0.040293	0.013426	0.006706
31.772369	-0.067145	-0.040293	0.010058	0.006706
31.811451	-0.067145	-0.040293	0.010058	0.006706
31.850531	-0.067145	-0.043646	0.006706	0.006706
31.889612	-0.063792	-0.043646	0.010058	0.006706
31.928694	-0.063792	-0.043646	0.013426	0.010058
31.967775	-0.063792	-0.040293	0.016779	0.013426
32.006855	-0.063792	-0.040293	0.020131	0.013426
32.045937	-0.063792	-0.040293	0.023484	0.013426
32.085018	-0.067145	-0.040293	0.023484	0.013426
32.124100	-0.067145	-0.040293	0.023484	0.010058
32.163181	-0.070497	-0.040293	0.020131	0.006706
32.202263	-0.070497	-0.040293	0.016779	0.006706
32.241344	-0.070497	-0.040293	0.016779	0.006706
32.280426	-0.070497	-0.040293	0.013426	0.006706
32.319508	-0.067145	-0.040293	0.013426	0.003353
32.358589	-0.067145	-0.040293	0.010058	0.000000
32.397671	-0.067145	-0.040293	0.010058	0.000000
32.436749	-0.070497	-0.040293	0.010058	0.000000
32.475830	-0.070497	-0.036940	0.010058	0.000000
32.514912	-0.070497	-0.040293	0.013426	0.000000
32.553993	-0.070497	-0.040293	0.013426	0.000000
32.593075	-0.070497	-0.040293	0.010058	0.000000
32.632156	-0.070497	-0.036940	0.010058	-0.003368
32.671238	-0.067145	-0.036940	0.010058	-0.003368
32.710320	-0.063792	-0.036940	0.006706	-0.003368
32.749401	-0.060439	-0.036940	0.006706	0.000000
32.788483	-0.057071	-0.036940	0.006706	0.000000
32.827564	-0.053719	-0.036940	0.006706	0.003353
32.866642	-0.050366	-0.036940	0.010058	0.003353
32.905724	-0.046998	-0.036940	0.010058	0.003353
32.944805	-0.043646	-0.036940	0.013426	0.003353
32.983887	-0.043646	-0.036940	0.016779	0.003353
33.022968	-0.040293	-0.036940	0.016779	0.003353
33.062050	-0.040293	-0.036940	0.013426	0.000000
33.101131	-0.040293	-0.036940	0.013426	0.000000
33.140213	-0.040293	-0.040293	0.006706	-0.003368
33.179295	-0.040293	-0.040293	0.003353	-0.006720
33.218376	-0.040293	-0.043646	0.000000	-0.010073
33.257458	-0.043646	-0.040293	-0.003368	-0.010073
33.296539	-0.043646	-0.040293	-0.006720	-0.006720
33.335617	-0.043646	-0.040293	-0.006720	-0.003368
33.374699	-0.043646	-0.040293	-0.003368	0.000000
33.413780	-0.043646	-0.040293	0.000000	0.003353
33.452862	-0.040293	-0.036940	0.003353	0.003353
33.491943	-0.036940	-0.036940	0.006706	0.006706
33.531025	-0.036940	-0.036940	0.006706	0.006706
33.570107	-0.036940	-0.036940	0.010058	0.006706
33.609188	-0.033572	-0.036940	0.013426	0.006706
33.648270	-0.033572	-0.036940	0.013426	0.003353
33.687351	-0.033572	-0.036940	0.013426	0.000000
33.726433	-0.033572	-0.040293	0.013426	-0.003368
33.765514	-0.033572	-0.040293	0.010058	-0.003368
33.804592	-0.033572	-0.040293	0.010058	-0.003368
33.843674	-0.033572	-0.040293	0.003353	-0.003368
33.882755	-0.033572	-0.040293	0.000000	-0.003368
33.921837	-0.033572	-0.040293	-0.003368	-0.003368
33.960918	-0.036940	-0.036940	-0.006720	-0.006720
