26.019428	0.087276	0.228271	-0.107422	-0.241712
26.028803	0.087276	0.228271	-0.097364	-0.245064
26.038176	0.090629	0.228271	-0.090644	-0.248417
26.047550	0.090629	0.228271	-0.093997	-0.245064
26.056923	0.090629	0.228271	-0.097364	-0.245064
26.066298	0.090629	0.228271	-0.097364	-0.251785
26.075672	0.090629	0.228271	-0.093997	-0.251785
26.085045	0.093982	0.228271	-0.090644	-0.251785
26.094419	0.093982	0.228271	-0.093997	-0.248417
26.103794	0.093982	0.228271	-0.097364	-0.248417
26.113167	0.093982	0.228271	-0.097364	-0.245064
26.122541	0.093982	0.228271	-0.093997	-0.245064
26.131916	0.093982	0.228271	-0.090644	-0.245064
26.141289	0.093982	0.228271	-0.090644	-0.248417
26.150663	0.093982	0.228271	-0.093997	-0.255138
26.160038	0.093982	0.228271	-0.097364	-0.255138
26.169411	0.097349	0.228271	-0.097364	-0.251785
26.178785	0.097349	0.228271	-0.097364	-0.248417
26.188158	0.097349	0.228271	-0.100717	-0.245064
26.197533	0.097349	0.228271	-0.100717	-0.245064
26.206907	0.097349	0.228271	-0.104070	-0.248417
26.216280	0.100702	0.228271	-0.104070	-0.248417
26.225655	0.097349	0.228271	-0.104070	-0.251785
26.235029	0.097349	0.228271	-0.100717	-0.255138
26.244402	0.097349	0.228271	-0.100717	-0.255138
26.253777	0.097349	0.228271	-0.097364	-0.255138
26.263151	0.097349	0.228271	-0.093997	-0.255138
26.272524	0.097349	0.228271	-0.093997	-0.255138
26.281898	0.097349	0.228271	-0.093997	-0.258490
26.291273	0.097349	0.228271	-0.100717	-0.255138
26.300646	0.097349	0.228271	-0.107422	-0.255138
26.310020	0.100702	0.224903	-0.110790	-0.255138
26.319393	0.100702	0.224903	-0.107422	-0.251785
26.328768	0.100702	0.224903	-0.104070	-0.248417
26.338142	0.100702	0.224903	-0.100717	-0.245064
26.347515	0.100702	0.224903	-0.104070	-0.241712
26.356890	0.104055	0.224903	-0.110790	-0.241712
26.366264	0.104055	0.224903	-0.110790	-0.241712
26.375637	0.104055	0.224903	-0.107422	-0.245064
26.385012	0.104055	0.224903	-0.107422	-0.248417
26.394386	0.104055	0.224903	-0.110790	-0.248417
26.403759	0.104055	0.228271	-0.114143	-0.248417
26.413134	0.107422	0.228271	-0.114143	-0.251785
26.422508	0.107422	0.228271	-0.110790	-0.251785
26.431881	0.104055	0.228271	-0.107422	-0.251785
26.441256	0.104055	0.228271	-0.107422	-0.241712
26.450628	0.104055	0.228271	-0.107422	-0.238344
26.460003	0.104055	0.228271	-0.107422	-0.241712
26.469378	0.104055	0.228271	-0.107422	-0.245064
26.478750	0.104055	0.228271	-0.104070	-0.248417
26.488125	0.104055	0.224903	-0.107422	-0.245064
26.497499	0.104055	0.224903	-0.110790	-0.238344
26.506872	0.104055	0.224903	-0.110790	-0.234991
26.516247	0.104055	0.224903	-0.104070	-0.234991
26.525621	0.104055	0.224903	-0.104070	-0.234991
26.534994	0.104055	0.224903	-0.107422	-0.238344
26.544369	0.107422	0.224903	-0.110790	-0.241712
26.553743	0.107422	0.224903	-0.107422	-0.245064
26.563116	0.107422	0.224903	-0.104070	-0.245064
26.572491	0.107422	0.224903	-0.104070	-0.245064
26.581863	0.107422	0.224903	-0.104070	-0.245064
26.591238	0.107422	0.224903	-0.104070	-0.245064
26.600613	0.107422	0.224903	-0.100717	-0.241712
26.609985	0.107422	0.224903	-0.100717	-0.234991
26.619360	0.107422	0.224903	-0.104070	-0.234991
26.628735	0.107422	0.224903	-0.104070	-0.241712
26.638107	0.110775	0.224903	-0.104070	-0.245064
26.647482	0.110775	0.224903	-0.110790	-0.241712
26.656857	0.110775	0.224903	-0.117496	-0.241712
26.666229	0.110775	0.224903	-0.117496	-0.241712
26.675604	0.110775	0.224903	-0.114143	-0.241712
26.684978	0.110775	0.221550	-0.110790	-0.238344
26.694351	0.110775	0.221550	-0.114143	-0.234991
26.703726	0.110775	0.221550	-0.117496	-0.241712
26.713099	0.110775	0.221550	-0.120863	-0.245064
26.722473	0.110775	0.221550	-0.117496	-0.245064
26.731848	0.110775	0.221550	-0.117496	-0.238344
26.741220	0.110775	0.221550	-0.117496	-0.238344
26.750595	0.110775	0.221550	-0.114143	-0.238344
26.759970	0.110775	0.221550	-0.110790	-0.241712
26.769342	0.114128	0.221550	-0.110790	-0.241712
26.778717	0.114128	0.221550	-0.114143	-0.238344
26.788092	0.114128	0.221550	-0.117496	-0.234991
26.797464	0.114128	0.218198	-0.117496	-0.234991
26.806839	0.114128	0.218198	-0.114143	-0.241712
26.816214	0.114128	0.218198	-0.110790	-0.248417
26.825586	0.114128	0.214845	-0.110790	-0.245064
26.834961	0.117481	0.214845	-0.114143	-0.238344
26.844334	0.117481	0.211477	-0.114143	-0.234991
26.853708	0.117481	0.211477	-0.114143	-0.238344
26.863083	0.114128	0.211477	-0.114143	-0.241712
26.872456	0.114128	0.211477	-0.114143	-0.238344
26.881830	0.114128	0.214845	-0.114143	-0.238344
26.891205	0.114128	0.214845	-0.114143	-0.238344
26.900578	0.114128	0.214845	-0.114143	-0.245064
26.909952	0.114128	0.214845	-0.117496	-0.245064
26.919327	0.117481	0.214845	-0.117496	-0.241712
26.928699	0.117481	0.214845	-0.117496	-0.234991
26.938074	0.117481	0.214845	-0.117496	-0.231639
26.947449	0.117481	0.214845	-0.117496	-0.234991
26.956821	0.117481	0.214845	-0.114143	-0.241712
26.966196	0.120848	0.214845	-0.117496	-0.241712
26.975569	0.117481	0.214845	-0.120863	-0.238344
26.984943	0.117481	0.214845	-0.124216	-0.238344
26.994318	0.117481	0.211477	-0.120863	-0.238344
27.003691	0.117481	0.211477	-0.117496	-0.241712
27.013065	0.117481	0.211477	-0.120863	-0.238344
27.022440	0.117481	0.211477	-0.124216	-0.241712
27.031813	0.117481	0.211477	-0.120863	-0.245064
27.041187	0.117481	0.211477	-0.117496	-0.245064
27.050562	0.117481	0.211477	-0.120863	-0.241712
27.059935	0.117481	0.211477	-0.124216	-0.241712
27.069309	0.120848	0.211477	-0.124216	-0.241712
27.078684	0.120848	0.211477	-0.124216	-0.241712
27.088057	0.120848	0.211477	-0.124216	-0.238344
27.097431	0.120848	0.214845	-0.124216	-0.241712
27.106804	0.120848	0.211477	-0.117496	-0.241712
27.116179	0.120848	0.211477	-0.117496	-0.238344
27.125553	0.124201	0.211477	-0.117496	-0.234991
27.134926	0.124201	0.211477	-0.120863	-0.238344
27.144300	0.124201	0.211477	-0.124216	-0.245064
27.153675	0.127554	0.211477	-0.120863	-0.248417
27.163048	0.127554	0.214845	-0.117496	-0.245064
27.172422	0.127554	0.214845	-0.117496	-0.238344
27.181797	0.127554	0.214845	-0.120863	-0.234991
27.191170	0.127554	0.211477	-0.124216	-0.234991
27.200544	0.127554	0.211477	-0.124216	-0.234991
27.209919	0.127554	0.211477	-0.124216	-0.231639
27.219292	0.127554	0.211477	-0.124216	-0.231639
27.228666	0.127554	0.211477	-0.127569	-0.234991
27.238039	0.130907	0.211477	-0.127569	-0.241712
27.247414	0.130907	0.211477	-0.124216	-0.248417
27.256788	0.130907	0.211477	-0.124216	-0.245064
27.266161	0.130907	0.211477	-0.130922	-0.238344
27.275536	0.130907	0.211477	-0.140995	-0.238344
27.284910	0.130907	0.211477	-0.137642	-0.241712
27.294283	0.130907	0.211477	-0.130922	-0.248417
27.303658	0.130907	0.214845	-0.127569	-0.245064
27.313032	0.130907	0.214845	-0.130922	-0.241712
27.322405	0.134274	0.214845	-0.134289	-0.241712
27.331779	0.134274	0.214845	-0.134289	-0.238344
27.341154	0.134274	0.214845	-0.134289	-0.234991
27.350527	0.134274	0.214845	-0.134289	-0.234991
27.359901	0.134274	0.211477	-0.130922	-0.238344
27.369274	0.137627	0.211477	-0.127569	-0.241712
27.378649	0.137627	0.211477	-0.127569	-0.245064
27.388023	0.137627	0.211477	-0.130922	-0.248417
27.397396	0.137627	0.211477	-0.130922	-0.245064
27.406771	0.137627	0.211477	-0.137642	-0.241712
27.416145	0.137627	0.211477	-0.140995	-0.238344
27.425518	0.137627	0.211477	-0.140995	-0.241712
27.434893	0.137627	0.211477	-0.134289	-0.248417
27.444267	0.137627	0.211477	-0.130922	-0.248417
27.453640	0.137627	0.208125	-0.134289	-0.241712
27.463015	0.140980	0.208125	-0.144362	-0.238344
27.472389	0.140980	0.208125	-0.147715	-0.238344
27.481762	0.140980	0.208125	-0.144362	-0.238344
27.491137	0.140980	0.204772	-0.137642	-0.234991
27.500509	0.140980	0.204772	-0.137642	-0.234991
27.509884	0.140980	0.201404	-0.137642	-0.234991
27.519258	0.140980	0.201404	-0.137642	-0.234991
27.528631	0.140980	0.198051	-0.137642	-0.238344
27.538006	0.140980	0.198051	-0.137642	-0.238344
27.547380	0.140980	0.198051	-0.137642	-0.238344
27.556753	0.140980	0.194699	-0.137642	-0.234991
27.566128	0.137627	0.194699	-0.137642	-0.234991
27.575502	0.137627	0.194699	-0.137642	-0.238344
27.584875	0.137627	0.191346	-0.137642	-0.241712
27.594250	0.137627	0.191346	-0.137642	-0.241712
27.603624	0.137627	0.191346	-0.137642	-0.234991
27.612997	0.137627	0.191346	-0.140995	-0.231639
27.622372	0.137627	0.191346	-0.144362	-0.231639
27.631744	0.137627	0.194699	-0.144362	-0.238344
27.641119	0.137627	0.198051	-0.140995	-0.248417
27.650494	0.137627	0.201404	-0.137642	-0.248417
27.659866	0.137627	0.204772	-0.137642	-0.248417
27.669241	0.137627	0.208125	-0.137642	-0.245064
27.678616	0.140980	0.211477	-0.140995	-0.248417
27.687988	0.140980	0.214845	-0.137642	-0.245064
27.697363	0.140980	0.218198	-0.137642	-0.241712
27.706738	0.140980	0.218198	-0.137642	-0.241712
27.716110	0.137627	0.221550	-0.140995	-0.245064
27.725485	0.137627	0.224903	-0.140995	-0.248417
27.734859	0.137627	0.224903	-0.137642	-0.248417
27.744232	0.137627	0.228271	-0.140995	-0.245064
27.753607	0.137627	0.228271	-0.144362	-0.245064
27.762980	0.137627	0.231624	-0.144362	-0.248417
27.772354	0.137627	0.231624	-0.137642	-0.251785
27.781729	0.140980	0.234976	-0.137642	-0.251785
27.791101	0.140980	0.234976	-0.137642	-0.248417
27.800476	0.140980	0.238329	-0.140995	-0.248417
27.809851	0.140980	0.238329	-0.144362	-0.248417
27.819223	0.140980	0.241697	-0.147715	-0.241712
27.828598	0.140980	0.241697	-0.151068	-0.238344
27.837973	0.144348	0.241697	-0.151068	-0.238344
27.847345	0.144348	0.245050	-0.147715	-0.238344
27.856720	0.144348	0.245050	-0.144362	-0.245064
27.866095	0.147700	0.245050	-0.147715	-0.245064
27.875467	0.147700	0.245050	-0.151068	-0.248417
27.884842	0.147700	0.248402	-0.151068	-0.248417
27.894215	0.147700	0.248402	-0.147715	-0.248417
27.903589	0.147700	0.251770	-0.140995	-0.248417
27.912964	0.147700	0.251770	-0.137642	-0.245064
27.922337	0.147700	0.251770	-0.140995	-0.241712
27.931711	0.147700	0.251770	-0.144362	-0.241712
27.941086	0.147700	0.251770	-0.147715	-0.245064
27.950459	0.147700	0.251770	-0.147715	-0.245064
27.959833	0.147700	0.251770	-0.147715	-0.245064
27.969208	0.151053	0.251770	-0.147715	-0.245064
27.978580	0.151053	0.248402	-0.151068	-0.241712
27.987955	0.154406	0.248402	-0.151068	-0.241712
27.997330	0.154406	0.251770	-0.154421	-0.241712
28.006702	0.154406	0.251770	-0.154421	-0.241712
28.016077	0.154406	0.251770	-0.154421	-0.234991
28.025450	0.154406	0.251770	-0.154421	-0.231639
28.034824	0.157773	0.251770	-0.151068	-0.231639
28.044199	0.157773	0.251770	-0.151068	-0.234991
28.053572	0.157773	0.248402	-0.154421	-0.234991
28.062946	0.157773	0.248402	-0.154421	-0.234991
28.072321	0.157773	0.248402	-0.154421	-0.234991
28.081694	0.157773	0.248402	-0.154421	-0.238344
28.091068	0.157773	0.248402	-0.147715	-0.238344
28.100443	0.157773	0.248402	-0.147715	-0.238344
28.109816	0.157773	0.248402	-0.147715	-0.238344
28.119190	0.157773	0.248402	-0.151068	-0.238344
28.128565	0.157773	0.248402	-0.157788	-0.234991
28.137938	0.157773	0.248402	-0.157788	-0.238344
28.147312	0.157773	0.248402	-0.154421	-0.241712
28.156685	0.157773	0.248402	-0.151068	-0.241712
28.166059	0.157773	0.248402	-0.147715	-0.241712
28.175434	0.157773	0.245050	-0.147715	-0.238344
28.184807	0.157773	0.245050	-0.151068	-0.238344
28.194181	0.157773	0.245050	-0.154421	-0.241712
28.203556	0.157773	0.245050	-0.151068	-0.248417
28.212929	0.157773	0.245050	-0.147715	-0.248417
28.222303	0.157773	0.245050	-0.147715	-0.241712
28.231678	0.157773	0.241697	-0.154421	-0.238344
28.241051	0.157773	0.241697	-0.157788	-0.241712
28.250425	0.161126	0.241697	-0.151068	-0.245064
28.259800	0.161126	0.241697	-0.147715	-0.245064
28.269173	0.161126	0.238329	-0.147715	-0.234991
28.278547	0.161126	0.238329	-0.154421	-0.231639
28.287920	0.161126	0.238329	-0.157788	-0.238344
28.297295	0.161126	0.238329	-0.154421	-0.245064
28.306669	0.161126	0.238329	-0.154421	-0.245064
28.316042	0.161126	0.238329	-0.157788	-0.241712
28.325417	0.161126	0.238329	-0.157788	-0.245064
28.334791	0.161126	0.241697	-0.154421	-0.248417
28.344164	0.161126	0.245050	-0.151068	-0.248417
28.353539	0.164479	0.245050	-0.154421	-0.248417
28.362913	0.164479	0.245050	-0.161141	-0.245064
28.372286	0.164479	0.248402	-0.164494	-0.245064
28.381660	0.164479	0.248402	-0.164494	-0.241712
28.391035	0.164479	0.248402	-0.161141	-0.241712
28.400408	0.164479	0.251770	-0.161141	-0.241712
28.409782	0.164479	0.251770	-0.161141	-0.245064
28.419155	0.164479	0.255123	-0.164494	-0.241712
28.428530	0.164479	0.255123	-0.164494	-0.245064
28.437904	0.164479	0.255123	-0.161141	-0.241712
28.447277	0.164479	0.255123	-0.157788	-0.241712
28.456652	0.164479	0.255123	-0.157788	-0.241712
28.466026	0.164479	0.255123	-0.161141	-0.245064
28.475399	0.164479	0.255123	-0.161141	-0.251785
28.484774	0.164479	0.255123	-0.164494	-0.251785
28.494148	0.167847	0.258476	-0.164494	-0.248417
28.503521	0.167847	0.258476	-0.161141	-0.248417
28.512896	0.164479	0.258476	-0.157788	-0.248417
28.522270	0.164479	0.258476	-0.154421	-0.245064
28.531643	0.164479	0.258476	-0.157788	-0.241712
28.541018	0.164479	0.255123	-0.164494	-0.238344
28.550390	0.164479	0.255123	-0.167862	-0.245064
28.559765	0.164479	0.258476	-0.164494	-0.248417
28.569139	0.164479	0.258476	-0.161141	-0.251785
28.578512	0.164479	0.258476	-0.157788	-0.248417
28.587887	0.164479	0.255123	-0.154421	-0.245064
28.597261	0.164479	0.255123	-0.154421	-0.245064
28.606634	0.167847	0.255123	-0.161141	-0.248417
28.616009	0.167847	0.255123	-0.161141	-0.251785
28.625383	0.167847	0.255123	-0.157788	-0.248417
28.634756	0.171199	0.255123	-0.157788	-0.241712
28.644131	0.171199	0.255123	-0.164494	-0.241712
28.653505	0.167847	0.255123	-0.167862	-0.245064
28.662878	0.167847	0.255123	-0.174567	-0.245064
28.672253	0.167847	0.255123	-0.174567	-0.245064
28.681625	0.167847	0.255123	-0.174567	-0.238344
28.691000	0.167847	0.255123	-0.171214	-0.238344
28.700375	0.167847	0.255123	-0.167862	-0.238344
28.709747	0.171199	0.255123	-0.171214	-0.241712
28.719122	0.171199	0.255123	-0.174567	-0.245064
28.728497	0.171199	0.255123	-0.174567	-0.245064
28.737869	0.171199	0.255123	-0.171214	-0.241712
28.747244	0.171199	0.255123	-0.171214	-0.241712
28.756618	0.174552	0.251770	-0.171214	-0.241712
28.765991	0.174552	0.251770	-0.171214	-0.245064
28.775366	0.174552	0.251770	-0.167862	-0.245064
28.784740	0.174552	0.248402	-0.174567	-0.245064
28.794113	0.174552	0.248402	-0.181288	-0.241712
28.803488	0.174552	0.248402	-0.181288	-0.245064
28.812860	0.174552	0.248402	-0.174567	-0.245064
28.822235	0.174552	0.248402	-0.164494	-0.245064
28.831610	0.174552	0.248402	-0.164494	-0.238344
28.840982	0.174552	0.248402	-0.167862	-0.238344
28.850357	0.177905	0.248402	-0.171214	-0.241712
28.859732	0.177905	0.251770	-0.167862	-0.245064
28.869104	0.177905	0.251770	-0.164494	-0.248417
28.878479	0.177905	0.251770	-0.164494	-0.245064
28.887854	0.177905	0.251770	-0.171214	-0.245064
28.897226	0.177905	0.251770	-0.177920	-0.245064
28.906601	0.181273	0.251770	-0.174567	-0.248417
28.915976	0.181273	0.251770	-0.167862	-0.245064
28.925348	0.181273	0.251770	-0.167862	-0.234991
28.934723	0.181273	0.251770	-0.174567	-0.231639
28.944096	0.181273	0.251770	-0.184640	-0.234991
28.953470	0.181273	0.251770	-0.187993	-0.241712
28.962845	0.181273	0.251770	-0.187993	-0.241712
28.972218	0.181273	0.248402	-0.187993	-0.238344
28.981592	0.181273	0.248402	-0.184640	-0.238344
28.990967	0.181273	0.248402	-0.177920	-0.238344
29.000340	0.181273	0.248402	-0.174567	-0.234991
29.009714	0.181273	0.248402	-0.174567	-0.231639
29.019089	0.184625	0.245050	-0.174567	-0.231639
29.028461	0.184625	0.245050	-0.171214	-0.234991
29.037836	0.184625	0.245050	-0.171214	-0.234991
29.047211	0.184625	0.245050	-0.174567	-0.234991
29.056583	0.184625	0.245050	-0.171214	-0.234991
29.065958	0.184625	0.245050	-0.167862	-0.234991
29.075331	0.184625	0.245050	-0.171214	-0.234991
29.084705	0.184625	0.241697	-0.174567	-0.234991
29.094080	0.184625	0.241697	-0.177920	-0.238344
29.103453	0.184625	0.241697	-0.174567	-0.238344
29.112827	0.184625	0.241697	-0.171214	-0.238344
29.122202	0.184625	0.241697	-0.171214	-0.238344
29.131575	0.184625	0.241697	-0.174567	-0.238344
29.140949	0.181273	0.241697	-0.177920	-0.241712
29.150324	0.181273	0.241697	-0.181288	-0.238344
29.159697	0.181273	0.241697	-0.181288	-0.238344
29.169071	0.181273	0.241697	-0.177920	-0.241712
29.178446	0.184625	0.241697	-0.171214	-0.241712
29.187819	0.184625	0.241697	-0.171214	-0.238344
29.197193	0.184625	0.241697	-0.177920	-0.234991
29.206566	0.184625	0.245050	-0.181288	-0.234991
29.215940	0.184625	0.245050	-0.181288	-0.234991
29.225315	0.184625	0.248402	-0.177920	-0.234991
29.234688	0.184625	0.248402	-0.181288	-0.234991
29.244062	0.184625	0.248402	-0.181288	-0.234991
29.253437	0.184625	0.248402	-0.174567	-0.234991
29.262810	0.184625	0.248402	-0.171214	-0.234991
29.272184	0.184625	0.248402	-0.171214	-0.234991
29.281559	0.184625	0.248402	-0.177920	-0.231639
29.290932	0.184625	0.248402	-0.184640	-0.231639
29.300306	0.181273	0.248402	-0.187993	-0.234991
29.309681	0.181273	0.248402	-0.181288	-0.234991
29.319054	0.181273	0.248402	-0.177920	-0.238344
29.328428	0.181273	0.251770	-0.181288	-0.238344
29.337801	0.181273	0.251770	-0.181288	-0.238344
29.347176	0.181273	0.251770	-0.184640	-0.238344
29.356550	0.181273	0.248402	-0.181288	-0.238344
29.365923	0.184625	0.248402	-0.184640	-0.238344
29.375298	0.184625	0.248402	-0.187993	-0.248417
29.384672	0.184625	0.248402	-0.191361	-0.255138
29.394045	0.184625	0.248402	-0.187993	-0.251785
29.403419	0.184625	0.248402	-0.184640	-0.238344
29.412794	0.184625	0.248402	-0.181288	-0.231639
29.422167	0.184625	0.248402	-0.181288	-0.228286
29.431541	0.184625	0.248402	-0.181288	-0.231639
29.440916	0.184625	0.251770	-0.184640	-0.231639
29.450289	0.184625	0.251770	-0.191361	-0.228286
29.459663	0.184625	0.251770	-0.191361	-0.231639
29.469036	0.184625	0.251770	-0.184640	-0.231639
29.478411	0.184625	0.251770	-0.181288	-0.231639
29.487785	0.184625	0.251770	-0.181288	-0.231639
29.497158	0.184625	0.251770	-0.184640	-0.231639
29.506533	0.184625	0.251770	-0.181288	-0.234991
29.515907	0.187978	0.248402	-0.181288	-0.234991
29.525280	0.187978	0.248402	-0.184640	-0.238344
29.534655	0.191346	0.248402	-0.187993	-0.234991
29.544029	0.191346	0.248402	-0.194713	-0.234991
29.553402	0.191346	0.248402	-0.198066	-0.234991
29.562777	0.191346	0.248402	-0.198066	-0.238344
29.572151	0.191346	0.248402	-0.194713	-0.241712
29.581524	0.191346	0.248402	-0.191361	-0.245064
29.590899	0.191346	0.248402	-0.191361	-0.245064
29.600271	0.191346	0.248402	-0.191361	-0.245064
29.609646	0.194699	0.245050	-0.194713	-0.241712
29.619020	0.194699	0.248402	-0.194713	-0.241712
29.628393	0.194699	0.248402	-0.198066	-0.241712
29.637768	0.191346	0.248402	-0.194713	-0.238344
29.647142	0.191346	0.248402	-0.187993	-0.234991
29.656515	0.191346	0.245050	-0.184640	-0.231639
29.665890	0.194699	0.245050	-0.187993	-0.231639
29.675264	0.194699	0.245050	-0.191361	-0.234991
29.684637	0.194699	0.245050	-0.191361	-0.234991
29.694012	0.194699	0.245050	-0.191361	-0.234991
29.703386	0.194699	0.248402	-0.191361	-0.234991
29.712759	0.194699	0.248402	-0.198066	-0.238344
29.722134	0.194699	0.248402	-0.198066	-0.241712
29.731506	0.194699	0.248402	-0.198066	-0.245064
29.740881	0.194699	0.248402	-0.194713	-0.245064
29.750256	0.194699	0.248402	-0.194713	-0.241712
29.759628	0.194699	0.248402	-0.194713	-0.238344
29.769003	0.194699	0.251770	-0.198066	-0.234991
29.778378	0.191346	0.251770	-0.198066	-0.238344
29.787750	0.191346	0.251770	-0.198066	-0.238344
29.797125	0.194699	0.248402	-0.198066	-0.238344
29.806499	0.194699	0.248402	-0.194713	-0.238344
29.815872	0.194699	0.248402	-0.194713	-0.238344
29.825247	0.198051	0.245050	-0.191361	-0.238344
29.834621	0.198051	0.245050	-0.187993	-0.238344
29.843994	0.198051	0.245050	-0.187993	-0.238344
29.853369	0.194699	0.245050	-0.194713	-0.241712
29.862741	0.194699	0.245050	-0.198066	-0.245064
29.872116	0.198051	0.245050	-0.198066	-0.245064
29.881491	0.198051	0.245050	-0.198066	-0.241712
29.890863	0.198051	0.245050	-0.198066	-0.234991
29.900238	0.194699	0.245050	-0.198066	-0.231639
29.909613	0.194699	0.245050	-0.194713	-0.234991
29.918985	0.194699	0.245050	-0.194713	-0.241712
29.928360	0.191346	0.245050	-0.201419	-0.238344
29.937735	0.191346	0.245050	-0.201419	-0.234991
29.947107	0.191346	0.245050	-0.201419	-0.231639
29.956482	0.191346	0.245050	-0.198066	-0.238344
29.965857	0.191346	0.245050	-0.201419	-0.238344
29.975229	0.191346	0.245050	-0.208139	-0.234991
29.984604	0.191346	0.245050	-0.208139	-0.234991
29.993977	0.191346	0.245050	-0.201419	-0.238344
30.003351	0.191346	0.245050	-0.198066	-0.234991
30.012726	0.191346	0.245050	-0.201419	-0.228286
30.022099	0.191346	0.245050	-0.204787	-0.228286
30.031473	0.191346	0.245050	-0.204787	-0.234991
30.040848	0.187978	0.245050	-0.204787	-0.234991
30.050220	0.187978	0.245050	-0.204787	-0.234991
30.059595	0.187978	0.245050	-0.204787	-0.238344
30.068970	0.184625	0.245050	-0.204787	-0.238344
30.078342	0.184625	0.248402	-0.204787	-0.238344
30.087717	0.187978	0.248402	-0.204787	-0.238344
30.097092	0.187978	0.248402	-0.204787	-0.234991
30.106464	0.187978	0.248402	-0.204787	-0.234991
30.115839	0.187978	0.248402	-0.204787	-0.234991
30.125212	0.187978	0.248402	-0.204787	-0.234991
30.134586	0.187978	0.248402	-0.204787	-0.238344
30.143961	0.187978	0.248402	-0.204787	-0.238344
30.153334	0.184625	0.248402	-0.201419	-0.234991
30.162708	0.184625	0.248402	-0.198066	-0.234991
30.172083	0.181273	0.248402	-0.191361	-0.234991
30.181456	0.181273	0.248402	-0.194713	-0.234991
30.190830	0.181273	0.248402	-0.201419	-0.231639
30.200205	0.181273	0.245050	-0.204787	-0.234991
30.209578	0.181273	0.245050	-0.204787	-0.238344
30.218952	0.177905	0.245050	-0.201419	-0.238344
30.228327	0.177905	0.245050	-0.198066	-0.231639
30.237700	0.177905	0.245050	-0.198066	-0.224918
30.247074	0.181273	0.245050	-0.198066	-0.224918
30.256447	0.181273	0.245050	-0.201419	-0.228286
30.265821	0.181273	0.245050	-0.204787	-0.231639
30.275196	0.181273	0.245050	-0.208139	-0.231639
30.284569	0.181273	0.245050	-0.208139	-0.228286
30.293943	0.184625	0.245050	-0.204787	-0.224918
30.303318	0.184625	0.241697	-0.204787	-0.224918
30.312691	0.184625	0.241697	-0.208139	-0.228286
30.322065	0.184625	0.241697	-0.208139	-0.228286
30.331440	0.187978	0.241697	-0.204787	-0.231639
30.340813	0.187978	0.241697	-0.204787	-0.231639
30.350187	0.187978	0.241697	-0.201419	-0.234991
30.359562	0.187978	0.241697	-0.201419	-0.238344
30.368935	0.187978	0.245050	-0.208139	-0.234991
30.378309	0.187978	0.245050	-0.208139	-0.238344
30.387682	0.191346	0.245050	-0.204787	-0.241712
30.397057	0.191346	0.245050	-0.198066	-0.245064
30.406431	0.191346	0.245050	-0.198066	-0.238344
30.415804	0.194699	0.245050	-0.201419	-0.234991
30.425179	0.194699	0.245050	-0.204787	-0.238344
30.434553	0.194699	0.245050	-0.201419	-0.241712
30.443926	0.198051	0.245050	-0.201419	-0.241712
30.453300	0.198051	0.245050	-0.208139	-0.234991
30.462675	0.198051	0.241697	-0.214845	-0.231639
30.472048	0.194699	0.241697	-0.208139	-0.231639
30.481422	0.198051	0.241697	-0.204787	-0.231639
30.490797	0.198051	0.238329	-0.201419	-0.231639
30.500170	0.198051	0.241697	-0.204787	-0.231639
30.509544	0.198051	0.241697	-0.208139	-0.231639
30.518917	0.198051	0.241697	-0.208139	-0.234991
30.528292	0.198051	0.241697	-0.204787	-0.231639
30.537666	0.198051	0.238329	-0.201419	-0.228286
30.547039	0.198051	0.238329	-0.201419	-0.224918
30.556414	0.198051	0.238329	-0.204787	-0.224918
30.565788	0.198051	0.238329	-0.201419	-0.231639
30.575161	0.198051	0.241697	-0.198066	-0.231639
30.584536	0.198051	0.241697	-0.198066	-0.228286
30.593910	0.198051	0.238329	-0.201419	-0.221565
30.603283	0.201404	0.238329	-0.201419	-0.221565
30.612658	0.201404	0.238329	-0.198066	-0.224918
30.622032	0.201404	0.234976	-0.198066	-0.228286
30.631405	0.201404	0.234976	-0.201419	-0.228286
30.640779	0.201404	0.234976	-0.204787	-0.228286
30.650152	0.201404	0.234976	-0.208139	-0.228286
30.659527	0.201404	0.234976	-0.214845	-0.224918
30.668901	0.201404	0.234976	-0.221565	-0.221565
30.678274	0.201404	0.234976	-0.221565	-0.228286
30.687649	0.201404	0.238329	-0.214845	-0.234991
30.697023	0.204772	0.238329	-0.211492	-0.234991
30.706396	0.204772	0.238329	-0.214845	-0.228286
30.715771	0.204772	0.238329	-0.214845	-0.224918
30.725145	0.204772	0.238329	-0.211492	-0.228286
30.734518	0.204772	0.238329	-0.204787	-0.234991
30.743893	0.204772	0.241697	-0.208139	-0.234991
30.753267	0.204772	0.241697	-0.208139	-0.234991
30.762640	0.208125	0.238329	-0.204787	-0.234991
30.772015	0.204772	0.238329	-0.201419	-0.234991
30.781387	0.204772	0.238329	-0.201419	-0.234991
30.790762	0.208125	0.238329	-0.204787	-0.234991
30.800137	0.204772	0.238329	-0.208139	-0.234991
30.809509	0.204772	0.238329	-0.208139	-0.234991
30.818884	0.204772	0.241697	-0.204787	-0.234991
30.828259	0.204772	0.241697	-0.201419	-0.231639
30.837631	0.204772	0.241697	-0.204787	-0.231639
30.847006	0.204772	0.241697	-0.211492	-0.228286
30.856380	0.204772	0.241697	-0.218213	-0.228286
30.865753	0.204772	0.241697	-0.214845	-0.228286
30.875128	0.204772	0.241697	-0.208139	-0.228286
30.884502	0.204772	0.241697	-0.208139	-0.224918
30.893875	0.204772	0.241697	-0.214845	-0.221565
30.903250	0.204772	0.241697	-0.214845	-0.221565
30.912622	0.204772	0.241697	-0.211492	-0.224918
30.921997	0.204772	0.238329	-0.204787	-0.224918
30.931372	0.204772	0.238329	-0.208139	-0.221565
30.940744	0.204772	0.238329	-0.208139	-0.218213
30.950119	0.204772	0.238329	-0.208139	-0.221565
30.959494	0.204772	0.238329	-0.204787	-0.228286
30.968866	0.204772	0.241697	-0.198066	-0.234991
30.978241	0.204772	0.241697	-0.198066	-0.238344
30.987616	0.204772	0.241697	-0.201419	-0.238344
30.996988	0.204772	0.241697	-0.201419	-0.234991
31.006363	0.204772	0.241697	-0.201419	-0.231639
31.015738	0.204772	0.241697	-0.198066	-0.228286
31.025110	0.208125	0.238329	-0.201419	-0.228286
31.034485	0.208125	0.238329	-0.208139	-0.224918
31.043858	0.208125	0.238329	-0.208139	-0.224918
31.053232	0.211477	0.238329	-0.208139	-0.224918
31.062607	0.211477	0.238329	-0.208139	-0.221565
31.071980	0.211477	0.238329	-0.211492	-0.218213
31.081354	0.211477	0.238329	-0.211492	-0.218213
31.090729	0.211477	0.238329	-0.208139	-0.218213
31.100101	0.211477	0.238329	-0.211492	-0.218213
31.109476	0.211477	0.238329	-0.211492	-0.214845
31.118851	0.211477	0.238329	-0.211492	-0.218213
31.128223	0.214845	0.234976	-0.208139	-0.218213
31.137598	0.214845	0.234976	-0.204787	-0.221565
31.146973	0.214845	0.238329	-0.208139	-0.221565
31.156345	0.214845	0.238329	-0.208139	-0.224918
31.165720	0.214845	0.238329	-0.208139	-0.228286
31.175093	0.214845	0.234976	-0.204787	-0.231639
31.184467	0.214845	0.234976	-0.208139	-0.228286
31.193842	0.214845	0.234976	-0.208139	-0.224918
31.203215	0.214845	0.234976	-0.208139	-0.224918
31.212589	0.214845	0.231624	-0.204787	-0.224918
31.221964	0.214845	0.231624	-0.204787	-0.224918
31.231337	0.218198	0.231624	-0.204787	-0.224918
31.240711	0.218198	0.231624	-0.208139	-0.224918
31.250086	0.218198	0.231624	-0.211492	-0.224918
31.259459	0.218198	0.231624	-0.208139	-0.221565
31.268833	0.218198	0.231624	-0.204787	-0.218213
31.278208	0.218198	0.234976	-0.204787	-0.218213
31.287580	0.218198	0.234976	-0.208139	-0.221565
31.296955	0.218198	0.231624	-0.208139	-0.224918
31.306328	0.218198	0.231624	-0.208139	-0.224918
31.315702	0.218198	0.231624	-0.208139	-0.228286
31.325077	0.218198	0.231624	-0.208139	-0.231639
31.334450	0.218198	0.228271	-0.208139	-0.231639
31.343824	0.218198	0.228271	-0.208139	-0.224918
31.353199	0.218198	0.228271	-0.204787	-0.218213
31.362572	0.218198	0.224903	-0.201419	-0.214845
31.371946	0.218198	0.224903	-0.204787	-0.214845
31.381321	0.221550	0.224903	-0.208139	-0.221565
31.390694	0.221550	0.228271	-0.208139	-0.224918
31.400068	0.221550	0.228271	-0.208139	-0.224918
31.409443	0.221550	0.228271	-0.208139	-0.218213
31.418816	0.221550	0.224903	-0.208139	-0.214845
31.428190	0.221550	0.224903	-0.208139	-0.218213
31.437563	0.221550	0.224903	-0.208139	-0.221565
31.446938	0.221550	0.224903	-0.211492	-0.221565
31.456312	0.221550	0.224903	-0.211492	-0.221565
31.465685	0.221550	0.224903	-0.211492	-0.224918
31.475060	0.218198	0.224903	-0.208139	-0.228286
31.484434	0.218198	0.228271	-0.204787	-0.228286
31.493807	0.218198	0.228271	-0.208139	-0.221565
31.503181	0.218198	0.228271	-0.211492	-0.218213
31.512556	0.218198	0.231624	-0.214845	-0.218213
31.521929	0.218198	0.231624	-0.214845	-0.218213
31.531303	0.221550	0.231624	-0.211492	-0.218213
31.540678	0.221550	0.231624	-0.208139	-0.214845
31.550051	0.221550	0.231624	-0.208139	-0.211492
31.559425	0.221550	0.231624	-0.211492	-0.211492
31.568798	0.218198	0.231624	-0.214845	-0.214845
31.578173	0.218198	0.231624	-0.218213	-0.221565
31.587547	0.218198	0.228271	-0.214845	-0.218213
31.596920	0.214845	0.228271	-0.214845	-0.214845
31.606295	0.214845	0.228271	-0.211492	-0.214845
31.615669	0.214845	0.228271	-0.211492	-0.214845
31.625042	0.214845	0.228271	-0.211492	-0.214845
31.634417	0.214845	0.224903	-0.214845	-0.211492
31.643791	0.214845	0.224903	-0.214845	-0.218213
31.653164	0.214845	0.224903	-0.214845	-0.221565
31.662539	0.214845	0.224903	-0.214845	-0.221565
31.671913	0.214845	0.228271	-0.221565	-0.214845
31.681286	0.214845	0.228271	-0.221565	-0.214845
31.690660	0.214845	0.228271	-0.218213	-0.214845
31.700033	0.214845	0.228271	-0.211492	-0.218213
31.709408	0.214845	0.228271	-0.211492	-0.221565
31.718782	0.211477	0.228271	-0.214845	-0.228286
31.728155	0.211477	0.228271	-0.214845	-0.231639
31.737530	0.211477	0.228271	-0.214845	-0.228286
31.746904	0.208125	0.228271	-0.214845	-0.221565
31.756277	0.208125	0.228271	-0.214845	-0.218213
31.765652	0.211477	0.228271	-0.218213	-0.214845
31.775026	0.211477	0.228271	-0.214845	-0.211492
31.784399	0.214845	0.224903	-0.218213	-0.214845
31.793774	0.214845	0.224903	-0.218213	-0.214845
31.803148	0.218198	0.228271	-0.221565	-0.214845
31.812521	0.218198	0.228271	-0.218213	-0.214845
31.821896	0.218198	0.228271	-0.214845	-0.218213
31.831268	0.218198	0.228271	-0.211492	-0.218213
31.840643	0.221550	0.228271	-0.211492	-0.218213
31.850018	0.221550	0.228271	-0.214845	-0.214845
31.859390	0.221550	0.228271	-0.218213	-0.214845
31.868765	0.221550	0.228271	-0.214845	-0.218213
31.878139	0.221550	0.228271	-0.208139	-0.221565
31.887512	0.221550	0.228271	-0.211492	-0.218213
31.896887	0.221550	0.228271	-0.214845	-0.221565
31.906261	0.224903	0.224903	-0.218213	-0.221565
31.915634	0.224903	0.224903	-0.218213	-0.218213
31.925009	0.224903	0.224903	-0.221565	-0.218213
31.934383	0.221550	0.224903	-0.224918	-0.221565
31.943756	0.221550	0.221550	-0.221565	-0.224918
31.953131	0.221550	0.221550	-0.218213	-0.221565
31.962503	0.221550	0.221550	-0.211492	-0.221565
31.971878	0.221550	0.221550	-0.211492	-0.221565
31.981253	0.221550	0.221550	-0.214845	-0.224918
31.990625	0.221550	0.221550	-0.218213	-0.224918
