21.940655	-0.016794	-0.033572	0.003353	0.013426
21.979643	-0.016794	-0.033572	0.003353	0.013426
22.018633	-0.016794	-0.036940	0.003353	0.016779
22.057623	-0.016794	-0.036940	0.003353	0.016779
22.096613	-0.016794	-0.036940	0.006706	0.013426
22.135603	-0.016794	-0.033572	0.003353	0.013426
22.174593	-0.016794	-0.033572	0.000000	0.010058
22.213581	-0.016794	-0.033572	-0.003368	0.010058
22.252571	-0.016794	-0.033572	-0.003368	0.010058
22.291561	-0.016794	-0.033572	0.000000	0.006706
22.330551	-0.016794	-0.033572	0.000000	0.006706
22.369541	-0.016794	-0.030220	0.003353	0.003353
22.408531	-0.016794	-0.030220	0.006706	0.003353
22.447521	-0.016794	-0.030220	0.006706	0.003353
22.486509	-0.016794	-0.030220	0.006706	0.003353
22.525499	-0.016794	-0.030220	0.003353	0.003353
22.564489	-0.016794	-0.030220	0.003353	0.006706
22.603479	-0.013441	-0.033572	0.003353	0.006706
22.642469	-0.013441	-0.033572	0.003353	0.006706
22.681459	-0.016794	-0.033572	0.003353	0.006706
22.720448	-0.016794	-0.033572	0.003353	0.003353
22.759438	-0.016794	-0.036940	0.000000	0.003353
22.798428	-0.016794	-0.036940	0.003353	0.003353
22.837418	-0.016794	-0.033572	0.003353	0.006706
22.876408	-0.016794	-0.033572	0.003353	0.006706
22.915398	-0.016794	-0.036940	0.003353	0.006706
22.954386	-0.016794	-0.036940	0.003353	0.003353
22.993376	-0.016794	-0.036940	0.003353	0.000000
23.032366	-0.020146	-0.036940	0.006706	-0.003368
23.071356	-0.020146	-0.036940	0.006706	0.000000
23.110346	-0.020146	-0.036940	0.010058	0.003353
23.149336	-0.020146	-0.036940	0.013426	0.003353
23.188324	-0.020146	-0.040293	0.013426	0.000000
23.227314	-0.020146	-0.040293	0.010058	0.000000
23.266304	-0.020146	-0.040293	0.003353	0.003353
23.305294	-0.020146	-0.040293	0.000000	0.003353
23.344284	-0.020146	-0.040293	0.000000	0.003353
23.383274	-0.020146	-0.040293	0.003353	0.000000
23.422262	-0.020146	-0.043646	0.003353	0.000000
23.461252	-0.020146	-0.043646	0.003353	0.003353
23.500242	-0.020146	-0.043646	0.003353	0.006706
23.539232	-0.023499	-0.046998	0.003353	0.006706
23.578222	-0.023499	-0.046998	0.006706	0.006706
23.617212	-0.023499	-0.050366	0.006706	0.006706
23.656202	-0.023499	-0.050366	0.003353	0.006706
23.695190	-0.023499	-0.053719	0.003353	0.006706
23.734180	-0.023499	-0.053719	0.006706	0.003353
23.773170	-0.023499	-0.053719	0.006706	0.003353
23.812160	-0.023499	-0.053719	0.006706	0.006706
23.851151	-0.023499	-0.057071	0.003353	0.006706
23.890141	-0.023499	-0.057071	0.003353	0.006706
23.929129	-0.023499	-0.060439	0.006706	0.006706
23.968119	-0.023499	-0.060439	0.006706	0.006706
24.007109	-0.023499	-0.063792	0.003353	0.010058
24.046099	-0.026867	-0.067145	0.003353	0.010058
24.085089	-0.026867	-0.067145	0.003353	0.010058
24.124079	-0.026867	-0.070497	0.006706	0.010058
24.163067	-0.030220	-0.073865	0.010058	0.006706
24.202057	-0.030220	-0.077218	0.010058	0.010058
24.241047	-0.030220	-0.080571	0.010058	0.010058
24.280037	-0.033572	-0.087291	0.006706	0.010058
24.319027	-0.033572	-0.090644	0.006706	0.010058
24.358017	-0.036940	-0.097364	0.003353	0.013426
24.397005	-0.036940	-0.100717	0.003353	0.016779
24.435995	-0.036940	-0.110790	0.003353	0.016779
24.474985	-0.036940	-0.117496	0.006706	0.016779
24.513975	-0.036940	-0.124216	0.010058	0.016779
24.552965	-0.036940	-0.134289	0.010058	0.016779
24.591955	-0.040293	-0.147715	0.006706	0.020131
24.630943	-0.040293	-0.161141	0.006706	0.016779
24.669933	-0.040293	-0.181288	0.006706	0.016779
24.708923	-0.040293	-0.201419	0.006706	0.013426
24.747913	-0.043646	-0.228286	0.010058	0.013426
24.786903	-0.043646	-0.261843	0.010058	0.013426
24.825893	-0.043646	-0.302136	0.013426	0.013426
24.864883	-0.046998	-0.349134	0.016779	0.016779
24.903872	-0.046998	-0.409558	0.013426	0.023484
24.942862	-0.050366	-0.486761	0.013426	0.030205
24.981852	-0.053719	-0.580758	0.013426	0.036925
25.020842	-0.053719	-0.701606	0.010058	0.046983
25.059832	-0.053719	-0.852674	0.010058	0.067130
25.098822	-0.057071	-1.040667	0.010058	0.100702
25.137810	-0.057071	-1.265585	0.010058	0.151053
25.176800	-0.060439	-1.520708	0.013426	0.211477
25.215790	-0.063792	-1.795977	0.010058	0.281975
25.254780	-0.067145	-2.051100	0.006706	0.362545
25.293770	-0.070497	-2.229020	0.003353	0.449821
25.332760	-0.077218	-2.252519	0.006706	0.520319
25.371748	-0.080571	-2.034321	0.010058	0.543818
25.410738	-0.083938	-1.517355	0.013426	0.506893
25.449728	-0.087291	-0.704974	0.013426	0.399470
25.488718	-0.093997	0.298768	0.013426	0.245050
25.527708	-0.097364	1.319274	0.013426	0.067130
25.566698	-0.104070	2.188727	0.016779	-0.097364
25.605686	-0.110790	2.759412	0.020131	-0.228286
25.644676	-0.117496	2.913833	0.016779	-0.292063
25.683666	-0.127569	2.611697	0.016779	-0.258490
25.722656	-0.134289	1.980588	0.013426	-0.137642
25.761646	-0.147715	1.322627	0.010058	-0.006720
25.800636	-0.161141	0.862733	0.006706	0.050351
25.839624	-0.177920	0.600889	0.010058	0.060424
25.878614	-0.198066	0.449821	0.010058	0.057057
25.917604	-0.221565	0.352472	0.010058	0.053704
25.956594	-0.251785	0.281975	0.006706	0.050351
25.995584	-0.288710	0.231624	0.000000	0.046983
26.034575	-0.332341	0.194699	-0.006720	0.040278
26.073565	-0.389412	0.164479	-0.010073	0.036925
26.112553	-0.459909	0.140980	-0.013441	0.030205
26.151543	-0.550553	0.120848	-0.020146	0.030205
26.190533	-0.668034	0.107422	-0.033572	0.033557
26.229523	-0.825822	0.093982	-0.050366	0.036925
26.268513	-1.033947	0.080556	-0.077218	0.036925
26.307503	-1.312569	0.070482	-0.114143	0.033557
26.346491	-1.665056	0.060424	-0.171214	0.030205
26.385481	-2.064526	0.053704	-0.248417	0.030205
26.424471	-2.427086	0.050351	-0.328988	0.030205
26.463461	-2.615079	0.043631	-0.372633	0.030205
26.502451	-2.521083	0.040278	-0.342414	0.030205
26.541441	-2.104819	0.033557	-0.238344	0.030205
26.580429	-1.386434	0.030205	-0.063792	0.030205
26.619419	-0.392765	0.026852	0.181273	0.026852
26.658409	0.768736	0.026852	0.483394	0.026852
26.697399	1.809388	0.023484	0.728458	0.026852
26.736389	2.433777	0.023484	0.819087	0.026852
26.775379	2.588198	0.020131	0.765383	0.023484
26.814367	2.396852	0.020131	0.634462	0.023484
26.853357	2.034307	0.016779	0.483394	0.020131
26.892347	1.628116	0.016779	0.349119	0.016779
26.931337	1.265571	0.013426	0.248402	0.020131
26.970327	0.966802	0.010058	0.177905	0.020131
27.009317	0.735164	0.010058	0.134274	0.020131
27.048306	0.563964	0.006706	0.100702	0.020131
27.087296	0.436395	0.003353	0.080556	0.020131
27.126286	0.342399	0.003353	0.063777	0.020131
27.165276	0.275269	0.003353	0.053704	0.020131
27.204266	0.224903	0.003353	0.050351	0.016779
27.243256	0.187978	0.003353	0.046983	0.013426
27.282246	0.157773	0.000000	0.043631	0.013426
27.321234	0.134274	0.000000	0.043631	0.013426
27.360224	0.114128	0.000000	0.040278	0.013426
27.399214	0.100702	0.000000	0.040278	0.013426
27.438204	0.087276	0.000000	0.033557	0.013426
27.477194	0.077203	0.000000	0.030205	0.016779
27.516184	0.067130	0.000000	0.030205	0.013426
27.555172	0.060424	0.000000	0.030205	0.013426
27.594162	0.053704	0.000000	0.030205	0.010058
27.633152	0.046983	0.000000	0.030205	0.010058
27.672142	0.043631	0.000000	0.030205	0.013426
27.711132	0.040278	0.000000	0.030205	0.010058
27.750122	0.036925	-0.003368	0.030205	0.006706
27.789110	0.033557	-0.003368	0.026852	0.003353
27.828100	0.030205	-0.003368	0.023484	0.003353
27.867090	0.026852	-0.003368	0.023484	0.003353
27.906080	0.023484	-0.003368	0.023484	0.000000
27.945070	0.023484	-0.003368	0.020131	0.003353
27.984060	0.020131	-0.003368	0.020131	0.006706
28.023048	0.016779	-0.003368	0.016779	0.006706
28.062038	0.013426	-0.003368	0.016779	0.006706
28.101028	0.013426	-0.006720	0.016779	0.006706
28.140018	0.013426	-0.006720	0.016779	0.006706
28.179008	0.010058	-0.003368	0.016779	0.010058
28.217999	0.010058	-0.003368	0.013426	0.010058
28.256987	0.010058	-0.003368	0.016779	0.010058
28.295977	0.010058	-0.006720	0.016779	0.010058
28.334967	0.010058	-0.006720	0.016779	0.010058
28.373957	0.006706	-0.006720	0.016779	0.010058
28.412947	0.006706	-0.006720	0.013426	0.006706
28.451937	0.006706	-0.006720	0.016779	0.003353
28.490927	0.003353	-0.006720	0.016779	0.003353
28.529915	0.003353	-0.010073	0.013426	0.003353
28.568905	0.003353	-0.010073	0.013426	0.006706
28.607895	0.003353	-0.010073	0.016779	0.003353
28.646885	0.000000	-0.010073	0.016779	0.003353
28.685875	0.000000	-0.010073	0.016779	0.006706
28.724865	0.000000	-0.010073	0.016779	0.010058
28.763853	0.000000	-0.010073	0.016779	0.013426
28.802843	0.000000	-0.010073	0.016779	0.013426
28.841833	-0.003368	-0.010073	0.020131	0.013426
28.880823	-0.003368	-0.010073	0.016779	0.013426
28.919813	-0.003368	-0.010073	0.013426	0.016779
28.958803	-0.003368	-0.010073	0.016779	0.016779
28.997791	0.000000	-0.010073	0.016779	0.013426
29.036781	0.000000	-0.010073	0.016779	0.010058
29.075771	0.000000	-0.010073	0.016779	0.010058
29.114761	0.000000	-0.010073	0.016779	0.010058
29.153751	-0.003368	-0.010073	0.013426	0.010058
29.192741	-0.003368	-0.010073	0.013426	0.010058
29.231730	-0.003368	-0.010073	0.013426	0.010058
29.270720	-0.006720	-0.010073	0.013426	0.010058
29.309710	-0.006720	-0.013441	0.013426	0.010058
29.348700	-0.003368	-0.013441	0.016779	0.010058
29.387690	-0.003368	-0.013441	0.013426	0.010058
29.426680	-0.003368	-0.013441	0.010058	0.010058
29.465668	-0.003368	-0.010073	0.006706	0.013426
29.504658	-0.003368	-0.010073	0.006706	0.013426
29.543648	-0.003368	-0.010073	0.010058	0.010058
29.582638	-0.003368	-0.010073	0.010058	0.010058
29.621628	-0.003368	-0.010073	0.006706	0.013426
29.660618	-0.003368	-0.010073	0.006706	0.016779
29.699608	-0.006720	-0.010073	0.010058	0.016779
29.738596	-0.006720	-0.010073	0.010058	0.013426
29.777586	-0.006720	-0.010073	0.006706	0.013426
29.816576	-0.006720	-0.010073	0.003353	0.016779
29.855566	-0.006720	-0.013441	0.003353	0.016779
29.894556	-0.006720	-0.013441	0.006706	0.013426
29.933546	-0.006720	-0.010073	0.006706	0.013426
29.972534	-0.006720	-0.010073	0.006706	0.016779
30.011524	-0.006720	-0.010073	0.006706	0.020131
30.050514	-0.010073	-0.010073	0.010058	0.020131
30.089504	-0.010073	-0.010073	0.010058	0.020131
30.128494	-0.010073	-0.010073	0.010058	0.020131
30.167484	-0.010073	-0.010073	0.006706	0.020131
30.206472	-0.010073	-0.010073	0.003353	0.023484
30.245462	-0.010073	-0.010073	0.003353	0.020131
30.284452	-0.010073	-0.010073	0.003353	0.016779
30.323442	-0.010073	-0.010073	0.003353	0.016779
30.362432	-0.010073	-0.010073	0.006706	0.020131
30.401423	-0.010073	-0.010073	0.006706	0.020131
30.440411	-0.010073	-0.013441	0.010058	0.016779
30.479401	-0.010073	-0.013441	0.013426	0.016779
30.518391	-0.013441	-0.013441	0.010058	0.016779
30.557381	-0.013441	-0.013441	0.006706	0.020131
30.596371	-0.013441	-0.013441	0.006706	0.016779
30.635361	-0.013441	-0.013441	0.006706	0.013426
30.674349	-0.013441	-0.013441	0.006706	0.013426
30.713339	-0.010073	-0.013441	0.006706	0.016779
30.752329	-0.010073	-0.013441	0.006706	0.016779
30.791319	-0.010073	-0.013441	0.006706	0.016779
30.830309	-0.010073	-0.013441	0.010058	0.013426
30.869299	-0.010073	-0.013441	0.006706	0.010058
30.908289	-0.010073	-0.013441	0.006706	0.010058
30.947277	-0.010073	-0.013441	0.006706	0.013426
30.986267	-0.010073	-0.013441	0.010058	0.013426
31.025257	-0.010073	-0.013441	0.010058	0.013426
31.064247	-0.010073	-0.013441	0.013426	0.013426
31.103237	-0.010073	-0.013441	0.013426	0.013426
31.142227	-0.013441	-0.016794	0.013426	0.013426
31.181215	-0.013441	-0.016794	0.010058	0.013426
31.220205	-0.010073	-0.016794	0.010058	0.013426
31.259195	-0.010073	-0.016794	0.010058	0.013426
31.298185	-0.010073	-0.016794	0.010058	0.016779
31.337175	-0.010073	-0.016794	0.013426	0.013426
31.376165	-0.010073	-0.013441	0.013426	0.013426
31.415154	-0.010073	-0.013441	0.013426	0.013426
31.454144	-0.010073	-0.013441	0.013426	0.016779
31.493134	-0.010073	-0.013441	0.013426	0.016779
31.532124	-0.013441	-0.013441	0.016779	0.010058
31.571114	-0.013441	-0.013441	0.016779	0.006706
31.610104	-0.013441	-0.013441	0.013426	0.006706
31.649092	-0.013441	-0.013441	0.010058	0.010058
31.688082	-0.010073	-0.013441	0.010058	0.010058
31.727072	-0.010073	-0.013441	0.010058	0.010058
31.766062	-0.010073	-0.013441	0.010058	0.013426
31.805052	-0.010073	-0.013441	0.010058	0.013426
31.844042	-0.010073	-0.013441	0.013426	0.016779
31.883030	-0.010073	-0.013441	0.013426	0.013426
31.922020	-0.010073	-0.013441	0.013426	0.013426
31.961010	-0.010073	-0.013441	0.013426	0.013426
