20.958424	-0.020146	-0.040293	0.010014	0.000000
20.989719	-0.010073	-0.040293	0.010014	0.000000
21.021015	-0.020146	-0.030220	0.020087	0.000000
21.052311	-0.010073	-0.030220	0.020087	0.010014
21.083607	-0.010073	-0.040293	0.010014	0.010014
21.114902	-0.010073	-0.040293	0.020087	0.010014
21.146198	-0.020146	-0.040293	0.020087	0.010014
21.177494	-0.020146	-0.040293	0.020087	0.010014
21.208790	-0.010073	-0.030220	0.020087	0.010014
21.240086	-0.020146	-0.030220	0.010014	0.010014
21.271381	-0.020146	-0.030220	0.010014	0.010014
21.302677	-0.020146	-0.030220	0.010014	0.020087
21.333973	-0.030220	-0.030220	0.020087	0.020087
21.365271	-0.030220	-0.030220	0.030160	0.030160
21.396566	-0.020146	-0.040293	0.030160	0.030160
21.427862	-0.020146	-0.040293	0.040233	0.040233
21.459158	-0.020146	-0.040293	0.040233	0.040233
21.490454	-0.020146	-0.030220	0.040233	0.040233
21.521749	-0.020146	-0.030220	0.040233	0.040233
21.553045	-0.020146	-0.030220	0.030160	0.040233
21.584341	-0.020146	-0.040293	0.030160	0.040233
21.615637	-0.030220	-0.040293	0.030160	0.050306
21.646933	-0.030220	-0.040293	0.030160	0.060380
21.678228	-0.030220	-0.040293	0.040233	0.060380
21.709524	-0.030220	-0.040293	0.040233	0.060380
21.740820	-0.040293	-0.030220	0.040233	0.060380
21.772116	-0.040293	-0.030220	0.040233	0.060380
21.803411	-0.030220	-0.020146	0.040233	0.060380
21.834707	-0.030220	-0.010073	0.040233	0.070453
21.866005	-0.030220	-0.010073	0.040233	0.070453
21.897301	-0.030220	-0.010073	0.030160	0.080526
21.928596	-0.020146	-0.010073	0.040233	0.080526
21.959892	-0.020146	-0.010073	0.040233	0.090599
21.991188	-0.020146	-0.010073	0.040233	0.090599
22.022484	-0.020146	-0.010073	0.050306	0.100672
22.053780	-0.030220	-0.010073	0.050306	0.100672
22.085075	-0.030220	-0.010073	0.060380	0.110745
22.116371	-0.030220	-0.010073	0.060380	0.110745
22.147667	-0.020146	-0.010073	0.060380	0.110745
22.178963	-0.020146	-0.010073	0.070453	0.120819
22.210258	-0.020146	-0.010073	0.070453	0.130892
22.241554	-0.020146	-0.020146	0.080526	0.130892
22.272850	-0.030220	-0.010073	0.070453	0.140965
22.304146	-0.030220	-0.010073	0.070453	0.151038
22.335442	-0.030220	0.000000	0.080526	0.161111
22.366739	-0.040293	0.000000	0.080526	0.171185
22.398035	-0.030220	0.000000	0.090599	0.171185
22.429331	-0.030220	0.000000	0.100672	0.171185
22.460627	-0.020146	0.000000	0.110745	0.181258
22.491922	-0.030220	0.000000	0.110745	0.191331
22.523218	-0.030220	0.010014	0.110745	0.201404
22.554514	-0.030220	0.010014	0.110745	0.201404
22.585810	-0.030220	0.010014	0.110745	0.221550
22.617105	-0.030220	0.010014	0.120819	0.231624
22.648401	-0.030220	0.010014	0.120819	0.241697
22.679697	-0.030220	0.010014	0.120819	0.251770
22.710993	-0.030220	0.010014	0.120819	0.261784
22.742289	-0.020146	0.010014	0.120819	0.271857
22.773584	-0.020146	0.010014	0.120819	0.281930
22.804880	-0.030220	0.010014	0.130892	0.292003
22.836176	-0.030220	0.010014	0.130892	0.292003
22.867474	-0.030220	0.010014	0.130892	0.312150
22.898769	-0.030220	0.000000	0.130892	0.332296
22.930065	-0.030220	0.000000	0.140965	0.342369
22.961361	-0.020146	0.010014	0.151038	0.362515
22.992657	-0.010073	0.010014	0.151038	0.362515
23.023952	-0.010073	0.010014	0.171185	0.372589
23.055248	-0.020146	0.010014	0.171185	0.382662
23.086544	-0.020146	0.010014	0.181258	0.392735
23.117840	-0.020146	0.010014	0.181258	0.412881
23.149136	-0.020146	0.000000	0.191331	0.443101
23.180431	-0.010073	0.000000	0.201404	0.463247
23.211727	-0.010073	0.010014	0.211477	0.483394
23.243023	0.000000	0.010014	0.221550	0.493467
23.274319	0.000000	0.010014	0.221550	0.513613
23.305614	0.010014	0.010014	0.231624	0.533700
23.336912	0.000000	0.010014	0.231624	0.563920
23.368208	0.000000	0.020087	0.241697	0.584066
23.399504	0.000000	0.030160	0.241697	0.614285
23.430799	0.000000	0.030160	0.241697	0.644505
23.462095	0.000000	0.020087	0.251770	0.674725
23.493391	0.000000	0.020087	0.251770	0.715017
23.524687	0.010014	0.020087	0.261784	0.745237
23.555983	0.010014	0.020087	0.271857	0.785470
23.587278	0.010014	0.010014	0.281930	0.835836
23.618574	0.000000	0.010014	0.292003	0.886202
23.649870	0.000000	0.010014	0.312150	0.936568
23.681166	-0.010073	0.010014	0.322223	0.986934
23.712461	-0.010073	0.010014	0.342369	1.047313
23.743757	-0.010073	0.000000	0.352442	1.117826
23.775053	-0.010073	-0.010073	0.362515	1.198411
23.806349	0.000000	-0.020146	0.372589	1.289070
23.837646	0.000000	-0.040293	0.382662	1.399815
23.868942	0.000000	-0.060439	0.392735	1.510620
23.900238	0.000000	-0.080585	0.402808	1.641512
23.931534	0.000000	-0.110805	0.412881	1.802683
23.962830	0.000000	-0.151098	0.422955	1.983941
23.994125	0.000000	-0.191391	0.443101	2.205491
24.025421	0.010014	-0.241756	0.463247	2.467334
24.056717	0.010014	-0.292063	0.493467	2.789617
24.088013	0.010014	-0.342429	0.513613	3.192425
24.119308	0.010014	-0.392795	0.533700	3.695965
24.150604	0.000000	-0.443161	0.553846	4.300237
24.181900	0.000000	-0.493526	0.584066	5.035400
24.213196	0.000000	-0.513673	0.604212	5.901515
24.244492	0.000000	-0.503600	0.624359	6.918669
24.275787	0.000000	-0.423014	0.644505	8.056641
24.307083	0.000000	-0.261843	0.674725	9.265184
24.338381	0.010014	-0.010073	0.704944	10.463595
24.369677	0.010014	0.362515	0.735164	11.521042
24.400972	0.010014	0.795543	0.775397	12.306571
24.432268	0.010014	1.268923	0.825763	12.689233
24.463564	0.010014	1.722097	0.866055	12.628853
24.494860	0.020087	2.114832	0.906348	12.215912
24.526155	0.010014	2.447188	0.956714	11.561335
24.557451	0.010014	2.729177	1.007080	10.745584
24.588747	0.000000	2.970874	1.067460	9.758652
24.620043	-0.010073	3.192425	1.127899	8.560181
24.651339	-0.020146	3.393829	1.198411	7.150292
24.682634	-0.040293	3.575146	1.278996	5.549014
24.713930	-0.060439	3.716111	1.359522	3.816843
24.745226	-0.090659	3.786623	1.460254	2.084613
24.776522	-0.120878	3.746331	1.571000	0.563920
24.807819	-0.151098	3.575146	1.701951	-0.563979
24.839115	-0.191391	3.273010	1.863062	-1.188397
24.870411	-0.231683	2.900362	2.044380	-1.339436
24.901707	-0.281990	2.497554	2.265930	-1.198471
24.933002	-0.342429	2.024233	2.527773	-0.866115
24.964298	-0.453234	1.712024	2.940655	-0.594199
24.995594	-0.574052	1.450181	3.363609	-0.352502
25.026890	-0.725150	1.228631	3.887296	-0.161171
25.058186	-0.916481	1.057386	4.562080	-0.020146
25.089481	-1.148105	0.916421	5.397975	0.090599
25.120777	-1.409948	0.795543	6.425202	0.171185
25.152073	-1.691937	0.684798	7.643759	0.231624
25.183369	-1.943707	0.594139	9.003342	0.271857
25.214664	-2.064526	0.523627	10.312557	0.312150
25.245960	-1.994073	0.473320	11.390090	0.342369
25.277256	-1.752377	0.433028	12.165546	0.372589
25.308554	-1.379728	0.392735	12.598634	0.392735
25.339849	-0.966847	0.362515	12.719452	0.402808
25.371145	-0.533760	0.342369	12.568415	0.412881
25.402441	-0.120878	0.322223	12.165546	0.412881
25.433737	0.281930	0.312150	11.531115	0.412881
25.465033	0.735164	0.292003	10.644854	0.402808
25.496328	1.289070	0.271857	9.476662	0.392735
25.527624	1.973867	0.251770	8.006275	0.372589
25.558920	2.769470	0.241697	6.304324	0.362515
25.590216	3.514707	0.221550	4.541934	0.352442
25.621511	4.038393	0.211477	2.930582	0.342369
25.652807	4.259944	0.201404	1.621366	0.342369
25.684103	4.199505	0.201404	0.674725	0.332296
25.715399	3.927588	0.191331	0.080526	0.322223
25.746695	3.514707	0.181258	-0.241756	0.312150
25.777990	3.061533	0.171185	-0.352502	0.312150
25.809288	2.618372	0.161111	-0.342429	0.302076
25.840584	2.215564	0.161111	-0.261843	0.292003
25.871880	1.863062	0.151038	-0.151098	0.292003
25.903175	1.571000	0.151038	-0.040293	0.281930
25.934471	1.329303	0.140965	0.060380	0.281930
25.965767	1.127899	0.130892	0.140965	0.271857
25.997063	0.956714	0.130892	0.211477	0.261784
26.028358	0.825763	0.120819	0.261784	0.251770
26.059654	0.704944	0.120819	0.302076	0.241697
26.090950	0.604212	0.120819	0.332296	0.231624
26.122246	0.533700	0.120819	0.362515	0.231624
26.153542	0.483394	0.120819	0.392735	0.221550
26.184837	0.433028	0.120819	0.412881	0.221550
26.216133	0.392735	0.110745	0.422955	0.211477
26.247429	0.362515	0.110745	0.422955	0.211477
26.278725	0.342369	0.110745	0.422955	0.211477
26.310022	0.312150	0.100672	0.412881	0.211477
26.341318	0.292003	0.100672	0.412881	0.201404
26.372614	0.271857	0.090599	0.402808	0.191331
26.403910	0.261784	0.080526	0.402808	0.181258
26.435205	0.241697	0.070453	0.392735	0.171185
26.466501	0.231624	0.070453	0.382662	0.171185
26.497797	0.221550	0.060380	0.372589	0.161111
26.529093	0.201404	0.060380	0.362515	0.161111
26.560389	0.191331	0.060380	0.352442	0.151038
26.591684	0.181258	0.050306	0.342369	0.151038
26.622980	0.171185	0.050306	0.322223	0.151038
26.654276	0.161111	0.050306	0.312150	0.151038
26.685572	0.151038	0.060380	0.302076	0.151038
26.716867	0.151038	0.060380	0.292003	0.151038
26.748163	0.140965	0.060380	0.292003	0.140965
26.779461	0.140965	0.050306	0.281930	0.130892
26.810757	0.140965	0.050306	0.271857	0.130892
26.842052	0.130892	0.050306	0.261784	0.130892
26.873348	0.130892	0.050306	0.251770	0.130892
26.904644	0.120819	0.050306	0.251770	0.130892
26.935940	0.110745	0.050306	0.241697	0.120819
26.967236	0.100672	0.050306	0.241697	0.120819
26.998531	0.100672	0.050306	0.241697	0.110745
27.029827	0.100672	0.040233	0.231624	0.100672
27.061123	0.100672	0.040233	0.231624	0.100672
27.092419	0.100672	0.040233	0.221550	0.090599
27.123714	0.090599	0.040233	0.211477	0.100672
27.155010	0.080526	0.050306	0.211477	0.100672
27.186306	0.080526	0.050306	0.201404	0.100672
27.217602	0.080526	0.050306	0.191331	0.100672
27.248898	0.080526	0.050306	0.181258	0.100672
27.280195	0.080526	0.060380	0.171185	0.100672
27.311491	0.070453	0.050306	0.171185	0.100672
27.342787	0.070453	0.050306	0.161111	0.100672
27.374083	0.060380	0.040233	0.161111	0.100672
27.405378	0.050306	0.040233	0.161111	0.100672
27.436674	0.050306	0.040233	0.161111	0.100672
27.467970	0.050306	0.030160	0.151038	0.100672
27.499266	0.050306	0.030160	0.151038	0.090599
27.530561	0.050306	0.030160	0.140965	0.080526
27.561857	0.050306	0.030160	0.140965	0.080526
27.593153	0.050306	0.040233	0.130892	0.080526
27.624449	0.050306	0.040233	0.120819	0.080526
27.655745	0.050306	0.050306	0.110745	0.080526
27.687040	0.050306	0.050306	0.110745	0.080526
27.718336	0.050306	0.050306	0.110745	0.080526
27.749632	0.050306	0.050306	0.110745	0.080526
27.780930	0.050306	0.040233	0.120819	0.080526
27.812225	0.050306	0.040233	0.120819	0.080526
27.843521	0.050306	0.050306	0.110745	0.090599
27.874817	0.040233	0.040233	0.100672	0.090599
27.906113	0.040233	0.040233	0.100672	0.080526
27.937408	0.040233	0.040233	0.090599	0.080526
27.968704	0.040233	0.040233	0.090599	0.090599
