20.958424	-0.010073	-0.090659	-0.010073	0.040233
20.989719	-0.010073	-0.090659	-0.010073	0.040233
21.021015	-0.010073	-0.090659	-0.010073	0.050306
21.052311	-0.020146	-0.110805	0.000000	0.050306
21.083607	-0.020146	-0.120878	0.000000	0.040233
21.114902	-0.020146	-0.130951	0.000000	0.050306
21.146198	-0.020146	-0.141025	0.000000	0.050306
21.177494	-0.020146	-0.141025	0.010014	0.060380
21.208790	-0.010073	-0.141025	0.020087	0.070453
21.240086	-0.020146	-0.141025	0.020087	0.080526
21.271381	-0.020146	-0.141025	0.010014	0.080526
21.302677	-0.030220	-0.151098	0.010014	0.080526
21.333973	-0.040293	-0.161171	0.010014	0.080526
21.365271	-0.040293	-0.171244	0.000000	0.090599
21.396566	-0.050366	-0.171244	0.000000	0.100672
21.427862	-0.040293	-0.181317	0.010014	0.120819
21.459158	-0.040293	-0.181317	0.010014	0.130892
21.490454	-0.040293	-0.181317	0.020087	0.130892
21.521749	-0.050366	-0.191391	0.020087	0.140965
21.553045	-0.050366	-0.201464	0.030160	0.151038
21.584341	-0.050366	-0.211537	0.040233	0.151038
21.615637	-0.040293	-0.221610	0.040233	0.161111
21.646933	-0.050366	-0.231683	0.050306	0.171185
21.678228	-0.060439	-0.241756	0.040233	0.171185
21.709524	-0.060439	-0.241756	0.050306	0.181258
21.740820	-0.070512	-0.241756	0.050306	0.191331
21.772116	-0.080585	-0.241756	0.060380	0.201404
21.803411	-0.080585	-0.251830	0.060380	0.211477
21.834707	-0.080585	-0.261843	0.070453	0.221550
21.866005	-0.080585	-0.281990	0.070453	0.231624
21.897301	-0.080585	-0.292063	0.070453	0.251770
21.928596	-0.070512	-0.302136	0.070453	0.261784
21.959892	-0.050366	-0.302136	0.070453	0.271857
21.991188	-0.050366	-0.312209	0.060380	0.292003
22.022484	-0.060439	-0.322282	0.060380	0.302076
22.053780	-0.070512	-0.342429	0.060380	0.312150
22.085075	-0.080585	-0.362575	0.070453	0.322223
22.116371	-0.100732	-0.382721	0.080526	0.332296
22.147667	-0.110805	-0.402868	0.090599	0.342369
22.178963	-0.110805	-0.412941	0.110745	0.362515
22.210258	-0.120878	-0.423014	0.120819	0.382662
22.241554	-0.120878	-0.433087	0.130892	0.402808
22.272850	-0.130951	-0.443161	0.140965	0.412881
22.304146	-0.130951	-0.453234	0.151038	0.433028
22.335442	-0.130951	-0.463307	0.151038	0.453174
22.366739	-0.141025	-0.483453	0.161111	0.473320
22.398035	-0.141025	-0.503600	0.171185	0.493467
22.429331	-0.161171	-0.523686	0.171185	0.513613
22.460627	-0.171244	-0.543833	0.171185	0.543773
22.491922	-0.181317	-0.563979	0.181258	0.563920
22.523218	-0.191391	-0.584126	0.191331	0.594139
22.554514	-0.201464	-0.604272	0.201404	0.614285
22.585810	-0.211537	-0.624418	0.211477	0.644505
22.617105	-0.211537	-0.644565	0.221550	0.664651
22.648401	-0.221610	-0.664711	0.231624	0.694871
22.679697	-0.231683	-0.694931	0.231624	0.725091
22.710993	-0.241756	-0.725150	0.241697	0.765383
22.742289	-0.251830	-0.755370	0.251770	0.805616
22.773584	-0.261843	-0.785530	0.261784	0.855982
22.804880	-0.261843	-0.815749	0.271857	0.886202
22.836176	-0.271916	-0.856042	0.281930	0.926495
22.867474	-0.281990	-0.896335	0.302076	0.976861
22.898769	-0.302136	-0.946701	0.312150	1.017153
22.930065	-0.302136	-0.997066	0.322223	1.067460
22.961361	-0.312209	-1.037300	0.332296	1.127899
22.992657	-0.332355	-1.087666	0.342369	1.188338
23.023952	-0.342429	-1.127958	0.352442	1.258850
23.055248	-0.342429	-1.188397	0.362515	1.339376
23.086544	-0.352502	-1.248837	0.372589	1.430035
23.117840	-0.362575	-1.319289	0.392735	1.520693
23.149136	-0.372648	-1.399875	0.402808	1.631439
23.180431	-0.382721	-1.490533	0.422955	1.742244
23.211727	-0.392795	-1.601279	0.433028	1.873136
23.243023	-0.412941	-1.722157	0.453174	2.024233
23.274319	-0.433087	-1.853049	0.473320	2.205491
23.305614	-0.443161	-2.004147	0.483394	2.416968
23.336912	-0.453234	-2.165258	0.503540	2.648592
23.368208	-0.463307	-2.356589	0.523627	2.920508
23.399504	-0.483453	-2.578139	0.543773	3.242791
23.430799	-0.503600	-2.829969	0.553846	3.625453
23.462095	-0.533760	-3.132045	0.573993	4.088759
23.493391	-0.553906	-3.484547	0.604212	4.662752
23.524687	-0.574052	-3.907502	0.634432	5.377829
23.555983	-0.594199	-4.411042	0.654578	6.264031
23.587278	-0.604272	-4.995167	0.684798	7.371843
23.618574	-0.624418	-5.679965	0.715017	8.731424
23.649870	-0.654638	-6.455421	0.745237	10.362864
23.681166	-0.684857	-7.321537	0.775397	12.286425
23.712461	-0.725150	-8.238018	0.815690	14.451623
23.743757	-0.755370	-9.164513	0.855982	16.777992
23.775053	-0.795603	-10.030627	0.886202	19.074202
23.806349	-0.825822	-10.785937	0.926495	21.058142
23.837646	-0.845969	-11.349857	0.976861	22.468031
23.868942	-0.886261	-11.722506	1.017153	23.021936
23.900238	-0.916481	-11.913836	1.077533	22.649347
23.931534	-0.966847	-11.984348	1.127899	21.521389
23.962830	-1.017213	-12.014568	1.188338	19.920111
23.994125	-1.077592	-12.014568	1.248777	18.026829
24.025421	-1.127958	-11.944056	1.309156	15.881718
24.056717	-1.188397	-11.732578	1.379669	13.484836
24.088013	-1.238763	-11.309624	1.470327	10.836184
24.119308	-1.319289	-10.604620	1.581073	7.895529
24.150604	-1.399875	-9.567320	1.691878	4.723191
24.181900	-1.490533	-8.227944	1.792610	1.480401
24.213196	-1.611352	-6.646812	1.913428	-1.641572
24.244492	-1.732230	-4.975021	2.044380	-4.270077
24.275787	-1.863122	-3.424108	2.195418	-6.072760
24.307083	-2.024293	-2.165258	2.376676	-6.848216
24.338381	-2.195477	-1.299143	2.598226	-6.677032
24.369677	-2.376735	-0.825822	2.839923	-5.881429
24.400972	-2.588212	-0.634491	3.131986	-4.823983
24.432268	-2.850056	-0.614345	3.474414	-3.776610
24.463564	-3.162265	-0.664711	3.887296	-2.890348
24.494860	-3.544986	-0.725150	4.380822	-2.195477
24.526155	-4.018307	-0.785530	4.995108	-1.671791
24.557451	-4.602432	-0.825822	5.760491	-1.268983
24.588747	-5.337596	-0.856042	6.737351	-0.956774
24.620043	-6.274164	-0.876188	7.966042	-0.725150
24.651339	-7.432342	-0.876188	9.496808	-0.543833
24.682634	-8.872450	-0.876188	11.380016	-0.392795
24.713930	-10.574400	-0.856042	13.545275	-0.271916
24.745226	-12.356997	-0.845969	15.801132	-0.171244
24.776522	-13.948143	-0.835896	17.855585	-0.100732
24.807819	-15.126467	-0.815749	19.416571	-0.050366
24.839115	-15.861630	-0.795603	20.333052	0.000000
24.870411	-16.224205	-0.765443	20.564674	0.030160
24.901707	-16.324879	-0.735223	20.171881	0.060380
24.933002	-16.274511	-0.705004	19.255459	0.080526
24.964298	-16.113400	-0.674784	17.905951	0.100672
24.995594	-15.871704	-0.654638	16.203999	0.110745
25.026890	-15.468836	-0.624418	14.139473	0.120819
25.058186	-14.784039	-0.614345	11.722445	0.130892
25.089481	-13.646067	-0.604272	8.952975	0.130892
25.120777	-11.923909	-0.584126	5.881369	0.130892
25.152073	-9.637833	-0.574052	2.698958	0.140965
25.183369	-7.059693	-0.543833	-0.241756	0.140965
25.214664	-4.582286	-0.533760	-2.648652	0.151038
25.245960	-2.517760	-0.513673	-4.310369	0.151038
25.277256	-1.047373	-0.503600	-5.176425	0.151038
25.308554	-0.191391	-0.493526	-5.367815	0.151038
25.339849	0.201404	-0.483453	-5.075753	0.140965
25.371145	0.281930	-0.473380	-4.511774	0.140965
25.402441	0.181258	-0.463307	-3.826976	0.140965
25.433737	0.020087	-0.443161	-3.142118	0.140965
25.465033	-0.161171	-0.423014	-2.517760	0.140965
25.496328	-0.332355	-0.412941	-1.984000	0.130892
25.527624	-0.473380	-0.412941	-1.540899	0.130892
25.558920	-0.584126	-0.402868	-1.188397	0.120819
25.590216	-0.654638	-0.392795	-0.896335	0.110745
25.621511	-0.705004	-0.392795	-0.664711	0.110745
25.652807	-0.745296	-0.372648	-0.473380	0.100672
25.684103	-0.765443	-0.362575	-0.332355	0.100672
25.715399	-0.785530	-0.352502	-0.191391	0.100672
25.746695	-0.785530	-0.342429	-0.110805	0.090599
25.777990	-0.785530	-0.342429	-0.050366	0.090599
25.809288	-0.775456	-0.332355	0.000000	0.080526
25.840584	-0.755370	-0.322282	0.040233	0.080526
25.871880	-0.735223	-0.312209	0.080526	0.080526
25.903175	-0.715077	-0.302136	0.110745	0.080526
25.934471	-0.694931	-0.292063	0.120819	0.080526
25.965767	-0.674784	-0.281990	0.130892	0.070453
25.997063	-0.654638	-0.271916	0.140965	0.060380
26.028358	-0.634491	-0.261843	0.151038	0.060380
26.059654	-0.604272	-0.261843	0.161111	0.060380
26.090950	-0.584126	-0.261843	0.161111	0.050306
26.122246	-0.563979	-0.251830	0.161111	0.050306
26.153542	-0.553906	-0.241756	0.161111	0.040233
26.184837	-0.543833	-0.241756	0.161111	0.030160
26.216133	-0.533760	-0.221610	0.161111	0.030160
26.247429	-0.523686	-0.201464	0.161111	0.020087
26.278725	-0.503600	-0.201464	0.161111	0.020087
26.310022	-0.493526	-0.191391	0.171185	0.010014
26.341318	-0.483453	-0.191391	0.171185	0.010014
26.372614	-0.463307	-0.191391	0.161111	0.010014
26.403910	-0.443161	-0.181317	0.171185	0.010014
26.435205	-0.423014	-0.171244	0.161111	0.010014
26.466501	-0.412941	-0.161171	0.161111	0.010014
26.497797	-0.402868	-0.161171	0.151038	0.000000
26.529093	-0.392795	-0.161171	0.151038	0.000000
26.560389	-0.382721	-0.161171	0.151038	-0.010073
26.591684	-0.372648	-0.161171	0.140965	-0.010073
26.622980	-0.362575	-0.161171	0.140965	-0.010073
26.654276	-0.352502	-0.161171	0.130892	0.000000
26.685572	-0.342429	-0.151098	0.130892	0.000000
26.716867	-0.332355	-0.151098	0.120819	0.000000
26.748163	-0.332355	-0.151098	0.100672	0.000000
26.779461	-0.322282	-0.141025	0.090599	-0.010073
26.810757	-0.312209	-0.130951	0.080526	-0.020146
26.842052	-0.292063	-0.130951	0.080526	-0.030220
26.873348	-0.281990	-0.130951	0.080526	-0.040293
26.904644	-0.281990	-0.120878	0.070453	-0.040293
26.935940	-0.271916	-0.130951	0.070453	-0.040293
26.967236	-0.261843	-0.120878	0.070453	-0.040293
26.998531	-0.251830	-0.120878	0.070453	-0.040293
27.029827	-0.251830	-0.110805	0.060380	-0.030220
27.061123	-0.241756	-0.100732	0.060380	-0.030220
27.092419	-0.241756	-0.100732	0.050306	-0.030220
27.123714	-0.241756	-0.100732	0.040233	-0.040293
27.155010	-0.231683	-0.100732	0.030160	-0.050366
27.186306	-0.231683	-0.100732	0.020087	-0.050366
27.217602	-0.211537	-0.090659	0.020087	-0.060439
27.248898	-0.201464	-0.090659	0.020087	-0.060439
27.280195	-0.191391	-0.090659	0.010014	-0.060439
27.311491	-0.191391	-0.090659	0.010014	-0.060439
27.342787	-0.191391	-0.100732	0.010014	-0.060439
27.374083	-0.181317	-0.100732	0.000000	-0.070512
27.405378	-0.171244	-0.110805	0.000000	-0.070512
27.436674	-0.161171	-0.110805	0.000000	-0.070512
27.467970	-0.161171	-0.100732	0.000000	-0.070512
27.499266	-0.151098	-0.090659	-0.010073	-0.070512
27.530561	-0.141025	-0.080585	-0.020146	-0.070512
27.561857	-0.141025	-0.090659	-0.030220	-0.070512
27.593153	-0.141025	-0.090659	-0.040293	-0.070512
27.624449	-0.141025	-0.090659	-0.040293	-0.070512
27.655745	-0.130951	-0.090659	-0.040293	-0.070512
27.687040	-0.120878	-0.090659	-0.040293	-0.060439
27.718336	-0.110805	-0.090659	-0.040293	-0.060439
27.749632	-0.110805	-0.090659	-0.040293	-0.060439
27.780930	-0.110805	-0.080585	-0.040293	-0.060439
27.812225	-0.100732	-0.090659	-0.050366	-0.060439
27.843521	-0.100732	-0.090659	-0.050366	-0.060439
27.874817	-0.090659	-0.100732	-0.060439	-0.060439
27.906113	-0.090659	-0.110805	-0.060439	-0.060439
27.937408	-0.090659	-0.110805	-0.060439	-0.060439
27.968704	-0.100732	-0.110805	-0.060439	-0.060439
