26.019428	0.083923	0.258476	-0.067145	-0.224918
26.028803	0.083923	0.258476	-0.067145	-0.224918
26.038176	0.083923	0.258476	-0.070497	-0.234991
26.047550	0.083923	0.258476	-0.070497	-0.241712
26.056923	0.083923	0.258476	-0.073865	-0.238344
26.066298	0.083923	0.258476	-0.073865	-0.234991
26.075672	0.087276	0.258476	-0.070497	-0.231639
26.085045	0.087276	0.258476	-0.067145	-0.231639
26.094419	0.087276	0.258476	-0.063792	-0.234991
26.103794	0.087276	0.258476	-0.060439	-0.234991
26.113167	0.087276	0.258476	-0.060439	-0.234991
26.122541	0.087276	0.258476	-0.060439	-0.238344
26.131916	0.090629	0.258476	-0.060439	-0.238344
26.141289	0.090629	0.255123	-0.063792	-0.238344
26.150663	0.090629	0.255123	-0.063792	-0.234991
26.160038	0.090629	0.255123	-0.063792	-0.234991
26.169411	0.087276	0.255123	-0.063792	-0.231639
26.178785	0.087276	0.255123	-0.067145	-0.231639
26.188158	0.087276	0.255123	-0.073865	-0.231639
26.197533	0.090629	0.255123	-0.073865	-0.228286
26.206907	0.090629	0.255123	-0.067145	-0.228286
26.216280	0.090629	0.258476	-0.063792	-0.231639
26.225655	0.093982	0.258476	-0.063792	-0.234991
26.235029	0.093982	0.258476	-0.067145	-0.238344
26.244402	0.093982	0.258476	-0.070497	-0.238344
26.253777	0.097349	0.258476	-0.070497	-0.238344
26.263151	0.097349	0.258476	-0.067145	-0.238344
26.272524	0.097349	0.258476	-0.070497	-0.234991
26.281898	0.097349	0.258476	-0.073865	-0.234991
26.291273	0.097349	0.258476	-0.073865	-0.241712
26.300646	0.097349	0.255123	-0.073865	-0.241712
26.310020	0.097349	0.255123	-0.070497	-0.238344
26.319393	0.097349	0.255123	-0.073865	-0.238344
26.328768	0.100702	0.255123	-0.080571	-0.241712
26.338142	0.100702	0.251770	-0.077218	-0.238344
26.347515	0.100702	0.251770	-0.070497	-0.231639
26.356890	0.100702	0.251770	-0.067145	-0.221565
26.366264	0.100702	0.251770	-0.070497	-0.218213
26.375637	0.100702	0.251770	-0.073865	-0.228286
26.385012	0.097349	0.251770	-0.077218	-0.234991
26.394386	0.097349	0.251770	-0.077218	-0.238344
26.403759	0.097349	0.251770	-0.080571	-0.234991
26.413134	0.097349	0.251770	-0.080571	-0.231639
26.422508	0.097349	0.255123	-0.080571	-0.231639
26.431881	0.097349	0.255123	-0.080571	-0.231639
26.441256	0.097349	0.255123	-0.080571	-0.234991
26.450628	0.100702	0.255123	-0.080571	-0.234991
26.460003	0.100702	0.255123	-0.080571	-0.234991
26.469378	0.100702	0.258476	-0.080571	-0.238344
26.478750	0.100702	0.258476	-0.083938	-0.238344
26.488125	0.100702	0.255123	-0.083938	-0.238344
26.497499	0.100702	0.255123	-0.080571	-0.234991
26.506872	0.100702	0.255123	-0.080571	-0.234991
26.516247	0.100702	0.255123	-0.080571	-0.234991
26.525621	0.100702	0.251770	-0.087291	-0.238344
26.534994	0.100702	0.251770	-0.087291	-0.238344
26.544369	0.100702	0.251770	-0.083938	-0.234991
26.553743	0.100702	0.251770	-0.080571	-0.234991
26.563116	0.104055	0.251770	-0.077218	-0.238344
26.572491	0.104055	0.251770	-0.080571	-0.238344
26.581863	0.104055	0.251770	-0.087291	-0.234991
26.591238	0.104055	0.255123	-0.090644	-0.231639
26.600613	0.107422	0.255123	-0.087291	-0.231639
26.609985	0.107422	0.255123	-0.083938	-0.234991
26.619360	0.107422	0.255123	-0.083938	-0.238344
26.628735	0.107422	0.255123	-0.083938	-0.245064
26.638107	0.107422	0.251770	-0.087291	-0.248417
26.647482	0.107422	0.251770	-0.090644	-0.251785
26.656857	0.107422	0.251770	-0.093997	-0.248417
26.666229	0.107422	0.251770	-0.093997	-0.248417
26.675604	0.107422	0.251770	-0.093997	-0.245064
26.684978	0.107422	0.251770	-0.090644	-0.241712
26.694351	0.107422	0.255123	-0.087291	-0.245064
26.703726	0.107422	0.255123	-0.083938	-0.241712
26.713099	0.107422	0.258476	-0.083938	-0.241712
26.722473	0.107422	0.261828	-0.087291	-0.241712
26.731848	0.110775	0.261828	-0.090644	-0.241712
26.741220	0.114128	0.261828	-0.087291	-0.238344
26.750595	0.114128	0.258476	-0.083938	-0.234991
26.759970	0.114128	0.258476	-0.083938	-0.234991
26.769342	0.114128	0.258476	-0.090644	-0.238344
26.778717	0.114128	0.255123	-0.093997	-0.238344
26.788092	0.110775	0.255123	-0.093997	-0.234991
26.797464	0.114128	0.251770	-0.093997	-0.231639
26.806839	0.114128	0.251770	-0.100717	-0.231639
26.816214	0.114128	0.251770	-0.104070	-0.238344
26.825586	0.114128	0.255123	-0.104070	-0.238344
26.834961	0.114128	0.255123	-0.100717	-0.238344
26.844334	0.117481	0.255123	-0.097364	-0.234991
26.853708	0.117481	0.255123	-0.093997	-0.234991
26.863083	0.120848	0.255123	-0.090644	-0.238344
26.872456	0.120848	0.251770	-0.090644	-0.241712
26.881830	0.120848	0.251770	-0.093997	-0.245064
26.891205	0.120848	0.251770	-0.093997	-0.245064
26.900578	0.120848	0.251770	-0.090644	-0.245064
26.909952	0.120848	0.251770	-0.087291	-0.241712
26.919327	0.120848	0.251770	-0.087291	-0.238344
26.928699	0.120848	0.251770	-0.093997	-0.238344
26.938074	0.120848	0.251770	-0.097364	-0.238344
26.947449	0.120848	0.251770	-0.093997	-0.238344
26.956821	0.120848	0.255123	-0.093997	-0.238344
26.966196	0.120848	0.255123	-0.090644	-0.238344
26.975569	0.120848	0.255123	-0.093997	-0.234991
26.984943	0.120848	0.255123	-0.097364	-0.234991
26.994318	0.120848	0.251770	-0.100717	-0.231639
27.003691	0.120848	0.251770	-0.100717	-0.228286
27.013065	0.124201	0.255123	-0.104070	-0.228286
27.022440	0.124201	0.255123	-0.104070	-0.234991
27.031813	0.124201	0.255123	-0.100717	-0.241712
27.041187	0.127554	0.255123	-0.093997	-0.241712
27.050562	0.127554	0.255123	-0.093997	-0.238344
27.059935	0.127554	0.255123	-0.097364	-0.234991
27.069309	0.127554	0.255123	-0.100717	-0.234991
27.078684	0.127554	0.255123	-0.097364	-0.238344
27.088057	0.127554	0.251770	-0.097364	-0.238344
27.097431	0.124201	0.251770	-0.100717	-0.238344
27.106804	0.124201	0.251770	-0.100717	-0.238344
27.116179	0.120848	0.251770	-0.100717	-0.245064
27.125553	0.120848	0.255123	-0.097364	-0.248417
27.134926	0.120848	0.255123	-0.093997	-0.245064
27.144300	0.124201	0.255123	-0.097364	-0.241712
27.153675	0.124201	0.251770	-0.097364	-0.234991
27.163048	0.124201	0.251770	-0.097364	-0.234991
27.172422	0.127554	0.251770	-0.100717	-0.238344
27.181797	0.130907	0.251770	-0.100717	-0.241712
27.191170	0.130907	0.251770	-0.104070	-0.241712
27.200544	0.130907	0.251770	-0.107422	-0.238344
27.209919	0.130907	0.251770	-0.110790	-0.241712
27.219292	0.130907	0.251770	-0.114143	-0.241712
27.228666	0.130907	0.251770	-0.107422	-0.238344
27.238039	0.130907	0.251770	-0.107422	-0.234991
27.247414	0.130907	0.251770	-0.107422	-0.234991
27.256788	0.130907	0.255123	-0.110790	-0.238344
27.266161	0.130907	0.255123	-0.107422	-0.238344
27.275536	0.130907	0.255123	-0.100717	-0.234991
27.284910	0.130907	0.255123	-0.100717	-0.234991
27.294283	0.130907	0.255123	-0.100717	-0.238344
27.303658	0.130907	0.255123	-0.104070	-0.241712
27.313032	0.134274	0.258476	-0.104070	-0.245064
27.322405	0.134274	0.255123	-0.104070	-0.245064
27.331779	0.134274	0.255123	-0.104070	-0.245064
27.341154	0.134274	0.255123	-0.100717	-0.241712
27.350527	0.134274	0.255123	-0.104070	-0.241712
27.359901	0.134274	0.255123	-0.104070	-0.245064
27.369274	0.134274	0.255123	-0.104070	-0.248417
27.378649	0.134274	0.255123	-0.100717	-0.251785
27.388023	0.134274	0.255123	-0.093997	-0.251785
27.397396	0.134274	0.255123	-0.097364	-0.248417
27.406771	0.134274	0.255123	-0.097364	-0.238344
27.416145	0.134274	0.251770	-0.100717	-0.234991
27.425518	0.137627	0.251770	-0.100717	-0.234991
27.434893	0.137627	0.251770	-0.104070	-0.231639
27.444267	0.137627	0.251770	-0.107422	-0.228286
27.453640	0.140980	0.251770	-0.107422	-0.228286
27.463015	0.140980	0.251770	-0.104070	-0.228286
27.472389	0.140980	0.251770	-0.100717	-0.231639
27.481762	0.140980	0.248402	-0.104070	-0.228286
27.491137	0.140980	0.248402	-0.110790	-0.224918
27.500509	0.140980	0.248402	-0.120863	-0.228286
27.509884	0.140980	0.248402	-0.124216	-0.234991
27.519258	0.140980	0.248402	-0.117496	-0.238344
27.528631	0.140980	0.248402	-0.110790	-0.238344
27.538006	0.144348	0.248402	-0.114143	-0.234991
27.547380	0.144348	0.248402	-0.120863	-0.234991
27.556753	0.144348	0.245050	-0.120863	-0.234991
27.566128	0.144348	0.245050	-0.117496	-0.238344
27.575502	0.144348	0.245050	-0.114143	-0.241712
27.584875	0.144348	0.245050	-0.114143	-0.245064
27.594250	0.144348	0.245050	-0.114143	-0.245064
27.603624	0.144348	0.245050	-0.110790	-0.248417
27.612997	0.144348	0.245050	-0.107422	-0.245064
27.622372	0.140980	0.245050	-0.107422	-0.241712
27.631744	0.140980	0.245050	-0.107422	-0.234991
27.641119	0.144348	0.245050	-0.104070	-0.228286
27.650494	0.144348	0.245050	-0.104070	-0.228286
27.659866	0.144348	0.241697	-0.107422	-0.231639
27.669241	0.144348	0.241697	-0.107422	-0.238344
27.678616	0.147700	0.238329	-0.110790	-0.238344
27.687988	0.147700	0.238329	-0.114143	-0.241712
27.697363	0.147700	0.234976	-0.117496	-0.238344
27.706738	0.144348	0.234976	-0.117496	-0.238344
27.716110	0.144348	0.234976	-0.117496	-0.238344
27.725485	0.144348	0.234976	-0.114143	-0.241712
27.734859	0.144348	0.234976	-0.114143	-0.245064
27.744232	0.144348	0.234976	-0.114143	-0.238344
27.753607	0.144348	0.234976	-0.114143	-0.231639
27.762980	0.144348	0.234976	-0.114143	-0.231639
27.772354	0.147700	0.234976	-0.110790	-0.234991
27.781729	0.147700	0.234976	-0.110790	-0.238344
27.791101	0.147700	0.234976	-0.110790	-0.241712
27.800476	0.147700	0.231624	-0.110790	-0.241712
27.809851	0.147700	0.231624	-0.110790	-0.245064
27.819223	0.147700	0.231624	-0.107422	-0.248417
27.828598	0.147700	0.228271	-0.110790	-0.245064
27.837973	0.147700	0.228271	-0.114143	-0.245064
27.847345	0.147700	0.224903	-0.117496	-0.245064
27.856720	0.147700	0.224903	-0.117496	-0.255138
27.866095	0.147700	0.221550	-0.117496	-0.265211
27.875467	0.147700	0.218198	-0.117496	-0.265211
27.884842	0.147700	0.218198	-0.114143	-0.258490
27.894215	0.147700	0.214845	-0.110790	-0.255138
27.903589	0.151053	0.211477	-0.110790	-0.258490
27.912964	0.151053	0.211477	-0.114143	-0.265211
27.922337	0.151053	0.208125	-0.117496	-0.271916
27.931711	0.151053	0.204772	-0.117496	-0.268564
27.941086	0.151053	0.201404	-0.117496	-0.265211
27.950459	0.151053	0.198051	-0.114143	-0.265211
27.959833	0.154406	0.194699	-0.114143	-0.261843
27.969208	0.154406	0.194699	-0.117496	-0.258490
27.978580	0.154406	0.194699	-0.124216	-0.258490
27.987955	0.154406	0.198051	-0.127569	-0.265211
27.997330	0.154406	0.201404	-0.120863	-0.265211
28.006702	0.154406	0.204772	-0.114143	-0.265211
28.016077	0.154406	0.208125	-0.114143	-0.258490
28.025450	0.154406	0.211477	-0.120863	-0.258490
28.034824	0.154406	0.214845	-0.127569	-0.255138
28.044199	0.154406	0.221550	-0.124216	-0.251785
28.053572	0.154406	0.224903	-0.120863	-0.248417
28.062946	0.151053	0.228271	-0.120863	-0.248417
28.072321	0.151053	0.228271	-0.124216	-0.248417
28.081694	0.151053	0.228271	-0.120863	-0.245064
28.091068	0.151053	0.228271	-0.120863	-0.241712
28.100443	0.151053	0.228271	-0.120863	-0.238344
28.109816	0.151053	0.228271	-0.127569	-0.238344
28.119190	0.154406	0.228271	-0.130922	-0.238344
28.128565	0.154406	0.231624	-0.130922	-0.238344
28.137938	0.154406	0.231624	-0.127569	-0.241712
28.147312	0.154406	0.231624	-0.127569	-0.238344
28.156685	0.154406	0.234976	-0.124216	-0.234991
28.166059	0.157773	0.234976	-0.127569	-0.234991
28.175434	0.157773	0.234976	-0.127569	-0.234991
28.184807	0.157773	0.234976	-0.127569	-0.234991
28.194181	0.157773	0.234976	-0.124216	-0.231639
28.203556	0.157773	0.234976	-0.120863	-0.234991
28.212929	0.157773	0.234976	-0.120863	-0.241712
28.222303	0.161126	0.238329	-0.124216	-0.241712
28.231678	0.161126	0.238329	-0.127569	-0.238344
28.241051	0.161126	0.241697	-0.127569	-0.231639
28.250425	0.161126	0.241697	-0.127569	-0.234991
28.259800	0.161126	0.241697	-0.130922	-0.238344
28.269173	0.161126	0.241697	-0.130922	-0.241712
28.278547	0.161126	0.241697	-0.134289	-0.245064
28.287920	0.157773	0.241697	-0.130922	-0.248417
28.297295	0.157773	0.241697	-0.130922	-0.245064
28.306669	0.157773	0.241697	-0.130922	-0.241712
28.316042	0.157773	0.241697	-0.134289	-0.234991
28.325417	0.157773	0.241697	-0.137642	-0.231639
28.334791	0.157773	0.241697	-0.134289	-0.231639
28.344164	0.157773	0.245050	-0.130922	-0.234991
28.353539	0.161126	0.245050	-0.127569	-0.238344
28.362913	0.161126	0.245050	-0.130922	-0.238344
28.372286	0.164479	0.245050	-0.134289	-0.231639
28.381660	0.164479	0.245050	-0.137642	-0.228286
28.391035	0.164479	0.245050	-0.140995	-0.228286
28.400408	0.164479	0.245050	-0.140995	-0.231639
28.409782	0.164479	0.245050	-0.134289	-0.231639
28.419155	0.164479	0.245050	-0.130922	-0.231639
28.428530	0.164479	0.241697	-0.130922	-0.231639
28.437904	0.164479	0.245050	-0.130922	-0.231639
28.447277	0.164479	0.245050	-0.130922	-0.228286
28.456652	0.161126	0.245050	-0.137642	-0.231639
28.466026	0.161126	0.245050	-0.140995	-0.231639
28.475399	0.161126	0.241697	-0.137642	-0.231639
28.484774	0.161126	0.241697	-0.130922	-0.224918
28.494148	0.161126	0.241697	-0.130922	-0.221565
28.503521	0.161126	0.238329	-0.134289	-0.224918
28.512896	0.164479	0.241697	-0.137642	-0.224918
28.522270	0.164479	0.241697	-0.137642	-0.224918
28.531643	0.164479	0.245050	-0.134289	-0.221565
28.541018	0.164479	0.245050	-0.137642	-0.224918
28.550390	0.167847	0.245050	-0.140995	-0.228286
28.559765	0.167847	0.245050	-0.140995	-0.234991
28.569139	0.167847	0.245050	-0.140995	-0.231639
28.578512	0.164479	0.248402	-0.140995	-0.231639
28.587887	0.164479	0.248402	-0.144362	-0.231639
28.597261	0.164479	0.248402	-0.144362	-0.234991
28.606634	0.164479	0.248402	-0.147715	-0.241712
28.616009	0.167847	0.248402	-0.151068	-0.241712
28.625383	0.164479	0.245050	-0.154421	-0.241712
28.634756	0.164479	0.245050	-0.154421	-0.238344
28.644131	0.164479	0.245050	-0.151068	-0.234991
28.653505	0.167847	0.245050	-0.147715	-0.231639
28.662878	0.167847	0.245050	-0.144362	-0.228286
28.672253	0.167847	0.245050	-0.144362	-0.224918
28.681625	0.171199	0.245050	-0.147715	-0.224918
28.691000	0.171199	0.245050	-0.144362	-0.228286
28.700375	0.171199	0.245050	-0.140995	-0.228286
28.709747	0.171199	0.245050	-0.137642	-0.224918
28.719122	0.171199	0.245050	-0.137642	-0.221565
28.728497	0.171199	0.245050	-0.140995	-0.221565
28.737869	0.171199	0.245050	-0.140995	-0.224918
28.747244	0.171199	0.248402	-0.137642	-0.228286
28.756618	0.171199	0.248402	-0.140995	-0.234991
28.765991	0.171199	0.248402	-0.137642	-0.234991
28.775366	0.171199	0.248402	-0.137642	-0.234991
28.784740	0.171199	0.248402	-0.137642	-0.231639
28.794113	0.171199	0.248402	-0.147715	-0.231639
28.803488	0.174552	0.248402	-0.154421	-0.228286
28.812860	0.174552	0.248402	-0.151068	-0.228286
28.822235	0.174552	0.248402	-0.147715	-0.228286
28.831610	0.174552	0.248402	-0.147715	-0.231639
28.840982	0.174552	0.248402	-0.151068	-0.234991
28.850357	0.174552	0.248402	-0.154421	-0.228286
28.859732	0.174552	0.248402	-0.151068	-0.224918
28.869104	0.174552	0.248402	-0.151068	-0.224918
28.878479	0.177905	0.248402	-0.151068	-0.228286
28.887854	0.177905	0.248402	-0.147715	-0.228286
28.897226	0.177905	0.248402	-0.144362	-0.228286
28.906601	0.177905	0.248402	-0.144362	-0.228286
28.915976	0.177905	0.248402	-0.147715	-0.228286
28.925348	0.177905	0.248402	-0.151068	-0.224918
28.934723	0.177905	0.245050	-0.151068	-0.224918
28.944096	0.177905	0.245050	-0.151068	-0.224918
28.953470	0.177905	0.245050	-0.151068	-0.228286
28.962845	0.177905	0.248402	-0.147715	-0.224918
28.972218	0.177905	0.248402	-0.147715	-0.221565
28.981592	0.177905	0.248402	-0.151068	-0.221565
28.990967	0.181273	0.251770	-0.151068	-0.221565
29.000340	0.181273	0.251770	-0.147715	-0.221565
29.009714	0.181273	0.251770	-0.144362	-0.218213
29.019089	0.181273	0.251770	-0.144362	-0.218213
29.028461	0.181273	0.251770	-0.144362	-0.224918
29.037836	0.177905	0.251770	-0.144362	-0.231639
29.047211	0.177905	0.251770	-0.147715	-0.228286
29.056583	0.177905	0.248402	-0.154421	-0.224918
29.065958	0.177905	0.248402	-0.157788	-0.221565
29.075331	0.177905	0.248402	-0.157788	-0.224918
29.084705	0.177905	0.248402	-0.151068	-0.224918
29.094080	0.177905	0.248402	-0.151068	-0.228286
29.103453	0.177905	0.245050	-0.154421	-0.231639
29.112827	0.177905	0.245050	-0.157788	-0.234991
29.122202	0.177905	0.245050	-0.157788	-0.234991
29.131575	0.177905	0.245050	-0.154421	-0.231639
29.140949	0.177905	0.245050	-0.154421	-0.218213
29.150324	0.177905	0.245050	-0.157788	-0.211492
29.159697	0.177905	0.245050	-0.161141	-0.214845
29.169071	0.177905	0.248402	-0.161141	-0.224918
29.178446	0.177905	0.248402	-0.157788	-0.228286
29.187819	0.177905	0.248402	-0.154421	-0.224918
29.197193	0.177905	0.248402	-0.157788	-0.221565
29.206566	0.177905	0.248402	-0.157788	-0.224918
29.215940	0.177905	0.248402	-0.154421	-0.228286
29.225315	0.177905	0.248402	-0.154421	-0.228286
29.234688	0.181273	0.248402	-0.157788	-0.224918
29.244062	0.181273	0.248402	-0.161141	-0.224918
29.253437	0.181273	0.248402	-0.157788	-0.224918
29.262810	0.181273	0.248402	-0.154421	-0.224918
29.272184	0.184625	0.248402	-0.157788	-0.224918
29.281559	0.184625	0.248402	-0.161141	-0.228286
29.290932	0.184625	0.248402	-0.164494	-0.231639
29.300306	0.184625	0.248402	-0.161141	-0.231639
29.309681	0.184625	0.248402	-0.157788	-0.231639
29.319054	0.184625	0.248402	-0.157788	-0.234991
29.328428	0.181273	0.248402	-0.157788	-0.234991
29.337801	0.184625	0.248402	-0.157788	-0.231639
29.347176	0.184625	0.248402	-0.161141	-0.228286
29.356550	0.184625	0.248402	-0.161141	-0.228286
29.365923	0.181273	0.248402	-0.157788	-0.228286
29.375298	0.181273	0.248402	-0.154421	-0.228286
29.384672	0.181273	0.248402	-0.154421	-0.228286
29.394045	0.184625	0.248402	-0.157788	-0.228286
29.403419	0.184625	0.248402	-0.161141	-0.224918
29.412794	0.184625	0.248402	-0.161141	-0.218213
29.422167	0.184625	0.248402	-0.157788	-0.214845
29.431541	0.184625	0.245050	-0.154421	-0.214845
29.440916	0.184625	0.245050	-0.154421	-0.218213
29.450289	0.184625	0.245050	-0.157788	-0.214845
29.459663	0.184625	0.245050	-0.161141	-0.214845
29.469036	0.184625	0.245050	-0.164494	-0.214845
29.478411	0.184625	0.245050	-0.161141	-0.214845
29.487785	0.184625	0.245050	-0.161141	-0.214845
29.497158	0.184625	0.248402	-0.164494	-0.211492
29.506533	0.184625	0.248402	-0.167862	-0.214845
29.515907	0.184625	0.248402	-0.164494	-0.221565
29.525280	0.184625	0.248402	-0.167862	-0.228286
29.534655	0.187978	0.248402	-0.167862	-0.228286
29.544029	0.187978	0.248402	-0.167862	-0.224918
29.553402	0.187978	0.248402	-0.164494	-0.218213
29.562777	0.187978	0.248402	-0.161141	-0.218213
29.572151	0.187978	0.248402	-0.164494	-0.218213
29.581524	0.191346	0.248402	-0.167862	-0.221565
29.590899	0.191346	0.248402	-0.167862	-0.218213
29.600271	0.191346	0.248402	-0.167862	-0.221565
29.609646	0.191346	0.248402	-0.164494	-0.224918
29.619020	0.191346	0.248402	-0.161141	-0.224918
29.628393	0.191346	0.245050	-0.161141	-0.221565
29.637768	0.191346	0.245050	-0.167862	-0.218213
29.647142	0.191346	0.248402	-0.171214	-0.218213
29.656515	0.191346	0.248402	-0.171214	-0.221565
29.665890	0.191346	0.248402	-0.167862	-0.218213
29.675264	0.187978	0.245050	-0.167862	-0.218213
29.684637	0.187978	0.245050	-0.164494	-0.214845
29.694012	0.187978	0.245050	-0.161141	-0.214845
29.703386	0.187978	0.245050	-0.161141	-0.211492
29.712759	0.187978	0.248402	-0.164494	-0.214845
29.722134	0.187978	0.248402	-0.167862	-0.221565
29.731506	0.187978	0.245050	-0.167862	-0.221565
29.740881	0.187978	0.245050	-0.161141	-0.221565
29.750256	0.187978	0.245050	-0.164494	-0.218213
29.759628	0.187978	0.245050	-0.171214	-0.224918
29.769003	0.187978	0.245050	-0.174567	-0.228286
29.778378	0.187978	0.248402	-0.174567	-0.221565
29.787750	0.187978	0.248402	-0.174567	-0.214845
29.797125	0.184625	0.248402	-0.177920	-0.211492
29.806499	0.184625	0.248402	-0.177920	-0.211492
29.815872	0.184625	0.248402	-0.174567	-0.211492
29.825247	0.184625	0.245050	-0.171214	-0.211492
29.834621	0.184625	0.245050	-0.174567	-0.211492
29.843994	0.184625	0.245050	-0.174567	-0.211492
29.853369	0.184625	0.245050	-0.171214	-0.214845
29.862741	0.184625	0.245050	-0.167862	-0.214845
29.872116	0.184625	0.245050	-0.167862	-0.218213
29.881491	0.184625	0.241697	-0.167862	-0.211492
29.890863	0.187978	0.241697	-0.171214	-0.208139
29.900238	0.187978	0.241697	-0.174567	-0.204787
29.909613	0.187978	0.241697	-0.171214	-0.208139
29.918985	0.187978	0.241697	-0.171214	-0.208139
29.928360	0.187978	0.241697	-0.174567	-0.208139
29.937735	0.187978	0.241697	-0.177920	-0.211492
29.947107	0.184625	0.241697	-0.174567	-0.211492
29.956482	0.184625	0.241697	-0.171214	-0.211492
29.965857	0.184625	0.241697	-0.167862	-0.211492
29.975229	0.184625	0.238329	-0.167862	-0.211492
29.984604	0.184625	0.238329	-0.167862	-0.208139
29.993977	0.184625	0.238329	-0.167862	-0.208139
30.003351	0.184625	0.238329	-0.171214	-0.208139
30.012726	0.184625	0.238329	-0.174567	-0.211492
30.022099	0.184625	0.238329	-0.171214	-0.211492
30.031473	0.184625	0.238329	-0.167862	-0.211492
30.040848	0.184625	0.238329	-0.167862	-0.211492
30.050220	0.187978	0.238329	-0.171214	-0.211492
30.059595	0.187978	0.241697	-0.177920	-0.211492
30.068970	0.187978	0.241697	-0.177920	-0.208139
30.078342	0.184625	0.241697	-0.177920	-0.204787
30.087717	0.184625	0.241697	-0.177920	-0.208139
30.097092	0.184625	0.241697	-0.177920	-0.211492
30.106464	0.187978	0.241697	-0.177920	-0.208139
30.115839	0.187978	0.241697	-0.177920	-0.208139
30.125212	0.184625	0.241697	-0.181288	-0.211492
30.134586	0.184625	0.238329	-0.184640	-0.208139
30.143961	0.184625	0.238329	-0.184640	-0.204787
30.153334	0.181273	0.238329	-0.187993	-0.204787
30.162708	0.181273	0.238329	-0.187993	-0.208139
30.172083	0.181273	0.238329	-0.187993	-0.211492
30.181456	0.177905	0.238329	-0.187993	-0.208139
30.190830	0.177905	0.238329	-0.191361	-0.208139
30.200205	0.174552	0.238329	-0.198066	-0.211492
30.209578	0.174552	0.238329	-0.198066	-0.218213
30.218952	0.174552	0.238329	-0.194713	-0.214845
30.228327	0.171199	0.238329	-0.198066	-0.214845
30.237700	0.171199	0.238329	-0.204787	-0.214845
30.247074	0.167847	0.238329	-0.208139	-0.214845
30.256447	0.164479	0.238329	-0.208139	-0.214845
30.265821	0.161126	0.238329	-0.204787	-0.214845
30.275196	0.157773	0.241697	-0.204787	-0.211492
30.284569	0.154406	0.241697	-0.211492	-0.208139
30.293943	0.154406	0.241697	-0.211492	-0.211492
30.303318	0.154406	0.241697	-0.211492	-0.211492
30.312691	0.154406	0.241697	-0.211492	-0.211492
30.322065	0.154406	0.241697	-0.208139	-0.208139
30.331440	0.154406	0.238329	-0.201419	-0.204787
30.340813	0.157773	0.238329	-0.198066	-0.208139
30.350187	0.161126	0.238329	-0.194713	-0.208139
30.359562	0.164479	0.238329	-0.191361	-0.204787
30.368935	0.167847	0.238329	-0.187993	-0.204787
30.378309	0.171199	0.238329	-0.187993	-0.204787
30.387682	0.174552	0.238329	-0.184640	-0.208139
30.397057	0.174552	0.234976	-0.184640	-0.208139
30.406431	0.177905	0.234976	-0.187993	-0.204787
30.415804	0.181273	0.238329	-0.191361	-0.208139
30.425179	0.184625	0.238329	-0.191361	-0.208139
30.434553	0.184625	0.238329	-0.184640	-0.208139
30.443926	0.187978	0.238329	-0.184640	-0.208139
30.453300	0.187978	0.238329	-0.184640	-0.211492
30.462675	0.191346	0.238329	-0.184640	-0.211492
30.472048	0.191346	0.238329	-0.181288	-0.204787
30.481422	0.194699	0.238329	-0.184640	-0.201419
30.490797	0.194699	0.238329	-0.191361	-0.198066
30.500170	0.194699	0.241697	-0.194713	-0.201419
30.509544	0.198051	0.241697	-0.187993	-0.204787
30.518917	0.198051	0.241697	-0.181288	-0.204787
30.528292	0.198051	0.241697	-0.181288	-0.208139
30.537666	0.198051	0.241697	-0.184640	-0.208139
30.547039	0.198051	0.241697	-0.187993	-0.204787
30.556414	0.198051	0.241697	-0.184640	-0.201419
30.565788	0.198051	0.241697	-0.181288	-0.201419
30.575161	0.198051	0.241697	-0.174567	-0.201419
30.584536	0.198051	0.241697	-0.171214	-0.201419
30.593910	0.198051	0.241697	-0.171214	-0.204787
30.603283	0.198051	0.241697	-0.177920	-0.208139
30.612658	0.198051	0.241697	-0.181288	-0.208139
30.622032	0.198051	0.241697	-0.181288	-0.204787
30.631405	0.198051	0.238329	-0.177920	-0.198066
30.640779	0.198051	0.238329	-0.177920	-0.194713
30.650152	0.198051	0.238329	-0.177920	-0.201419
30.659527	0.198051	0.238329	-0.177920	-0.204787
30.668901	0.198051	0.241697	-0.177920	-0.201419
30.678274	0.201404	0.241697	-0.177920	-0.201419
30.687649	0.201404	0.241697	-0.177920	-0.201419
30.697023	0.201404	0.241697	-0.174567	-0.208139
30.706396	0.201404	0.241697	-0.174567	-0.208139
30.715771	0.201404	0.238329	-0.177920	-0.204787
30.725145	0.201404	0.238329	-0.177920	-0.201419
30.734518	0.201404	0.238329	-0.174567	-0.201419
30.743893	0.201404	0.238329	-0.174567	-0.204787
30.753267	0.201404	0.238329	-0.177920	-0.201419
30.762640	0.204772	0.238329	-0.184640	-0.198066
30.772015	0.204772	0.238329	-0.184640	-0.198066
30.781387	0.204772	0.238329	-0.181288	-0.201419
30.790762	0.204772	0.238329	-0.177920	-0.201419
30.800137	0.204772	0.238329	-0.177920	-0.201419
30.809509	0.204772	0.238329	-0.181288	-0.198066
30.818884	0.208125	0.238329	-0.181288	-0.198066
30.828259	0.208125	0.238329	-0.177920	-0.201419
30.837631	0.208125	0.238329	-0.177920	-0.204787
30.847006	0.208125	0.238329	-0.177920	-0.208139
30.856380	0.208125	0.238329	-0.177920	-0.214845
30.865753	0.208125	0.238329	-0.174567	-0.218213
30.875128	0.208125	0.238329	-0.174567	-0.211492
30.884502	0.208125	0.238329	-0.177920	-0.204787
30.893875	0.208125	0.238329	-0.181288	-0.201419
30.903250	0.208125	0.238329	-0.181288	-0.201419
30.912622	0.208125	0.238329	-0.174567	-0.204787
30.921997	0.208125	0.238329	-0.171214	-0.204787
30.931372	0.208125	0.234976	-0.174567	-0.204787
30.940744	0.208125	0.234976	-0.181288	-0.204787
30.950119	0.208125	0.234976	-0.181288	-0.204787
30.959494	0.208125	0.234976	-0.181288	-0.201419
30.968866	0.208125	0.234976	-0.181288	-0.194713
30.978241	0.208125	0.234976	-0.181288	-0.194713
30.987616	0.208125	0.234976	-0.177920	-0.198066
30.996988	0.208125	0.238329	-0.174567	-0.198066
31.006363	0.208125	0.234976	-0.174567	-0.201419
31.015738	0.211477	0.234976	-0.177920	-0.201419
31.025110	0.211477	0.234976	-0.181288	-0.201419
31.034485	0.211477	0.234976	-0.177920	-0.201419
31.043858	0.211477	0.238329	-0.177920	-0.204787
31.053232	0.211477	0.238329	-0.177920	-0.208139
31.062607	0.211477	0.238329	-0.174567	-0.208139
31.071980	0.211477	0.238329	-0.174567	-0.211492
31.081354	0.214845	0.238329	-0.181288	-0.211492
31.090729	0.214845	0.238329	-0.181288	-0.208139
31.100101	0.214845	0.238329	-0.181288	-0.204787
31.109476	0.214845	0.234976	-0.177920	-0.201419
31.118851	0.218198	0.234976	-0.181288	-0.198066
31.128223	0.218198	0.234976	-0.184640	-0.198066
31.137598	0.218198	0.234976	-0.191361	-0.198066
31.146973	0.214845	0.234976	-0.191361	-0.198066
31.156345	0.214845	0.234976	-0.191361	-0.194713
31.165720	0.214845	0.234976	-0.184640	-0.194713
31.175093	0.211477	0.234976	-0.181288	-0.198066
31.184467	0.211477	0.234976	-0.184640	-0.198066
31.193842	0.211477	0.238329	-0.187993	-0.201419
31.203215	0.214845	0.238329	-0.187993	-0.204787
31.212589	0.214845	0.238329	-0.184640	-0.208139
31.221964	0.214845	0.238329	-0.184640	-0.211492
31.231337	0.214845	0.238329	-0.187993	-0.204787
31.240711	0.214845	0.238329	-0.184640	-0.198066
31.250086	0.214845	0.238329	-0.181288	-0.194713
31.259459	0.218198	0.238329	-0.181288	-0.198066
31.268833	0.218198	0.238329	-0.187993	-0.204787
31.278208	0.221550	0.238329	-0.191361	-0.201419
31.287580	0.221550	0.238329	-0.191361	-0.198066
31.296955	0.221550	0.238329	-0.191361	-0.194713
31.306328	0.221550	0.238329	-0.191361	-0.194713
31.315702	0.221550	0.238329	-0.191361	-0.194713
31.325077	0.221550	0.238329	-0.191361	-0.194713
31.334450	0.218198	0.238329	-0.187993	-0.194713
31.343824	0.218198	0.238329	-0.181288	-0.198066
31.353199	0.218198	0.238329	-0.177920	-0.201419
31.362572	0.218198	0.238329	-0.177920	-0.198066
31.371946	0.221550	0.238329	-0.184640	-0.194713
31.381321	0.221550	0.238329	-0.191361	-0.194713
31.390694	0.224903	0.238329	-0.184640	-0.194713
31.400068	0.224903	0.238329	-0.177920	-0.198066
31.409443	0.221550	0.238329	-0.177920	-0.201419
31.418816	0.221550	0.234976	-0.181288	-0.204787
31.428190	0.221550	0.234976	-0.184640	-0.208139
31.437563	0.221550	0.234976	-0.184640	-0.204787
31.446938	0.218198	0.234976	-0.181288	-0.204787
31.456312	0.218198	0.234976	-0.181288	-0.201419
31.465685	0.218198	0.234976	-0.177920	-0.204787
31.475060	0.218198	0.234976	-0.174567	-0.204787
31.484434	0.218198	0.234976	-0.174567	-0.198066
31.493807	0.218198	0.234976	-0.181288	-0.194713
31.503181	0.218198	0.234976	-0.181288	-0.198066
31.512556	0.218198	0.231624	-0.181288	-0.201419
31.521929	0.218198	0.231624	-0.181288	-0.201419
31.531303	0.221550	0.231624	-0.184640	-0.198066
31.540678	0.221550	0.231624	-0.187993	-0.198066
31.550051	0.221550	0.231624	-0.187993	-0.201419
31.559425	0.221550	0.231624	-0.187993	-0.201419
31.568798	0.221550	0.234976	-0.187993	-0.198066
31.578173	0.221550	0.234976	-0.191361	-0.191361
31.587547	0.221550	0.234976	-0.191361	-0.187993
31.596920	0.221550	0.234976	-0.187993	-0.191361
31.606295	0.221550	0.234976	-0.184640	-0.198066
31.615669	0.224903	0.234976	-0.187993	-0.204787
31.625042	0.224903	0.234976	-0.191361	-0.201419
31.634417	0.221550	0.234976	-0.191361	-0.194713
31.643791	0.221550	0.231624	-0.184640	-0.191361
31.653164	0.221550	0.231624	-0.177920	-0.191361
31.662539	0.224903	0.231624	-0.177920	-0.191361
31.671913	0.224903	0.231624	-0.177920	-0.191361
31.681286	0.224903	0.231624	-0.181288	-0.191361
31.690660	0.224903	0.231624	-0.184640	-0.191361
31.700033	0.224903	0.231624	-0.187993	-0.187993
31.709408	0.224903	0.231624	-0.191361	-0.187993
31.718782	0.224903	0.234976	-0.191361	-0.184640
31.728155	0.224903	0.234976	-0.191361	-0.184640
31.737530	0.224903	0.231624	-0.191361	-0.184640
31.746904	0.224903	0.231624	-0.194713	-0.187993
31.756277	0.224903	0.231624	-0.198066	-0.194713
31.765652	0.224903	0.234976	-0.194713	-0.194713
31.775026	0.224903	0.234976	-0.194713	-0.191361
31.784399	0.228271	0.234976	-0.194713	-0.194713
31.793774	0.228271	0.234976	-0.198066	-0.194713
31.803148	0.228271	0.234976	-0.194713	-0.191361
31.812521	0.228271	0.234976	-0.194713	-0.194713
31.821896	0.228271	0.231624	-0.194713	-0.201419
31.831268	0.228271	0.231624	-0.194713	-0.204787
31.840643	0.228271	0.231624	-0.198066	-0.198066
31.850018	0.228271	0.228271	-0.198066	-0.191361
31.859390	0.228271	0.228271	-0.201419	-0.194713
31.868765	0.231624	0.228271	-0.201419	-0.198066
31.878139	0.231624	0.231624	-0.201419	-0.198066
31.887512	0.231624	0.231624	-0.201419	-0.194713
31.896887	0.231624	0.231624	-0.198066	-0.194713
31.906261	0.231624	0.234976	-0.194713	-0.198066
31.915634	0.231624	0.231624	-0.191361	-0.198066
31.925009	0.231624	0.231624	-0.191361	-0.194713
31.934383	0.231624	0.231624	-0.194713	-0.191361
31.943756	0.234976	0.231624	-0.194713	-0.194713
31.953131	0.231624	0.231624	-0.194713	-0.198066
31.962503	0.231624	0.231624	-0.194713	-0.198066
31.971878	0.231624	0.231624	-0.198066	-0.198066
31.981253	0.231624	0.231624	-0.198066	-0.194713
31.990625	0.231624	0.231624	-0.194713	-0.191361
