24.983185	0.090599	0.281930	-0.181317	-0.513673
24.992565	0.090599	0.292003	-0.181317	-0.513673
25.001945	0.090599	0.292003	-0.181317	-0.523686
25.011326	0.090599	0.292003	-0.181317	-0.533760
25.020706	0.100672	0.292003	-0.171244	-0.523686
25.030088	0.100672	0.302076	-0.181317	-0.513673
25.039469	0.110745	0.292003	-0.181317	-0.513673
25.048849	0.110745	0.292003	-0.171244	-0.533760
25.058229	0.110745	0.281930	-0.161171	-0.533760
25.067612	0.110745	0.281930	-0.171244	-0.523686
25.076992	0.100672	0.292003	-0.181317	-0.513673
25.086372	0.110745	0.292003	-0.181317	-0.513673
25.095753	0.110745	0.292003	-0.171244	-0.523686
25.105135	0.110745	0.292003	-0.171244	-0.513673
25.114515	0.100672	0.292003	-0.181317	-0.503600
25.123896	0.100672	0.292003	-0.201464	-0.503600
25.133276	0.100672	0.292003	-0.191391	-0.503600
25.142656	0.100672	0.302076	-0.191391	-0.503600
25.152039	0.110745	0.302076	-0.191391	-0.503600
25.161419	0.110745	0.302076	-0.191391	-0.513673
25.170799	0.120819	0.302076	-0.181317	-0.523686
25.180180	0.120819	0.292003	-0.171244	-0.523686
25.189562	0.120819	0.292003	-0.171244	-0.523686
25.198942	0.110745	0.292003	-0.181317	-0.513673
25.208323	0.110745	0.292003	-0.181317	-0.523686
25.217703	0.110745	0.292003	-0.181317	-0.523686
25.227083	0.110745	0.292003	-0.171244	-0.523686
25.236465	0.110745	0.292003	-0.171244	-0.513673
25.245846	0.110745	0.292003	-0.181317	-0.503600
25.255226	0.110745	0.292003	-0.181317	-0.503600
25.264606	0.110745	0.292003	-0.181317	-0.513673
25.273989	0.110745	0.292003	-0.181317	-0.513673
25.283369	0.120819	0.292003	-0.181317	-0.503600
25.292749	0.120819	0.292003	-0.191391	-0.503600
25.302130	0.130892	0.292003	-0.191391	-0.513673
25.311510	0.120819	0.292003	-0.201464	-0.533760
25.320892	0.120819	0.302076	-0.201464	-0.523686
25.330273	0.120819	0.302076	-0.211537	-0.523686
25.339653	0.120819	0.302076	-0.211537	-0.523686
25.349033	0.130892	0.302076	-0.201464	-0.523686
25.358416	0.130892	0.302076	-0.201464	-0.533760
25.367796	0.130892	0.302076	-0.201464	-0.523686
25.377176	0.120819	0.302076	-0.211537	-0.513673
25.386557	0.120819	0.302076	-0.211537	-0.523686
25.395937	0.120819	0.302076	-0.201464	-0.533760
25.405319	0.130892	0.302076	-0.201464	-0.533760
25.414700	0.130892	0.302076	-0.211537	-0.523686
25.424080	0.120819	0.302076	-0.211537	-0.523686
25.433460	0.120819	0.302076	-0.221610	-0.533760
25.442842	0.130892	0.302076	-0.221610	-0.533760
25.452223	0.130892	0.302076	-0.221610	-0.523686
25.461603	0.130892	0.312150	-0.221610	-0.513673
25.470984	0.140965	0.302076	-0.221610	-0.513673
25.480366	0.140965	0.302076	-0.211537	-0.523686
25.489746	0.151038	0.302076	-0.201464	-0.523686
25.499126	0.151038	0.312150	-0.211537	-0.513673
25.508507	0.140965	0.312150	-0.231683	-0.503600
25.517887	0.140965	0.312150	-0.241756	-0.523686
25.527269	0.140965	0.312150	-0.231683	-0.533760
25.536650	0.140965	0.322223	-0.231683	-0.533760
25.546030	0.140965	0.322223	-0.231683	-0.523686
25.555410	0.140965	0.322223	-0.231683	-0.513673
25.564793	0.140965	0.322223	-0.231683	-0.533760
25.574173	0.140965	0.312150	-0.231683	-0.533760
25.583553	0.140965	0.312150	-0.221610	-0.513673
25.592934	0.140965	0.312150	-0.221610	-0.503600
25.602314	0.140965	0.312150	-0.221610	-0.513673
25.611696	0.140965	0.302076	-0.211537	-0.533760
25.621077	0.140965	0.302076	-0.201464	-0.533760
25.630457	0.140965	0.302076	-0.201464	-0.513673
25.639837	0.140965	0.302076	-0.221610	-0.513673
25.649220	0.140965	0.302076	-0.221610	-0.523686
25.658600	0.151038	0.302076	-0.211537	-0.533760
25.667980	0.151038	0.302076	-0.211537	-0.533760
25.677361	0.151038	0.312150	-0.221610	-0.523686
25.686741	0.151038	0.312150	-0.231683	-0.513673
25.696123	0.151038	0.312150	-0.231683	-0.523686
25.705503	0.151038	0.312150	-0.221610	-0.533760
25.714884	0.151038	0.322223	-0.221610	-0.533760
25.724264	0.140965	0.322223	-0.241756	-0.513673
25.733646	0.140965	0.322223	-0.241756	-0.513673
25.743027	0.151038	0.322223	-0.241756	-0.523686
25.752407	0.151038	0.312150	-0.241756	-0.523686
25.761787	0.151038	0.312150	-0.241756	-0.513673
25.771168	0.151038	0.312150	-0.251830	-0.513673
25.780550	0.161111	0.312150	-0.241756	-0.523686
25.789930	0.161111	0.312150	-0.231683	-0.533760
25.799311	0.161111	0.312150	-0.231683	-0.533760
25.808691	0.161111	0.312150	-0.241756	-0.513673
25.818073	0.161111	0.312150	-0.241756	-0.513673
25.827454	0.161111	0.302076	-0.241756	-0.523686
25.836834	0.171185	0.302076	-0.231683	-0.533760
25.846214	0.171185	0.302076	-0.231683	-0.523686
25.855597	0.171185	0.312150	-0.241756	-0.503600
25.864977	0.161111	0.312150	-0.251830	-0.503600
25.874357	0.161111	0.312150	-0.251830	-0.513673
25.883738	0.161111	0.312150	-0.241756	-0.523686
25.893118	0.161111	0.322223	-0.251830	-0.513673
25.902500	0.161111	0.322223	-0.261843	-0.513673
25.911880	0.161111	0.322223	-0.261843	-0.523686
25.921261	0.171185	0.322223	-0.261843	-0.543833
25.930641	0.171185	0.322223	-0.261843	-0.543833
25.940023	0.171185	0.322223	-0.271916	-0.523686
25.949404	0.171185	0.322223	-0.271916	-0.523686
25.958784	0.181258	0.322223	-0.251830	-0.533760
25.968164	0.181258	0.322223	-0.241756	-0.543833
25.977545	0.181258	0.322223	-0.241756	-0.543833
25.986927	0.181258	0.322223	-0.251830	-0.533760
25.996307	0.181258	0.322223	-0.261843	-0.543833
26.005688	0.181258	0.312150	-0.251830	-0.553906
26.015068	0.181258	0.312150	-0.251830	-0.553906
26.024450	0.181258	0.322223	-0.251830	-0.533760
26.033831	0.171185	0.322223	-0.271916	-0.513673
26.043211	0.171185	0.322223	-0.271916	-0.523686
26.052591	0.181258	0.322223	-0.261843	-0.533760
26.061972	0.181258	0.322223	-0.251830	-0.533760
26.071354	0.181258	0.322223	-0.251830	-0.523686
26.080734	0.181258	0.332296	-0.251830	-0.523686
26.090115	0.181258	0.332296	-0.251830	-0.523686
26.099495	0.181258	0.322223	-0.251830	-0.533760
26.108877	0.181258	0.322223	-0.261843	-0.533760
26.118258	0.181258	0.322223	-0.271916	-0.533760
26.127638	0.181258	0.322223	-0.281990	-0.533760
26.137018	0.181258	0.322223	-0.271916	-0.543833
26.146399	0.181258	0.322223	-0.271916	-0.533760
26.155781	0.181258	0.322223	-0.281990	-0.523686
26.165161	0.191331	0.332296	-0.281990	-0.513673
26.174541	0.191331	0.332296	-0.271916	-0.523686
26.183922	0.191331	0.332296	-0.261843	-0.523686
26.193304	0.201404	0.342369	-0.261843	-0.523686
26.202684	0.191331	0.342369	-0.271916	-0.523686
26.212065	0.191331	0.352442	-0.281990	-0.523686
26.221445	0.181258	0.352442	-0.281990	-0.523686
26.230827	0.181258	0.342369	-0.281990	-0.533760
26.240208	0.181258	0.342369	-0.281990	-0.523686
26.249588	0.181258	0.342369	-0.292063	-0.523686
26.258968	0.181258	0.342369	-0.292063	-0.523686
26.268349	0.191331	0.342369	-0.281990	-0.543833
26.277731	0.191331	0.342369	-0.271916	-0.543833
26.287111	0.191331	0.342369	-0.271916	-0.533760
26.296492	0.191331	0.342369	-0.271916	-0.533760
26.305872	0.201404	0.342369	-0.271916	-0.543833
26.315254	0.201404	0.342369	-0.261843	-0.543833
26.324635	0.211477	0.352442	-0.261843	-0.533760
26.334015	0.211477	0.352442	-0.271916	-0.523686
26.343395	0.211477	0.352442	-0.281990	-0.533760
26.352776	0.211477	0.342369	-0.261843	-0.543833
26.362158	0.211477	0.342369	-0.251830	-0.543833
26.371538	0.211477	0.342369	-0.261843	-0.543833
26.380919	0.201404	0.342369	-0.271916	-0.533760
26.390299	0.211477	0.342369	-0.271916	-0.533760
26.399681	0.211477	0.332296	-0.261843	-0.533760
26.409061	0.211477	0.332296	-0.261843	-0.533760
26.418442	0.221550	0.332296	-0.271916	-0.533760
26.427822	0.211477	0.332296	-0.292063	-0.533760
26.437202	0.211477	0.332296	-0.281990	-0.543833
26.446585	0.221550	0.342369	-0.281990	-0.543833
26.455965	0.221550	0.342369	-0.281990	-0.543833
26.465345	0.221550	0.342369	-0.292063	-0.533760
26.474726	0.221550	0.352442	-0.302136	-0.533760
26.484108	0.221550	0.352442	-0.292063	-0.543833
26.493488	0.231624	0.362515	-0.281990	-0.533760
26.502869	0.231624	0.362515	-0.281990	-0.523686
26.512249	0.231624	0.362515	-0.292063	-0.513673
26.521631	0.231624	0.362515	-0.292063	-0.503600
26.531012	0.231624	0.352442	-0.292063	-0.513673
26.540392	0.241697	0.352442	-0.281990	-0.513673
26.549772	0.241697	0.342369	-0.292063	-0.513673
26.559153	0.231624	0.342369	-0.302136	-0.523686
26.568535	0.231624	0.342369	-0.312209	-0.523686
26.577915	0.231624	0.342369	-0.302136	-0.533760
26.587296	0.231624	0.352442	-0.312209	-0.523686
26.596676	0.231624	0.352442	-0.322282	-0.513673
26.606058	0.221550	0.362515	-0.322282	-0.513673
26.615438	0.221550	0.362515	-0.312209	-0.523686
26.624819	0.221550	0.362515	-0.312209	-0.523686
26.634199	0.231624	0.362515	-0.312209	-0.523686
26.643579	0.231624	0.362515	-0.312209	-0.523686
26.652962	0.231624	0.362515	-0.312209	-0.533760
26.662342	0.231624	0.352442	-0.302136	-0.533760
26.671722	0.241697	0.352442	-0.292063	-0.533760
26.681103	0.241697	0.362515	-0.302136	-0.533760
26.690485	0.241697	0.362515	-0.302136	-0.533760
26.699865	0.251770	0.362515	-0.302136	-0.533760
26.709246	0.251770	0.372589	-0.292063	-0.533760
26.718626	0.251770	0.362515	-0.302136	-0.533760
26.728006	0.241697	0.362515	-0.312209	-0.533760
26.737389	0.231624	0.362515	-0.322282	-0.533760
26.746769	0.231624	0.362515	-0.312209	-0.533760
26.756149	0.241697	0.362515	-0.312209	-0.533760
26.765530	0.241697	0.362515	-0.312209	-0.523686
26.774912	0.241697	0.372589	-0.312209	-0.533760
26.784292	0.241697	0.372589	-0.322282	-0.543833
26.793673	0.241697	0.372589	-0.312209	-0.543833
26.803053	0.241697	0.382662	-0.302136	-0.533760
26.812433	0.241697	0.382662	-0.302136	-0.533760
26.821815	0.251770	0.372589	-0.312209	-0.543833
26.831196	0.251770	0.372589	-0.312209	-0.553906
26.840576	0.261784	0.372589	-0.312209	-0.543833
26.849957	0.261784	0.372589	-0.322282	-0.543833
26.859339	0.261784	0.372589	-0.332355	-0.543833
26.868719	0.271857	0.372589	-0.342429	-0.553906
26.878099	0.271857	0.372589	-0.332355	-0.553906
26.887480	0.271857	0.382662	-0.322282	-0.543833
26.896862	0.271857	0.382662	-0.332355	-0.543833
26.906242	0.261784	0.372589	-0.332355	-0.543833
26.915623	0.251770	0.372589	-0.332355	-0.553906
26.925003	0.261784	0.372589	-0.322282	-0.553906
26.934383	0.261784	0.372589	-0.322282	-0.543833
26.943766	0.261784	0.372589	-0.322282	-0.543833
26.953146	0.261784	0.372589	-0.322282	-0.543833
26.962526	0.271857	0.372589	-0.312209	-0.553906
26.971907	0.271857	0.382662	-0.312209	-0.553906
26.981289	0.271857	0.392735	-0.322282	-0.543833
26.990669	0.271857	0.392735	-0.322282	-0.543833
27.000050	0.271857	0.392735	-0.322282	-0.553906
27.009430	0.271857	0.392735	-0.312209	-0.553906
27.018810	0.271857	0.392735	-0.302136	-0.543833
27.028193	0.261784	0.392735	-0.322282	-0.543833
27.037573	0.261784	0.382662	-0.332355	-0.533760
27.046953	0.261784	0.382662	-0.342429	-0.543833
27.056334	0.271857	0.382662	-0.332355	-0.543833
27.065716	0.271857	0.392735	-0.332355	-0.533760
27.075096	0.281930	0.392735	-0.342429	-0.533760
27.084476	0.281930	0.392735	-0.342429	-0.533760
27.093857	0.281930	0.392735	-0.342429	-0.543833
27.103237	0.281930	0.392735	-0.332355	-0.543833
27.112619	0.281930	0.402808	-0.322282	-0.543833
27.122000	0.281930	0.412881	-0.332355	-0.533760
27.131380	0.271857	0.412881	-0.332355	-0.543833
27.140760	0.281930	0.412881	-0.332355	-0.543833
27.150143	0.281930	0.412881	-0.332355	-0.543833
27.159523	0.281930	0.402808	-0.342429	-0.543833
27.168903	0.281930	0.402808	-0.352502	-0.553906
27.178284	0.281930	0.392735	-0.352502	-0.563979
27.187664	0.281930	0.392735	-0.342429	-0.553906
27.197046	0.281930	0.402808	-0.332355	-0.543833
27.206427	0.281930	0.402808	-0.342429	-0.543833
27.215807	0.281930	0.402808	-0.352502	-0.543833
27.225187	0.281930	0.402808	-0.362575	-0.553906
27.234570	0.292003	0.412881	-0.352502	-0.553906
27.243950	0.292003	0.412881	-0.352502	-0.543833
27.253330	0.292003	0.412881	-0.352502	-0.543833
27.262711	0.292003	0.412881	-0.352502	-0.553906
27.272093	0.302076	0.402808	-0.352502	-0.553906
27.281473	0.302076	0.402808	-0.342429	-0.553906
27.290854	0.312150	0.402808	-0.352502	-0.553906
27.300234	0.312150	0.412881	-0.362575	-0.553906
27.309614	0.312150	0.412881	-0.362575	-0.563979
27.318996	0.312150	0.412881	-0.352502	-0.553906
27.328377	0.312150	0.412881	-0.352502	-0.553906
27.337757	0.302076	0.422955	-0.362575	-0.553906
27.347137	0.302076	0.412881	-0.362575	-0.563979
27.356520	0.312150	0.412881	-0.352502	-0.563979
27.365900	0.312150	0.422955	-0.342429	-0.553906
27.375280	0.322223	0.422955	-0.342429	-0.553906
27.384661	0.312150	0.433028	-0.352502	-0.553906
27.394041	0.312150	0.433028	-0.362575	-0.553906
27.403423	0.312150	0.443101	-0.362575	-0.553906
27.412804	0.322223	0.433028	-0.352502	-0.553906
27.422184	0.322223	0.433028	-0.352502	-0.543833
27.431564	0.322223	0.433028	-0.362575	-0.543833
27.440947	0.322223	0.433028	-0.372648	-0.553906
27.450327	0.332296	0.433028	-0.372648	-0.563979
27.459707	0.332296	0.443101	-0.362575	-0.563979
27.469088	0.332296	0.453174	-0.372648	-0.563979
27.478468	0.332296	0.453174	-0.382721	-0.563979
27.487850	0.332296	0.453174	-0.382721	-0.563979
27.497231	0.342369	0.453174	-0.372648	-0.553906
27.506611	0.342369	0.453174	-0.372648	-0.553906
27.515991	0.332296	0.453174	-0.372648	-0.563979
27.525373	0.332296	0.443101	-0.382721	-0.563979
27.534754	0.332296	0.453174	-0.372648	-0.574052
27.544134	0.342369	0.453174	-0.362575	-0.563979
27.553514	0.342369	0.453174	-0.372648	-0.574052
27.562895	0.342369	0.453174	-0.372648	-0.574052
27.572277	0.352442	0.453174	-0.372648	-0.574052
27.581657	0.362515	0.453174	-0.362575	-0.563979
27.591038	0.362515	0.463247	-0.352502	-0.563979
27.600418	0.362515	0.463247	-0.362575	-0.563979
27.609800	0.362515	0.463247	-0.372648	-0.574052
27.619181	0.362515	0.463247	-0.382721	-0.563979
27.628561	0.362515	0.473320	-0.382721	-0.553906
27.637941	0.362515	0.473320	-0.382721	-0.553906
27.647324	0.362515	0.463247	-0.392795	-0.553906
27.656704	0.362515	0.463247	-0.392795	-0.563979
27.666084	0.362515	0.463247	-0.392795	-0.563979
27.675465	0.372589	0.473320	-0.392795	-0.563979
27.684845	0.372589	0.473320	-0.402868	-0.563979
27.694227	0.382662	0.473320	-0.412941	-0.584126
27.703608	0.382662	0.473320	-0.412941	-0.584126
27.712988	0.382662	0.483394	-0.402868	-0.574052
27.722368	0.382662	0.483394	-0.402868	-0.553906
27.731750	0.382662	0.483394	-0.402868	-0.553906
27.741131	0.382662	0.493467	-0.412941	-0.574052
27.750511	0.392735	0.493467	-0.412941	-0.574052
27.759892	0.392735	0.493467	-0.402868	-0.574052
27.769272	0.392735	0.493467	-0.392795	-0.574052
27.778654	0.392735	0.503540	-0.392795	-0.584126
27.788034	0.392735	0.493467	-0.402868	-0.594199
27.797415	0.392735	0.503540	-0.392795	-0.594199
27.806795	0.392735	0.503540	-0.392795	-0.584126
27.816177	0.392735	0.503540	-0.402868	-0.584126
27.825558	0.392735	0.513613	-0.412941	-0.594199
27.834938	0.392735	0.513613	-0.423014	-0.594199
27.844318	0.392735	0.513613	-0.412941	-0.584126
27.853699	0.392735	0.523627	-0.412941	-0.574052
27.863081	0.402808	0.523627	-0.412941	-0.574052
27.872461	0.402808	0.523627	-0.423014	-0.584126
27.881842	0.412881	0.533700	-0.423014	-0.584126
27.891222	0.422955	0.533700	-0.412941	-0.574052
27.900604	0.422955	0.533700	-0.412941	-0.563979
27.909985	0.422955	0.523627	-0.412941	-0.574052
27.919365	0.422955	0.523627	-0.423014	-0.584126
27.928745	0.433028	0.533700	-0.412941	-0.574052
27.938128	0.433028	0.533700	-0.412941	-0.574052
27.947508	0.433028	0.533700	-0.412941	-0.584126
27.956888	0.433028	0.533700	-0.412941	-0.594199
27.966269	0.433028	0.533700	-0.412941	-0.594199
27.975649	0.443101	0.543773	-0.402868	-0.584126
27.985031	0.443101	0.553846	-0.412941	-0.584126
27.994411	0.443101	0.553846	-0.412941	-0.594199
28.003792	0.443101	0.553846	-0.412941	-0.594199
28.013172	0.443101	0.553846	-0.402868	-0.594199
28.022554	0.443101	0.553846	-0.402868	-0.584126
28.031935	0.443101	0.543773	-0.402868	-0.574052
28.041315	0.443101	0.543773	-0.412941	-0.594199
28.050695	0.443101	0.543773	-0.412941	-0.594199
28.060076	0.443101	0.553846	-0.412941	-0.594199
28.069458	0.453174	0.563920	-0.412941	-0.594199
28.078838	0.453174	0.563920	-0.412941	-0.604272
28.088219	0.453174	0.573993	-0.423014	-0.614345
28.097599	0.463247	0.573993	-0.412941	-0.614345
28.106981	0.463247	0.584066	-0.412941	-0.604272
28.116362	0.463247	0.584066	-0.423014	-0.594199
28.125742	0.463247	0.594139	-0.433087	-0.604272
28.135122	0.463247	0.594139	-0.433087	-0.604272
28.144503	0.473320	0.594139	-0.423014	-0.614345
28.153885	0.473320	0.604212	-0.433087	-0.604272
28.163265	0.473320	0.614285	-0.443161	-0.604272
28.172646	0.473320	0.614285	-0.453234	-0.604272
28.182026	0.483394	0.614285	-0.453234	-0.614345
28.191408	0.493467	0.604212	-0.443161	-0.604272
28.200788	0.493467	0.604212	-0.433087	-0.604272
28.210169	0.503540	0.604212	-0.443161	-0.604272
28.219549	0.503540	0.604212	-0.443161	-0.604272
28.228930	0.503540	0.604212	-0.433087	-0.604272
28.238312	0.503540	0.614285	-0.433087	-0.604272
28.247692	0.503540	0.614285	-0.433087	-0.604272
28.257072	0.503540	0.624359	-0.443161	-0.614345
28.266453	0.513613	0.634432	-0.443161	-0.624418
28.275835	0.523627	0.634432	-0.443161	-0.624418
28.285215	0.533700	0.644505	-0.433087	-0.614345
28.294596	0.533700	0.644505	-0.443161	-0.614345
28.303976	0.533700	0.644505	-0.463307	-0.624418
28.313358	0.533700	0.644505	-0.463307	-0.624418
28.322739	0.543773	0.654578	-0.463307	-0.614345
28.332119	0.543773	0.654578	-0.463307	-0.614345
28.341499	0.543773	0.664651	-0.473380	-0.624418
28.350880	0.553846	0.664651	-0.483453	-0.634491
28.360262	0.563920	0.674725	-0.483453	-0.624418
28.369642	0.573993	0.674725	-0.473380	-0.624418
28.379023	0.573993	0.674725	-0.473380	-0.624418
28.388403	0.573993	0.684798	-0.483453	-0.634491
28.397785	0.573993	0.684798	-0.483453	-0.634491
28.407166	0.573993	0.694871	-0.473380	-0.634491
28.416546	0.584066	0.704944	-0.473380	-0.624418
28.425926	0.594139	0.715017	-0.473380	-0.624418
28.435307	0.594139	0.715017	-0.483453	-0.624418
28.444689	0.604212	0.715017	-0.493526	-0.624418
28.454069	0.604212	0.725091	-0.483453	-0.614345
28.463449	0.614285	0.725091	-0.483453	-0.624418
28.472830	0.614285	0.735164	-0.493526	-0.634491
28.482212	0.614285	0.745237	-0.493526	-0.634491
28.491592	0.624359	0.745237	-0.483453	-0.624418
28.500973	0.624359	0.745237	-0.473380	-0.624418
28.510353	0.634432	0.755310	-0.473380	-0.634491
28.519733	0.634432	0.755310	-0.493526	-0.644565
28.529116	0.644505	0.765383	-0.503600	-0.644565
28.538496	0.644505	0.775397	-0.493526	-0.634491
28.547876	0.654578	0.775397	-0.493526	-0.644565
28.557257	0.664651	0.785470	-0.493526	-0.644565
28.566639	0.664651	0.795543	-0.503600	-0.654638
28.576019	0.664651	0.805616	-0.503600	-0.654638
28.585400	0.664651	0.815690	-0.503600	-0.654638
28.594780	0.674725	0.825763	-0.503600	-0.654638
28.604160	0.674725	0.835836	-0.523686	-0.654638
28.613543	0.684798	0.845909	-0.523686	-0.654638
28.622923	0.694871	0.855982	-0.523686	-0.654638
28.632303	0.694871	0.855982	-0.513673	-0.654638
28.641684	0.704944	0.866055	-0.523686	-0.654638
28.651066	0.704944	0.876129	-0.533760	-0.664711
28.660446	0.704944	0.896275	-0.533760	-0.664711
28.669827	0.715017	0.906348	-0.523686	-0.674784
28.679207	0.725091	0.906348	-0.523686	-0.674784
28.688589	0.735164	0.916421	-0.523686	-0.684857
28.697969	0.745237	0.916421	-0.533760	-0.694931
28.707350	0.755310	0.926495	-0.523686	-0.694931
28.716730	0.765383	0.936568	-0.523686	-0.694931
28.726110	0.775397	0.946641	-0.533760	-0.705004
28.735493	0.775397	0.956714	-0.543833	-0.715077
28.744873	0.785470	0.966787	-0.553906	-0.715077
28.754253	0.795543	0.986934	-0.553906	-0.715077
28.763634	0.805616	0.997007	-0.543833	-0.705004
28.773016	0.805616	1.017153	-0.553906	-0.715077
28.782396	0.815690	1.027226	-0.563979	-0.725150
28.791777	0.825763	1.047313	-0.563979	-0.735223
28.801157	0.845909	1.057386	-0.553906	-0.735223
28.810537	0.855982	1.077533	-0.553906	-0.735223
28.819920	0.876129	1.087606	-0.574052	-0.745296
28.829300	0.886202	1.107752	-0.584126	-0.745296
28.838680	0.896275	1.127899	-0.584126	-0.745296
28.848061	0.906348	1.137972	-0.584126	-0.755370
28.857443	0.916421	1.158118	-0.584126	-0.765443
28.866823	0.926495	1.168191	-0.594199	-0.765443
28.876204	0.936568	1.188338	-0.604272	-0.765443
28.885584	0.956714	1.208484	-0.594199	-0.755370
28.894964	0.976861	1.238704	-0.594199	-0.765443
28.904346	0.997007	1.258850	-0.594199	-0.775456
28.913727	1.007080	1.278996	-0.614345	-0.785530
28.923107	1.017153	1.309156	-0.614345	-0.785530
28.932487	1.037240	1.339376	-0.614345	-0.785530
28.941870	1.057386	1.359522	-0.624418	-0.795603
28.951250	1.077533	1.389742	-0.634491	-0.805676
28.960630	1.097679	1.409888	-0.644565	-0.815749
28.970011	1.117826	1.440108	-0.644565	-0.825822
28.979391	1.148045	1.470327	-0.644565	-0.825822
28.988773	1.168191	1.500547	-0.644565	-0.845969
28.998154	1.188338	1.540840	-0.654638	-0.856042
29.007534	1.208484	1.581073	-0.664711	-0.866115
29.016914	1.228631	1.621366	-0.664711	-0.876188
29.026297	1.258850	1.661658	-0.664711	-0.886261
29.035677	1.278996	1.712024	-0.674784	-0.906408
29.045057	1.299083	1.762390	-0.684857	-0.916481
29.054438	1.319230	1.812696	-0.694931	-0.926554
29.063820	1.349449	1.873136	-0.694931	-0.936627
29.073200	1.379669	1.933575	-0.705004	-0.956774
29.082581	1.399815	2.004087	-0.725150	-0.966847
29.091961	1.440108	2.084613	-0.735223	-0.976920
29.101341	1.470327	2.155125	-0.735223	-0.986993
29.110723	1.520693	2.245784	-0.745296	-1.017213
29.120104	1.560926	2.356529	-0.755370	-1.057446
29.129484	1.601219	2.467334	-0.775456	-1.077592
29.138865	1.651585	2.588153	-0.785530	-1.107812
29.148247	1.701951	2.719104	-0.785530	-1.148105
29.157627	1.762390	2.860069	-0.805676	-1.188397
29.167007	1.822770	3.031313	-0.825822	-1.238763
29.176388	1.883209	3.212571	-0.856042	-1.268983
29.185768	1.953721	3.424048	-0.856042	-1.309216
29.195150	2.024233	3.655672	-0.866115	-1.369655
29.204531	2.104759	3.988028	-0.886261	-1.460314
29.213911	2.195418	4.290164	-0.916481	-1.530826
29.223291	2.286077	4.632592	-0.936627	-1.611352
29.232674	2.396822	5.015254	-0.946701	-1.712084
29.242054	2.507627	5.428135	-0.976920	-1.832902
29.251434	2.638519	5.871296	-1.017213	-1.963854
29.260815	2.779543	6.344616	-1.067519	-2.094746
29.270195	2.940655	6.848156	-1.097739	-2.235770
29.279577	3.131986	7.361770	-1.117885	-2.386808
29.288958	3.333449	7.865310	-1.158178	-2.547979
29.298338	3.565073	8.378923	-1.218617	-2.719164
29.307718	3.816843	8.872390	-1.279056	-2.870202
29.317101	4.118979	9.345711	-1.329362	-3.011227
29.326481	4.451275	9.778797	-1.379728	-3.162265
29.335861	4.833996	10.171533	-1.450241	-3.313363
29.345242	5.256951	10.493814	-1.540899	-3.464401
29.354624	5.710125	10.745584	-1.631498	-3.585279
29.364004	6.193519	10.926843	-1.712084	-3.706098
29.373384	6.697118	11.017502	-1.802742	-3.826976
29.382765	7.220745	11.007428	-1.903415	-3.937721
29.392145	7.744431	10.886550	-2.014220	-4.008234
29.401527	8.278191	10.654926	-2.124965	-4.038453
29.410908	8.791804	10.282337	-2.225697	-4.018307
29.420288	9.275257	9.758652	-2.326369	-3.947794
29.429668	9.728432	9.114086	-2.437174	-3.826976
29.439051	10.131240	8.187592	-2.537906	-3.575206
29.448431	10.493814	7.412136	-2.628505	-3.313363
29.457811	10.795951	6.646752	-2.719164	-3.041446
29.467192	11.037647	5.941749	-2.829969	-2.779603
29.476572	11.188686	5.347610	-2.930641	-2.527833
29.485954	11.249125	4.854143	-3.031373	-2.286136
29.495335	11.188686	4.451275	-3.101826	-2.084672
29.504715	10.987282	4.118979	-3.162265	-1.933634
29.514095	10.624706	3.836989	-3.192484	-1.812756
29.523478	10.101021	3.605366	-3.182411	-1.691937
29.532858	9.446442	3.393829	-3.132045	-1.591206
29.542238	8.691132	3.212571	-3.041446	-1.510680
29.551619	7.895529	3.041387	-2.910495	-1.440167
29.560999	7.120073	2.890289	-2.759457	-1.389802
29.570381	6.394982	2.759397	-2.588212	-1.329362
29.579762	5.760491	2.648592	-2.396882	-1.279056
29.589142	5.216658	2.527773	-2.205551	-1.248837
29.598522	4.743338	2.427042	-2.044439	-1.208544
29.607904	4.340529	2.336383	-1.903415	-1.178324
29.617285	4.008174	2.255857	-1.772523	-1.138031
29.626665	3.736258	2.175272	-1.651645	-1.107812
29.636045	3.494561	2.104759	-1.550913	-1.087666
29.645426	3.283083	2.034307	-1.460314	-1.067519
29.654808	3.101766	1.973867	-1.389802	-1.047373
29.664188	2.940655	1.913428	-1.329362	-1.027286
29.673569	2.789617	1.852989	-1.268983	-1.007140
29.682949	2.658665	1.802683	-1.218617	-0.997066
29.692331	2.537847	1.752317	-1.178324	-0.986993
29.701712	2.437115	1.712024	-1.148105	-0.966847
29.711092	2.346456	1.671731	-1.097739	-0.946701
29.720472	2.255857	1.631439	-1.057446	-0.936627
29.729855	2.175272	1.581073	-1.027286	-0.916481
29.739235	2.094686	1.550853	-1.007140	-0.896335
29.748615	2.024233	1.520693	-0.976920	-0.876188
29.757996	1.953721	1.490474	-0.946701	-0.866115
29.767376	1.883209	1.450181	-0.926554	-0.856042
29.776758	1.822770	1.419961	-0.916481	-0.845969
29.786139	1.772463	1.389742	-0.906408	-0.835896
29.795519	1.722097	1.359522	-0.886261	-0.825822
29.804899	1.671731	1.339376	-0.856042	-0.825822
29.814281	1.631439	1.309156	-0.845969	-0.815749
29.823662	1.591146	1.289070	-0.845969	-0.805676
29.833042	1.560926	1.268923	-0.835896	-0.795603
29.842422	1.530766	1.248777	-0.815749	-0.785530
29.851803	1.490474	1.228631	-0.795603	-0.775456
29.861185	1.450181	1.198411	-0.795603	-0.775456
29.870565	1.419961	1.178265	-0.805676	-0.765443
29.879946	1.389742	1.168191	-0.795603	-0.755370
29.889326	1.359522	1.148045	-0.785530	-0.755370
29.898708	1.339376	1.127899	-0.775456	-0.765443
29.908089	1.309156	1.107752	-0.765443	-0.765443
29.917469	1.278996	1.087606	-0.765443	-0.755370
29.926849	1.248777	1.077533	-0.735223	-0.745296
29.936230	1.228631	1.067460	-0.715077	-0.745296
29.945612	1.208484	1.047313	-0.715077	-0.745296
29.954992	1.178265	1.027226	-0.715077	-0.745296
29.964373	1.158118	1.017153	-0.715077	-0.735223
29.973753	1.137972	1.007080	-0.705004	-0.715077
29.983135	1.117826	0.986934	-0.694931	-0.715077
29.992516	1.097679	0.976861	-0.694931	-0.715077
30.001896	1.077533	0.966787	-0.694931	-0.715077
30.011276	1.057386	0.946641	-0.684857	-0.705004
30.020657	1.047313	0.936568	-0.664711	-0.694931
30.030039	1.027226	0.926495	-0.654638	-0.694931
30.039419	1.017153	0.916421	-0.664711	-0.694931
30.048800	1.007080	0.906348	-0.664711	-0.684857
30.058180	0.986934	0.896275	-0.644565	-0.674784
30.067562	0.976861	0.896275	-0.634491	-0.664711
30.076942	0.956714	0.886202	-0.634491	-0.674784
30.086323	0.936568	0.886202	-0.634491	-0.684857
30.095703	0.926495	0.876129	-0.634491	-0.684857
30.105085	0.926495	0.866055	-0.624418	-0.674784
30.114466	0.916421	0.855982	-0.614345	-0.674784
30.123846	0.906348	0.845909	-0.624418	-0.684857
30.133226	0.886202	0.835836	-0.624418	-0.674784
30.142607	0.876129	0.825763	-0.624418	-0.664711
30.151989	0.866055	0.815690	-0.614345	-0.654638
30.161369	0.855982	0.805616	-0.614345	-0.654638
30.170750	0.845909	0.805616	-0.624418	-0.654638
30.180130	0.835836	0.795543	-0.614345	-0.644565
30.189512	0.825763	0.785470	-0.604272	-0.634491
30.198893	0.825763	0.775397	-0.594199	-0.644565
30.208273	0.805616	0.755310	-0.604272	-0.654638
30.217653	0.795543	0.755310	-0.614345	-0.654638
30.227034	0.785470	0.755310	-0.614345	-0.644565
30.236416	0.785470	0.745237	-0.594199	-0.644565
30.245796	0.775397	0.735164	-0.574052	-0.644565
30.255177	0.765383	0.725091	-0.584126	-0.644565
30.264557	0.755310	0.725091	-0.584126	-0.644565
30.273939	0.755310	0.725091	-0.584126	-0.624418
30.283319	0.755310	0.715017	-0.563979	-0.614345
30.292700	0.745237	0.704944	-0.563979	-0.614345
30.302080	0.745237	0.704944	-0.584126	-0.624418
30.311460	0.735164	0.704944	-0.584126	-0.614345
30.320843	0.725091	0.694871	-0.563979	-0.614345
30.330223	0.715017	0.694871	-0.553906	-0.624418
30.339603	0.715017	0.684798	-0.563979	-0.624418
30.348984	0.704944	0.674725	-0.584126	-0.624418
30.358366	0.704944	0.674725	-0.584126	-0.604272
30.367746	0.704944	0.664651	-0.574052	-0.594199
30.377127	0.694871	0.664651	-0.563979	-0.594199
30.386507	0.684798	0.654578	-0.574052	-0.604272
30.395887	0.664651	0.644505	-0.584126	-0.604272
30.405270	0.654578	0.644505	-0.584126	-0.604272
30.414650	0.654578	0.644505	-0.574052	-0.594199
30.424030	0.654578	0.634432	-0.563979	-0.604272
30.433411	0.644505	0.624359	-0.574052	-0.604272
30.442793	0.644505	0.624359	-0.584126	-0.594199
30.452173	0.634432	0.614285	-0.563979	-0.594199
30.461554	0.634432	0.614285	-0.543833	-0.594199
30.470934	0.634432	0.614285	-0.543833	-0.594199
30.480316	0.624359	0.604212	-0.553906	-0.594199
30.489697	0.624359	0.604212	-0.553906	-0.584126
30.499077	0.624359	0.604212	-0.533760	-0.574052
30.508457	0.624359	0.594139	-0.523686	-0.574052
30.517838	0.614285	0.594139	-0.523686	-0.584126
30.527220	0.604212	0.584066	-0.543833	-0.584126
30.536600	0.604212	0.584066	-0.543833	-0.574052
30.545980	0.594139	0.584066	-0.533760	-0.574052
30.555361	0.594139	0.584066	-0.523686	-0.574052
30.564743	0.584066	0.573993	-0.533760	-0.584126
30.574123	0.584066	0.563920	-0.543833	-0.584126
30.583504	0.584066	0.563920	-0.533760	-0.574052
30.592884	0.573993	0.563920	-0.523686	-0.584126
30.602264	0.573993	0.563920	-0.523686	-0.584126
30.611647	0.563920	0.563920	-0.533760	-0.594199
30.621027	0.563920	0.563920	-0.533760	-0.584126
30.630407	0.563920	0.563920	-0.533760	-0.574052
30.639788	0.553846	0.563920	-0.523686	-0.584126
30.649170	0.553846	0.553846	-0.523686	-0.594199
30.658550	0.543773	0.553846	-0.523686	-0.584126
30.667931	0.543773	0.553846	-0.513673	-0.574052
30.677311	0.543773	0.543773	-0.513673	-0.563979
30.686691	0.543773	0.543773	-0.503600	-0.574052
30.696074	0.543773	0.533700	-0.503600	-0.584126
30.705454	0.543773	0.533700	-0.503600	-0.574052
30.714834	0.533700	0.523627	-0.513673	-0.563979
30.724215	0.523627	0.523627	-0.513673	-0.563979
30.733597	0.523627	0.523627	-0.523686	-0.563979
30.742977	0.523627	0.523627	-0.523686	-0.563979
30.752357	0.523627	0.523627	-0.523686	-0.553906
30.761738	0.523627	0.523627	-0.523686	-0.543833
30.771120	0.523627	0.523627	-0.513673	-0.553906
30.780500	0.523627	0.523627	-0.523686	-0.553906
30.789881	0.523627	0.523627	-0.523686	-0.543833
30.799261	0.513613	0.523627	-0.513673	-0.533760
30.808641	0.513613	0.513613	-0.503600	-0.543833
30.818024	0.513613	0.503540	-0.513673	-0.553906
30.827404	0.513613	0.493467	-0.513673	-0.553906
30.836784	0.503540	0.493467	-0.513673	-0.543833
30.846165	0.503540	0.493467	-0.503600	-0.533760
30.855547	0.503540	0.483394	-0.503600	-0.533760
30.864927	0.493467	0.483394	-0.513673	-0.553906
30.874308	0.483394	0.483394	-0.513673	-0.553906
30.883688	0.483394	0.483394	-0.513673	-0.553906
30.893068	0.483394	0.493467	-0.513673	-0.543833
30.902451	0.483394	0.483394	-0.513673	-0.543833
30.911831	0.473320	0.483394	-0.513673	-0.543833
30.921211	0.473320	0.483394	-0.503600	-0.543833
30.930592	0.473320	0.483394	-0.493526	-0.533760
30.939974	0.473320	0.473320	-0.493526	-0.533760
30.949354	0.473320	0.473320	-0.503600	-0.543833
30.958735	0.473320	0.463247	-0.513673	-0.543833
30.968115	0.473320	0.463247	-0.513673	-0.543833
30.977495	0.473320	0.473320	-0.513673	-0.533760
30.986877	0.463247	0.473320	-0.513673	-0.543833
30.996258	0.453174	0.463247	-0.523686	-0.553906
31.005638	0.453174	0.463247	-0.523686	-0.553906
31.015018	0.443101	0.463247	-0.513673	-0.553906
31.024401	0.443101	0.463247	-0.503600	-0.543833
31.033781	0.443101	0.463247	-0.503600	-0.543833
31.043161	0.443101	0.453174	-0.513673	-0.553906
31.052542	0.443101	0.453174	-0.503600	-0.543833
31.061922	0.443101	0.453174	-0.503600	-0.543833
31.071304	0.443101	0.443101	-0.503600	-0.533760
31.080685	0.443101	0.443101	-0.503600	-0.543833
31.090065	0.443101	0.433028	-0.503600	-0.543833
31.099445	0.443101	0.433028	-0.493526	-0.543833
31.108828	0.433028	0.443101	-0.493526	-0.533760
31.118208	0.433028	0.433028	-0.503600	-0.533760
31.127588	0.433028	0.433028	-0.513673	-0.533760
31.136969	0.433028	0.433028	-0.503600	-0.533760
31.146351	0.433028	0.433028	-0.503600	-0.523686
31.155731	0.433028	0.433028	-0.503600	-0.513673
31.165112	0.433028	0.433028	-0.503600	-0.523686
31.174492	0.433028	0.433028	-0.503600	-0.523686
31.183872	0.433028	0.422955	-0.493526	-0.513673
31.193254	0.433028	0.422955	-0.493526	-0.503600
31.202635	0.433028	0.422955	-0.503600	-0.503600
31.212015	0.433028	0.422955	-0.503600	-0.513673
31.221395	0.422955	0.412881	-0.503600	-0.523686
31.230778	0.422955	0.412881	-0.493526	-0.523686
31.240158	0.422955	0.412881	-0.493526	-0.513673
31.249538	0.422955	0.412881	-0.493526	-0.513673
31.258919	0.412881	0.412881	-0.503600	-0.513673
31.268299	0.412881	0.412881	-0.493526	-0.513673
31.277681	0.412881	0.422955	-0.493526	-0.503600
31.287062	0.402808	0.412881	-0.503600	-0.503600
31.296442	0.402808	0.402808	-0.513673	-0.513673
31.305822	0.402808	0.402808	-0.513673	-0.523686
31.315205	0.402808	0.392735	-0.503600	-0.523686
31.324585	0.412881	0.392735	-0.493526	-0.513673
31.333965	0.412881	0.392735	-0.503600	-0.513673
31.343346	0.412881	0.392735	-0.513673	-0.513673
31.352726	0.412881	0.392735	-0.503600	-0.513673
31.362108	0.412881	0.402808	-0.503600	-0.513673
31.371489	0.412881	0.402808	-0.503600	-0.513673
31.380869	0.402808	0.402808	-0.513673	-0.523686
31.390249	0.402808	0.402808	-0.513673	-0.523686
31.399632	0.402808	0.402808	-0.493526	-0.513673
31.409012	0.402808	0.402808	-0.483453	-0.503600
31.418392	0.402808	0.402808	-0.493526	-0.513673
31.427773	0.392735	0.402808	-0.513673	-0.513673
31.437153	0.392735	0.392735	-0.523686	-0.513673
31.446535	0.392735	0.392735	-0.513673	-0.503600
31.455915	0.392735	0.392735	-0.503600	-0.503600
31.465296	0.392735	0.382662	-0.503600	-0.513673
31.474676	0.392735	0.382662	-0.503600	-0.513673
31.484058	0.392735	0.382662	-0.503600	-0.513673
31.493439	0.382662	0.382662	-0.483453	-0.493526
31.502819	0.382662	0.382662	-0.483453	-0.493526
31.512199	0.382662	0.382662	-0.493526	-0.493526
31.521582	0.382662	0.372589	-0.503600	-0.493526
31.530962	0.382662	0.372589	-0.483453	-0.493526
31.540342	0.382662	0.372589	-0.473380	-0.493526
31.549723	0.382662	0.372589	-0.483453	-0.503600
31.559103	0.382662	0.372589	-0.503600	-0.513673
31.568485	0.382662	0.372589	-0.493526	-0.523686
31.577866	0.382662	0.372589	-0.493526	-0.523686
31.587246	0.372589	0.372589	-0.493526	-0.523686
31.596626	0.372589	0.372589	-0.503600	-0.523686
31.606009	0.362515	0.372589	-0.513673	-0.523686
31.615389	0.362515	0.372589	-0.493526	-0.523686
31.624769	0.362515	0.372589	-0.483453	-0.513673
31.634150	0.372589	0.372589	-0.483453	-0.503600
31.643530	0.372589	0.372589	-0.493526	-0.513673
31.652912	0.372589	0.372589	-0.493526	-0.523686
31.662292	0.372589	0.372589	-0.483453	-0.513673
31.671673	0.372589	0.372589	-0.483453	-0.503600
31.681053	0.372589	0.372589	-0.493526	-0.503600
31.690435	0.362515	0.372589	-0.503600	-0.503600
31.699816	0.362515	0.362515	-0.503600	-0.493526
31.709196	0.372589	0.362515	-0.493526	-0.493526
31.718576	0.372589	0.362515	-0.493526	-0.493526
31.727957	0.372589	0.362515	-0.503600	-0.503600
31.737339	0.372589	0.362515	-0.503600	-0.513673
31.746719	0.372589	0.362515	-0.493526	-0.513673
31.756100	0.372589	0.362515	-0.483453	-0.503600
31.765480	0.362515	0.362515	-0.483453	-0.503600
31.774862	0.352442	0.362515	-0.493526	-0.503600
31.784243	0.352442	0.362515	-0.503600	-0.503600
31.793623	0.352442	0.362515	-0.493526	-0.503600
31.803003	0.362515	0.362515	-0.493526	-0.503600
31.812384	0.352442	0.362515	-0.503600	-0.503600
31.821766	0.352442	0.362515	-0.513673	-0.513673
31.831146	0.352442	0.362515	-0.503600	-0.523686
31.840527	0.352442	0.362515	-0.493526	-0.513673
31.849907	0.352442	0.362515	-0.493526	-0.503600
31.859289	0.352442	0.362515	-0.503600	-0.503600
31.868670	0.352442	0.352442	-0.503600	-0.503600
31.878050	0.352442	0.362515	-0.493526	-0.503600
31.887430	0.362515	0.362515	-0.493526	-0.503600
31.896812	0.362515	0.362515	-0.493526	-0.503600
31.906193	0.352442	0.352442	-0.503600	-0.503600
31.915573	0.352442	0.352442	-0.503600	-0.503600
31.924953	0.352442	0.342369	-0.503600	-0.493526
31.934334	0.352442	0.342369	-0.503600	-0.493526
31.943716	0.352442	0.342369	-0.503600	-0.503600
31.953096	0.352442	0.342369	-0.503600	-0.513673
31.962477	0.352442	0.342369	-0.503600	-0.513673
31.971857	0.352442	0.342369	-0.493526	-0.513673
31.981239	0.342369	0.342369	-0.493526	-0.513673
31.990620	0.342369	0.342369	-0.503600	-0.513673
