26.977619	0.167847	0.469923	1100.003052	1100.003052
27.008831	0.167847	0.503540	1100.003052	1100.003052
27.040041	0.167847	0.503540	1100.003052	1100.003052
27.071251	0.167847	0.503540	1100.003052	1100.003052
27.102463	0.201225	0.503540	1100.003052	1100.003052
27.133673	0.201225	0.503540	1100.003052	1100.003052
27.164883	0.201225	0.469923	1100.003052	1100.003052
27.196095	0.201225	0.469923	1100.003052	1100.003052
27.227304	0.201225	0.469923	1100.003052	1100.003052
27.258514	0.201225	0.469923	1100.003052	1100.003052
27.289726	0.201225	0.469923	1100.003052	1100.003052
27.320936	0.201225	0.503540	1100.003052	1100.003052
27.352146	0.167847	0.503540	1100.003052	1100.003052
27.383358	0.167847	0.503540	1100.003052	1100.003052
27.414568	0.167847	0.503540	1100.003052	1100.003052
27.445778	0.167847	0.469923	1100.003052	1100.003052
27.476990	0.134230	0.469923	1100.003052	1100.003052
27.508200	0.167847	0.436306	1100.003052	1100.003052
27.539410	0.167847	0.436306	1100.003052	1100.003052
27.570621	0.201225	0.436306	1100.003052	1100.003052
27.601831	0.201225	0.436306	1100.003052	1100.003052
27.633041	0.234842	0.436306	1100.003052	1100.003052
27.664253	0.234842	0.469923	1100.003052	1100.003052
27.695463	0.234842	0.436306	1100.003052	1100.003052
27.726673	0.234842	0.436306	1100.003052	1100.003052
27.757885	0.234842	0.436306	1100.003052	1100.003052
27.789095	0.234842	0.436306	1100.003052	1100.003052
27.820305	0.234842	0.436306	1100.003052	1100.003052
27.851517	0.201225	0.469923	1100.003052	1100.003052
27.882727	0.201225	0.469923	1100.003052	1100.003052
27.913937	0.201225	0.503540	1100.003052	1100.003052
27.945148	0.201225	0.503540	1100.003052	1100.003052
27.976358	0.201225	0.503540	1100.003052	1100.003052
28.007568	0.234842	0.503540	1100.003052	1100.003052
28.038780	0.234842	0.503540	1100.003052	1100.003052
28.069990	0.234842	0.503540	1100.003052	1100.003052
28.101200	0.268459	0.503540	1100.003052	1100.003052
28.132412	0.268459	0.503540	1100.003052	1100.003052
28.163622	0.268459	0.536919	1100.003052	1100.003052
28.194832	0.268459	0.536919	1100.003052	1100.003052
28.226044	0.268459	0.570536	1100.003052	1100.003052
28.257254	0.268459	0.536919	1100.003052	1100.003052
28.288464	0.268459	0.536919	1100.003052	1100.003052
28.319675	0.268459	0.536919	1100.003052	1100.003052
28.350885	0.268459	0.570536	1100.003052	1100.003052
28.382095	0.268459	0.570536	1100.003052	1100.003052
28.413307	0.268459	0.570536	1100.003052	1100.003052
28.444517	0.234842	0.604153	1100.003052	1100.003052
28.475727	0.234842	0.637770	1100.003052	1100.003052
28.506939	0.268459	0.637770	1100.003052	1100.003052
28.538149	0.268459	0.637770	1100.003052	1100.003052
28.569359	0.268459	0.637770	1100.003052	1100.003052
28.600571	0.302076	0.671387	1100.003052	1100.003052
28.631781	0.302076	0.704765	1100.003052	1100.003052
28.662991	0.302076	0.738382	1100.003052	1100.003052
28.694202	0.302076	0.771999	1100.003052	1100.003052
28.725412	0.302076	0.839233	1100.003052	1100.003052
28.756622	0.302076	0.939846	1100.003052	1100.003052
28.787834	0.302076	1.040459	1100.003052	1100.003052
28.819044	0.302076	1.174927	1100.003052	1100.003052
28.850254	0.268459	1.376152	1100.003052	1100.003052
28.881466	0.268459	1.577616	1100.003052	1100.003052
28.912676	0.302076	1.779079	1100.003052	1100.003052
28.943886	0.302076	1.980543	1100.003052	1100.003052
28.975098	0.335693	2.081156	1100.003052	1100.003052
29.006308	0.335693	2.047777	1100.003052	1100.003052
29.037518	0.335693	1.846313	1100.003052	1100.003052
29.068729	0.335693	1.510620	1100.003052	1100.003052
29.099939	0.335693	1.208305	1100.003052	1100.003052
29.131149	0.335693	1.040459	1100.003052	1100.003052
29.162361	0.302076	0.906229	1100.003052	1100.003052
29.193571	0.302076	0.839233	1100.003052	1100.003052
29.224781	0.268459	0.738382	1100.003052	1100.003052
29.255993	0.268459	0.704765	1100.003052	1100.003052
29.287203	0.302076	0.671387	1100.003052	1100.003052
29.318413	0.302076	0.637770	1100.003052	1100.003052
29.349625	0.335693	0.604153	1100.003052	1100.003052
29.380835	0.335693	0.604153	1100.003052	1100.003052
29.412045	0.335693	0.570536	1100.003052	1100.003052
29.443256	0.335693	0.570536	1100.003052	1100.003052
29.474466	0.335693	0.570536	1100.003052	1100.003052
29.505676	0.335693	0.570536	1100.003052	1100.003052
29.536888	0.335693	0.570536	1100.003052	1100.003052
29.568098	0.335693	0.570536	1100.003052	1100.003052
29.599308	0.369072	0.570536	1100.003052	1100.003052
29.630520	0.369072	0.536919	1100.003052	1100.003052
29.661730	0.402689	0.536919	1100.003052	1100.003052
29.692940	0.436306	0.536919	1100.003052	1100.003052
29.724152	0.436306	0.503540	1100.003052	1100.003052
29.755362	0.469923	0.503540	1100.003052	1100.003052
29.786572	0.469923	0.503540	1100.003052	1100.003052
29.817783	0.503540	0.503540	1100.003052	1100.003052
29.848993	0.536919	0.503540	1100.003052	1100.003052
29.880203	0.570536	0.503540	1100.003052	1100.003052
29.911415	0.637770	0.503540	1100.003052	1100.003052
29.942625	0.704765	0.503540	1100.003052	1100.003052
29.973835	0.771999	0.503540	1100.003052	1100.003052
30.005047	0.906229	0.503540	1100.003052	1100.003052
30.036257	1.174927	0.503540	1100.003052	1100.003052
30.067467	1.510620	0.469923	1100.003052	1100.003052
30.098679	1.879930	0.469923	1100.003052	1100.003052
30.129889	2.047777	0.469923	1100.003052	1100.003052
30.161098	2.014160	0.469923	1100.003052	1100.003052
30.192310	1.846313	0.469923	1100.003052	1100.003052
30.223520	1.611233	0.436306	1100.003052	1100.003052
30.254730	1.342773	0.436306	1100.003052	1100.003052
30.285942	1.141310	0.436306	1100.003052	1100.003052
30.317152	0.939846	0.436306	1100.003052	1100.003052
30.348362	0.805616	0.436306	1100.003052	1100.003052
30.379574	0.704765	0.436306	1100.003052	1100.003052
30.410784	0.637770	0.469923	1100.003052	1100.003052
30.441994	0.604153	0.469923	1100.003052	1100.003052
30.473206	0.570536	0.469923	1100.003052	1100.003052
30.504416	0.536919	0.469923	1100.003052	1100.003052
30.535625	0.503540	0.469923	1100.003052	1100.003052
30.566837	0.503540	0.436306	1100.003052	1100.003052
30.598047	0.469923	0.436306	1100.003052	1100.003052
30.629257	0.469923	0.436306	1100.003052	1100.003052
30.660469	0.469923	0.469923	1100.003052	1100.003052
30.691679	0.436306	0.469923	1100.003052	1100.003052
30.722889	0.436306	0.469923	1100.003052	1100.003052
30.754101	0.436306	0.436306	1100.003052	1100.003052
30.785311	0.402689	0.436306	1100.003052	1100.003052
30.816521	0.402689	0.469923	1100.003052	1100.003052
30.847733	0.402689	0.469923	1100.003052	1100.003052
30.878942	0.402689	0.469923	1100.003052	1100.003052
30.910152	0.402689	0.469923	1100.003052	1100.003052
30.941364	0.402689	0.469923	1100.003052	1100.003052
30.972574	0.402689	0.469923	1100.003052	1100.003052
31.003784	0.402689	0.469923	1100.003052	1100.003052
31.034996	0.402689	0.469923	1100.003052	1100.003052
31.066206	0.402689	0.469923	1100.003052	1100.003052
31.097416	0.402689	0.469923	1100.003052	1100.003052
31.128628	0.402689	0.436306	1100.003052	1100.003052
31.159838	0.369072	0.402689	1100.003052	1100.003052
31.191048	0.335693	0.402689	1100.003052	1100.003052
31.222260	0.335693	0.402689	1100.003052	1100.003052
31.253469	0.335693	0.402689	1100.003052	1100.003052
31.284679	0.335693	0.436306	1100.003052	1100.003052
31.315889	0.335693	0.436306	1100.003052	1100.003052
31.347101	0.335693	0.436306	1100.003052	1100.003052
31.378311	0.335693	0.402689	1100.003052	1100.003052
31.409521	0.369072	0.436306	1100.003052	1100.003052
31.440733	0.369072	0.436306	1100.003052	1100.003052
31.471943	0.369072	0.436306	1100.003052	1100.003052
31.503153	0.369072	0.436306	1100.003052	1100.003052
31.534365	0.369072	0.436306	1100.003052	1100.003052
31.565575	0.369072	0.436306	1100.003052	1100.003052
31.596785	0.369072	0.436306	1100.003052	1100.003052
31.627996	0.402689	0.436306	1100.003052	1100.003052
31.659206	0.402689	0.436306	1100.003052	1100.003052
31.690416	0.436306	0.436306	1100.003052	1100.003052
31.721628	0.436306	0.402689	1100.003052	1100.003052
31.752838	0.402689	0.402689	1100.003052	1100.003052
31.784048	0.402689	0.369072	1100.003052	1100.003052
31.815260	0.369072	0.369072	1100.003052	1100.003052
31.846470	0.369072	0.369072	1100.003052	1100.003052
31.877680	0.369072	0.369072	1100.003052	1100.003052
31.908892	0.369072	0.402689	1100.003052	1100.003052
31.940102	0.369072	0.402689	1100.003052	1100.003052
31.971312	0.369072	0.402689	1100.003052	1100.003052
32.002522	0.402689	0.402689	1100.003052	1100.003052
32.033733	0.402689	0.402689	1100.003052	1100.003052
32.064945	0.402689	0.402689	1100.003052	1100.003052
32.096153	0.402689	0.402689	1100.003052	1100.003052
32.127365	0.369072	0.402689	1100.003052	1100.003052
32.158577	0.369072	0.402689	1100.003052	1100.003052
32.189785	0.369072	0.402689	1100.003052	1100.003052
32.220997	0.335693	0.402689	1100.003052	1100.003052
32.252209	0.369072	0.402689	1100.003052	1100.003052
32.283417	0.369072	0.402689	1100.003052	1100.003052
32.314629	0.369072	0.402689	1100.003052	1100.003052
32.345840	0.402689	0.402689	1100.003052	1100.003052
32.377048	0.402689	0.369072	1100.003052	1100.003052
32.408260	0.402689	0.369072	1100.003052	1100.003052
32.439472	0.369072	0.369072	1100.003052	1100.003052
32.470680	0.369072	0.369072	1100.003052	1100.003052
32.501892	0.369072	0.369072	1100.003052	1100.003052
32.533104	0.369072	0.369072	1100.003052	1100.003052
32.564312	0.369072	0.369072	1100.003052	1100.003052
32.595524	0.369072	0.369072	1100.003052	1100.003052
32.626736	0.369072	0.369072	1100.003052	1100.003052
32.657944	0.369072	0.369072	1100.003052	1100.003052
32.689156	0.402689	0.369072	1100.003052	1100.003052
32.720367	0.402689	0.369072	1100.003052	1100.003052
32.751575	0.369072	0.369072	1100.003052	1100.003052
32.782787	0.369072	0.369072	1100.003052	1100.003052
32.813999	0.369072	0.369072	1100.003052	1100.003052
32.845207	0.369072	0.369072	1100.003052	1100.003052
32.876419	0.369072	0.369072	1100.003052	1100.003052
32.907631	0.369072	0.369072	1100.003052	1100.003052
32.938839	0.369072	0.369072	1100.003052	1100.003052
32.970051	0.369072	0.402689	1100.003052	1100.003052
33.001263	0.369072	0.402689	1100.003052	1100.003052
33.032471	0.369072	0.402689	1100.003052	1100.003052
33.063683	0.369072	0.369072	1100.003052	1100.003052
33.094894	0.369072	0.369072	1100.003052	1100.003052
33.126102	0.369072	0.335693	1100.003052	1100.003052
33.157314	0.335693	0.335693	1100.003052	1100.003052
33.188526	0.335693	0.369072	1100.003052	1100.003052
33.219734	0.335693	0.369072	1100.003052	1100.003052
33.250946	0.369072	0.402689	1100.003052	1100.003052
33.282158	0.369072	0.402689	1100.003052	1100.003052
33.313366	0.402689	0.402689	1100.003052	1100.003052
33.344578	0.402689	0.369072	1100.003052	1100.003052
33.375790	0.402689	0.369072	1100.003052	1100.003052
33.406998	0.402689	0.369072	1100.003052	1100.003052
33.438210	0.369072	0.335693	1100.003052	1100.003052
33.469421	0.369072	0.335693	1100.003052	1100.003052
33.500629	0.335693	0.335693	1100.003052	1100.003052
33.531841	0.335693	0.335693	1100.003052	1100.003052
33.563053	0.335693	0.335693	1100.003052	1100.003052
33.594261	0.369072	0.335693	1100.003052	1100.003052
33.625473	0.369072	0.335693	1100.003052	1100.003052
33.656685	0.369072	0.335693	1100.003052	1100.003052
33.687893	0.369072	0.302076	1100.003052	1100.003052
33.719105	0.369072	0.302076	1100.003052	1100.003052
33.750317	0.369072	0.302076	1100.003052	1100.003052
33.781525	0.369072	0.302076	1100.003052	1100.003052
33.812737	0.369072	0.302076	1100.003052	1100.003052
33.843948	0.369072	0.302076	1100.003052	1100.003052
33.875156	0.369072	0.335693	1100.003052	1100.003052
33.906368	0.369072	0.335693	1100.003052	1100.003052
33.937580	0.369072	0.335693	1100.003052	1100.003052
33.968788	0.369072	0.369072	1100.003052	1100.003052
