25.929359	0.201404	0.241697	-2.215624	-1.138031
25.938726	0.201404	0.231624	-2.255917	-0.956774
25.948095	0.201404	0.231624	-2.235770	-0.775456
25.957464	0.201404	0.221550	-2.165258	-0.624418
25.966831	0.201404	0.221550	-2.044439	-0.503600
25.976200	0.201404	0.221550	-1.873195	-0.423014
25.985569	0.191331	0.221550	-1.661718	-0.352502
25.994936	0.181258	0.211477	-1.409948	-0.302136
26.004305	0.161111	0.221550	-1.127958	-0.261843
26.013674	0.151038	0.211477	-0.825822	-0.221610
26.023043	0.151038	0.211477	-0.493526	-0.181317
26.032410	0.140965	0.211477	-0.151098	-0.151098
26.041779	0.130892	0.211477	0.191331	-0.130951
26.051147	0.130892	0.211477	0.503540	-0.120878
26.060514	0.130892	0.211477	0.775397	-0.141025
26.069883	0.130892	0.211477	0.986934	-0.201464
26.079252	0.130892	0.211477	1.107752	-0.292063
26.088619	0.130892	0.221550	1.158118	-0.423014
26.097988	0.130892	0.221550	1.107752	-0.604272
26.107357	0.140965	0.221550	0.956714	-0.825822
26.116724	0.140965	0.231624	0.715017	-1.057446
26.126093	0.151038	0.241697	0.382662	-1.299143
26.135462	0.161111	0.251770	-0.010073	-1.520753
26.144829	0.171185	0.261784	-0.423014	-1.742303
26.154198	0.191331	0.261784	-0.825822	-1.933634
26.163567	0.201404	0.271857	-1.208544	-2.094746
26.172934	0.201404	0.271857	-1.591206	-2.215624
26.182302	0.211477	0.271857	-1.963854	-2.276063
26.191671	0.221550	0.271857	-2.326369	-2.276063
26.201038	0.221550	0.271857	-2.658725	-2.225697
26.210407	0.231624	0.271857	-2.920568	-2.145112
26.219776	0.231624	0.271857	-3.111899	-2.034366
26.229143	0.241697	0.261784	-3.252923	-1.873195
26.238512	0.241697	0.261784	-3.343582	-1.671791
26.247881	0.241697	0.261784	-3.383815	-1.409948
26.257248	0.241697	0.251770	-3.343582	-1.107812
26.266617	0.241697	0.251770	-3.222704	-0.785530
26.275986	0.231624	0.241697	-3.001153	-0.453234
26.285353	0.231624	0.231624	-2.699018	-0.130951
26.294722	0.221550	0.221550	-2.356589	0.181258
26.304090	0.211477	0.211477	-1.994073	0.443101
26.313457	0.201404	0.211477	-1.621425	0.654578
26.322826	0.191331	0.211477	-1.248837	0.795543
26.332195	0.191331	0.201404	-0.856042	0.855982
26.341562	0.181258	0.201404	-0.463307	0.825763
26.350931	0.171185	0.201404	-0.100732	0.735164
26.360300	0.161111	0.201404	0.211477	0.594139
26.369667	0.151038	0.201404	0.453174	0.433028
26.379036	0.151038	0.211477	0.614285	0.271857
26.388405	0.151038	0.211477	0.684798	0.100672
26.397772	0.151038	0.221550	0.694871	-0.090659
26.407141	0.151038	0.231624	0.634432	-0.312209
26.416510	0.151038	0.241697	0.543773	-0.553906
26.425877	0.151038	0.251770	0.422955	-0.805676
26.435246	0.161111	0.261784	0.302076	-1.047373
26.444614	0.161111	0.261784	0.201404	-1.268983
26.453981	0.161111	0.271857	0.100672	-1.490533
26.463350	0.171185	0.271857	-0.030220	-1.681864
26.472719	0.171185	0.271857	-0.191391	-1.822829
26.482086	0.171185	0.271857	-0.412941	-1.883268
26.491455	0.181258	0.271857	-0.674784	-1.842976
26.500824	0.181258	0.271857	-0.956774	-1.722157
26.510193	0.191331	0.261784	-1.228690	-1.560986
26.519560	0.201404	0.251770	-1.480460	-1.409948
26.528929	0.211477	0.251770	-1.702011	-1.299143
26.538298	0.221550	0.251770	-1.873195	-1.248837
26.547665	0.231624	0.251770	-2.014220	-1.248837
26.557034	0.231624	0.251770	-2.094746	-1.299143
26.566402	0.241697	0.261784	-2.114892	-1.379728
26.575769	0.241697	0.261784	-2.094746	-1.450241
26.585138	0.241697	0.261784	-2.054513	-1.480460
26.594507	0.241697	0.261784	-2.024293	-1.460314
26.603874	0.241697	0.261784	-2.004147	-1.379728
26.613243	0.231624	0.261784	-1.973927	-1.238763
26.622612	0.221550	0.261784	-1.893342	-1.107812
26.631979	0.221550	0.251770	-1.772523	-1.037300
26.641348	0.211477	0.251770	-1.601279	-1.057446
26.650717	0.201404	0.261784	-1.420021	-1.188397
26.660084	0.191331	0.261784	-1.208544	-1.399875
26.669453	0.191331	0.271857	-0.966847	-1.651645
26.678822	0.191331	0.281930	-0.694931	-1.903415
26.688189	0.191331	0.292003	-0.412941	-2.114892
26.697557	0.191331	0.302076	-0.161171	-2.245843
26.706926	0.181258	0.302076	0.030160	-2.276063
26.716293	0.181258	0.302076	0.151038	-2.215624
26.725662	0.181258	0.292003	0.221550	-2.084672
26.735031	0.181258	0.292003	0.292003	-1.923561
26.744398	0.181258	0.281930	0.352442	-1.772523
26.753767	0.181258	0.271857	0.402808	-1.651645
26.763136	0.181258	0.261784	0.443101	-1.571059
26.772503	0.181258	0.261784	0.453174	-1.510680
26.781872	0.181258	0.261784	0.453174	-1.450241
26.791241	0.181258	0.261784	0.433028	-1.369655
26.800608	0.181258	0.251770	0.392735	-1.268983
26.809977	0.181258	0.251770	0.322223	-1.127958
26.819345	0.181258	0.241697	0.201404	-0.946701
26.828712	0.181258	0.241697	0.060380	-0.735223
26.838081	0.181258	0.231624	-0.080585	-0.513673
26.847450	0.191331	0.231624	-0.211537	-0.312209
26.856817	0.191331	0.231624	-0.332355	-0.171244
26.866186	0.191331	0.231624	-0.433087	-0.090659
26.875555	0.191331	0.231624	-0.533760	-0.070512
26.884922	0.201404	0.231624	-0.664711	-0.100732
26.894291	0.201404	0.231624	-0.825822	-0.141025
26.903660	0.211477	0.231624	-1.017213	-0.181317
26.913027	0.211477	0.231624	-1.228690	-0.201464
26.922396	0.221550	0.231624	-1.440167	-0.211537
26.931765	0.231624	0.231624	-1.621425	-0.231683
26.941132	0.241697	0.241697	-1.772523	-0.271916
26.950500	0.241697	0.241697	-1.903415	-0.322282
26.959869	0.241697	0.241697	-1.994073	-0.382721
26.969236	0.241697	0.241697	-2.054513	-0.463307
26.978605	0.241697	0.241697	-2.074599	-0.563979
26.987974	0.241697	0.251770	-2.044439	-0.674784
26.997343	0.241697	0.251770	-1.973927	-0.795603
27.006710	0.241697	0.261784	-1.863122	-0.926554
27.016079	0.241697	0.261784	-1.732230	-1.047373
27.025448	0.241697	0.261784	-1.571059	-1.158178
27.034815	0.241697	0.261784	-1.379728	-1.238763
27.044184	0.231624	0.261784	-1.178324	-1.319289
27.053553	0.231624	0.261784	-0.986993	-1.409948
27.062920	0.221550	0.271857	-0.805676	-1.510680
27.072289	0.221550	0.271857	-0.654638	-1.641572
27.081657	0.211477	0.281930	-0.503600	-1.782596
27.091024	0.211477	0.292003	-0.332355	-1.923561
27.100393	0.211477	0.302076	-0.141025	-2.024293
27.109762	0.201404	0.302076	0.060380	-2.094746
27.119129	0.201404	0.302076	0.261784	-2.135038
27.128498	0.201404	0.292003	0.443101	-2.124965
27.137867	0.191331	0.292003	0.584066	-2.104819
27.147234	0.181258	0.292003	0.654578	-2.064526
27.156603	0.181258	0.292003	0.664651	-2.004147
27.165972	0.181258	0.292003	0.624359	-1.903415
27.175339	0.181258	0.292003	0.553846	-1.752377
27.184708	0.181258	0.281930	0.483394	-1.550913
27.194077	0.191331	0.271857	0.433028	-1.329362
27.203444	0.201404	0.261784	0.412881	-1.087666
27.212812	0.201404	0.251770	0.422955	-0.866115
27.222181	0.201404	0.241697	0.453174	-0.674784
27.231548	0.201404	0.241697	0.493467	-0.513673
27.240917	0.201404	0.241697	0.513613	-0.392795
27.250286	0.211477	0.241697	0.523627	-0.302136
27.259653	0.211477	0.241697	0.493467	-0.241756
27.269022	0.211477	0.251770	0.412881	-0.221610
27.278391	0.211477	0.251770	0.281930	-0.221610
27.287758	0.211477	0.251770	0.120819	-0.251830
27.297127	0.211477	0.251770	-0.070512	-0.322282
27.306496	0.211477	0.251770	-0.261843	-0.423014
27.315863	0.221550	0.261784	-0.433087	-0.553906
27.325232	0.221550	0.261784	-0.594199	-0.694931
27.334600	0.231624	0.271857	-0.755370	-0.845969
27.343967	0.241697	0.281930	-0.926554	-0.997066
27.353336	0.241697	0.281930	-1.097739	-1.138031
27.362705	0.251770	0.292003	-1.238763	-1.268983
27.372072	0.251770	0.302076	-1.369655	-1.389802
27.381441	0.261784	0.302076	-1.480460	-1.480460
27.390810	0.261784	0.302076	-1.581132	-1.540899
27.400177	0.261784	0.302076	-1.671791	-1.560986
27.409546	0.261784	0.292003	-1.742303	-1.520753
27.418915	0.261784	0.292003	-1.762450	-1.450241
27.428282	0.261784	0.292003	-1.742303	-1.329362
27.437651	0.261784	0.292003	-1.671791	-1.178324
27.447020	0.261784	0.292003	-1.571059	-1.007140
27.456388	0.251770	0.281930	-1.420021	-0.845969
27.465755	0.251770	0.281930	-1.238763	-0.684857
27.475124	0.251770	0.271857	-1.017213	-0.543833
27.484493	0.241697	0.271857	-0.765443	-0.412941
27.493860	0.241697	0.271857	-0.503600	-0.312209
27.503229	0.231624	0.271857	-0.251830	-0.241756
27.512598	0.231624	0.271857	-0.050366	-0.201464
27.521965	0.221550	0.271857	0.120819	-0.191391
27.531334	0.221550	0.271857	0.231624	-0.211537
27.540703	0.211477	0.271857	0.281930	-0.271916
27.550070	0.211477	0.271857	0.261784	-0.382721
27.559439	0.211477	0.271857	0.191331	-0.543833
27.568808	0.221550	0.271857	0.090599	-0.735223
27.578175	0.231624	0.271857	-0.010073	-0.966847
27.587543	0.231624	0.281930	-0.100732	-1.208544
27.596912	0.241697	0.281930	-0.151098	-1.460314
27.606279	0.241697	0.292003	-0.181317	-1.702011
27.615648	0.231624	0.302076	-0.211537	-1.913488
27.625017	0.231624	0.302076	-0.251830	-2.074599
27.634384	0.231624	0.312150	-0.322282	-2.175331
27.643753	0.231624	0.312150	-0.443161	-2.215624
27.653122	0.241697	0.312150	-0.594199	-2.205551
27.662489	0.251770	0.312150	-0.775456	-2.155185
27.671858	0.251770	0.312150	-0.976920	-2.104819
27.681227	0.261784	0.312150	-1.198471	-2.024293
27.690594	0.261784	0.312150	-1.399875	-1.923561
27.699963	0.271857	0.302076	-1.560986	-1.802742
27.709332	0.271857	0.302076	-1.661718	-1.631498
27.718699	0.271857	0.302076	-1.681864	-1.430094
27.728067	0.271857	0.292003	-1.651645	-1.198471
27.737436	0.281930	0.292003	-1.571059	-0.956774
27.746803	0.281930	0.281930	-1.470387	-0.715077
27.756172	0.281930	0.281930	-1.369655	-0.493526
27.765541	0.271857	0.271857	-1.289070	-0.292063
27.774908	0.271857	0.271857	-1.228690	-0.130951
27.784277	0.261784	0.271857	-1.168251	-0.030220
27.793646	0.261784	0.271857	-1.127958	0.000000
27.803013	0.261784	0.281930	-1.087666	-0.020146
27.812382	0.261784	0.281930	-1.057446	-0.080585
27.821751	0.261784	0.281930	-1.007140	-0.141025
27.831118	0.261784	0.281930	-0.936627	-0.201464
27.840487	0.261784	0.281930	-0.815749	-0.251830
27.849855	0.251770	0.281930	-0.664711	-0.302136
27.859222	0.241697	0.281930	-0.493526	-0.352502
27.868591	0.241697	0.281930	-0.342429	-0.402868
27.877960	0.241697	0.281930	-0.211537	-0.473380
27.887327	0.241697	0.292003	-0.120878	-0.553906
27.896696	0.241697	0.292003	-0.090659	-0.634491
27.906065	0.251770	0.302076	-0.090659	-0.705004
27.915432	0.251770	0.302076	-0.141025	-0.775456
27.924801	0.261784	0.302076	-0.241756	-0.835896
27.934170	0.271857	0.302076	-0.352502	-0.876188
27.943539	0.271857	0.302076	-0.463307	-0.876188
27.952906	0.281930	0.292003	-0.553906	-0.856042
27.962275	0.281930	0.292003	-0.604272	-0.795603
27.971643	0.271857	0.292003	-0.634491	-0.725150
27.981010	0.271857	0.292003	-0.654638	-0.664711
27.990379	0.281930	0.292003	-0.674784	-0.634491
27.999748	0.281930	0.292003	-0.705004	-0.624418
28.009115	0.281930	0.292003	-0.725150	-0.624418
28.018484	0.281930	0.292003	-0.745296	-0.624418
28.027853	0.281930	0.292003	-0.755370	-0.624418
28.037220	0.281930	0.292003	-0.745296	-0.614345
28.046589	0.281930	0.292003	-0.715077	-0.594199
28.055958	0.281930	0.292003	-0.674784	-0.553906
28.065325	0.271857	0.302076	-0.644565	-0.533760
28.074694	0.271857	0.302076	-0.634491	-0.533760
28.084063	0.271857	0.302076	-0.664711	-0.574052
28.093430	0.271857	0.302076	-0.735223	-0.634491
28.102798	0.271857	0.302076	-0.835896	-0.705004
28.112167	0.281930	0.302076	-0.946701	-0.775456
28.121534	0.292003	0.302076	-1.067519	-0.866115
28.130903	0.292003	0.312150	-1.188397	-0.966847
28.140272	0.302076	0.312150	-1.309216	-1.067519
28.149639	0.302076	0.322223	-1.430094	-1.168251
28.159008	0.302076	0.322223	-1.560986	-1.218617
28.168377	0.312150	0.332296	-1.681864	-1.228690
28.177744	0.312150	0.332296	-1.782596	-1.218617
28.187113	0.312150	0.322223	-1.832902	-1.208544
28.196482	0.312150	0.322223	-1.822829	-1.218617
28.205849	0.312150	0.322223	-1.772523	-1.218617
28.215218	0.312150	0.322223	-1.702011	-1.208544
28.224586	0.312150	0.332296	-1.621425	-1.168251
28.233953	0.312150	0.332296	-1.540899	-1.097739
28.243322	0.312150	0.332296	-1.450241	-0.997066
28.252691	0.302076	0.332296	-1.319289	-0.906408
28.262058	0.302076	0.332296	-1.158178	-0.815749
28.271427	0.302076	0.332296	-0.976920	-0.745296
28.280796	0.302076	0.332296	-0.795603	-0.684857
28.290163	0.312150	0.332296	-0.624418	-0.614345
28.299532	0.302076	0.332296	-0.473380	-0.533760
28.308901	0.302076	0.332296	-0.342429	-0.473380
28.318268	0.302076	0.322223	-0.231683	-0.433087
28.327637	0.292003	0.322223	-0.161171	-0.412941
28.337006	0.302076	0.332296	-0.120878	-0.433087
28.346373	0.302076	0.332296	-0.100732	-0.453234
28.355742	0.302076	0.322223	-0.080585	-0.483453
28.365110	0.302076	0.322223	-0.080585	-0.503600
28.374477	0.302076	0.322223	-0.090659	-0.513673
28.383846	0.292003	0.322223	-0.130951	-0.503600
28.393215	0.292003	0.332296	-0.201464	-0.503600
28.402582	0.302076	0.342369	-0.302136	-0.533760
28.411951	0.302076	0.352442	-0.433087	-0.594199
28.421320	0.302076	0.352442	-0.584126	-0.684857
28.430689	0.312150	0.352442	-0.755370	-0.795603
28.440056	0.322223	0.352442	-0.936627	-0.906408
28.449425	0.332296	0.362515	-1.148105	-1.037300
28.458794	0.342369	0.362515	-1.369655	-1.188397
28.468161	0.342369	0.372589	-1.601279	-1.359582
28.477530	0.352442	0.382662	-1.832902	-1.550913
28.486898	0.352442	0.382662	-2.044439	-1.712084
28.496265	0.352442	0.392735	-2.195477	-1.822829
28.505634	0.352442	0.392735	-2.265990	-1.873195
28.515003	0.352442	0.392735	-2.245843	-1.863122
28.524370	0.352442	0.392735	-2.145112	-1.812756
28.533739	0.352442	0.382662	-1.963854	-1.742303
28.543108	0.352442	0.382662	-1.722157	-1.691937
28.552475	0.342369	0.382662	-1.460314	-1.651645
28.561844	0.332296	0.382662	-1.198471	-1.621425
28.571213	0.332296	0.382662	-0.946701	-1.591206
28.580580	0.322223	0.392735	-0.705004	-1.571059
28.589949	0.322223	0.392735	-0.463307	-1.540899
28.599318	0.312150	0.392735	-0.241756	-1.510680
28.608685	0.312150	0.392735	-0.030220	-1.450241
28.618053	0.302076	0.392735	0.161111	-1.349509
28.627422	0.302076	0.392735	0.342369	-1.188397
28.636789	0.302076	0.392735	0.503540	-0.976920
28.646158	0.292003	0.382662	0.624359	-0.745296
28.655527	0.292003	0.382662	0.674725	-0.543833
28.664894	0.302076	0.372589	0.644505	-0.402868
28.674263	0.302076	0.372589	0.533700	-0.342429
28.683632	0.312150	0.382662	0.342369	-0.342429
28.692999	0.322223	0.382662	0.110745	-0.382721
28.702368	0.322223	0.392735	-0.141025	-0.473380
28.711737	0.332296	0.402808	-0.402868	-0.594199
28.721104	0.342369	0.402808	-0.644565	-0.745296
28.730473	0.352442	0.402808	-0.866115	-0.896335
28.739841	0.362515	0.402808	-1.047373	-1.017213
28.749208	0.362515	0.402808	-1.168251	-1.097739
28.758577	0.362515	0.402808	-1.238763	-1.138031
28.767946	0.372589	0.412881	-1.248837	-1.158178
28.777313	0.372589	0.412881	-1.248837	-1.148105
28.786682	0.372589	0.422955	-1.248837	-1.127958
28.796051	0.372589	0.433028	-1.268983	-1.117885
28.805418	0.372589	0.443101	-1.289070	-1.117885
28.814787	0.372589	0.443101	-1.319289	-1.138031
28.824156	0.372589	0.453174	-1.339436	-1.168251
28.833523	0.372589	0.453174	-1.349509	-1.228690
28.842892	0.382662	0.453174	-1.349509	-1.289070
28.852261	0.382662	0.463247	-1.329362	-1.339436
28.861628	0.382662	0.453174	-1.268983	-1.359582
28.870996	0.382662	0.453174	-1.188397	-1.319289
28.880365	0.382662	0.453174	-1.077592	-1.228690
28.889734	0.372589	0.443101	-0.956774	-1.067519
28.899101	0.372589	0.443101	-0.825822	-0.896335
28.908470	0.372589	0.433028	-0.705004	-0.705004
28.917839	0.372589	0.422955	-0.604272	-0.543833
28.927206	0.372589	0.422955	-0.513673	-0.412941
28.936575	0.372589	0.433028	-0.423014	-0.312209
28.945944	0.372589	0.443101	-0.322282	-0.251830
28.955311	0.372589	0.443101	-0.221610	-0.221610
28.964680	0.382662	0.443101	-0.110805	-0.231683
28.974049	0.382662	0.453174	-0.010073	-0.261843
28.983416	0.382662	0.463247	0.080526	-0.302136
28.992785	0.382662	0.473320	0.130892	-0.342429
29.002153	0.382662	0.483394	0.140965	-0.352502
29.011520	0.382662	0.483394	0.100672	-0.342429
29.020889	0.382662	0.493467	0.020087	-0.302136
29.030258	0.382662	0.493467	-0.070512	-0.261843
29.039625	0.392735	0.493467	-0.161171	-0.251830
29.048994	0.392735	0.503540	-0.231683	-0.292063
29.058363	0.402808	0.513613	-0.292063	-0.372648
29.067730	0.412881	0.523627	-0.372648	-0.503600
29.077099	0.412881	0.533700	-0.483453	-0.664711
29.086468	0.422955	0.533700	-0.624418	-0.845969
29.095835	0.422955	0.543773	-0.785530	-1.017213
29.105204	0.433028	0.553846	-0.906408	-1.168251
29.114573	0.443101	0.563920	-0.997066	-1.268983
29.123940	0.443101	0.573993	-1.047373	-1.329362
29.133308	0.453174	0.584066	-1.077592	-1.339436
29.142677	0.453174	0.594139	-1.107812	-1.309216
29.152044	0.453174	0.604212	-1.127958	-1.228690
29.161413	0.453174	0.604212	-1.148105	-1.138031
29.170782	0.453174	0.614285	-1.158178	-1.047373
29.180149	0.453174	0.624359	-1.188397	-0.986993
29.189518	0.453174	0.634432	-1.228690	-0.956774
29.198887	0.453174	0.644505	-1.268983	-0.956774
29.208254	0.463247	0.654578	-1.309216	-0.946701
29.217623	0.463247	0.664651	-1.329362	-0.916481
29.226992	0.473320	0.674725	-1.329362	-0.876188
29.236359	0.483394	0.684798	-1.309216	-0.825822
29.245728	0.493467	0.694871	-1.268983	-0.755370
29.255096	0.493467	0.694871	-1.218617	-0.664711
29.264463	0.493467	0.704944	-1.138031	-0.553906
29.273832	0.493467	0.715017	-1.047373	-0.423014
29.283201	0.503540	0.725091	-0.926554	-0.312209
29.292568	0.503540	0.745237	-0.825822	-0.221610
29.301937	0.503540	0.765383	-0.735223	-0.161171
29.311306	0.503540	0.785470	-0.664711	-0.151098
29.320673	0.503540	0.805616	-0.614345	-0.191391
29.330042	0.503540	0.825763	-0.553906	-0.292063
29.339411	0.513613	0.845909	-0.503600	-0.423014
29.348778	0.513613	0.876129	-0.443161	-0.584126
29.358147	0.523627	0.906348	-0.402868	-0.765443
29.367516	0.533700	0.936568	-0.392795	-0.936627
29.376884	0.533700	0.976861	-0.433087	-1.107812
29.386251	0.543773	1.007080	-0.503600	-1.248837
29.395620	0.553846	1.047313	-0.604272	-1.349509
29.404989	0.563920	1.087606	-0.715077	-1.420021
29.414356	0.573993	1.137972	-0.825822	-1.470387
29.423725	0.584066	1.188338	-0.926554	-1.510680
29.433094	0.584066	1.248777	-1.027286	-1.550913
29.442461	0.594139	1.319230	-1.117885	-1.601279
29.451830	0.604212	1.389742	-1.198471	-1.641572
29.461199	0.614285	1.480401	-1.258910	-1.691937
29.470566	0.624359	1.571000	-1.299143	-1.722157
29.479935	0.634432	1.681805	-1.309216	-1.742303
29.489304	0.654578	1.802683	-1.289070	-1.742303
29.498671	0.664651	1.933575	-1.248837	-1.671791
29.508039	0.674725	2.074540	-1.188397	-1.540899
29.517408	0.684798	2.235711	-1.117885	-1.339436
29.526775	0.694871	2.396822	-1.057446	-1.077592
29.536144	0.704944	2.547920	-0.986993	-0.805676
29.545513	0.715017	2.709031	-0.916481	-0.553906
29.554880	0.725091	2.849996	-0.845969	-0.352502
29.564249	0.735164	2.980947	-0.775456	-0.231683
29.573618	0.745237	3.091753	-0.725150	-0.201464
29.582985	0.755310	3.182352	-0.715077	-0.251830
29.592354	0.775397	3.252864	-0.765443	-0.372648
29.601723	0.795543	3.303230	-0.876188	-0.543833
29.611090	0.815690	3.323376	-1.037300	-0.745296
29.620459	0.835836	3.323376	-1.198471	-0.956774
29.629827	0.855982	3.303230	-1.339436	-1.148105
29.639194	0.876129	3.262937	-1.460314	-1.299143
29.648563	0.896275	3.202498	-1.560986	-1.409948
29.657932	0.926495	3.121912	-1.631498	-1.500607
29.667299	0.956714	3.041387	-1.671791	-1.591206
29.676668	0.976861	2.940655	-1.681864	-1.702011
29.686037	1.007080	2.849996	-1.651645	-1.842976
29.695404	1.047313	2.749324	-1.591206	-2.004147
29.704773	1.077533	2.638519	-1.510680	-2.175331
29.714142	1.117826	2.527773	-1.399875	-2.326369
29.723509	1.158118	2.416968	-1.258910	-2.427101
29.732878	1.208484	2.296150	-1.077592	-2.457321
29.742247	1.268923	2.175272	-0.866115	-2.396882
29.751614	1.329303	2.064466	-0.654638	-2.276063
29.760983	1.399815	1.953721	-0.453234	-2.114892
29.770351	1.490474	1.852989	-0.281990	-1.943707
29.779718	1.581073	1.752317	-0.161171	-1.792669
29.789087	1.701951	1.661658	-0.090659	-1.661718
29.798456	1.832843	1.571000	-0.060439	-1.540899
29.807823	1.983941	1.480401	-0.090659	-1.440167
29.817192	2.145052	1.399815	-0.161171	-1.359582
29.826561	2.316296	1.329303	-0.271916	-1.329362
29.835928	2.497554	1.258850	-0.382721	-1.319289
29.845297	2.668738	1.198411	-0.493526	-1.339436
29.854666	2.849996	1.148045	-0.584126	-1.369655
29.864035	3.041387	1.107752	-0.684857	-1.409948
29.873402	3.172278	1.067460	-0.755370	-1.450241
29.882771	3.273010	1.027226	-0.825822	-1.470387
29.892139	3.363609	0.997007	-0.916481	-1.470387
29.901506	3.413975	0.966787	-1.007140	-1.440167
29.910875	3.444195	0.936568	-1.117885	-1.369655
29.920244	3.444195	0.906348	-1.228690	-1.268983
29.929611	3.424048	0.876129	-1.349509	-1.148105
29.938980	3.393829	0.845909	-1.460314	-1.027286
29.948349	3.333449	0.825763	-1.571059	-0.936627
29.957716	3.262937	0.805616	-1.651645	-0.906408
29.967085	3.182352	0.785470	-1.712084	-0.916481
29.976454	3.091753	0.775397	-1.732230	-0.966847
29.985821	2.991021	0.755310	-1.732230	-1.027286
29.995190	2.880216	0.745237	-1.722157	-1.087666
30.004559	2.759397	0.725091	-1.691937	-1.138031
30.013926	2.638519	0.715017	-1.651645	-1.178324
30.023294	2.517700	0.704944	-1.601279	-1.208544
30.032663	2.396822	0.684798	-1.560986	-1.218617
30.042030	2.276003	0.674725	-1.510680	-1.218617
30.051399	2.155125	0.664651	-1.460314	-1.218617
30.060768	2.044380	0.654578	-1.399875	-1.218617
30.070135	1.923501	0.644505	-1.309216	-1.268983
30.079504	1.812696	0.634432	-1.178324	-1.349509
30.088873	1.701951	0.624359	-1.027286	-1.480460
30.098240	1.601219	0.614285	-0.856042	-1.601279
30.107609	1.500547	0.614285	-0.684857	-1.681864
30.116978	1.419961	0.604212	-0.543833	-1.691937
30.126345	1.339376	0.594139	-0.443161	-1.601279
30.135714	1.268923	0.584066	-0.392795	-1.450241
30.145082	1.208484	0.573993	-0.402868	-1.258910
30.154449	1.158118	0.563920	-0.453234	-1.057446
30.163818	1.117826	0.553846	-0.553906	-0.886261
30.173187	1.077533	0.543773	-0.705004	-0.755370
30.182554	1.037240	0.533700	-0.886261	-0.684857
30.191923	1.007080	0.523627	-1.077592	-0.654638
30.201292	0.976861	0.523627	-1.238763	-0.674784
30.210659	0.956714	0.513613	-1.379728	-0.694931
30.220028	0.926495	0.503540	-1.470387	-0.715077
30.229397	0.896275	0.493467	-1.530826	-0.715077
30.238764	0.876129	0.493467	-1.571059	-0.674784
30.248133	0.845909	0.483394	-1.601279	-0.604272
30.257502	0.825763	0.483394	-1.631498	-0.523686
30.266869	0.805616	0.473320	-1.651645	-0.463307
30.276237	0.795543	0.473320	-1.661718	-0.443161
30.285606	0.785470	0.463247	-1.671791	-0.473380
30.294973	0.765383	0.463247	-1.681864	-0.563979
30.304342	0.755310	0.473320	-1.691937	-0.694931
30.313711	0.735164	0.473320	-1.712084	-0.856042
30.323078	0.715017	0.473320	-1.722157	-1.007140
30.332447	0.704944	0.473320	-1.742303	-1.127958
30.341816	0.694871	0.483394	-1.742303	-1.218617
30.351185	0.674725	0.473320	-1.732230	-1.268983
30.360552	0.664651	0.473320	-1.712084	-1.279056
30.369921	0.654578	0.463247	-1.681864	-1.258910
30.379290	0.654578	0.463247	-1.651645	-1.208544
30.388657	0.644505	0.453174	-1.631498	-1.138031
30.398026	0.634432	0.453174	-1.621425	-1.047373
30.407394	0.624359	0.443101	-1.611352	-0.956774
30.416761	0.614285	0.443101	-1.601279	-0.876188
30.426130	0.604212	0.433028	-1.550913	-0.795603
30.435499	0.604212	0.433028	-1.460314	-0.705004
30.444866	0.594139	0.433028	-1.319289	-0.584126
30.454235	0.584066	0.422955	-1.117885	-0.443161
30.463604	0.573993	0.412881	-0.876188	-0.292063
30.472971	0.553846	0.402808	-0.624418	-0.141025
30.482340	0.543773	0.382662	-0.362575	-0.020146
30.491709	0.523627	0.382662	-0.141025	0.070453
30.501076	0.513613	0.372589	0.050306	0.120819
30.510445	0.503540	0.372589	0.181258	0.120819
30.519814	0.493467	0.372589	0.261784	0.060380
30.529181	0.483394	0.382662	0.292003	-0.050366
30.538549	0.483394	0.382662	0.261784	-0.211537
30.547918	0.483394	0.392735	0.201404	-0.382721
30.557285	0.483394	0.402808	0.110745	-0.533760
30.566654	0.473320	0.402808	-0.020146	-0.654638
30.576023	0.473320	0.402808	-0.141025	-0.775456
30.585390	0.463247	0.392735	-0.261843	-0.896335
30.594759	0.463247	0.392735	-0.382721	-1.027286
30.604128	0.463247	0.392735	-0.493526	-1.158178
30.613495	0.463247	0.392735	-0.614345	-1.299143
30.622864	0.463247	0.392735	-0.765443	-1.430094
30.632233	0.473320	0.392735	-0.926554	-1.530826
30.641600	0.473320	0.392735	-1.087666	-1.601279
30.650969	0.473320	0.392735	-1.238763	-1.621425
30.660337	0.483394	0.382662	-1.399875	-1.601279
30.669704	0.483394	0.382662	-1.550913	-1.550913
30.679073	0.473320	0.382662	-1.702011	-1.480460
30.688442	0.473320	0.382662	-1.832902	-1.409948
30.697809	0.473320	0.372589	-1.923561	-1.359582
30.707178	0.473320	0.372589	-1.973927	-1.309216
30.716547	0.473320	0.372589	-2.004147	-1.248837
30.725914	0.473320	0.372589	-2.014220	-1.188397
30.735283	0.463247	0.362515	-2.004147	-1.138031
30.744652	0.463247	0.362515	-1.994073	-1.107812
30.754019	0.453174	0.362515	-1.963854	-1.067519
30.763388	0.453174	0.352442	-1.943707	-1.027286
30.772757	0.453174	0.352442	-1.933634	-0.966847
30.782124	0.453174	0.342369	-1.933634	-0.896335
30.791492	0.453174	0.342369	-1.933634	-0.835896
30.800861	0.443101	0.342369	-1.903415	-0.795603
30.810230	0.433028	0.342369	-1.832902	-0.765443
30.819597	0.422955	0.342369	-1.681864	-0.765443
30.828966	0.412881	0.342369	-1.490533	-0.775456
30.838335	0.402808	0.342369	-1.279056	-0.805676
30.847702	0.402808	0.342369	-1.087666	-0.845969
30.857071	0.392735	0.342369	-0.946701	-0.916481
30.866440	0.392735	0.342369	-0.876188	-0.997066
30.875807	0.392735	0.342369	-0.866115	-1.087666
30.885176	0.392735	0.342369	-0.906408	-1.178324
30.894545	0.392735	0.342369	-0.956774	-1.248837
30.903912	0.392735	0.342369	-0.986993	-1.309216
30.913280	0.392735	0.342369	-0.976920	-1.359582
30.922649	0.392735	0.342369	-0.906408	-1.399875
30.932016	0.382662	0.352442	-0.795603	-1.430094
30.941385	0.372589	0.352442	-0.654638	-1.440167
30.950754	0.372589	0.342369	-0.503600	-1.430094
30.960121	0.362515	0.342369	-0.362575	-1.420021
30.969490	0.352442	0.342369	-0.241756	-1.430094
30.978859	0.352442	0.342369	-0.161171	-1.460314
30.988226	0.342369	0.342369	-0.120878	-1.490533
30.997595	0.342369	0.342369	-0.130951	-1.520753
31.006964	0.342369	0.332296	-0.171244	-1.530826
31.016331	0.342369	0.332296	-0.241756	-1.510680
31.025700	0.342369	0.332296	-0.342429	-1.450241
31.035069	0.342369	0.332296	-0.463307	-1.359582
31.044436	0.342369	0.332296	-0.574052	-1.248837
31.053804	0.342369	0.322223	-0.664711	-1.127958
31.063173	0.342369	0.322223	-0.755370	-0.986993
31.072540	0.342369	0.322223	-0.856042	-0.845969
31.081909	0.352442	0.322223	-1.007140	-0.725150
31.091278	0.352442	0.312150	-1.208544	-0.634491
31.100645	0.362515	0.312150	-1.440167	-0.574052
31.110014	0.362515	0.302076	-1.691937	-0.543833
31.119383	0.362515	0.302076	-1.933634	-0.543833
31.128750	0.372589	0.312150	-2.155185	-0.574052
31.138119	0.372589	0.312150	-2.346516	-0.604272
31.147488	0.382662	0.312150	-2.487540	-0.644565
31.156855	0.392735	0.312150	-2.568126	-0.674784
31.166224	0.392735	0.312150	-2.568126	-0.705004
31.175592	0.392735	0.312150	-2.467394	-0.735223
31.184959	0.382662	0.312150	-2.306283	-0.775456
31.194328	0.382662	0.312150	-2.094746	-0.825822
31.203697	0.372589	0.322223	-1.832902	-0.896335
31.213064	0.362515	0.322223	-1.540899	-1.007140
31.222433	0.352442	0.322223	-1.218617	-1.138031
31.231802	0.342369	0.322223	-0.886261	-1.289070
31.241169	0.332296	0.322223	-0.574052	-1.440167
31.250538	0.322223	0.322223	-0.312209	-1.591206
31.259907	0.322223	0.322223	-0.110805	-1.722157
31.269274	0.322223	0.332296	0.030160	-1.802742
31.278643	0.322223	0.332296	0.130892	-1.832902
31.288012	0.312150	0.342369	0.201404	-1.812756
31.297380	0.302076	0.342369	0.231624	-1.752377
31.306747	0.292003	0.332296	0.241697	-1.681864
31.316116	0.292003	0.332296	0.231624	-1.591206
31.325485	0.292003	0.322223	0.221550	-1.510680
31.334852	0.292003	0.322223	0.181258	-1.430094
31.344221	0.292003	0.312150	0.120819	-1.349509
31.353590	0.302076	0.312150	0.020087	-1.268983
31.362957	0.312150	0.302076	-0.110805	-1.168251
31.372326	0.322223	0.302076	-0.281990	-1.047373
31.381695	0.322223	0.312150	-0.473380	-0.886261
31.391062	0.322223	0.312150	-0.674784	-0.715077
31.400431	0.322223	0.302076	-0.866115	-0.543833
31.409800	0.322223	0.302076	-1.047373	-0.402868
31.419167	0.322223	0.302076	-1.198471	-0.312209
31.428535	0.322223	0.302076	-1.299143	-0.271916
31.437904	0.322223	0.302076	-1.319289	-0.271916
31.447271	0.322223	0.302076	-1.279056	-0.302136
31.456640	0.322223	0.302076	-1.198471	-0.352502
31.466009	0.312150	0.302076	-1.077592	-0.412941
31.475376	0.312150	0.302076	-0.946701	-0.483453
31.484745	0.302076	0.302076	-0.815749	-0.553906
31.494114	0.302076	0.292003	-0.684857	-0.624418
31.503481	0.292003	0.292003	-0.574052	-0.684857
31.512850	0.292003	0.292003	-0.493526	-0.775456
31.522219	0.281930	0.302076	-0.443161	-0.876188
31.531586	0.281930	0.302076	-0.433087	-0.997066
31.540955	0.281930	0.302076	-0.433087	-1.117885
31.550323	0.281930	0.302076	-0.433087	-1.208544
31.559690	0.281930	0.302076	-0.433087	-1.258910
31.569059	0.281930	0.302076	-0.423014	-1.258910
31.578428	0.281930	0.302076	-0.412941	-1.208544
31.587795	0.281930	0.302076	-0.412941	-1.127958
31.597164	0.281930	0.292003	-0.423014	-1.027286
31.606533	0.292003	0.292003	-0.463307	-0.916481
31.615900	0.302076	0.292003	-0.543833	-0.825822
31.625269	0.302076	0.292003	-0.664711	-0.755370
31.634638	0.302076	0.292003	-0.815749	-0.735223
31.644005	0.302076	0.292003	-0.976920	-0.765443
31.653374	0.312150	0.292003	-1.138031	-0.815749
31.662743	0.312150	0.292003	-1.248837	-0.876188
31.672110	0.312150	0.292003	-1.309216	-0.916481
31.681479	0.312150	0.292003	-1.289070	-0.946701
31.690847	0.312150	0.302076	-1.218617	-0.946701
31.700214	0.302076	0.302076	-1.097739	-0.936627
31.709583	0.302076	0.302076	-0.946701	-0.926554
31.718952	0.292003	0.302076	-0.785530	-0.936627
31.728319	0.292003	0.302076	-0.614345	-0.936627
31.737688	0.281930	0.292003	-0.463307	-0.946701
31.747057	0.281930	0.292003	-0.352502	-0.956774
31.756424	0.271857	0.292003	-0.281990	-0.956774
31.765793	0.281930	0.292003	-0.261843	-0.946701
31.775162	0.281930	0.292003	-0.302136	-0.936627
31.784531	0.281930	0.292003	-0.372648	-0.906408
31.793898	0.281930	0.292003	-0.443161	-0.866115
31.803267	0.281930	0.292003	-0.503600	-0.825822
31.812635	0.281930	0.292003	-0.553906	-0.775456
31.822002	0.281930	0.281930	-0.584126	-0.725150
31.831371	0.281930	0.281930	-0.584126	-0.684857
31.840740	0.281930	0.271857	-0.563979	-0.644565
31.850107	0.281930	0.271857	-0.574052	-0.594199
31.859476	0.281930	0.271857	-0.624418	-0.533760
31.868845	0.281930	0.261784	-0.745296	-0.443161
31.878212	0.292003	0.261784	-0.916481	-0.372648
31.887581	0.292003	0.251770	-1.117885	-0.322282
31.896950	0.302076	0.261784	-1.339436	-0.312209
31.906317	0.302076	0.261784	-1.540899	-0.352502
31.915686	0.302076	0.271857	-1.702011	-0.433087
31.925055	0.302076	0.271857	-1.782596	-0.533760
31.934422	0.302076	0.281930	-1.782596	-0.644565
31.943790	0.302076	0.281930	-1.712084	-0.755370
31.953159	0.302076	0.292003	-1.591206	-0.856042
31.962526	0.302076	0.292003	-1.440167	-0.926554
31.971895	0.302076	0.292003	-1.289070	-0.966847
31.981264	0.292003	0.292003	-1.158178	-0.986993
31.990631	0.292003	0.292003	-1.067519	-1.017213
