26.977619	-0.010073	-0.060439	-0.040293	-0.020146
27.016634	-0.010073	-0.070512	-0.030220	-0.010073
27.055647	-0.010073	-0.080585	-0.030220	0.000000
27.094660	-0.020146	-0.090659	-0.030220	0.000000
27.133673	-0.020146	-0.100732	-0.020146	0.000000
27.172686	-0.020146	-0.100732	-0.020146	0.000000
27.211699	-0.020146	-0.100732	-0.020146	0.000000
27.250713	-0.020146	-0.100732	-0.020146	0.000000
27.289726	-0.020146	-0.100732	-0.030220	0.000000
27.328739	-0.020146	-0.100732	-0.030220	0.000000
27.367752	-0.020146	-0.100732	-0.030220	0.010014
27.406765	-0.010073	-0.090659	-0.020146	0.010014
27.445778	-0.010073	-0.090659	-0.020146	0.010014
27.484793	-0.010073	-0.090659	-0.010073	0.000000
27.523806	-0.010073	-0.080585	-0.010073	0.000000
27.562819	-0.020146	-0.080585	-0.020146	0.000000
27.601831	-0.020146	-0.070512	-0.030220	0.000000
27.640844	-0.020146	-0.060439	-0.030220	0.000000
27.679857	-0.020146	-0.050366	-0.030220	-0.010073
27.718872	-0.020146	-0.050366	-0.030220	-0.020146
27.757885	-0.030220	-0.040293	-0.030220	-0.020146
27.796898	-0.030220	-0.040293	-0.040293	-0.030220
27.835911	-0.020146	-0.040293	-0.040293	-0.030220
27.874924	-0.020146	-0.040293	-0.040293	-0.030220
27.913937	-0.010073	-0.040293	-0.040293	-0.040293
27.952951	-0.010073	-0.040293	-0.030220	-0.040293
27.991964	-0.010073	-0.040293	-0.030220	-0.040293
28.030977	-0.010073	-0.040293	-0.030220	-0.040293
28.069990	-0.010073	-0.050366	-0.030220	-0.050366
28.109003	0.000000	-0.050366	-0.030220	-0.050366
28.148016	0.000000	-0.050366	-0.020146	-0.040293
28.187031	0.000000	-0.050366	-0.020146	-0.040293
28.226044	0.000000	-0.050366	-0.030220	-0.030220
28.265057	0.000000	-0.040293	-0.030220	-0.030220
28.304070	-0.010073	-0.040293	-0.030220	-0.030220
28.343082	-0.010073	-0.030220	-0.040293	-0.030220
28.382095	-0.010073	-0.020146	-0.040293	-0.030220
28.421110	-0.010073	-0.010073	-0.040293	-0.030220
28.460123	-0.010073	-0.010073	-0.040293	-0.030220
28.499136	-0.020146	-0.010073	-0.040293	-0.040293
28.538149	-0.020146	0.000000	-0.040293	-0.040293
28.577162	-0.020146	0.000000	-0.040293	-0.040293
28.616175	-0.020146	-0.010073	-0.040293	-0.030220
28.655188	-0.010073	-0.010073	-0.030220	-0.030220
28.694202	-0.010073	-0.020146	-0.020146	-0.020146
28.733215	-0.010073	-0.030220	-0.020146	-0.020146
28.772228	-0.010073	-0.030220	-0.010073	-0.030220
28.811241	-0.010073	-0.040293	-0.020146	-0.030220
28.850254	-0.010073	-0.040293	-0.020146	-0.030220
28.889267	-0.010073	-0.030220	-0.030220	-0.030220
28.928282	-0.010073	-0.020146	-0.030220	-0.030220
28.967295	-0.020146	-0.020146	-0.040293	-0.020146
29.006308	-0.020146	-0.020146	-0.040293	-0.010073
29.045321	-0.020146	-0.020146	-0.040293	-0.010073
29.084333	-0.020146	-0.020146	-0.040293	-0.010073
29.123346	-0.020146	-0.020146	-0.050366	-0.010073
29.162361	-0.010073	-0.020146	-0.040293	-0.010073
29.201374	-0.010073	-0.020146	-0.040293	-0.010073
29.240387	0.000000	-0.020146	-0.040293	-0.020146
29.279400	0.000000	-0.020146	-0.030220	-0.020146
29.318413	0.000000	-0.020146	-0.030220	-0.020146
29.357426	0.000000	-0.010073	-0.020146	-0.010073
29.396441	0.000000	-0.010073	-0.020146	-0.010073
29.435453	-0.010073	-0.010073	-0.030220	0.000000
29.474466	-0.020146	-0.020146	-0.030220	-0.010073
29.513479	-0.020146	-0.020146	-0.040293	-0.010073
29.552492	-0.020146	-0.020146	-0.040293	0.000000
29.591505	-0.020146	-0.020146	-0.040293	0.000000
29.630520	-0.020146	-0.010073	-0.040293	0.000000
29.669533	-0.020146	0.000000	-0.030220	0.000000
29.708546	-0.020146	0.000000	-0.030220	0.010014
29.747559	-0.010073	0.000000	-0.030220	0.010014
29.786572	-0.010073	-0.010073	-0.030220	0.000000
29.825584	-0.010073	-0.020146	-0.030220	0.010014
29.864599	-0.010073	-0.020146	-0.030220	0.010014
29.903612	-0.020146	-0.020146	-0.030220	0.030160
29.942625	-0.010073	-0.020146	-0.030220	0.040233
29.981638	-0.010073	-0.020146	-0.030220	0.060380
30.020651	-0.010073	-0.030220	-0.030220	0.080526
30.059664	-0.010073	-0.030220	-0.030220	0.110745
30.098679	-0.010073	-0.040293	-0.020146	0.140965
30.137691	-0.020146	-0.050366	-0.020146	0.191331
30.176704	-0.020146	-0.070512	-0.020146	0.251770
30.215717	-0.030220	-0.090659	-0.020146	0.332296
30.254730	-0.030220	-0.120878	-0.030220	0.412881
30.293743	-0.030220	-0.161171	-0.030220	0.483394
30.332758	-0.020146	-0.191391	-0.030220	0.513613
30.371771	-0.020146	-0.211537	-0.030220	0.473320
30.410784	-0.010073	-0.191391	-0.030220	0.372589
30.449797	-0.010073	-0.161171	-0.030220	0.261784
30.488810	-0.010073	-0.120878	-0.030220	0.181258
30.527822	-0.010073	-0.090659	-0.020146	0.120819
30.566837	-0.020146	-0.080585	-0.020146	0.090599
30.605850	-0.020146	-0.060439	-0.010073	0.070453
30.644863	-0.020146	-0.050366	-0.010073	0.060380
30.683876	-0.020146	-0.040293	0.000000	0.060380
30.722889	-0.020146	-0.030220	-0.010073	0.050306
30.761902	-0.020146	-0.030220	-0.010073	0.050306
30.800917	-0.020146	-0.030220	-0.010073	0.040233
30.839930	-0.030220	-0.030220	-0.010073	0.040233
30.878942	-0.020146	-0.030220	-0.010073	0.040233
30.917955	-0.020146	-0.020146	-0.010073	0.030160
30.956968	-0.020146	-0.020146	-0.010073	0.030160
30.995981	-0.020146	-0.020146	-0.010073	0.030160
31.034996	-0.020146	-0.020146	-0.010073	0.030160
31.074009	-0.010073	-0.010073	-0.010073	0.030160
31.113022	-0.010073	-0.010073	0.000000	0.020087
31.152035	-0.010073	-0.010073	0.000000	0.020087
31.191048	-0.010073	-0.010073	0.010014	0.020087
31.230061	-0.020146	-0.010073	0.020087	0.010014
31.269075	-0.020146	-0.010073	0.030160	0.010014
31.308088	-0.020146	-0.010073	0.040233	0.020087
31.347101	-0.020146	-0.010073	0.060380	0.020087
31.386114	-0.020146	-0.010073	0.090599	0.020087
31.425127	-0.020146	-0.010073	0.130892	0.020087
31.464140	-0.060439	-0.010073	0.201404	0.010014
31.503153	-0.151098	-0.010073	0.281930	0.000000
31.542168	-0.251830	-0.010073	0.352442	0.000000
31.581181	-0.322282	-0.010073	0.382662	0.000000
31.620193	-0.332355	-0.010073	0.372589	0.000000
31.659206	-0.312209	-0.020146	0.332296	0.000000
31.698219	-0.271916	-0.020146	0.271857	-0.010073
31.737232	-0.231683	-0.020146	0.221550	-0.020146
31.776247	-0.191391	-0.020146	0.171185	-0.030220
31.815260	-0.151098	-0.010073	0.140965	-0.030220
31.854273	-0.120878	0.000000	0.110745	-0.030220
31.893286	-0.100732	0.000000	0.090599	-0.020146
31.932299	-0.080585	0.000000	0.070453	-0.020146
31.971312	-0.060439	0.000000	0.050306	-0.010073
32.010326	-0.050366	0.000000	0.040233	-0.010073
32.049339	-0.040293	0.000000	0.020087	-0.010073
32.088352	-0.030220	0.000000	0.010014	-0.010073
32.127365	-0.020146	0.000000	0.010014	-0.010073
32.166378	-0.010073	0.000000	0.020087	-0.020146
32.205391	0.000000	0.000000	0.010014	-0.020146
32.244404	0.000000	0.000000	0.010014	-0.010073
32.283417	0.000000	0.000000	0.010014	-0.010073
32.322430	0.000000	0.000000	0.000000	-0.010073
32.361446	0.000000	0.000000	0.000000	-0.010073
32.400459	-0.010073	0.000000	0.000000	-0.010073
32.439472	-0.010073	0.000000	0.000000	-0.010073
32.478485	-0.010073	0.000000	0.000000	-0.010073
32.517498	-0.010073	0.000000	-0.010073	-0.010073
32.556511	-0.010073	0.000000	-0.010073	-0.010073
32.595524	-0.010073	0.000000	-0.020146	-0.010073
32.634537	-0.010073	0.000000	-0.020146	-0.010073
32.673550	-0.010073	0.000000	-0.020146	-0.010073
32.712563	-0.010073	0.000000	-0.010073	-0.010073
32.751575	-0.010073	-0.010073	-0.010073	-0.020146
32.790588	-0.010073	-0.010073	-0.010073	-0.020146
32.829605	-0.010073	-0.010073	-0.020146	-0.030220
32.868618	0.000000	-0.010073	-0.020146	-0.030220
32.907631	0.000000	0.000000	-0.030220	-0.020146
32.946644	0.000000	0.000000	-0.030220	-0.020146
32.985657	0.010014	0.000000	-0.030220	-0.030220
33.024670	0.010014	-0.010073	-0.030220	-0.030220
33.063683	0.010014	-0.010073	-0.030220	-0.030220
33.102695	0.010014	-0.010073	-0.020146	-0.030220
33.141708	0.020087	-0.010073	-0.020146	-0.020146
33.180721	0.020087	-0.010073	-0.010073	-0.010073
33.219734	0.020087	-0.010073	-0.010073	-0.010073
33.258747	0.020087	-0.010073	-0.010073	-0.010073
33.297764	0.020087	0.000000	-0.020146	-0.020146
33.336777	0.010014	0.000000	-0.020146	-0.020146
33.375790	0.010014	0.010014	-0.020146	-0.020146
33.414803	0.010014	0.010014	-0.020146	-0.020146
33.453815	0.010014	0.010014	-0.020146	-0.030220
33.492828	0.010014	0.000000	-0.020146	-0.030220
33.531841	0.000000	0.000000	-0.020146	-0.030220
33.570854	0.000000	-0.010073	-0.020146	-0.030220
33.609867	0.000000	-0.010073	-0.030220	-0.030220
33.648880	0.000000	-0.010073	-0.030220	-0.030220
33.687893	0.000000	0.000000	-0.030220	-0.020146
33.726906	0.000000	0.000000	-0.030220	-0.020146
33.765923	-0.010073	0.010014	-0.030220	-0.020146
33.804935	-0.010073	0.000000	-0.030220	-0.020146
33.843948	-0.010073	0.000000	-0.020146	-0.030220
33.882961	-0.010073	-0.010073	-0.020146	-0.030220
33.921974	-0.020146	-0.010073	-0.020146	-0.030220
33.960987	-0.020146	-0.010073	-0.020146	-0.030220
