21.452927	0.016779	0.010058	-63.751892	-63.872738
21.492014	0.016779	0.013426	-63.745171	-63.879444
21.531101	0.016779	0.016779	-63.745171	-63.886166
21.570189	0.020131	0.020131	-63.761963	-63.892887
21.609276	0.023484	0.023484	-63.775391	-63.902943
21.648363	0.023484	0.026852	-63.772022	-63.909664
21.687450	0.026852	0.026852	-63.761963	-63.916370
21.726538	0.026852	0.030205	-63.765316	-63.919739
21.765625	0.026852	0.030205	-63.775391	-63.926445
21.804712	0.026852	0.033557	-63.775391	-63.936516
21.843801	0.026852	0.036925	-63.761963	-63.946590
21.882889	0.026852	0.040278	-63.761963	-63.953312
21.921976	0.026852	0.043631	-63.772022	-63.960014
21.961063	0.026852	0.043631	-63.782097	-63.970089
22.000151	0.030205	0.046983	-63.782097	-63.986866
22.039238	0.030205	0.053704	-63.782097	-64.000305
22.078325	0.033557	0.057057	-63.792168	-64.007011
22.117413	0.036925	0.060424	-63.808949	-64.010368
22.156500	0.040278	0.063777	-63.819019	-64.020439
22.195587	0.040278	0.067130	-63.812317	-64.037231
22.234674	0.040278	0.073850	-63.805595	-64.047295
22.273762	0.040278	0.077203	-63.815670	-64.050659
22.312851	0.040278	0.080556	-63.825741	-64.057365
22.351938	0.043631	0.083923	-63.832447	-64.070793
22.391026	0.046983	0.090629	-63.835815	-64.087585
22.430113	0.050351	0.093982	-63.842522	-64.097656
22.469200	0.050351	0.100702	-63.852592	-64.104362
22.508287	0.050351	0.107422	-63.852592	-64.127861
22.547375	0.053704	0.114128	-63.849239	-64.154716
22.586462	0.053704	0.124201	-63.849239	-64.171509
22.625549	0.057057	0.130907	-63.849239	-64.184937
22.664637	0.057057	0.140980	-63.852592	-64.205078
22.703724	0.057057	0.147700	-63.859314	-64.235283
22.742811	0.060424	0.157773	-63.872738	-64.258781
22.781900	0.060424	0.167847	-63.886166	-64.272209
22.820988	0.063777	0.177905	-63.896240	-64.289001
22.860075	0.063777	0.187978	-63.906311	-64.315857
22.899162	0.063777	0.198051	-63.913017	-64.349426
22.938250	0.063777	0.211477	-63.919739	-64.369560
22.977337	0.067130	0.228271	-63.923092	-64.386353
23.016424	0.070482	0.241697	-63.926445	-64.406502
23.055511	0.073850	0.255123	-63.933163	-64.440056
23.094599	0.073850	0.271901	-63.943237	-64.466927
23.133686	0.077203	0.288695	-63.953312	-64.490425
23.172773	0.080556	0.308827	-63.953312	-64.513924
23.211861	0.083923	0.335693	-63.963367	-64.557556
23.250950	0.090629	0.359192	-63.976810	-64.597847
23.290037	0.097349	0.386044	-63.993587	-64.631401
23.329124	0.104055	0.412896	-64.007011	-64.664978
23.368212	0.114128	0.446469	-64.017090	-64.708618
23.407299	0.120848	0.480041	-64.030510	-64.755615
23.446386	0.127554	0.520319	-64.040588	-64.799248
23.485474	0.134274	0.560597	-64.050659	-64.842896
23.524561	0.140980	0.607595	-64.057365	-64.893250
23.563648	0.147700	0.657961	-64.070793	-64.950317
23.602736	0.154406	0.715017	-64.094292	-65.014091
23.641823	0.157773	0.778809	-64.114433	-65.077888
23.680912	0.161126	0.849307	-64.127861	-65.151733
23.719999	0.167847	0.929862	-64.141289	-65.232307
23.759087	0.174552	1.023859	-64.164787	-65.319580
23.798174	0.181273	1.131281	-64.184937	-65.413582
23.837261	0.187978	1.258850	-64.195007	-65.517647
23.876348	0.194699	1.409918	-64.205078	-65.631775
23.915436	0.201404	1.597896	-64.218506	-65.759346
23.954523	0.208125	1.826182	-64.242004	-65.903694
23.993610	0.218198	2.111509	-64.262138	-66.071541
24.032698	0.231624	2.477422	-64.275581	-66.276314
24.071785	0.241697	2.944037	-64.295708	-66.524727
24.110872	0.251770	3.534868	-64.329285	-66.836922
24.149961	0.265196	4.286826	-64.359505	-67.236412
24.189049	0.278622	5.240202	-64.379631	-67.763451
24.228136	0.295401	6.418481	-64.393059	-68.444908
24.267223	0.308827	7.858619	-64.419922	-69.341209
24.306311	0.325620	9.543806	-64.460205	-70.512787
24.345398	0.339046	11.380061	-64.493774	-72.003273
24.384485	0.352472	13.206244	-64.513924	-73.846237
24.423573	0.372618	14.710158	-64.540771	-75.984627
24.462660	0.392750	15.478894	-64.577698	-78.300926
24.501747	0.419617	15.086129	-64.617973	-80.627289
24.540834	0.446469	13.243169	-64.654900	-82.691818
24.579922	0.473320	10.030567	-64.691826	-84.272934
24.619011	0.506893	5.918294	-64.738823	-85.340439
24.658098	0.543818	1.513973	-64.792542	-85.921196
24.697186	0.584096	-2.826557	-64.842896	-85.934624
24.736273	0.627741	-7.005960	-64.886543	-85.219589
24.775360	0.674739	-10.822818	-64.936890	-83.675400
24.814447	0.725091	-13.927996	-64.993965	-81.369179
24.853535	0.782162	-15.901894	-65.054390	-78.535896
24.892622	0.849307	-16.304731	-65.114815	-75.591866
24.931709	0.919804	-15.062645	-65.178589	-73.013725
24.970797	1.000360	-12.635573	-65.255806	-71.086823
25.009884	1.087651	-9.879515	-65.343079	-69.821251
25.048973	1.191705	-7.506147	-65.437080	-68.978668
25.088060	1.305848	-5.713537	-65.534431	-68.347557
25.127148	1.446843	-4.431188	-65.635132	-67.844017
25.166235	1.618043	-3.504664	-65.749275	-67.434464
25.205322	1.829535	-2.813131	-65.873474	-67.102119
25.244410	2.088010	-2.282739	-66.011116	-66.836922
25.283497	2.416998	-1.879901	-66.165535	-66.605301
25.322584	2.833262	-1.574412	-66.336739	-66.393806
25.361671	3.524795	-1.342788	-66.591873	-66.202461
25.400759	4.273400	-1.164868	-66.836922	-66.044685
25.439846	5.287185	-1.023874	-67.122269	-65.903694
25.478933	6.663546	-0.909746	-67.457962	-65.769417
25.518023	8.483007	-0.812396	-67.867516	-65.641853
25.557110	10.846302	-0.731826	-68.371056	-65.534431
25.596197	13.619155	-0.661328	-69.035721	-65.443787
25.635284	16.244278	-0.600904	-70.052895	-65.356506
25.674372	18.073828	-0.547186	-71.620583	-65.269234
25.713459	18.674717	-0.503555	-73.748886	-65.195381
25.752546	18.020109	-0.459909	-76.256531	-65.131592
25.791634	16.314775	-0.416264	-78.938736	-65.057739
25.830721	13.790354	-0.386059	-81.537025	-64.993965
25.869808	10.594532	-0.362560	-83.839890	-64.930168
25.908895	6.683678	-0.342414	-85.750000	-64.876465
25.947983	2.091378	-0.322267	-87.096138	-64.826118
25.987072	-2.829924	-0.302136	-87.603035	-64.779121
26.026159	-7.371873	-0.285342	-86.978645	-64.732117
26.065247	-10.665044	-0.271916	-85.202812	-64.691826
26.104334	-12.306601	-0.258490	-82.641449	-64.654900
26.143421	-12.467727	-0.248417	-79.747765	-64.621346
26.182508	-11.581495	-0.238344	-76.951431	-64.587769
26.221596	-10.158152	-0.228286	-74.514267	-64.557556
26.260683	-8.570313	-0.221565	-72.510170	-64.523979
26.299770	-7.052958	-0.214845	-70.952553	-64.490425
26.338858	-5.723610	-0.204787	-69.760826	-64.460205
26.377945	-4.599035	-0.198066	-68.830956	-64.436707
26.417032	-3.682584	-0.191361	-68.115921	-64.413208
26.456121	-2.967551	-0.187993	-67.575455	-64.386353
26.495209	-2.406940	-0.181288	-67.165909	-64.362854
26.534296	-1.970544	-0.177920	-66.840279	-64.346062
26.573383	-1.638204	-0.174567	-66.568375	-64.329285
26.612471	-1.379713	-0.167862	-66.340103	-64.309135
26.651558	-1.178294	-0.164494	-66.152107	-64.285637
26.690645	-1.020521	-0.164494	-65.987617	-64.265503
26.729733	-0.892952	-0.161141	-65.836548	-64.245361
26.768820	-0.785530	-0.161141	-65.695572	-64.221863
26.807907	-0.698254	-0.157788	-65.574707	-64.195007
26.846994	-0.621051	-0.154421	-65.474007	-64.178215
26.886084	-0.557259	-0.151068	-65.376656	-64.171509
26.925171	-0.500187	-0.147715	-65.282661	-64.161438
26.964258	-0.453189	-0.140995	-65.198738	-64.141289
27.003345	-0.412911	-0.137642	-65.134956	-64.121155
27.042433	-0.375986	-0.134289	-65.074532	-64.111084
27.081520	-0.349134	-0.134289	-65.020813	-64.107735
27.120607	-0.322267	-0.134289	-64.963745	-64.094292
27.159695	-0.302136	-0.130922	-64.913391	-64.074158
27.198782	-0.281990	-0.130922	-64.869743	-64.060730
27.237869	-0.261843	-0.130922	-64.826118	-64.054016
27.276957	-0.248417	-0.130922	-64.782471	-64.047295
27.316044	-0.231639	-0.130922	-64.745544	-64.033867
27.355133	-0.221565	-0.127569	-64.705269	-64.020439
27.394220	-0.208139	-0.127569	-64.668327	-64.017090
27.433308	-0.201419	-0.124216	-64.631401	-64.013733
27.472395	-0.191361	-0.120863	-64.594475	-63.993587
27.511482	-0.184640	-0.120863	-64.557556	-63.976810
27.550570	-0.177920	-0.117496	-64.523979	-63.973442
27.589657	-0.171214	-0.117496	-64.497131	-63.976810
27.628744	-0.164494	-0.114143	-64.473633	-63.973442
27.667831	-0.157788	-0.114143	-64.446777	-63.960014
27.706919	-0.151068	-0.110790	-64.419922	-63.949944
27.746006	-0.144362	-0.110790	-64.396423	-63.949944
27.785093	-0.137642	-0.107422	-64.376282	-63.949944
27.824183	-0.130922	-0.104070	-64.362854	-63.943237
27.863270	-0.124216	-0.104070	-64.339355	-63.933163
27.902357	-0.117496	-0.100717	-64.312500	-63.926445
27.941444	-0.110790	-0.100717	-64.292358	-63.919739
27.980532	-0.107422	-0.104070	-64.282280	-63.906311
28.019619	-0.100717	-0.104070	-64.268860	-63.892887
28.058706	-0.097364	-0.104070	-64.248711	-63.886166
28.097794	-0.097364	-0.104070	-64.225212	-63.882812
28.136881	-0.093997	-0.104070	-64.211784	-63.879444
28.175968	-0.090644	-0.100717	-64.201714	-63.872738
28.215055	-0.090644	-0.097364	-64.184937	-63.866020
28.254143	-0.090644	-0.097364	-64.164787	-63.866020
28.293232	-0.087291	-0.097364	-64.151360	-63.869389
28.332319	-0.083938	-0.097364	-64.148010	-63.866020
28.371407	-0.080571	-0.097364	-64.137939	-63.855946
28.410494	-0.077218	-0.097364	-64.114433	-63.849239
28.449581	-0.073865	-0.097364	-64.090935	-63.842522
28.488668	-0.070497	-0.093997	-64.077515	-63.835815
28.527756	-0.067145	-0.093997	-64.070793	-63.829094
28.566843	-0.067145	-0.090644	-64.060730	-63.825741
28.605930	-0.067145	-0.090644	-64.047295	-63.822388
28.645018	-0.067145	-0.093997	-64.033867	-63.819019
28.684105	-0.063792	-0.093997	-64.030510	-63.808949
28.723194	-0.063792	-0.093997	-64.023796	-63.805595
28.762281	-0.063792	-0.093997	-64.010368	-63.802242
28.801369	-0.063792	-0.097364	-64.000305	-63.798889
28.840456	-0.063792	-0.097364	-64.000305	-63.795521
28.879543	-0.060439	-0.097364	-63.996941	-63.792168
28.918631	-0.060439	-0.097364	-63.983517	-63.795521
28.957718	-0.060439	-0.097364	-63.970089	-63.792168
28.996805	-0.060439	-0.097364	-63.960014	-63.788815
29.035892	-0.060439	-0.093997	-63.956661	-63.785465
29.074980	-0.060439	-0.093997	-63.949944	-63.788815
29.114067	-0.060439	-0.093997	-63.936516	-63.785465
29.153154	-0.060439	-0.093997	-63.923092	-63.775391
29.192244	-0.063792	-0.093997	-63.919739	-63.765316
29.231331	-0.067145	-0.093997	-63.916370	-63.761963
29.270418	-0.067145	-0.093997	-63.906311	-63.765316
29.309505	-0.067145	-0.093997	-63.892887	-63.761963
29.348593	-0.067145	-0.093997	-63.889519	-63.758598
29.387680	-0.063792	-0.093997	-63.886166	-63.755245
29.426767	-0.063792	-0.093997	-63.879444	-63.758598
29.465855	-0.060439	-0.093997	-63.869389	-63.758598
29.504942	-0.060439	-0.093997	-63.862667	-63.748524
29.544029	-0.060439	-0.090644	-63.859314	-63.738464
29.583117	-0.060439	-0.090644	-63.855946	-63.731747
29.622204	-0.063792	-0.090644	-63.845886	-63.728394
29.661293	-0.063792	-0.090644	-63.835815	-63.718319
29.700380	-0.063792	-0.090644	-63.832447	-63.708244
29.739468	-0.063792	-0.090644	-63.832447	-63.711597
29.778555	-0.060439	-0.090644	-63.822388	-63.714966
29.817642	-0.057071	-0.090644	-63.812317	-63.714966
29.856730	-0.057071	-0.087291	-63.808949	-63.704891
29.895817	-0.057071	-0.087291	-63.805595	-63.698174
29.934904	-0.057071	-0.090644	-63.795521	-63.704891
29.973991	-0.057071	-0.097364	-63.785465	-63.711597
30.013079	-0.057071	-0.097364	-63.782097	-63.704891
30.052166	-0.057071	-0.097364	-63.782097	-63.691467
30.091253	-0.057071	-0.097364	-63.782097	-63.688099
30.130342	-0.057071	-0.097364	-63.778744	-63.688099
30.169430	-0.057071	-0.097364	-63.775391	-63.684746
30.208517	-0.057071	-0.093997	-63.772022	-63.678040
30.247604	-0.060439	-0.093997	-63.772022	-63.671322
30.286692	-0.057071	-0.090644	-63.765316	-63.674675
30.325779	-0.057071	-0.090644	-63.761963	-63.681393
30.364866	-0.057071	-0.090644	-63.755245	-63.674675
30.403954	-0.053719	-0.090644	-63.745171	-63.664600
30.443041	-0.053719	-0.093997	-63.735096	-63.664600
30.482128	-0.053719	-0.097364	-63.728394	-63.671322
30.521215	-0.057071	-0.097364	-63.725025	-63.674675
30.560305	-0.057071	-0.097364	-63.721672	-63.664600
30.599392	-0.053719	-0.093997	-63.711597	-63.661247
30.638479	-0.053719	-0.090644	-63.711597	-63.661247
30.677567	-0.050366	-0.090644	-63.714966	-63.661247
30.716654	-0.053719	-0.087291	-63.714966	-63.657894
30.755741	-0.053719	-0.087291	-63.704891	-63.651173
30.794828	-0.057071	-0.087291	-63.698174	-63.651173
30.833916	-0.060439	-0.087291	-63.701527	-63.654541
30.873003	-0.063792	-0.090644	-63.708244	-63.654541
30.912090	-0.063792	-0.093997	-63.698174	-63.647823
30.951178	-0.063792	-0.097364	-63.681393	-63.637749
30.990265	-0.067145	-0.100717	-63.671322	-63.634396
31.029354	-0.067145	-0.097364	-63.678040	-63.631042
31.068441	-0.067145	-0.093997	-63.681393	-63.634396
31.107529	-0.067145	-0.090644	-63.674675	-63.641102
31.146616	-0.067145	-0.087291	-63.667969	-63.644470
31.185703	-0.067145	-0.083938	-63.674675	-63.641102
31.224791	-0.063792	-0.080571	-63.678040	-63.634396
31.263878	-0.063792	-0.080571	-63.671322	-63.631042
31.302965	-0.060439	-0.080571	-63.657894	-63.631042
31.342052	-0.060439	-0.083938	-63.654541	-63.624321
31.381140	-0.060439	-0.083938	-63.661247	-63.617603
31.420227	-0.060439	-0.080571	-63.661247	-63.617603
31.459314	-0.060439	-0.080571	-63.654541	-63.620968
31.498404	-0.057071	-0.083938	-63.641102	-63.620968
31.537491	-0.057071	-0.083938	-63.641102	-63.617603
31.576578	-0.060439	-0.080571	-63.641102	-63.614250
31.615665	-0.060439	-0.080571	-63.641102	-63.620968
31.654753	-0.060439	-0.080571	-63.634396	-63.620968
31.693840	-0.063792	-0.080571	-63.631042	-63.607544
31.732927	-0.063792	-0.077218	-63.637749	-63.597469
31.772015	-0.063792	-0.077218	-63.637749	-63.597469
31.811102	-0.067145	-0.077218	-63.637749	-63.610897
31.850189	-0.067145	-0.073865	-63.637749	-63.614250
31.889277	-0.067145	-0.073865	-63.634396	-63.607544
31.928364	-0.070497	-0.073865	-63.627674	-63.604176
31.967453	-0.070497	-0.073865	-63.620968	-63.607544
32.006538	-0.070497	-0.073865	-63.617603	-63.607544
32.045628	-0.070497	-0.077218	-63.617603	-63.594101
32.084713	-0.067145	-0.080571	-63.620968	-63.580677
32.123802	-0.067145	-0.080571	-63.617603	-63.584045
32.162888	-0.067145	-0.080571	-63.610897	-63.594101
32.201977	-0.063792	-0.080571	-63.614250	-63.594101
32.241066	-0.063792	-0.077218	-63.614250	-63.587399
32.280151	-0.060439	-0.073865	-63.614250	-63.584045
32.319241	-0.060439	-0.070497	-63.607544	-63.594101
32.358326	-0.063792	-0.067145	-63.607544	-63.597469
32.397415	-0.067145	-0.067145	-63.607544	-63.594101
32.436501	-0.067145	-0.067145	-63.604176	-63.587399
32.475590	-0.067145	-0.063792	-63.597469	-63.590752
32.514675	-0.067145	-0.063792	-63.597469	-63.600822
32.553764	-0.067145	-0.060439	-63.604176	-63.597469
32.592850	-0.067145	-0.060439	-63.607544	-63.587399
32.631939	-0.067145	-0.063792	-63.607544	-63.580677
32.671028	-0.070497	-0.067145	-63.604176	-63.580677
32.710114	-0.070497	-0.070497	-63.604176	-63.580677
32.749203	-0.070497	-0.070497	-63.597469	-63.577324
32.788288	-0.070497	-0.070497	-63.590752	-63.573971
32.827377	-0.073865	-0.070497	-63.580677	-63.580677
32.866463	-0.073865	-0.070497	-63.580677	-63.587399
32.905552	-0.077218	-0.070497	-63.577324	-63.587399
32.944637	-0.077218	-0.070497	-63.573971	-63.584045
32.983727	-0.077218	-0.070497	-63.567249	-63.584045
33.022812	-0.077218	-0.073865	-63.567249	-63.590752
33.061901	-0.073865	-0.073865	-63.570618	-63.590752
33.100990	-0.073865	-0.073865	-63.570618	-63.590752
33.140076	-0.073865	-0.070497	-63.563900	-63.584045
33.179165	-0.077218	-0.073865	-63.567249	-63.577324
33.218250	-0.080571	-0.073865	-63.577324	-63.570618
33.257339	-0.080571	-0.073865	-63.580677	-63.567249
33.296425	-0.080571	-0.073865	-63.570618	-63.563900
33.335514	-0.080571	-0.073865	-63.560547	-63.563900
33.374599	-0.080571	-0.073865	-63.560547	-63.560547
33.413689	-0.080571	-0.073865	-63.563900	-63.560547
33.452774	-0.080571	-0.073865	-63.560547	-63.563900
33.491863	-0.080571	-0.073865	-63.553825	-63.570618
33.530949	-0.080571	-0.073865	-63.550472	-63.570618
33.570038	-0.080571	-0.070497	-63.557178	-63.567249
33.609127	-0.080571	-0.070497	-63.563900	-63.567249
33.648212	-0.077218	-0.070497	-63.557178	-63.570618
33.687302	-0.077218	-0.070497	-63.550472	-63.567249
33.726387	-0.077218	-0.070497	-63.557178	-63.560547
33.765476	-0.077218	-0.067145	-63.567249	-63.557178
33.804562	-0.077218	-0.067145	-63.567249	-63.560547
33.843651	-0.077218	-0.067145	-63.560547	-63.567249
33.882736	-0.077218	-0.067145	-63.560547	-63.563900
33.921825	-0.073865	-0.067145	-63.567249	-63.563900
33.960911	-0.073865	-0.070497	-63.570618	-63.567249
