26.000483	0.000000	0.000000	0.000000	-0.050366
26.031731	0.010014	0.000000	0.000000	-0.050366
26.062979	0.010014	-0.010073	0.000000	-0.050366
26.094227	0.000000	-0.010073	0.000000	-0.050366
26.125475	0.000000	-0.010073	0.000000	-0.050366
26.156723	0.010014	-0.010073	0.000000	-0.050366
26.187971	0.010014	-0.010073	0.000000	-0.050366
26.219219	0.010014	-0.010073	-0.010073	-0.050366
26.250467	0.010014	-0.010073	-0.010073	-0.050366
26.281715	0.000000	-0.010073	-0.010073	-0.050366
26.312963	-0.010073	-0.010073	-0.010073	-0.050366
26.344212	-0.010073	-0.010073	0.000000	-0.050366
26.375460	-0.010073	-0.010073	0.000000	-0.040293
26.406708	-0.010073	-0.010073	0.000000	-0.040293
26.437956	-0.010073	-0.010073	0.000000	-0.040293
26.469204	0.000000	-0.010073	0.000000	-0.050366
26.500452	0.000000	-0.010073	0.000000	-0.050366
26.531700	0.000000	0.000000	0.000000	-0.050366
26.562948	-0.010073	0.000000	0.000000	-0.050366
26.594196	-0.010073	0.000000	0.000000	-0.060439
26.625444	0.000000	0.000000	0.000000	-0.060439
26.656693	0.000000	-0.010073	0.000000	-0.060439
26.687941	0.000000	-0.010073	0.000000	-0.060439
26.719189	0.000000	-0.020146	0.000000	-0.060439
26.750437	0.010014	-0.020146	0.000000	-0.060439
26.781685	0.000000	-0.030220	0.000000	-0.060439
26.812933	0.000000	-0.020146	-0.010073	-0.060439
26.844181	0.000000	-0.020146	-0.010073	-0.060439
26.875429	0.000000	-0.020146	-0.010073	-0.060439
26.906677	0.000000	-0.020146	-0.010073	-0.060439
26.937925	0.000000	-0.020146	-0.010073	-0.060439
26.969173	0.000000	-0.030220	-0.010073	-0.060439
27.000422	0.000000	-0.030220	-0.010073	-0.050366
27.031670	0.000000	-0.020146	0.000000	-0.050366
27.062918	0.000000	-0.020146	0.000000	-0.050366
27.094166	0.000000	-0.030220	0.000000	-0.060439
27.125414	0.000000	-0.030220	0.000000	-0.070512
27.156662	0.000000	-0.030220	0.000000	-0.070512
27.187910	0.000000	-0.020146	-0.010073	-0.070512
27.219158	0.000000	-0.020146	-0.010073	-0.080585
27.250406	-0.010073	-0.020146	-0.020146	-0.080585
27.281654	-0.010073	-0.030220	-0.020146	-0.080585
27.312902	-0.010073	-0.040293	-0.020146	-0.090659
27.344151	-0.020146	-0.040293	-0.010073	-0.080585
27.375399	-0.020146	-0.050366	-0.010073	-0.080585
27.406647	-0.020146	-0.050366	-0.010073	-0.080585
27.437895	-0.020146	-0.050366	-0.010073	-0.080585
27.469143	-0.020146	-0.040293	-0.010073	-0.070512
27.500391	-0.010073	-0.040293	-0.020146	-0.070512
27.531639	-0.010073	-0.040293	-0.020146	-0.070512
27.562887	-0.010073	-0.040293	-0.020146	-0.070512
27.594135	-0.010073	-0.040293	-0.020146	-0.080585
27.625383	-0.010073	-0.040293	-0.020146	-0.080585
27.656631	-0.020146	-0.040293	-0.020146	-0.080585
27.687880	-0.020146	-0.040293	-0.030220	-0.080585
27.719128	-0.030220	-0.050366	-0.030220	-0.090659
27.750376	-0.030220	-0.050366	-0.040293	-0.090659
27.781624	-0.030220	-0.060439	-0.040293	-0.100732
27.812872	-0.030220	-0.060439	-0.040293	-0.100732
27.844120	-0.030220	-0.060439	-0.040293	-0.110805
27.875368	-0.030220	-0.060439	-0.040293	-0.110805
27.906616	-0.030220	-0.070512	-0.030220	-0.110805
27.937866	-0.040293	-0.080585	-0.030220	-0.120878
27.969114	-0.030220	-0.080585	-0.030220	-0.120878
28.000362	-0.030220	-0.080585	-0.030220	-0.120878
28.031610	-0.030220	-0.080585	-0.030220	-0.120878
28.062859	-0.040293	-0.080585	-0.030220	-0.130951
28.094107	-0.040293	-0.080585	-0.030220	-0.130951
28.125355	-0.040293	-0.090659	-0.040293	-0.120878
28.156603	-0.040293	-0.090659	-0.040293	-0.120878
28.187851	-0.040293	-0.090659	-0.040293	-0.130951
28.219099	-0.040293	-0.100732	-0.040293	-0.141025
28.250347	-0.030220	-0.110805	-0.040293	-0.141025
28.281595	-0.030220	-0.110805	-0.040293	-0.141025
28.312843	-0.030220	-0.120878	-0.040293	-0.141025
28.344091	-0.030220	-0.120878	-0.050366	-0.151098
28.375340	-0.040293	-0.130951	-0.050366	-0.151098
28.406588	-0.050366	-0.130951	-0.050366	-0.161171
28.437836	-0.050366	-0.141025	-0.050366	-0.171244
28.469084	-0.050366	-0.141025	-0.050366	-0.171244
28.500332	-0.050366	-0.141025	-0.050366	-0.181317
28.531580	-0.050366	-0.151098	-0.050366	-0.201464
28.562828	-0.050366	-0.151098	-0.060439	-0.211537
28.594076	-0.050366	-0.161171	-0.060439	-0.211537
28.625324	-0.050366	-0.171244	-0.060439	-0.221610
28.656572	-0.050366	-0.171244	-0.060439	-0.231683
28.687820	-0.050366	-0.181317	-0.070512	-0.241756
28.719069	-0.050366	-0.181317	-0.070512	-0.251830
28.750317	-0.050366	-0.191391	-0.070512	-0.261843
28.781565	-0.050366	-0.201464	-0.070512	-0.271916
28.812813	-0.060439	-0.211537	-0.080585	-0.281990
28.844061	-0.070512	-0.221610	-0.080585	-0.292063
28.875309	-0.070512	-0.241756	-0.080585	-0.302136
28.906557	-0.080585	-0.251830	-0.090659	-0.322282
28.937805	-0.080585	-0.271916	-0.090659	-0.342429
28.969053	-0.090659	-0.292063	-0.100732	-0.372648
29.000301	-0.090659	-0.312209	-0.100732	-0.392795
29.031549	-0.090659	-0.332355	-0.100732	-0.423014
29.062798	-0.100732	-0.362575	-0.100732	-0.453234
29.094046	-0.100732	-0.382721	-0.100732	-0.483453
29.125294	-0.100732	-0.423014	-0.110805	-0.523686
29.156542	-0.090659	-0.463307	-0.110805	-0.563979
29.187790	-0.090659	-0.503600	-0.110805	-0.604272
29.219038	-0.100732	-0.553906	-0.120878	-0.664711
29.250286	-0.100732	-0.624418	-0.130951	-0.755370
29.281534	-0.090659	-0.715077	-0.130951	-0.856042
29.312782	-0.090659	-0.835896	-0.130951	-1.007140
29.344030	-0.090659	-1.007140	-0.130951	-1.198471
29.375278	-0.090659	-1.258910	-0.130951	-1.470387
29.406527	-0.100732	-1.601279	-0.141025	-1.822829
29.437775	-0.110805	-2.064526	-0.141025	-2.255917
29.469023	-0.110805	-2.618432	-0.151098	-2.749383
29.500271	-0.120878	-3.252923	-0.161171	-3.262997
29.531519	-0.141025	-3.867209	-0.171244	-3.706098
29.562767	-0.151098	-4.300296	-0.181317	-3.937721
29.594015	-0.161171	-4.270077	-0.181317	-3.716171
29.625263	-0.161171	-3.635585	-0.191391	-3.091812
29.656511	-0.161171	-2.699018	-0.191391	-2.346516
29.687759	-0.161171	-1.913488	-0.201464	-1.762450
29.719007	-0.171244	-1.430094	-0.211537	-1.389802
29.750256	-0.181317	-1.148105	-0.221610	-1.148105
29.781504	-0.191391	-0.946701	-0.231683	-0.986993
29.812752	-0.201464	-0.815749	-0.241756	-0.856042
29.844000	-0.221610	-0.715077	-0.251830	-0.755370
29.875248	-0.231683	-0.634491	-0.271916	-0.684857
29.906496	-0.251830	-0.563979	-0.292063	-0.624418
29.937744	-0.261843	-0.513673	-0.312209	-0.574052
29.968992	-0.281990	-0.473380	-0.322282	-0.533760
30.000240	-0.302136	-0.443161	-0.342429	-0.493526
30.031488	-0.322282	-0.412941	-0.362575	-0.453234
30.062737	-0.332355	-0.382721	-0.382721	-0.412941
30.093985	-0.352502	-0.352502	-0.412941	-0.392795
30.125233	-0.372648	-0.332355	-0.453234	-0.372648
30.156481	-0.402868	-0.312209	-0.493526	-0.352502
30.187729	-0.423014	-0.292063	-0.533760	-0.332355
30.218977	-0.463307	-0.271916	-0.574052	-0.312209
30.250225	-0.493526	-0.261843	-0.614345	-0.302136
30.281473	-0.543833	-0.251830	-0.664711	-0.281990
30.312721	-0.604272	-0.241756	-0.745296	-0.271916
30.343969	-0.694931	-0.221610	-0.845969	-0.261843
30.375219	-0.825822	-0.221610	-1.007140	-0.251830
30.406467	-1.007140	-0.211537	-1.258910	-0.241756
30.437716	-1.289070	-0.201464	-1.651645	-0.231683
30.468964	-1.671791	-0.201464	-2.356589	-0.221610
30.500212	-2.165258	-0.191391	-3.414035	-0.211537
30.531460	-2.688944	-0.191391	-4.400969	-0.211537
30.562708	-3.071666	-0.181317	-4.884422	-0.201464
30.593956	-3.182411	-0.171244	-4.773617	-0.201464
30.625204	-3.041446	-0.161171	-4.260004	-0.191391
30.656452	-2.719164	-0.151098	-3.585279	-0.181317
30.687700	-2.336442	-0.151098	-2.910495	-0.171244
30.718948	-1.953781	-0.151098	-2.336442	-0.171244
30.750196	-1.621425	-0.141025	-1.853049	-0.161171
30.781445	-1.339436	-0.141025	-1.490533	-0.161171
30.812693	-1.117885	-0.141025	-1.218617	-0.161171
30.843941	-0.946701	-0.141025	-1.017213	-0.161171
30.875189	-0.815749	-0.141025	-0.866115	-0.161171
30.906437	-0.705004	-0.130951	-0.755370	-0.151098
30.937685	-0.614345	-0.130951	-0.664711	-0.141025
30.968933	-0.543833	-0.120878	-0.584126	-0.141025
31.000181	-0.493526	-0.120878	-0.533760	-0.141025
31.031429	-0.453234	-0.120878	-0.493526	-0.141025
31.062677	-0.423014	-0.110805	-0.463307	-0.130951
31.093925	-0.382721	-0.100732	-0.433087	-0.130951
31.125174	-0.362575	-0.100732	-0.402868	-0.130951
31.156422	-0.342429	-0.100732	-0.382721	-0.130951
31.187670	-0.322282	-0.090659	-0.362575	-0.130951
31.218918	-0.302136	-0.080585	-0.342429	-0.120878
31.250166	-0.281990	-0.070512	-0.332355	-0.120878
31.281414	-0.261843	-0.070512	-0.322282	-0.120878
31.312662	-0.241756	-0.070512	-0.302136	-0.120878
31.343910	-0.231683	-0.070512	-0.292063	-0.110805
31.375158	-0.221610	-0.070512	-0.271916	-0.100732
31.406406	-0.211537	-0.060439	-0.261843	-0.100732
31.437654	-0.201464	-0.060439	-0.241756	-0.090659
31.468903	-0.191391	-0.060439	-0.231683	-0.090659
31.500151	-0.181317	-0.060439	-0.221610	-0.090659
31.531399	-0.171244	-0.070512	-0.211537	-0.090659
31.562647	-0.171244	-0.070512	-0.211537	-0.090659
31.593895	-0.161171	-0.070512	-0.201464	-0.100732
31.625143	-0.161171	-0.070512	-0.191391	-0.100732
31.656391	-0.161171	-0.070512	-0.191391	-0.100732
31.687639	-0.151098	-0.070512	-0.181317	-0.090659
31.718887	-0.141025	-0.070512	-0.171244	-0.090659
31.750135	-0.130951	-0.060439	-0.161171	-0.080585
31.781384	-0.130951	-0.060439	-0.151098	-0.070512
31.812632	-0.120878	-0.050366	-0.151098	-0.070512
31.843880	-0.110805	-0.060439	-0.141025	-0.070512
31.875128	-0.110805	-0.060439	-0.141025	-0.080585
31.906376	-0.100732	-0.050366	-0.141025	-0.070512
31.937624	-0.100732	-0.050366	-0.141025	-0.070512
31.968872	-0.100732	-0.060439	-0.141025	-0.070512
32.000122	-0.100732	-0.060439	-0.141025	-0.070512
32.031368	-0.100732	-0.060439	-0.141025	-0.070512
32.062618	-0.100732	-0.050366	-0.130951	-0.070512
32.093864	-0.100732	-0.050366	-0.130951	-0.070512
32.125114	-0.100732	-0.050366	-0.130951	-0.070512
32.156361	-0.090659	-0.050366	-0.130951	-0.070512
32.187611	-0.090659	-0.050366	-0.120878	-0.060439
32.218857	-0.080585	-0.040293	-0.110805	-0.060439
32.250107	-0.070512	-0.040293	-0.110805	-0.060439
32.281353	-0.070512	-0.040293	-0.110805	-0.060439
32.312603	-0.070512	-0.040293	-0.110805	-0.060439
32.343849	-0.070512	-0.030220	-0.100732	-0.060439
32.375099	-0.060439	-0.030220	-0.100732	-0.050366
32.406345	-0.060439	-0.030220	-0.090659	-0.060439
32.437595	-0.060439	-0.040293	-0.080585	-0.060439
32.468842	-0.060439	-0.040293	-0.080585	-0.060439
32.500092	-0.060439	-0.050366	-0.080585	-0.060439
32.531338	-0.060439	-0.050366	-0.080585	-0.050366
32.562588	-0.070512	-0.050366	-0.080585	-0.050366
32.593834	-0.070512	-0.040293	-0.080585	-0.060439
32.625084	-0.080585	-0.040293	-0.080585	-0.060439
32.656330	-0.080585	-0.040293	-0.080585	-0.060439
32.687580	-0.080585	-0.040293	-0.080585	-0.060439
32.718826	-0.070512	-0.040293	-0.080585	-0.060439
32.750076	-0.070512	-0.040293	-0.080585	-0.060439
32.781322	-0.060439	-0.040293	-0.080585	-0.050366
32.812572	-0.060439	-0.040293	-0.080585	-0.050366
32.843819	-0.070512	-0.040293	-0.080585	-0.050366
32.875069	-0.070512	-0.030220	-0.070512	-0.050366
32.906315	-0.060439	-0.020146	-0.070512	-0.040293
32.937565	-0.060439	-0.020146	-0.070512	-0.050366
32.968811	-0.050366	-0.030220	-0.060439	-0.050366
33.000061	-0.050366	-0.030220	-0.060439	-0.050366
33.031307	-0.050366	-0.040293	-0.060439	-0.050366
33.062557	-0.050366	-0.050366	-0.060439	-0.060439
33.093803	-0.050366	-0.040293	-0.060439	-0.060439
33.125053	-0.050366	-0.040293	-0.060439	-0.050366
33.156300	-0.040293	-0.040293	-0.060439	-0.060439
33.187550	-0.040293	-0.040293	-0.060439	-0.060439
33.218796	-0.040293	-0.040293	-0.060439	-0.060439
33.250046	-0.040293	-0.040293	-0.060439	-0.060439
33.281292	-0.040293	-0.030220	-0.050366	-0.050366
33.312542	-0.040293	-0.020146	-0.050366	-0.050366
33.343788	-0.030220	-0.020146	-0.050366	-0.050366
33.375038	-0.030220	-0.020146	-0.050366	-0.040293
33.406284	-0.020146	-0.020146	-0.050366	-0.030220
33.437534	-0.020146	-0.020146	-0.050366	-0.030220
33.468781	-0.020146	-0.020146	-0.050366	-0.030220
33.500031	-0.030220	-0.030220	-0.050366	-0.030220
33.531277	-0.030220	-0.030220	-0.050366	-0.040293
33.562527	-0.030220	-0.030220	-0.050366	-0.040293
33.593773	-0.030220	-0.030220	-0.060439	-0.040293
33.625023	-0.030220	-0.040293	-0.060439	-0.050366
33.656269	-0.040293	-0.030220	-0.060439	-0.050366
33.687519	-0.040293	-0.030220	-0.050366	-0.050366
33.718765	-0.040293	-0.020146	-0.050366	-0.050366
33.750015	-0.040293	-0.010073	-0.050366	-0.050366
33.781261	-0.030220	-0.010073	-0.050366	-0.050366
33.812511	-0.030220	-0.010073	-0.040293	-0.050366
33.843758	-0.030220	-0.010073	-0.040293	-0.040293
33.875008	-0.020146	-0.010073	-0.050366	-0.040293
33.906254	-0.020146	-0.010073	-0.050366	-0.030220
33.937504	-0.020146	-0.020146	-0.040293	-0.030220
33.968750	-0.020146	-0.020146	-0.040293	-0.040293
