26.000483	-0.020146	-0.030220	0.000000	-0.060439
26.031731	-0.020146	-0.030220	0.000000	-0.060439
26.062979	-0.020146	-0.030220	0.000000	-0.060439
26.094227	-0.020146	-0.040293	0.000000	-0.060439
26.125475	-0.010073	-0.040293	0.000000	-0.060439
26.156723	-0.010073	-0.040293	0.000000	-0.070512
26.187971	-0.010073	-0.030220	0.010014	-0.070512
26.219219	-0.010073	-0.030220	0.010014	-0.070512
26.250467	-0.010073	-0.030220	0.010014	-0.070512
26.281715	-0.020146	-0.030220	0.010014	-0.070512
26.312963	-0.020146	-0.030220	0.010014	-0.070512
26.344212	-0.020146	-0.030220	0.020087	-0.060439
26.375460	-0.020146	-0.030220	0.020087	-0.060439
26.406708	-0.020146	-0.030220	0.020087	-0.070512
26.437956	-0.010073	-0.030220	0.010014	-0.070512
26.469204	-0.010073	-0.030220	0.010014	-0.080585
26.500452	-0.010073	-0.030220	0.000000	-0.080585
26.531700	-0.020146	-0.030220	0.000000	-0.090659
26.562948	-0.030220	-0.020146	0.000000	-0.080585
26.594196	-0.030220	-0.020146	-0.010073	-0.080585
26.625444	-0.030220	-0.030220	-0.010073	-0.070512
26.656693	-0.030220	-0.030220	-0.010073	-0.080585
26.687941	-0.030220	-0.030220	-0.010073	-0.080585
26.719189	-0.020146	-0.040293	-0.010073	-0.070512
26.750437	-0.020146	-0.030220	0.000000	-0.070512
26.781685	-0.020146	-0.030220	0.000000	-0.070512
26.812933	-0.020146	-0.030220	0.000000	-0.080585
26.844181	-0.020146	-0.030220	0.000000	-0.080585
26.875429	-0.020146	-0.030220	0.000000	-0.080585
26.906677	-0.010073	-0.040293	-0.010073	-0.080585
26.937925	-0.010073	-0.040293	-0.010073	-0.080585
26.969173	-0.010073	-0.060439	-0.010073	-0.090659
27.000422	-0.010073	-0.060439	-0.020146	-0.100732
27.031670	-0.010073	-0.060439	-0.020146	-0.100732
27.062918	-0.010073	-0.050366	-0.020146	-0.090659
27.094166	-0.010073	-0.050366	-0.010073	-0.080585
27.125414	-0.010073	-0.050366	-0.010073	-0.080585
27.156662	-0.010073	-0.050366	-0.010073	-0.080585
27.187910	-0.010073	-0.050366	-0.010073	-0.070512
27.219158	-0.020146	-0.050366	-0.010073	-0.080585
27.250406	-0.020146	-0.050366	0.000000	-0.090659
27.281654	-0.020146	-0.050366	-0.010073	-0.100732
27.312902	-0.030220	-0.060439	-0.010073	-0.100732
27.344151	-0.030220	-0.060439	-0.010073	-0.100732
27.375399	-0.030220	-0.060439	-0.010073	-0.100732
27.406647	-0.030220	-0.060439	-0.020146	-0.110805
27.437895	-0.040293	-0.070512	-0.020146	-0.110805
27.469143	-0.040293	-0.070512	-0.020146	-0.110805
27.500391	-0.050366	-0.060439	-0.030220	-0.120878
27.531639	-0.050366	-0.060439	-0.030220	-0.120878
27.562887	-0.050366	-0.060439	-0.030220	-0.120878
27.594135	-0.060439	-0.060439	-0.030220	-0.120878
27.625383	-0.050366	-0.060439	-0.030220	-0.120878
27.656631	-0.050366	-0.060439	-0.030220	-0.120878
27.687880	-0.040293	-0.070512	-0.030220	-0.130951
27.719128	-0.030220	-0.070512	-0.030220	-0.130951
27.750376	-0.030220	-0.070512	-0.020146	-0.130951
27.781624	-0.030220	-0.080585	-0.020146	-0.130951
27.812872	-0.030220	-0.080585	-0.020146	-0.130951
27.844120	-0.030220	-0.080585	-0.020146	-0.141025
27.875368	-0.020146	-0.080585	-0.020146	-0.141025
27.906616	-0.020146	-0.080585	-0.020146	-0.141025
27.937866	-0.020146	-0.080585	-0.020146	-0.141025
27.969114	-0.030220	-0.080585	-0.030220	-0.141025
28.000362	-0.030220	-0.090659	-0.030220	-0.141025
28.031610	-0.040293	-0.090659	-0.030220	-0.141025
28.062859	-0.040293	-0.090659	-0.040293	-0.151098
28.094107	-0.050366	-0.100732	-0.050366	-0.151098
28.125355	-0.040293	-0.110805	-0.060439	-0.161171
28.156603	-0.040293	-0.110805	-0.060439	-0.161171
28.187851	-0.040293	-0.110805	-0.060439	-0.171244
28.219099	-0.040293	-0.110805	-0.060439	-0.171244
28.250347	-0.040293	-0.110805	-0.060439	-0.171244
28.281595	-0.040293	-0.110805	-0.050366	-0.171244
28.312843	-0.050366	-0.120878	-0.050366	-0.181317
28.344091	-0.050366	-0.120878	-0.040293	-0.181317
28.375340	-0.060439	-0.130951	-0.040293	-0.191391
28.406588	-0.060439	-0.141025	-0.040293	-0.201464
28.437836	-0.060439	-0.151098	-0.040293	-0.201464
28.469084	-0.060439	-0.151098	-0.050366	-0.211537
28.500332	-0.060439	-0.161171	-0.060439	-0.221610
28.531580	-0.070512	-0.161171	-0.060439	-0.221610
28.562828	-0.070512	-0.171244	-0.060439	-0.231683
28.594076	-0.070512	-0.171244	-0.060439	-0.241756
28.625324	-0.070512	-0.181317	-0.060439	-0.241756
28.656572	-0.080585	-0.201464	-0.060439	-0.251830
28.687820	-0.080585	-0.211537	-0.050366	-0.261843
28.719069	-0.080585	-0.221610	-0.060439	-0.261843
28.750317	-0.080585	-0.231683	-0.060439	-0.271916
28.781565	-0.080585	-0.231683	-0.070512	-0.292063
28.812813	-0.080585	-0.241756	-0.070512	-0.302136
28.844061	-0.080585	-0.251830	-0.080585	-0.322282
28.875309	-0.080585	-0.261843	-0.080585	-0.332355
28.906557	-0.080585	-0.281990	-0.080585	-0.352502
28.937805	-0.080585	-0.302136	-0.080585	-0.372648
28.969053	-0.080585	-0.332355	-0.080585	-0.392795
29.000301	-0.090659	-0.352502	-0.090659	-0.423014
29.031549	-0.090659	-0.382721	-0.090659	-0.453234
29.062798	-0.080585	-0.402868	-0.090659	-0.493526
29.094046	-0.090659	-0.443161	-0.090659	-0.543833
29.125294	-0.090659	-0.483453	-0.100732	-0.594199
29.156542	-0.090659	-0.543833	-0.100732	-0.664711
29.187790	-0.090659	-0.604272	-0.100732	-0.755370
29.219038	-0.090659	-0.705004	-0.110805	-0.866115
29.250286	-0.090659	-0.835896	-0.110805	-1.017213
29.281534	-0.100732	-1.027286	-0.120878	-1.218617
29.312782	-0.100732	-1.299143	-0.120878	-1.490533
29.344030	-0.100732	-1.651645	-0.120878	-1.832902
29.375278	-0.110805	-2.104819	-0.130951	-2.245843
29.406527	-0.110805	-2.648652	-0.141025	-2.719164
29.437775	-0.120878	-3.232777	-0.141025	-3.182411
29.469023	-0.130951	-3.746390	-0.141025	-3.514767
29.500271	-0.130951	-4.008234	-0.151098	-3.595352
29.531519	-0.141025	-3.837049	-0.151098	-3.313363
29.562767	-0.141025	-3.192484	-0.161171	-2.719164
29.594015	-0.151098	-2.326369	-0.161171	-2.054513
29.625263	-0.151098	-1.671791	-0.171244	-1.560986
29.656511	-0.161171	-1.268983	-0.171244	-1.248837
29.687759	-0.171244	-1.027286	-0.171244	-1.047373
29.719007	-0.171244	-0.866115	-0.181317	-0.896335
29.750256	-0.181317	-0.745296	-0.181317	-0.785530
29.781504	-0.191391	-0.654638	-0.191391	-0.705004
29.812752	-0.191391	-0.584126	-0.201464	-0.634491
29.844000	-0.201464	-0.523686	-0.201464	-0.574052
29.875248	-0.201464	-0.473380	-0.211537	-0.523686
29.906496	-0.211537	-0.433087	-0.221610	-0.493526
29.937744	-0.221610	-0.402868	-0.221610	-0.463307
29.968992	-0.231683	-0.372648	-0.241756	-0.433087
30.000240	-0.241756	-0.342429	-0.261843	-0.412941
30.031488	-0.251830	-0.332355	-0.292063	-0.382721
30.062737	-0.261843	-0.312209	-0.302136	-0.362575
30.093985	-0.271916	-0.302136	-0.322282	-0.332355
30.125233	-0.302136	-0.292063	-0.342429	-0.312209
30.156481	-0.322282	-0.281990	-0.362575	-0.292063
30.187729	-0.342429	-0.261843	-0.392795	-0.292063
30.218977	-0.362575	-0.251830	-0.423014	-0.281990
30.250225	-0.382721	-0.231683	-0.453234	-0.281990
30.281473	-0.412941	-0.221610	-0.493526	-0.271916
30.312721	-0.443161	-0.211537	-0.533760	-0.271916
30.343969	-0.483453	-0.201464	-0.584126	-0.251830
30.375219	-0.533760	-0.191391	-0.634491	-0.241756
30.406467	-0.594199	-0.181317	-0.715077	-0.231683
30.437716	-0.684857	-0.181317	-0.815749	-0.221610
30.468964	-0.815749	-0.171244	-0.976920	-0.211537
30.500212	-1.007140	-0.161171	-1.238763	-0.201464
30.531460	-1.279056	-0.151098	-1.661718	-0.201464
30.562708	-1.671791	-0.151098	-2.406955	-0.191391
30.593956	-2.135038	-0.141025	-3.403962	-0.191391
30.625204	-2.598286	-0.141025	-4.199564	-0.191391
30.656452	-2.880275	-0.141025	-4.461408	-0.191391
30.687700	-2.910495	-0.141025	-4.219711	-0.181317
30.718948	-2.709091	-0.151098	-3.685951	-0.171244
30.750196	-2.386808	-0.141025	-3.051519	-0.171244
30.781445	-2.034366	-0.141025	-2.457321	-0.161171
30.812693	-1.691937	-0.130951	-1.963854	-0.161171
30.843941	-1.399875	-0.130951	-1.571059	-0.151098
30.875189	-1.158178	-0.120878	-1.279056	-0.151098
30.906437	-0.976920	-0.120878	-1.047373	-0.151098
30.937685	-0.835896	-0.110805	-0.886261	-0.151098
30.968933	-0.725150	-0.100732	-0.765443	-0.130951
31.000181	-0.634491	-0.090659	-0.664711	-0.120878
31.031429	-0.563979	-0.090659	-0.594199	-0.110805
31.062677	-0.503600	-0.090659	-0.533760	-0.110805
31.093925	-0.463307	-0.090659	-0.493526	-0.120878
31.125174	-0.423014	-0.090659	-0.453234	-0.120878
31.156422	-0.392795	-0.080585	-0.423014	-0.120878
31.187670	-0.362575	-0.080585	-0.392795	-0.120878
31.218918	-0.342429	-0.080585	-0.362575	-0.120878
31.250166	-0.322282	-0.070512	-0.342429	-0.110805
31.281414	-0.302136	-0.080585	-0.322282	-0.110805
31.312662	-0.292063	-0.080585	-0.302136	-0.110805
31.343910	-0.271916	-0.080585	-0.292063	-0.100732
31.375158	-0.251830	-0.090659	-0.281990	-0.100732
31.406406	-0.241756	-0.090659	-0.261843	-0.100732
31.437654	-0.231683	-0.090659	-0.251830	-0.090659
31.468903	-0.211537	-0.090659	-0.241756	-0.090659
31.500151	-0.201464	-0.080585	-0.231683	-0.080585
31.531399	-0.201464	-0.070512	-0.221610	-0.080585
31.562647	-0.191391	-0.060439	-0.211537	-0.080585
31.593895	-0.181317	-0.060439	-0.201464	-0.080585
31.625143	-0.171244	-0.060439	-0.191391	-0.080585
31.656391	-0.161171	-0.060439	-0.181317	-0.080585
31.687639	-0.161171	-0.060439	-0.181317	-0.080585
31.718887	-0.161171	-0.070512	-0.171244	-0.080585
31.750135	-0.161171	-0.070512	-0.171244	-0.080585
31.781384	-0.151098	-0.070512	-0.161171	-0.070512
31.812632	-0.151098	-0.080585	-0.161171	-0.070512
31.843880	-0.141025	-0.080585	-0.151098	-0.070512
31.875128	-0.141025	-0.080585	-0.151098	-0.080585
31.906376	-0.130951	-0.070512	-0.151098	-0.080585
31.937624	-0.120878	-0.070512	-0.141025	-0.080585
31.968872	-0.110805	-0.060439	-0.141025	-0.080585
32.000122	-0.110805	-0.060439	-0.141025	-0.080585
32.031368	-0.110805	-0.050366	-0.141025	-0.070512
32.062618	-0.110805	-0.050366	-0.130951	-0.060439
32.093864	-0.100732	-0.040293	-0.120878	-0.050366
32.125114	-0.100732	-0.040293	-0.120878	-0.040293
32.156361	-0.100732	-0.040293	-0.120878	-0.050366
32.187611	-0.100732	-0.040293	-0.120878	-0.050366
32.218857	-0.090659	-0.040293	-0.110805	-0.060439
32.250107	-0.090659	-0.040293	-0.100732	-0.060439
32.281353	-0.090659	-0.040293	-0.100732	-0.060439
32.312603	-0.090659	-0.040293	-0.100732	-0.070512
32.343849	-0.090659	-0.050366	-0.100732	-0.070512
32.375099	-0.080585	-0.050366	-0.100732	-0.070512
32.406345	-0.080585	-0.060439	-0.100732	-0.070512
32.437595	-0.070512	-0.050366	-0.100732	-0.060439
32.468842	-0.070512	-0.050366	-0.100732	-0.060439
32.500092	-0.070512	-0.050366	-0.090659	-0.060439
32.531338	-0.060439	-0.050366	-0.090659	-0.060439
32.562588	-0.060439	-0.040293	-0.080585	-0.060439
32.593834	-0.060439	-0.040293	-0.080585	-0.060439
32.625084	-0.060439	-0.040293	-0.080585	-0.060439
32.656330	-0.060439	-0.030220	-0.080585	-0.050366
32.687580	-0.060439	-0.040293	-0.080585	-0.050366
32.718826	-0.070512	-0.040293	-0.070512	-0.050366
32.750076	-0.070512	-0.050366	-0.070512	-0.060439
32.781322	-0.080585	-0.050366	-0.070512	-0.060439
32.812572	-0.080585	-0.040293	-0.070512	-0.060439
32.843819	-0.080585	-0.050366	-0.070512	-0.060439
32.875069	-0.080585	-0.050366	-0.080585	-0.050366
32.906315	-0.070512	-0.050366	-0.080585	-0.050366
32.937565	-0.060439	-0.050366	-0.080585	-0.040293
32.968811	-0.060439	-0.050366	-0.080585	-0.040293
33.000061	-0.060439	-0.040293	-0.080585	-0.040293
33.031307	-0.060439	-0.040293	-0.070512	-0.040293
33.062557	-0.050366	-0.040293	-0.060439	-0.040293
33.093803	-0.050366	-0.040293	-0.060439	-0.050366
33.125053	-0.050366	-0.050366	-0.060439	-0.040293
33.156300	-0.050366	-0.050366	-0.060439	-0.040293
33.187550	-0.040293	-0.050366	-0.060439	-0.050366
33.218796	-0.040293	-0.040293	-0.060439	-0.050366
33.250046	-0.030220	-0.040293	-0.060439	-0.040293
33.281292	-0.030220	-0.040293	-0.060439	-0.040293
33.312542	-0.030220	-0.040293	-0.060439	-0.050366
33.343788	-0.030220	-0.040293	-0.050366	-0.050366
33.375038	-0.040293	-0.040293	-0.050366	-0.040293
33.406284	-0.040293	-0.040293	-0.050366	-0.040293
33.437534	-0.050366	-0.040293	-0.050366	-0.040293
33.468781	-0.050366	-0.040293	-0.050366	-0.050366
33.500031	-0.050366	-0.050366	-0.050366	-0.050366
33.531277	-0.050366	-0.050366	-0.040293	-0.050366
33.562527	-0.040293	-0.050366	-0.040293	-0.040293
33.593773	-0.040293	-0.050366	-0.040293	-0.030220
33.625023	-0.030220	-0.050366	-0.040293	-0.040293
33.656269	-0.030220	-0.050366	-0.040293	-0.040293
33.687519	-0.030220	-0.040293	-0.040293	-0.040293
33.718765	-0.030220	-0.040293	-0.040293	-0.040293
33.750015	-0.040293	-0.040293	-0.040293	-0.040293
33.781261	-0.040293	-0.040293	-0.040293	-0.040293
33.812511	-0.040293	-0.040293	-0.040293	-0.040293
33.843758	-0.040293	-0.030220	-0.040293	-0.030220
33.875008	-0.050366	-0.030220	-0.040293	-0.030220
33.906254	-0.050366	-0.040293	-0.030220	-0.030220
33.937504	-0.050366	-0.040293	-0.030220	-0.030220
33.968750	-0.050366	-0.050366	-0.040293	-0.040293
