21.940655	-0.181288	-0.631109	5.562469	5.958587
21.950029	-0.184640	-0.631109	5.562469	5.955219
21.959404	-0.184640	-0.627756	5.559102	5.948514
21.968779	-0.184640	-0.627756	5.562469	5.945161
21.978153	-0.187993	-0.627756	5.565822	5.941793
21.987530	-0.187993	-0.627756	5.569175	5.941793
21.996904	-0.191361	-0.627756	5.572528	5.941793
22.006279	-0.194713	-0.627756	5.572528	5.945161
22.015654	-0.194713	-0.624403	5.572528	5.945161
22.025028	-0.194713	-0.624403	5.565822	5.945161
22.034403	-0.194713	-0.624403	5.562469	5.945161
22.043779	-0.194713	-0.624403	5.569175	5.948514
22.053154	-0.194713	-0.624403	5.572528	5.951867
22.062529	-0.194713	-0.624403	5.569175	5.958587
22.071903	-0.198066	-0.621051	5.565822	5.958587
22.081278	-0.198066	-0.621051	5.569175	5.958587
22.090654	-0.201419	-0.617683	5.575895	5.955219
22.100029	-0.201419	-0.614330	5.579248	5.958587
22.109404	-0.201419	-0.610977	5.579248	5.958587
22.118778	-0.201419	-0.610977	5.579248	5.958587
22.128153	-0.201419	-0.610977	5.579248	5.958587
22.137529	-0.201419	-0.607610	5.582601	5.961940
22.146904	-0.204787	-0.607610	5.582601	5.961940
22.156279	-0.201419	-0.607610	5.585968	5.961940
22.165653	-0.201419	-0.607610	5.582601	5.961940
22.175028	-0.201419	-0.610977	5.585968	5.958587
22.184402	-0.204787	-0.610977	5.589321	5.958587
22.193779	-0.204787	-0.614330	5.592674	5.958587
22.203154	-0.204787	-0.614330	5.592674	5.961940
22.212528	-0.201419	-0.617683	5.589321	5.961940
22.221903	-0.198066	-0.617683	5.582601	5.958587
22.231277	-0.198066	-0.617683	5.579248	5.958587
22.240654	-0.198066	-0.617683	5.575895	5.958587
22.250029	-0.194713	-0.617683	5.575895	5.958587
22.259403	-0.194713	-0.617683	5.582601	5.955219
22.268778	-0.198066	-0.614330	5.585968	5.958587
22.278152	-0.198066	-0.614330	5.582601	5.961940
22.287527	-0.201419	-0.610977	5.579248	5.961940
22.296904	-0.204787	-0.610977	5.579248	5.958587
22.306278	-0.204787	-0.607610	5.582601	5.958587
22.315653	-0.204787	-0.604257	5.585968	5.961940
22.325027	-0.208139	-0.604257	5.589321	5.965292
22.334402	-0.208139	-0.604257	5.589321	5.968660
22.343779	-0.208139	-0.600904	5.592674	5.968660
22.353153	-0.208139	-0.597551	5.592674	5.972013
22.362528	-0.211492	-0.597551	5.596027	5.975366
22.371902	-0.211492	-0.597551	5.596027	5.975366
22.381277	-0.211492	-0.594184	5.596027	5.972013
22.390654	-0.214845	-0.594184	5.592674	5.972013
22.400028	-0.211492	-0.594184	5.589321	5.972013
22.409403	-0.211492	-0.597551	5.585968	5.972013
22.418777	-0.211492	-0.597551	5.585968	5.968660
22.428152	-0.211492	-0.597551	5.582601	5.965292
22.437527	-0.211492	-0.597551	5.582601	5.958587
22.446903	-0.211492	-0.597551	5.582601	5.955219
22.456278	-0.211492	-0.597551	5.582601	5.958587
22.465652	-0.211492	-0.594184	5.575895	5.958587
22.475027	-0.211492	-0.594184	5.575895	5.955219
22.484402	-0.211492	-0.594184	5.579248	5.955219
22.493778	-0.211492	-0.594184	5.582601	5.951867
22.503153	-0.211492	-0.590831	5.582601	5.951867
22.512527	-0.208139	-0.590831	5.582601	5.951867
22.521902	-0.208139	-0.587478	5.585968	5.951867
22.531277	-0.208139	-0.587478	5.589321	5.951867
22.540651	-0.208139	-0.584111	5.589321	5.951867
22.550028	-0.208139	-0.584111	5.589321	5.951867
22.559402	-0.211492	-0.584111	5.589321	5.951867
22.568777	-0.211492	-0.580758	5.589321	5.951867
22.578152	-0.214845	-0.577405	5.596027	5.951867
22.587526	-0.214845	-0.577405	5.596027	5.951867
22.596903	-0.214845	-0.574052	5.599394	5.955219
22.606277	-0.214845	-0.574052	5.599394	5.958587
22.615652	-0.211492	-0.574052	5.599394	5.955219
22.625027	-0.211492	-0.570685	5.599394	5.948514
22.634401	-0.211492	-0.567332	5.596027	5.951867
22.643778	-0.214845	-0.567332	5.596027	5.955219
22.653152	-0.214845	-0.567332	5.599394	5.958587
22.662527	-0.214845	-0.567332	5.599394	5.958587
22.671902	-0.214845	-0.563979	5.599394	5.961940
22.681276	-0.214845	-0.563979	5.599394	5.965292
22.690651	-0.218213	-0.560611	5.602747	5.965292
22.700027	-0.218213	-0.557259	5.606100	5.968660
22.709402	-0.218213	-0.557259	5.606100	5.968660
22.718777	-0.218213	-0.557259	5.602747	5.968660
22.728151	-0.218213	-0.557259	5.599394	5.961940
22.737526	-0.218213	-0.557259	5.599394	5.961940
22.746902	-0.218213	-0.557259	5.606100	5.965292
22.756277	-0.218213	-0.557259	5.609453	5.972013
22.765652	-0.218213	-0.557259	5.609453	5.968660
22.775026	-0.218213	-0.557259	5.609453	5.965292
22.784401	-0.221565	-0.557259	5.609453	5.965292
22.793777	-0.221565	-0.560611	5.612821	5.965292
22.803152	-0.224918	-0.560611	5.609453	5.965292
22.812527	-0.224918	-0.560611	5.609453	5.965292
22.821901	-0.224918	-0.563979	5.612821	5.965292
22.831276	-0.224918	-0.563979	5.616173	5.968660
22.840651	-0.224918	-0.563979	5.616173	5.972013
22.850027	-0.221565	-0.563979	5.619526	5.972013
22.859402	-0.221565	-0.563979	5.622893	5.968660
22.868776	-0.221565	-0.563979	5.626246	5.961940
22.878151	-0.224918	-0.560611	5.626246	5.961940
22.887526	-0.224918	-0.560611	5.619526	5.965292
22.896902	-0.228286	-0.560611	5.619526	5.968660
22.906277	-0.228286	-0.557259	5.619526	5.965292
22.915651	-0.231639	-0.557259	5.622893	5.965292
22.925026	-0.231639	-0.553906	5.622893	5.968660
22.934401	-0.231639	-0.553906	5.626246	5.972013
22.943775	-0.231639	-0.550553	5.626246	5.975366
22.953152	-0.228286	-0.550553	5.622893	5.975366
22.962526	-0.228286	-0.547186	5.626246	5.972013
22.971901	-0.228286	-0.543833	5.629599	5.972013
22.981276	-0.228286	-0.540480	5.629599	5.972013
22.990650	-0.228286	-0.537112	5.626246	5.975366
23.000027	-0.224918	-0.537112	5.622893	5.978718
23.009401	-0.224918	-0.540480	5.626246	5.985439
23.018776	-0.224918	-0.540480	5.629599	5.985439
23.028151	-0.224918	-0.540480	5.629599	5.985439
23.037525	-0.224918	-0.540480	5.629599	5.982086
23.046902	-0.224918	-0.540480	5.629599	5.982086
23.056276	-0.224918	-0.540480	5.626246	5.978718
23.065651	-0.224918	-0.540480	5.622893	5.978718
23.075026	-0.221565	-0.540480	5.622893	5.978718
23.084400	-0.221565	-0.537112	5.622893	5.978718
23.093775	-0.221565	-0.537112	5.622893	5.972013
23.103151	-0.221565	-0.537112	5.622893	5.968660
23.112526	-0.221565	-0.537112	5.626246	5.965292
23.121901	-0.221565	-0.537112	5.632952	5.968660
23.131275	-0.224918	-0.537112	5.636320	5.968660
23.140650	-0.224918	-0.537112	5.636320	5.968660
23.150026	-0.228286	-0.533760	5.636320	5.968660
23.159401	-0.228286	-0.530407	5.636320	5.975366
23.168776	-0.228286	-0.530407	5.639672	5.978718
23.178150	-0.224918	-0.527054	5.643025	5.982086
23.187525	-0.228286	-0.527054	5.649745	5.978718
23.196901	-0.228286	-0.523686	5.649745	5.975366
23.206276	-0.228286	-0.523686	5.643025	5.975366
23.215651	-0.231639	-0.523686	5.643025	5.978718
23.225025	-0.231639	-0.523686	5.646393	5.982086
23.234400	-0.231639	-0.520334	5.646393	5.985439
23.243774	-0.228286	-0.520334	5.643025	5.985439
23.253151	-0.228286	-0.516981	5.643025	5.982086
23.262526	-0.224918	-0.516981	5.646393	5.985439
23.271900	-0.224918	-0.513628	5.649745	5.992159
23.281275	-0.224918	-0.513628	5.649745	5.992159
23.290649	-0.224918	-0.513628	5.646393	5.992159
23.300026	-0.224918	-0.510260	5.646393	5.992159
23.309401	-0.224918	-0.510260	5.649745	5.992159
23.318775	-0.228286	-0.513628	5.649745	5.992159
23.328150	-0.224918	-0.513628	5.646393	5.992159
23.337524	-0.228286	-0.510260	5.646393	5.988791
23.346899	-0.228286	-0.506908	5.646393	5.978718
23.356276	-0.228286	-0.506908	5.653098	5.975366
23.365650	-0.228286	-0.506908	5.659819	5.978718
23.375025	-0.228286	-0.503555	5.656451	5.978718
23.384399	-0.228286	-0.503555	5.649745	5.975366
23.393774	-0.228286	-0.500187	5.646393	5.972013
23.403151	-0.224918	-0.500187	5.646393	5.972013
23.412525	-0.224918	-0.500187	5.653098	5.972013
23.421900	-0.224918	-0.500187	5.653098	5.975366
23.431274	-0.224918	-0.500187	5.656451	5.975366
23.440649	-0.221565	-0.500187	5.659819	5.975366
23.450026	-0.224918	-0.500187	5.666524	5.978718
23.459400	-0.224918	-0.500187	5.669892	5.982086
23.468775	-0.228286	-0.500187	5.669892	5.982086
23.478149	-0.228286	-0.496835	5.666524	5.982086
23.487524	-0.228286	-0.496835	5.659819	5.985439
23.496899	-0.228286	-0.500187	5.656451	5.988791
23.506275	-0.228286	-0.496835	5.653098	5.988791
23.515650	-0.228286	-0.496835	5.653098	5.985439
23.525024	-0.228286	-0.496835	5.656451	5.982086
23.534399	-0.228286	-0.496835	5.656451	5.982086
23.543774	-0.224918	-0.496835	5.656451	5.985439
23.553150	-0.221565	-0.496835	5.656451	5.988791
23.562525	-0.221565	-0.493482	5.656451	5.988791
23.571899	-0.218213	-0.490129	5.656451	5.992159
23.581274	-0.221565	-0.486761	5.653098	5.995512
23.590649	-0.221565	-0.483409	5.653098	5.995512
23.600023	-0.221565	-0.483409	5.653098	5.995512
23.609400	-0.218213	-0.483409	5.656451	5.998865
23.618774	-0.218213	-0.483409	5.659819	5.998865
23.628149	-0.221565	-0.483409	5.663171	5.998865
23.637524	-0.221565	-0.483409	5.659819	6.002217
23.646898	-0.221565	-0.480056	5.656451	6.002217
23.656275	-0.221565	-0.476688	5.653098	6.002217
23.665649	-0.221565	-0.473335	5.653098	5.998865
23.675024	-0.221565	-0.473335	5.653098	5.992159
23.684399	-0.224918	-0.473335	5.653098	5.988791
23.693773	-0.224918	-0.473335	5.649745	5.988791
23.703150	-0.224918	-0.473335	5.653098	5.985439
23.712524	-0.224918	-0.473335	5.649745	5.985439
23.721899	-0.221565	-0.473335	5.646393	5.985439
23.731274	-0.221565	-0.469983	5.643025	5.985439
23.740648	-0.221565	-0.469983	5.643025	5.982086
23.750023	-0.218213	-0.466630	5.646393	5.978718
23.759399	-0.218213	-0.466630	5.649745	5.982086
23.768774	-0.214845	-0.466630	5.646393	5.985439
23.778149	-0.214845	-0.466630	5.646393	5.985439
23.787523	-0.214845	-0.463262	5.646393	5.988791
23.796898	-0.211492	-0.463262	5.646393	5.988791
23.806274	-0.211492	-0.459909	5.643025	5.988791
23.815649	-0.208139	-0.459909	5.636320	5.985439
23.825024	-0.208139	-0.456557	5.636320	5.985439
23.834398	-0.208139	-0.456557	5.639672	5.985439
23.843773	-0.208139	-0.456557	5.646393	5.988791
23.853149	-0.208139	-0.453189	5.653098	5.992159
23.862524	-0.208139	-0.453189	5.653098	5.988791
23.871899	-0.208139	-0.449836	5.653098	5.985439
23.881273	-0.208139	-0.446483	5.653098	5.982086
23.890648	-0.208139	-0.446483	5.656451	5.985439
23.900023	-0.211492	-0.443131	5.659819	5.985439
23.909399	-0.208139	-0.443131	5.663171	5.985439
23.918774	-0.208139	-0.439763	5.666524	5.985439
23.928148	-0.208139	-0.436410	5.673244	5.985439
23.937523	-0.208139	-0.433058	5.673244	5.988791
23.946898	-0.208139	-0.433058	5.673244	5.985439
23.956274	-0.208139	-0.429690	5.676598	5.985439
23.965649	-0.208139	-0.429690	5.676598	5.988791
23.975023	-0.208139	-0.426337	5.676598	5.995512
23.984398	-0.208139	-0.426337	5.673244	5.995512
23.993773	-0.208139	-0.426337	5.669892	5.988791
24.003147	-0.211492	-0.422984	5.673244	5.985439
24.012524	-0.211492	-0.422984	5.673244	5.985439
24.021898	-0.211492	-0.419632	5.676598	5.985439
24.031273	-0.208139	-0.419632	5.673244	5.985439
24.040648	-0.208139	-0.419632	5.673244	5.982086
24.050022	-0.204787	-0.416264	5.673244	5.982086
24.059399	-0.204787	-0.416264	5.669892	5.982086
24.068773	-0.204787	-0.412911	5.673244	5.978718
24.078148	-0.204787	-0.412911	5.673244	5.978718
24.087523	-0.204787	-0.412911	5.676598	5.978718
24.096897	-0.204787	-0.409558	5.679950	5.975366
24.106274	-0.201419	-0.406206	5.683318	5.972013
24.115648	-0.201419	-0.402838	5.686670	5.972013
24.125023	-0.201419	-0.402838	5.690023	5.975366
24.134398	-0.201419	-0.399485	5.693391	5.978718
24.143772	-0.198066	-0.399485	5.693391	5.982086
24.153147	-0.201419	-0.396132	5.696744	5.982086
24.162523	-0.201419	-0.392765	5.696744	5.982086
24.171898	-0.201419	-0.389412	5.693391	5.978718
24.181273	-0.201419	-0.386059	5.696744	5.975366
24.190647	-0.198066	-0.382707	5.703449	5.978718
24.200022	-0.198066	-0.382707	5.703449	5.978718
24.209398	-0.198066	-0.382707	5.696744	5.978718
24.218773	-0.194713	-0.382707	5.690023	5.978718
24.228148	-0.194713	-0.382707	5.686670	5.975366
24.237522	-0.191361	-0.382707	5.693391	5.972013
24.246897	-0.184640	-0.382707	5.696744	5.972013
24.256273	-0.181288	-0.379339	5.696744	5.972013
24.265648	-0.181288	-0.375986	5.700097	5.972013
24.275023	-0.181288	-0.372633	5.700097	5.972013
24.284397	-0.181288	-0.369266	5.700097	5.972013
24.293772	-0.177920	-0.369266	5.700097	5.972013
24.303146	-0.181288	-0.365913	5.696744	5.972013
24.312523	-0.181288	-0.362560	5.696744	5.972013
24.321898	-0.181288	-0.359207	5.696744	5.968660
24.331272	-0.181288	-0.355840	5.696744	5.968660
24.340647	-0.181288	-0.352487	5.696744	5.965292
24.350021	-0.181288	-0.349134	5.696744	5.961940
24.359398	-0.181288	-0.345767	5.696744	5.958587
24.368773	-0.181288	-0.342414	5.696744	5.961940
24.378147	-0.181288	-0.339061	5.690023	5.965292
24.387522	-0.177920	-0.335708	5.686670	5.965292
24.396896	-0.177920	-0.332341	5.686670	5.965292
24.406271	-0.174567	-0.328988	5.690023	5.968660
24.415648	-0.171214	-0.322267	5.690023	5.965292
24.425022	-0.171214	-0.318915	5.690023	5.958587
24.434397	-0.167862	-0.318915	5.693391	5.951867
24.443771	-0.167862	-0.318915	5.696744	5.958587
24.453146	-0.167862	-0.318915	5.700097	5.968660
24.462523	-0.164494	-0.318915	5.693391	5.975366
24.471897	-0.164494	-0.315562	5.693391	5.975366
24.481272	-0.164494	-0.312209	5.696744	5.972013
24.490646	-0.161141	-0.308841	5.700097	5.965292
24.500021	-0.161141	-0.305489	5.703449	5.961940
24.509398	-0.161141	-0.302136	5.703449	5.961940
24.518772	-0.157788	-0.298783	5.700097	5.965292
24.528147	-0.154421	-0.295416	5.700097	5.968660
24.537521	-0.151068	-0.292063	5.700097	5.968660
24.546896	-0.147715	-0.288710	5.703449	5.968660
24.556271	-0.144362	-0.281990	5.703449	5.965292
24.565647	-0.140995	-0.278637	5.706817	5.958587
24.575022	-0.140995	-0.278637	5.706817	5.955219
24.584396	-0.140995	-0.271916	5.706817	5.958587
24.593771	-0.140995	-0.271916	5.710170	5.961940
24.603146	-0.137642	-0.268564	5.710170	5.958587
24.612522	-0.134289	-0.268564	5.710170	5.955219
24.621897	-0.134289	-0.268564	5.710170	5.955219
24.631271	-0.130922	-0.268564	5.710170	5.955219
24.640646	-0.130922	-0.265211	5.703449	5.955219
24.650021	-0.127569	-0.261843	5.700097	5.951867
24.659395	-0.127569	-0.258490	5.703449	5.951867
24.668772	-0.124216	-0.255138	5.710170	5.948514
24.678146	-0.120863	-0.248417	5.713522	5.948514
24.687521	-0.114143	-0.245064	5.710170	5.945161
24.696896	-0.110790	-0.241712	5.706817	5.945161
24.706270	-0.107422	-0.238344	5.703449	5.945161
24.715647	-0.107422	-0.238344	5.703449	5.941793
24.725021	-0.107422	-0.234991	5.700097	5.941793
24.734396	-0.107422	-0.231639	5.696744	5.938440
24.743771	-0.107422	-0.228286	5.693391	5.938440
24.753145	-0.110790	-0.224918	5.693391	5.938440
24.762522	-0.110790	-0.224918	5.696744	5.938440
24.771896	-0.110790	-0.224918	5.700097	5.941793
24.781271	-0.110790	-0.224918	5.696744	5.941793
24.790646	-0.107422	-0.221565	5.693391	5.941793
24.800020	-0.100717	-0.218213	5.693391	5.941793
24.809395	-0.097364	-0.214845	5.700097	5.941793
24.818771	-0.090644	-0.211492	5.703449	5.941793
24.828146	-0.087291	-0.211492	5.703449	5.938440
24.837521	-0.083938	-0.208139	5.700097	5.938440
24.846895	-0.083938	-0.208139	5.700097	5.941793
24.856270	-0.080571	-0.201419	5.703449	5.941793
24.865646	-0.080571	-0.198066	5.703449	5.941793
24.875021	-0.077218	-0.194713	5.700097	5.938440
24.884396	-0.073865	-0.194713	5.700097	5.938440
24.893770	-0.070497	-0.191361	5.700097	5.938440
24.903145	-0.070497	-0.191361	5.693391	5.931720
24.912521	-0.067145	-0.191361	5.693391	5.928368
24.921896	-0.060439	-0.191361	5.696744	5.921662
24.931271	-0.057071	-0.191361	5.696744	5.921662
24.940645	-0.053719	-0.191361	5.693391	5.925014
24.950020	-0.046998	-0.187993	5.693391	5.925014
24.959394	-0.043646	-0.187993	5.693391	5.921662
24.968771	-0.040293	-0.187993	5.693391	5.914941
24.978146	-0.040293	-0.184640	5.693391	5.908236
24.987520	-0.040293	-0.187993	5.693391	5.908236
24.996895	-0.036940	-0.187993	5.696744	5.901515
25.006269	-0.036940	-0.187993	5.696744	5.898163
25.015646	-0.036940	-0.191361	5.696744	5.898163
25.025021	-0.033572	-0.194713	5.696744	5.898163
25.034395	-0.030220	-0.194713	5.696744	5.898163
25.043770	-0.026867	-0.198066	5.693391	5.894795
25.053144	-0.023499	-0.204787	5.693391	5.891442
25.062519	-0.023499	-0.208139	5.693391	5.891442
25.071896	-0.020146	-0.214845	5.693391	5.894795
25.081270	-0.016794	-0.224918	5.693391	5.894795
25.090645	-0.016794	-0.234991	5.693391	5.894795
25.100019	-0.016794	-0.245064	5.693391	5.891442
25.109394	-0.013441	-0.251785	5.693391	5.888090
25.118771	-0.013441	-0.258490	5.690023	5.884737
25.128145	-0.013441	-0.265211	5.686670	5.881369
25.137520	-0.010073	-0.275284	5.690023	5.874663
25.146894	-0.010073	-0.281990	5.693391	5.871296
25.156269	-0.006720	-0.288710	5.690023	5.867943
25.165646	-0.006720	-0.298783	5.686670	5.861238
25.175020	-0.003368	-0.308841	5.683318	5.857870
25.184395	-0.003368	-0.318915	5.683318	5.857870
25.193769	0.000000	-0.328988	5.679950	5.854517
25.203144	0.000000	-0.342414	5.679950	5.851164
25.212519	0.003353	-0.355840	5.676598	5.847797
25.221895	0.003353	-0.369266	5.673244	5.847797
25.231270	0.003353	-0.386059	5.676598	5.847797
25.240644	0.003353	-0.402838	5.679950	5.841091
25.250019	0.003353	-0.419632	5.686670	5.837739
25.259394	0.003353	-0.433058	5.686670	5.837739
25.268770	0.006706	-0.449836	5.679950	5.837739
25.278145	0.010058	-0.463262	5.676598	5.841091
25.287519	0.013426	-0.469983	5.673244	5.837739
25.296894	0.016779	-0.473335	5.676598	5.831018
25.306269	0.016779	-0.469983	5.673244	5.824298
25.315645	0.016779	-0.459909	5.673244	5.820945
25.325020	0.016779	-0.439763	5.669892	5.817592
25.334394	0.013426	-0.406206	5.666524	5.817592
25.343769	0.013426	-0.359207	5.659819	5.814240
25.353144	0.013426	-0.292063	5.653098	5.807519
25.362518	0.010058	-0.204787	5.653098	5.800814
25.371895	0.010058	-0.093997	5.653098	5.794093
25.381269	0.006706	0.043631	5.646393	5.784020
25.390644	0.000000	0.218198	5.639672	5.767241
25.400019	-0.006720	0.422969	5.636320	5.750447
25.409393	-0.013441	0.664666	5.636320	5.733669
25.418770	-0.020146	0.946656	5.632952	5.713522
25.428144	-0.026867	1.268923	5.629599	5.690023
25.437519	-0.036940	1.634821	5.622893	5.663171
25.446894	-0.043646	2.044380	5.619526	5.629599
25.456268	-0.053719	2.500921	5.616173	5.599394
25.465643	-0.063792	3.001109	5.616173	5.572528
25.475019	-0.073865	3.544941	5.612821	5.555749
25.484394	-0.083938	4.118979	5.609453	5.545676
25.493769	-0.093997	4.709795	5.602747	5.545676
25.503143	-0.107422	5.317405	5.596027	5.552396
25.512518	-0.120863	5.931720	5.589321	5.569175
25.521894	-0.137642	6.535977	5.579248	5.589321
25.531269	-0.151068	7.140234	5.575895	5.612821
25.540644	-0.167862	7.737771	5.575895	5.643025
25.550018	-0.184640	8.321881	5.572528	5.679950
25.559393	-0.201419	8.902624	5.562469	5.723596
25.568769	-0.218213	9.476662	5.555749	5.763874
25.578144	-0.234991	10.040641	5.555749	5.807519
25.587519	-0.251785	10.604605	5.555749	5.857870
25.596893	-0.268564	11.161863	5.545676	5.911589
25.606268	-0.285342	11.712402	5.532250	5.961940
25.615643	-0.298783	12.256220	5.522177	6.012291
25.625019	-0.312209	12.786627	5.518824	6.066010
25.634394	-0.315562	13.293520	5.508751	6.113008
25.643768	-0.318915	13.770207	5.498677	6.160006
25.653143	-0.308841	14.199898	5.485251	6.203637
25.662518	-0.292063	14.555737	5.475178	6.243929
25.671894	-0.258490	14.820933	5.458400	6.277487
25.681269	-0.211492	14.961928	5.441606	6.304354
25.690643	-0.144362	14.948503	5.428180	6.317780
25.700018	-0.057071	14.753803	5.421474	6.327853
25.709393	0.057057	14.364391	5.414754	6.334558
25.718767	0.194699	13.780281	5.408049	6.334558
25.728144	0.365898	13.014897	5.397975	6.334558
25.737518	0.570670	12.111873	5.384550	6.334558
25.746893	0.819087	11.124939	5.367756	6.334558
25.756268	1.104429	10.111138	5.354330	6.327853
25.765642	1.440123	9.120837	5.344257	6.317780
25.775019	1.822814	8.201033	5.337551	6.300986
25.784393	2.252504	7.365152	5.334184	6.277487
25.793768	2.729192	6.626621	5.340904	6.257355
25.803143	3.246158	5.988791	5.367756	6.240561
25.812517	3.796711	5.438253	5.404681	6.223783
25.821894	4.374102	4.961565	5.444974	6.203637
25.831268	5.115986	4.558727	5.505398	6.190210
25.840643	5.723596	4.202902	5.559102	6.176785
25.850018	6.327853	3.894061	5.619526	6.166711
25.859392	6.928742	3.625497	5.686670	6.149933
25.868767	7.526278	3.383801	5.757168	6.133139
25.878143	8.113742	3.168955	5.831018	6.119713
25.887518	8.694500	2.974257	5.908236	6.109640
25.896893	9.271890	2.799690	5.995512	6.096214
25.906267	9.835869	2.638564	6.079435	6.089509
25.915642	10.399834	2.494201	6.170064	6.089509
25.925018	10.963798	2.359927	6.264061	6.086141
25.934393	11.521056	2.235725	6.361410	6.079435
25.943768	12.074947	2.121583	6.462127	6.072715
25.953142	12.628853	2.017528	6.562829	6.069362
25.962517	13.165966	1.920164	6.666899	6.062642
25.971893	13.689637	1.829535	6.774321	6.055936
25.981268	14.176398	1.742244	6.885097	6.049216
25.990643	14.612809	1.661688	6.985813	6.052584
26.000017	14.972001	1.584470	7.073090	6.052584
26.009392	15.223771	1.510620	7.153660	6.045863
26.018766	15.324473	1.443475	7.214084	6.039143
26.028143	15.247271	1.379699	7.244289	6.035790
26.037518	14.961928	1.322627	7.234231	6.029084
26.046892	14.465094	1.265571	7.187232	6.025717
26.056267	13.773561	1.211852	7.113367	6.022364
26.065641	12.930974	1.161501	7.009313	6.022364
26.075018	11.997745	1.111150	6.888464	6.022364
26.084393	11.014149	1.067504	6.754175	6.019011
26.093767	10.037273	1.020506	6.623253	6.019011
26.103142	9.107410	0.980228	6.505773	6.019011
26.112516	8.241311	0.939935	6.405056	6.015658
26.121891	7.452428	0.899658	6.321132	6.008938
26.131268	6.754175	0.862733	6.247282	6.005585
26.140642	6.139860	0.829160	6.186858	6.002217
26.150017	5.602747	0.795588	6.133139	5.998865
26.159391	5.139485	0.762016	6.092861	5.998865
26.168766	4.733294	0.728458	6.059289	5.998865
26.178143	4.377455	0.698239	6.032437	5.995512
26.187517	4.065260	0.671387	6.012291	5.992159
26.196892	3.789991	0.644535	5.995512	5.992159
26.206266	3.548294	0.617668	5.978718	5.992159
26.215641	3.333449	0.594169	5.961940	5.992159
26.225018	3.138736	0.570670	5.948514	5.985439
26.234392	2.964184	0.547171	5.938440	5.985439
26.243767	2.803042	0.520319	5.935088	5.988791
26.253141	2.655342	0.500172	5.931720	5.985439
26.262516	2.517700	0.476673	5.925014	5.982086
26.271891	2.393499	0.453174	5.918294	5.978718
26.281267	2.279356	0.433043	5.911589	5.982086
26.290642	2.175301	0.416249	5.904868	5.982086
26.300016	2.077952	0.396118	5.901515	5.975366
26.309391	1.990661	0.379324	5.894795	5.972013
26.318766	1.903385	0.359192	5.888090	5.975366
26.328142	1.822814	0.342399	5.881369	5.978718
26.337517	1.745611	0.325620	5.874663	5.975366
26.346891	1.675114	0.305474	5.867943	5.972013
26.356266	1.604617	0.288695	5.867943	5.972013
26.365641	1.540840	0.271901	5.864591	5.968660
26.375017	1.463622	0.255123	5.861238	5.965292
26.384392	1.406550	0.241697	5.857870	5.965292
26.393766	1.349494	0.231624	5.854517	5.965292
26.403141	1.299128	0.218198	5.851164	5.961940
26.412516	1.252130	0.204772	5.847797	5.965292
26.421890	1.205131	0.194699	5.844444	5.968660
26.431267	1.158148	0.181273	5.841091	5.972013
26.440641	1.117855	0.167847	5.834371	5.972013
26.450016	1.074225	0.154406	5.831018	5.961940
26.459391	1.037285	0.137627	5.834371	5.958587
26.468765	1.000360	0.124201	5.831018	5.955219
26.478142	0.966802	0.110775	5.827665	5.955219
26.487516	0.933230	0.100702	5.824298	5.955219
26.496891	0.899658	0.087276	5.824298	5.958587
26.506266	0.869438	0.080556	5.827665	5.961940
26.515640	0.839233	0.070482	5.827665	5.958587
26.525015	0.809014	0.060424	5.824298	5.961940
26.534391	0.785515	0.053704	5.820945	5.968660
26.543766	0.758663	0.043631	5.820945	5.972013
26.553141	0.731811	0.033557	5.820945	5.968660
26.562515	0.711665	0.023484	5.820945	5.965292
26.571890	0.688165	0.013426	5.817592	5.965292
26.581266	0.664666	0.003353	5.817592	5.968660
26.590641	0.644535	-0.003368	5.817592	5.972013
26.600016	0.624388	-0.013441	5.820945	5.972013
26.609390	0.604242	-0.020146	5.824298	5.972013
26.618765	0.580743	-0.026867	5.827665	5.968660
26.628141	0.563964	-0.036940	5.827665	5.968660
26.637516	0.543818	-0.043646	5.827665	5.975366
26.646891	0.523672	-0.050366	5.824298	5.982086
26.656265	0.503540	-0.057071	5.827665	5.978718
26.665640	0.483394	-0.067145	5.827665	5.975366
26.675014	0.466615	-0.073865	5.827665	5.978718
26.684391	0.453174	-0.077218	5.824298	5.985439
26.693766	0.436395	-0.087291	5.820945	5.985439
26.703140	0.422969	-0.093997	5.824298	5.978718
26.712515	0.406191	-0.100717	5.824298	5.972013
26.721889	0.389397	-0.110790	5.824298	5.972013
26.731266	0.372618	-0.117496	5.817592	5.972013
26.740641	0.355825	-0.120863	5.814240	5.975366
26.750015	0.339046	-0.127569	5.814240	5.978718
26.759390	0.325620	-0.130922	5.817592	5.982086
26.768764	0.312194	-0.137642	5.817592	5.985439
26.778139	0.298768	-0.144362	5.810872	5.982086
26.787516	0.288695	-0.147715	5.810872	5.982086
26.796890	0.278622	-0.154421	5.810872	5.985439
26.806265	0.268549	-0.157788	5.817592	5.982086
26.815639	0.255123	-0.164494	5.817592	5.982086
26.825014	0.245050	-0.167862	5.817592	5.978718
26.834391	0.234976	-0.174567	5.814240	5.978718
26.843765	0.224903	-0.177920	5.817592	5.975366
26.853140	0.214845	-0.181288	5.820945	5.975366
26.862514	0.201404	-0.187993	5.824298	5.972013
26.871889	0.191346	-0.191361	5.820945	5.968660
26.881266	0.181273	-0.198066	5.820945	5.968660
26.890640	0.171199	-0.204787	5.824298	5.972013
26.900015	0.161126	-0.208139	5.827665	5.972013
26.909389	0.151053	-0.214845	5.831018	5.972013
26.918764	0.144348	-0.218213	5.827665	5.968660
26.928139	0.134274	-0.224918	5.824298	5.968660
26.937515	0.127554	-0.228286	5.824298	5.968660
26.946890	0.120848	-0.234991	5.831018	5.972013
26.956264	0.110775	-0.238344	5.831018	5.972013
26.965639	0.104055	-0.241712	5.827665	5.972013
26.975014	0.097349	-0.245064	5.827665	5.972013
26.984390	0.090629	-0.248417	5.827665	5.972013
26.993765	0.083923	-0.251785	5.824298	5.972013
27.003139	0.077203	-0.255138	5.817592	5.972013
27.012514	0.070482	-0.258490	5.814240	5.972013
27.021889	0.063777	-0.261843	5.814240	5.972013
27.031265	0.057057	-0.265211	5.810872	5.972013
27.040640	0.046983	-0.268564	5.810872	5.975366
27.050014	0.040278	-0.268564	5.814240	5.975366
27.059389	0.033557	-0.271916	5.817592	5.972013
27.068764	0.026852	-0.275284	5.817592	5.968660
27.078138	0.020131	-0.278637	5.814240	5.965292
27.087515	0.013426	-0.281990	5.814240	5.965292
27.096889	0.006706	-0.285342	5.814240	5.968660
27.106264	0.000000	-0.292063	5.814240	5.968660
27.115639	-0.010073	-0.295416	5.814240	5.968660
27.125013	-0.016794	-0.298783	5.817592	5.972013
27.134390	-0.023499	-0.305489	5.814240	5.975366
27.143764	-0.030220	-0.308841	5.810872	5.975366
27.153139	-0.036940	-0.315562	5.814240	5.975366
27.162514	-0.040293	-0.318915	5.814240	5.975366
27.171888	-0.046998	-0.322267	5.817592	5.975366
27.181263	-0.053719	-0.325635	5.814240	5.978718
27.190639	-0.057071	-0.328988	5.814240	5.978718
27.200014	-0.063792	-0.328988	5.814240	5.978718
27.209389	-0.063792	-0.332341	5.814240	5.975366
27.218763	-0.067145	-0.335708	5.810872	5.968660
27.228138	-0.073865	-0.339061	5.814240	5.965292
27.237514	-0.080571	-0.342414	5.820945	5.968660
27.246889	-0.087291	-0.345767	5.827665	5.978718
27.256264	-0.093997	-0.345767	5.824298	5.982086
27.265638	-0.100717	-0.349134	5.824298	5.982086
27.275013	-0.104070	-0.352487	5.824298	5.982086
27.284389	-0.110790	-0.359207	5.824298	5.982086
27.293764	-0.117496	-0.362560	5.827665	5.985439
27.303139	-0.120863	-0.365913	5.827665	5.985439
27.312513	-0.124216	-0.372633	5.831018	5.985439
27.321888	-0.130922	-0.372633	5.827665	5.982086
27.331263	-0.134289	-0.375986	5.824298	5.982086
27.340639	-0.137642	-0.375986	5.824298	5.978718
27.350014	-0.140995	-0.375986	5.820945	5.975366
27.359388	-0.147715	-0.379339	5.820945	5.975366
27.368763	-0.151068	-0.382707	5.824298	5.975366
27.378138	-0.157788	-0.382707	5.827665	5.978718
27.387514	-0.161141	-0.386059	5.827665	5.978718
27.396889	-0.167862	-0.392765	5.824298	5.978718
27.406263	-0.171214	-0.396132	5.820945	5.978718
27.415638	-0.174567	-0.399485	5.824298	5.978718
27.425013	-0.177920	-0.402838	5.827665	5.975366
27.434389	-0.181288	-0.406206	5.831018	5.975366
27.443764	-0.184640	-0.409558	5.834371	5.975366
27.453138	-0.187993	-0.409558	5.834371	5.978718
27.462513	-0.191361	-0.409558	5.834371	5.982086
27.471888	-0.194713	-0.409558	5.834371	5.975366
27.481262	-0.198066	-0.412911	5.831018	5.968660
27.490639	-0.201419	-0.412911	5.831018	5.965292
27.500013	-0.204787	-0.416264	5.834371	5.968660
27.509388	-0.208139	-0.416264	5.837739	5.968660
27.518763	-0.208139	-0.419632	5.837739	5.968660
27.528137	-0.211492	-0.419632	5.834371	5.968660
27.537514	-0.214845	-0.419632	5.831018	5.965292
27.546888	-0.218213	-0.422984	5.831018	5.965292
27.556263	-0.218213	-0.422984	5.834371	5.965292
27.565638	-0.218213	-0.419632	5.834371	5.968660
27.575012	-0.224918	-0.422984	5.827665	5.972013
27.584387	-0.228286	-0.422984	5.824298	5.975366
27.593763	-0.231639	-0.422984	5.827665	5.975366
27.603138	-0.234991	-0.426337	5.831018	5.975366
27.612513	-0.241712	-0.429690	5.827665	5.975366
27.621887	-0.245064	-0.429690	5.827665	5.978718
27.631262	-0.248417	-0.433058	5.827665	5.978718
27.640638	-0.251785	-0.436410	5.831018	5.982086
27.650013	-0.251785	-0.439763	5.831018	5.985439
27.659388	-0.258490	-0.439763	5.827665	5.982086
27.668762	-0.261843	-0.443131	5.824298	5.975366
27.678137	-0.265211	-0.446483	5.824298	5.975366
27.687513	-0.268564	-0.446483	5.824298	5.975366
27.696888	-0.271916	-0.449836	5.824298	5.972013
27.706263	-0.275284	-0.453189	5.820945	5.968660
27.715637	-0.278637	-0.456557	5.817592	5.965292
27.725012	-0.278637	-0.459909	5.817592	5.965292
27.734386	-0.281990	-0.463262	5.814240	5.961940
27.743763	-0.281990	-0.463262	5.817592	5.955219
27.753138	-0.285342	-0.463262	5.824298	5.951867
27.762512	-0.285342	-0.463262	5.827665	5.951867
27.771887	-0.288710	-0.463262	5.824298	5.955219
27.781261	-0.288710	-0.463262	5.820945	5.958587
27.790638	-0.288710	-0.463262	5.817592	5.961940
27.800013	-0.292063	-0.463262	5.817592	5.965292
27.809387	-0.295416	-0.463262	5.814240	5.961940
27.818762	-0.298783	-0.466630	5.814240	5.958587
27.828136	-0.302136	-0.469983	5.814240	5.951867
27.837511	-0.305489	-0.473335	5.820945	5.948514
27.846888	-0.308841	-0.476688	5.827665	5.948514
27.856262	-0.312209	-0.480056	5.834371	5.951867
27.865637	-0.318915	-0.483409	5.834371	5.955219
27.875011	-0.322267	-0.486761	5.831018	5.955219
27.884386	-0.325635	-0.490129	5.827665	5.951867
27.893763	-0.328988	-0.493482	5.831018	5.948514
27.903137	-0.332341	-0.493482	5.834371	5.948514
27.912512	-0.335708	-0.493482	5.827665	5.945161
27.921886	-0.335708	-0.493482	5.824298	5.945161
27.931261	-0.335708	-0.493482	5.820945	5.951867
27.940638	-0.335708	-0.496835	5.820945	5.955219
27.950012	-0.339061	-0.496835	5.820945	5.958587
27.959387	-0.339061	-0.500187	5.817592	5.958587
27.968761	-0.342414	-0.503555	5.814240	5.965292
27.978136	-0.342414	-0.503555	5.814240	5.968660
27.987511	-0.342414	-0.503555	5.817592	5.965292
27.996887	-0.345767	-0.506908	5.820945	5.961940
28.006262	-0.345767	-0.506908	5.820945	5.955219
28.015636	-0.349134	-0.506908	5.820945	5.955219
28.025011	-0.349134	-0.506908	5.820945	5.951867
28.034386	-0.352487	-0.510260	5.820945	5.951867
28.043762	-0.352487	-0.510260	5.824298	5.948514
28.053137	-0.355840	-0.510260	5.820945	5.948514
28.062511	-0.355840	-0.513628	5.820945	5.941793
28.071886	-0.359207	-0.513628	5.820945	5.941793
28.081261	-0.362560	-0.516981	5.827665	5.941793
28.090637	-0.365913	-0.520334	5.831018	5.938440
28.100012	-0.369266	-0.520334	5.831018	5.935088
28.109386	-0.372633	-0.523686	5.827665	5.931720
28.118761	-0.372633	-0.527054	5.827665	5.938440
28.128136	-0.375986	-0.527054	5.827665	5.945161
28.137510	-0.379339	-0.530407	5.824298	5.945161
28.146887	-0.379339	-0.530407	5.817592	5.945161
28.156261	-0.379339	-0.530407	5.817592	5.945161
28.165636	-0.382707	-0.530407	5.820945	5.945161
28.175011	-0.386059	-0.530407	5.820945	5.945161
28.184385	-0.389412	-0.530407	5.817592	5.941793
28.193762	-0.392765	-0.533760	5.814240	5.941793
28.203136	-0.392765	-0.533760	5.814240	5.945161
28.212511	-0.396132	-0.533760	5.810872	5.948514
28.221886	-0.396132	-0.533760	5.807519	5.951867
28.231260	-0.399485	-0.533760	5.807519	5.948514
28.240635	-0.399485	-0.533760	5.807519	5.938440
28.250011	-0.402838	-0.537112	5.810872	5.935088
28.259386	-0.402838	-0.540480	5.807519	5.938440
28.268761	-0.402838	-0.543833	5.807519	5.938440
28.278135	-0.402838	-0.543833	5.807519	5.938440
28.287510	-0.406206	-0.547186	5.807519	5.935088
28.296886	-0.406206	-0.547186	5.807519	5.935088
28.306261	-0.409558	-0.547186	5.804166	5.938440
28.315636	-0.412911	-0.547186	5.800814	5.935088
28.325010	-0.416264	-0.550553	5.804166	5.928368
28.334385	-0.416264	-0.550553	5.807519	5.928368
28.343761	-0.419632	-0.553906	5.810872	5.928368
28.353136	-0.422984	-0.553906	5.810872	5.925014
28.362511	-0.422984	-0.553906	5.810872	5.925014
28.371885	-0.422984	-0.557259	5.814240	5.928368
28.381260	-0.422984	-0.557259	5.814240	5.931720
28.390635	-0.426337	-0.560611	5.814240	5.931720
28.400011	-0.429690	-0.560611	5.814240	5.928368
28.409386	-0.433058	-0.563979	5.814240	5.928368
28.418760	-0.433058	-0.563979	5.817592	5.935088
28.428135	-0.433058	-0.563979	5.817592	5.938440
28.437510	-0.436410	-0.563979	5.817592	5.935088
28.446886	-0.436410	-0.563979	5.817592	5.935088
28.456261	-0.439763	-0.563979	5.814240	5.935088
28.465635	-0.443131	-0.563979	5.814240	5.935088
28.475010	-0.443131	-0.567332	5.810872	5.938440
28.484385	-0.446483	-0.567332	5.810872	5.938440
28.493759	-0.446483	-0.567332	5.810872	5.935088
28.503136	-0.446483	-0.567332	5.814240	5.928368
28.512510	-0.449836	-0.567332	5.817592	5.925014
28.521885	-0.453189	-0.570685	5.817592	5.925014
28.531260	-0.456557	-0.570685	5.814240	5.925014
28.540634	-0.456557	-0.574052	5.807519	5.928368
28.550011	-0.456557	-0.577405	5.807519	5.931720
28.559385	-0.459909	-0.580758	5.810872	5.935088
28.568760	-0.463262	-0.580758	5.814240	5.935088
28.578135	-0.466630	-0.584111	5.814240	5.931720
28.587509	-0.466630	-0.584111	5.810872	5.925014
28.596886	-0.466630	-0.584111	5.814240	5.921662
28.606260	-0.466630	-0.587478	5.814240	5.921662
28.615635	-0.466630	-0.587478	5.810872	5.928368
28.625010	-0.466630	-0.590831	5.810872	5.931720
28.634384	-0.466630	-0.590831	5.814240	5.931720
28.643759	-0.466630	-0.590831	5.817592	5.925014
28.653135	-0.469983	-0.590831	5.817592	5.918294
28.662510	-0.469983	-0.594184	5.817592	5.914941
28.671885	-0.473335	-0.590831	5.820945	5.914941
28.681259	-0.473335	-0.590831	5.824298	5.911589
28.690634	-0.473335	-0.590831	5.820945	5.914941
28.700010	-0.473335	-0.590831	5.817592	5.918294
28.709385	-0.469983	-0.590831	5.814240	5.918294
28.718760	-0.469983	-0.590831	5.814240	5.914941
28.728134	-0.473335	-0.590831	5.817592	5.914941
28.737509	-0.473335	-0.590831	5.817592	5.918294
28.746885	-0.476688	-0.590831	5.814240	5.918294
28.756260	-0.476688	-0.590831	5.810872	5.918294
28.765635	-0.480056	-0.590831	5.810872	5.921662
28.775009	-0.480056	-0.594184	5.817592	5.925014
28.784384	-0.480056	-0.594184	5.820945	5.925014
28.793758	-0.483409	-0.597551	5.820945	5.925014
28.803135	-0.483409	-0.600904	5.817592	5.925014
28.812510	-0.483409	-0.604257	5.810872	5.925014
28.821884	-0.483409	-0.600904	5.807519	5.928368
28.831259	-0.486761	-0.600904	5.807519	5.925014
28.840633	-0.486761	-0.604257	5.810872	5.918294
28.850010	-0.490129	-0.604257	5.814240	5.918294
28.859385	-0.490129	-0.607610	5.814240	5.918294
28.868759	-0.493482	-0.607610	5.810872	5.921662
28.878134	-0.496835	-0.607610	5.807519	5.921662
28.887508	-0.496835	-0.610977	5.807519	5.918294
28.896883	-0.500187	-0.610977	5.810872	5.918294
28.906260	-0.500187	-0.610977	5.814240	5.918294
28.915634	-0.503555	-0.610977	5.810872	5.921662
28.925009	-0.503555	-0.610977	5.810872	5.925014
28.934383	-0.500187	-0.610977	5.814240	5.925014
28.943758	-0.500187	-0.610977	5.814240	5.928368
28.953135	-0.503555	-0.610977	5.810872	5.935088
28.962509	-0.503555	-0.610977	5.810872	5.938440
28.971884	-0.506908	-0.610977	5.810872	5.941793
28.981258	-0.506908	-0.610977	5.807519	5.941793
28.990633	-0.506908	-0.607610	5.810872	5.935088
29.000010	-0.506908	-0.607610	5.817592	5.928368
29.009384	-0.506908	-0.610977	5.820945	5.925014
29.018759	-0.506908	-0.614330	5.820945	5.928368
29.028133	-0.506908	-0.614330	5.820945	5.931720
29.037508	-0.510260	-0.617683	5.817592	5.935088
29.046883	-0.510260	-0.617683	5.817592	5.935088
29.056259	-0.510260	-0.617683	5.814240	5.935088
29.065634	-0.510260	-0.621051	5.814240	5.935088
29.075008	-0.510260	-0.621051	5.814240	5.935088
29.084383	-0.510260	-0.621051	5.814240	5.938440
29.093758	-0.510260	-0.621051	5.814240	5.938440
29.103134	-0.510260	-0.621051	5.810872	5.938440
29.112509	-0.513628	-0.621051	5.810872	5.938440
29.121883	-0.516981	-0.621051	5.810872	5.938440
29.131258	-0.520334	-0.621051	5.807519	5.938440
29.140633	-0.520334	-0.621051	5.804166	5.935088
29.150009	-0.523686	-0.621051	5.800814	5.931720
29.159384	-0.527054	-0.624403	5.804166	5.931720
29.168758	-0.527054	-0.624403	5.810872	5.931720
29.178133	-0.530407	-0.627756	5.814240	5.928368
29.187508	-0.530407	-0.627756	5.814240	5.928368
29.196882	-0.533760	-0.631109	5.810872	5.928368
29.206259	-0.533760	-0.634477	5.814240	5.928368
29.215633	-0.533760	-0.637829	5.817592	5.928368
29.225008	-0.533760	-0.637829	5.820945	5.928368
29.234383	-0.537112	-0.641182	5.824298	5.931720
29.243757	-0.537112	-0.641182	5.824298	5.931720
29.253134	-0.537112	-0.641182	5.831018	5.931720
29.262508	-0.537112	-0.641182	5.831018	5.935088
29.271883	-0.537112	-0.641182	5.827665	5.935088
29.281258	-0.537112	-0.641182	5.820945	5.931720
29.290632	-0.540480	-0.644535	5.820945	5.928368
29.300007	-0.540480	-0.644535	5.824298	5.931720
29.309383	-0.540480	-0.641182	5.824298	5.935088
29.318758	-0.540480	-0.641182	5.824298	5.931720
29.328133	-0.540480	-0.641182	5.824298	5.925014
29.337507	-0.540480	-0.641182	5.827665	5.918294
29.346882	-0.543833	-0.641182	5.827665	5.914941
29.356258	-0.543833	-0.641182	5.827665	5.914941
29.365633	-0.547186	-0.641182	5.820945	5.918294
29.375008	-0.547186	-0.637829	5.820945	5.921662
29.384382	-0.550553	-0.637829	5.820945	5.925014
29.393757	-0.550553	-0.634477	5.827665	5.925014
29.403133	-0.553906	-0.634477	5.831018	5.925014
29.412508	-0.550553	-0.637829	5.831018	5.925014
29.421883	-0.550553	-0.637829	5.827665	5.925014
29.431257	-0.553906	-0.641182	5.824298	5.928368
29.440632	-0.553906	-0.644535	5.820945	5.931720
29.450006	-0.553906	-0.647902	5.820945	5.931720
29.459383	-0.557259	-0.651255	5.820945	5.931720
29.468758	-0.557259	-0.654608	5.824298	5.931720
29.478132	-0.557259	-0.654608	5.824298	5.931720
29.487507	-0.557259	-0.654608	5.827665	5.931720
29.496881	-0.557259	-0.654608	5.831018	5.928368
29.506258	-0.557259	-0.654608	5.834371	5.925014
29.515633	-0.557259	-0.654608	5.834371	5.928368
29.525007	-0.557259	-0.657976	5.834371	5.931720
29.534382	-0.560611	-0.657976	5.831018	5.931720
29.543756	-0.560611	-0.657976	5.831018	5.935088
29.553131	-0.560611	-0.657976	5.834371	5.935088
29.562508	-0.560611	-0.657976	5.837739	5.935088
29.571882	-0.560611	-0.657976	5.837739	5.931720
29.581257	-0.560611	-0.654608	5.837739	5.931720
29.590631	-0.557259	-0.657976	5.837739	5.935088
29.600006	-0.557259	-0.657976	5.841091	5.938440
29.609383	-0.557259	-0.661328	5.841091	5.938440
29.618757	-0.557259	-0.661328	5.841091	5.938440
29.628132	-0.560611	-0.664681	5.837739	5.941793
29.637506	-0.560611	-0.664681	5.837739	5.945161
29.646881	-0.560611	-0.664681	5.837739	5.941793
29.656258	-0.560611	-0.664681	5.837739	5.938440
29.665632	-0.563979	-0.664681	5.834371	5.938440
29.675007	-0.563979	-0.664681	5.834371	5.935088
29.684381	-0.563979	-0.664681	5.834371	5.938440
29.693756	-0.563979	-0.668034	5.837739	5.941793
29.703131	-0.567332	-0.664681	5.837739	5.945161
29.712507	-0.567332	-0.664681	5.834371	5.948514
29.721882	-0.570685	-0.664681	5.834371	5.941793
29.731256	-0.570685	-0.668034	5.834371	5.938440
29.740631	-0.570685	-0.668034	5.834371	5.941793
29.750006	-0.570685	-0.668034	5.831018	5.941793
29.759382	-0.574052	-0.668034	5.831018	5.938440
29.768757	-0.574052	-0.668034	5.831018	5.931720
29.778131	-0.574052	-0.668034	5.831018	5.935088
29.787506	-0.574052	-0.668034	5.831018	5.938440
29.796881	-0.577405	-0.668034	5.827665	5.941793
29.806257	-0.577405	-0.671402	5.827665	5.941793
29.815632	-0.577405	-0.674754	5.831018	5.935088
29.825006	-0.577405	-0.674754	5.831018	5.928368
29.834381	-0.580758	-0.674754	5.831018	5.928368
29.843756	-0.580758	-0.678107	5.831018	5.935088
29.853130	-0.580758	-0.678107	5.831018	5.941793
29.862507	-0.577405	-0.681475	5.831018	5.948514
29.871881	-0.577405	-0.681475	5.827665	5.948514
29.881256	-0.580758	-0.681475	5.831018	5.945161
29.890631	-0.580758	-0.678107	5.834371	5.938440
29.900005	-0.580758	-0.674754	5.837739	5.931720
29.909382	-0.580758	-0.671402	5.837739	5.928368
29.918756	-0.577405	-0.671402	5.834371	5.931720
29.928131	-0.577405	-0.671402	5.831018	5.935088
29.937506	-0.574052	-0.671402	5.831018	5.928368
29.946880	-0.577405	-0.668034	5.837739	5.925014
29.956255	-0.577405	-0.668034	5.841091	5.921662
29.965631	-0.580758	-0.668034	5.844444	5.921662
29.975006	-0.580758	-0.668034	5.844444	5.918294
29.984381	-0.580758	-0.668034	5.847797	5.918294
29.993755	-0.584111	-0.671402	5.847797	5.918294
30.003130	-0.584111	-0.671402	5.847797	5.918294
30.012506	-0.584111	-0.671402	5.844444	5.918294
30.021881	-0.584111	-0.674754	5.844444	5.921662
30.031256	-0.584111	-0.674754	5.844444	5.928368
30.040630	-0.584111	-0.671402	5.847797	5.931720
30.050005	-0.584111	-0.671402	5.847797	5.928368
30.059381	-0.584111	-0.671402	5.844444	5.928368
30.068756	-0.584111	-0.671402	5.841091	5.928368
30.078131	-0.584111	-0.671402	5.841091	5.928368
30.087505	-0.584111	-0.668034	5.841091	5.931720
30.096880	-0.587478	-0.668034	5.841091	5.931720
30.106255	-0.587478	-0.664681	5.837739	5.928368
30.115631	-0.587478	-0.664681	5.834371	5.925014
30.125006	-0.587478	-0.668034	5.831018	5.925014
30.134380	-0.587478	-0.668034	5.834371	5.925014
30.143755	-0.587478	-0.668034	5.837739	5.925014
30.153130	-0.587478	-0.671402	5.837739	5.918294
30.162506	-0.587478	-0.671402	5.837739	5.911589
30.171881	-0.587478	-0.671402	5.837739	5.914941
30.181255	-0.590831	-0.668034	5.841091	5.918294
30.190630	-0.590831	-0.664681	5.841091	5.918294
30.200005	-0.594184	-0.664681	5.841091	5.911589
30.209381	-0.594184	-0.664681	5.844444	5.908236
30.218756	-0.594184	-0.668034	5.847797	5.904868
30.228130	-0.594184	-0.668034	5.847797	5.901515
30.237505	-0.594184	-0.668034	5.851164	5.904868
30.246880	-0.594184	-0.668034	5.851164	5.911589
30.256254	-0.594184	-0.668034	5.854517	5.911589
30.265631	-0.590831	-0.664681	5.851164	5.911589
30.275005	-0.590831	-0.664681	5.844444	5.914941
30.284380	-0.590831	-0.661328	5.841091	5.914941
30.293755	-0.594184	-0.661328	5.844444	5.914941
30.303129	-0.594184	-0.661328	5.854517	5.911589
30.312506	-0.594184	-0.661328	5.861238	5.911589
30.321880	-0.597551	-0.657976	5.857870	5.911589
30.331255	-0.597551	-0.657976	5.854517	5.911589
30.340630	-0.597551	-0.657976	5.851164	5.908236
30.350004	-0.600904	-0.654608	5.851164	5.908236
30.359379	-0.600904	-0.654608	5.854517	5.911589
30.368755	-0.600904	-0.654608	5.854517	5.911589
30.378130	-0.600904	-0.654608	5.857870	5.908236
30.387505	-0.600904	-0.654608	5.861238	5.911589
30.396879	-0.600904	-0.654608	5.857870	5.911589
30.406254	-0.604257	-0.654608	5.854517	5.911589
30.415630	-0.604257	-0.657976	5.847797	5.908236
30.425005	-0.604257	-0.657976	5.844444	5.908236
30.434380	-0.607610	-0.661328	5.847797	5.908236
30.443754	-0.607610	-0.661328	5.847797	5.911589
30.453129	-0.610977	-0.664681	5.851164	5.914941
30.462505	-0.610977	-0.664681	5.857870	5.914941
30.471880	-0.610977	-0.664681	5.857870	5.918294
30.481255	-0.607610	-0.668034	5.857870	5.914941
30.490629	-0.607610	-0.671402	5.851164	5.914941
30.500004	-0.604257	-0.674754	5.851164	5.911589
30.509378	-0.604257	-0.678107	5.854517	5.911589
30.518755	-0.604257	-0.678107	5.857870	5.914941
30.528130	-0.604257	-0.678107	5.857870	5.914941
30.537504	-0.600904	-0.678107	5.857870	5.914941
30.546879	-0.600904	-0.674754	5.857870	5.908236
30.556253	-0.600904	-0.671402	5.861238	5.904868
30.565630	-0.600904	-0.671402	5.857870	5.904868
30.575005	-0.600904	-0.668034	5.857870	5.908236
30.584379	-0.597551	-0.668034	5.854517	5.904868
30.593754	-0.597551	-0.664681	5.854517	5.898163
30.603128	-0.597551	-0.664681	5.851164	5.894795
30.612503	-0.594184	-0.664681	5.854517	5.898163
30.621880	-0.597551	-0.668034	5.857870	5.904868
30.631254	-0.597551	-0.671402	5.864591	5.904868
30.640629	-0.600904	-0.674754	5.867943	5.904868
30.650003	-0.600904	-0.674754	5.874663	5.908236
30.659378	-0.600904	-0.678107	5.874663	5.904868
30.668755	-0.600904	-0.674754	5.867943	5.904868
30.678129	-0.600904	-0.674754	5.864591	5.904868
30.687504	-0.604257	-0.674754	5.867943	5.904868
30.696878	-0.607610	-0.674754	5.867943	5.908236
30.706253	-0.607610	-0.674754	5.867943	5.911589
30.715630	-0.610977	-0.674754	5.861238	5.914941
30.725004	-0.610977	-0.674754	5.857870	5.914941
30.734379	-0.607610	-0.671402	5.854517	5.914941
30.743753	-0.607610	-0.671402	5.851164	5.918294
30.753128	-0.610977	-0.674754	5.847797	5.918294
30.762503	-0.614330	-0.678107	5.841091	5.918294
30.771879	-0.614330	-0.678107	5.841091	5.914941
30.781254	-0.614330	-0.681475	5.844444	5.918294
30.790628	-0.614330	-0.681475	5.854517	5.918294
30.800003	-0.614330	-0.681475	5.857870	5.921662
30.809378	-0.614330	-0.684828	5.854517	5.921662
30.818754	-0.617683	-0.688180	5.851164	5.921662
30.828129	-0.617683	-0.688180	5.854517	5.914941
30.837503	-0.621051	-0.684828	5.861238	5.911589
30.846878	-0.621051	-0.684828	5.867943	5.908236
30.856253	-0.624403	-0.684828	5.871296	5.908236
30.865629	-0.624403	-0.681475	5.871296	5.908236
30.875004	-0.624403	-0.681475	5.874663	5.904868
30.884378	-0.624403	-0.678107	5.871296	5.904868
30.893753	-0.624403	-0.681475	5.871296	5.901515
30.903128	-0.624403	-0.681475	5.871296	5.901515
30.912502	-0.624403	-0.684828	5.874663	5.901515
30.921879	-0.624403	-0.684828	5.874663	5.901515
30.931253	-0.627756	-0.688180	5.871296	5.901515
30.940628	-0.627756	-0.688180	5.871296	5.904868
30.950003	-0.631109	-0.688180	5.871296	5.908236
30.959377	-0.631109	-0.688180	5.871296	5.911589
30.968754	-0.634477	-0.684828	5.867943	5.908236
30.978128	-0.634477	-0.684828	5.867943	5.901515
30.987503	-0.637829	-0.681475	5.867943	5.898163
30.996878	-0.637829	-0.681475	5.867943	5.898163
31.006252	-0.637829	-0.678107	5.864591	5.904868
31.015627	-0.637829	-0.681475	5.861238	5.908236
31.025003	-0.641182	-0.684828	5.861238	5.908236
31.034378	-0.641182	-0.684828	5.857870	5.904868
31.043753	-0.644535	-0.684828	5.857870	5.904868
31.053127	-0.647902	-0.684828	5.857870	5.908236
31.062502	-0.651255	-0.688180	5.857870	5.911589
31.071878	-0.654608	-0.688180	5.861238	5.914941
31.081253	-0.654608	-0.691533	5.857870	5.911589
31.090628	-0.657976	-0.691533	5.854517	5.911589
31.100002	-0.657976	-0.691533	5.851164	5.914941
31.109377	-0.657976	-0.691533	5.854517	5.914941
31.118753	-0.654608	-0.691533	5.861238	5.914941
31.128128	-0.654608	-0.691533	5.867943	5.914941
31.137503	-0.654608	-0.691533	5.871296	5.911589
31.146877	-0.654608	-0.691533	5.871296	5.904868
31.156252	-0.654608	-0.691533	5.867943	5.901515
31.165627	-0.654608	-0.691533	5.867943	5.898163
31.175003	-0.654608	-0.688180	5.867943	5.898163
31.184378	-0.654608	-0.688180	5.871296	5.898163
31.193752	-0.654608	-0.684828	5.871296	5.894795
31.203127	-0.657976	-0.681475	5.871296	5.894795
31.212502	-0.657976	-0.681475	5.871296	5.894795
31.221878	-0.657976	-0.684828	5.867943	5.894795
31.231253	-0.657976	-0.684828	5.867943	5.891442
31.240627	-0.661328	-0.684828	5.864591	5.891442
31.250002	-0.661328	-0.684828	5.857870	5.891442
31.259377	-0.661328	-0.684828	5.854517	5.891442
31.268753	-0.661328	-0.688180	5.861238	5.898163
31.278128	-0.661328	-0.691533	5.864591	5.904868
31.287502	-0.661328	-0.691533	5.864591	5.908236
31.296877	-0.661328	-0.691533	5.857870	5.904868
31.306252	-0.661328	-0.691533	5.854517	5.901515
31.315626	-0.661328	-0.688180	5.857870	5.901515
31.325003	-0.661328	-0.688180	5.861238	5.904868
31.334377	-0.664681	-0.688180	5.861238	5.908236
31.343752	-0.664681	-0.691533	5.861238	5.908236
31.353127	-0.668034	-0.694901	5.864591	5.908236
31.362501	-0.668034	-0.694901	5.861238	5.904868
31.371878	-0.664681	-0.694901	5.861238	5.901515
31.381252	-0.664681	-0.691533	5.864591	5.898163
31.390627	-0.664681	-0.688180	5.867943	5.894795
31.400002	-0.664681	-0.684828	5.871296	5.894795
31.409376	-0.668034	-0.681475	5.867943	5.891442
31.418751	-0.668034	-0.678107	5.867943	5.884737
31.428127	-0.668034	-0.674754	5.871296	5.878016
31.437502	-0.668034	-0.674754	5.871296	5.874663
31.446877	-0.668034	-0.674754	5.874663	5.878016
31.456251	-0.664681	-0.678107	5.874663	5.884737
31.465626	-0.664681	-0.678107	5.878016	5.888090
31.475002	-0.664681	-0.678107	5.878016	5.891442
31.484377	-0.664681	-0.681475	5.874663	5.891442
31.493752	-0.664681	-0.684828	5.874663	5.891442
31.503126	-0.664681	-0.684828	5.874663	5.891442
31.512501	-0.668034	-0.684828	5.881369	5.888090
31.521877	-0.668034	-0.684828	5.884737	5.888090
31.531252	-0.668034	-0.684828	5.884737	5.891442
31.540627	-0.668034	-0.681475	5.884737	5.894795
31.550001	-0.671402	-0.681475	5.884737	5.891442
31.559376	-0.674754	-0.681475	5.881369	5.884737
31.568750	-0.678107	-0.681475	5.881369	5.884737
31.578127	-0.678107	-0.681475	5.878016	5.888090
31.587502	-0.678107	-0.681475	5.874663	5.891442
31.596876	-0.678107	-0.684828	5.881369	5.891442
31.606251	-0.678107	-0.684828	5.884737	5.891442
31.615625	-0.678107	-0.688180	5.888090	5.894795
31.625002	-0.678107	-0.684828	5.881369	5.891442
31.634377	-0.678107	-0.684828	5.878016	5.888090
31.643751	-0.678107	-0.684828	5.881369	5.888090
31.653126	-0.678107	-0.684828	5.888090	5.888090
31.662500	-0.678107	-0.684828	5.891442	5.888090
31.671875	-0.678107	-0.684828	5.891442	5.888090
31.681252	-0.678107	-0.681475	5.888090	5.884737
31.690626	-0.678107	-0.681475	5.884737	5.884737
31.700001	-0.678107	-0.681475	5.884737	5.881369
31.709375	-0.681475	-0.678107	5.888090	5.878016
31.718750	-0.681475	-0.678107	5.888090	5.874663
31.728127	-0.678107	-0.678107	5.884737	5.878016
31.737501	-0.681475	-0.681475	5.881369	5.878016
31.746876	-0.681475	-0.681475	5.884737	5.878016
31.756250	-0.681475	-0.681475	5.888090	5.881369
31.765625	-0.681475	-0.681475	5.888090	5.884737
31.775002	-0.681475	-0.681475	5.881369	5.888090
31.784376	-0.678107	-0.684828	5.874663	5.891442
31.793751	-0.678107	-0.684828	5.874663	5.894795
31.803125	-0.674754	-0.688180	5.874663	5.894795
31.812500	-0.678107	-0.691533	5.874663	5.894795
31.821875	-0.678107	-0.691533	5.881369	5.894795
31.831251	-0.681475	-0.691533	5.884737	5.898163
31.840626	-0.681475	-0.688180	5.881369	5.898163
31.850000	-0.678107	-0.688180	5.878016	5.894795
31.859375	-0.681475	-0.684828	5.881369	5.894795
31.868750	-0.681475	-0.684828	5.884737	5.894795
31.878126	-0.681475	-0.681475	5.891442	5.898163
31.887501	-0.681475	-0.684828	5.891442	5.898163
31.896875	-0.681475	-0.684828	5.888090	5.901515
31.906250	-0.681475	-0.688180	5.884737	5.901515
31.915625	-0.681475	-0.688180	5.881369	5.894795
31.925001	-0.681475	-0.688180	5.884737	5.888090
31.934376	-0.684828	-0.688180	5.888090	5.888090
31.943750	-0.684828	-0.691533	5.891442	5.891442
31.953125	-0.688180	-0.691533	5.891442	5.891442
31.962500	-0.691533	-0.691533	5.891442	5.888090
31.971874	-0.691533	-0.688180	5.884737	5.891442
31.981251	-0.688180	-0.688180	5.874663	5.894795
31.990625	-0.688180	-0.688180	5.878016	5.884737
