22.510115	0.030160	0.040233	-0.010073	-0.050366
22.549194	0.040233	0.040233	-0.010073	-0.040293
22.588276	0.040233	0.040233	0.000000	-0.030220
22.627357	0.040233	0.030160	0.000000	-0.040293
22.666439	0.040233	0.030160	0.000000	-0.050366
22.705521	0.050306	0.030160	0.000000	-0.050366
22.744602	0.050306	0.030160	0.000000	-0.050366
22.783682	0.050306	0.030160	0.000000	-0.050366
22.822763	0.040233	0.040233	0.000000	-0.050366
22.861845	0.040233	0.040233	0.000000	-0.050366
22.900927	0.030160	0.040233	0.000000	-0.040293
22.940008	0.040233	0.040233	0.000000	-0.040293
22.979090	0.040233	0.030160	0.000000	-0.040293
23.018169	0.040233	0.030160	0.010014	-0.050366
23.057251	0.050306	0.030160	0.010014	-0.040293
23.096333	0.050306	0.030160	0.010014	-0.040293
23.135414	0.050306	0.030160	0.000000	-0.040293
23.174496	0.040233	0.030160	0.000000	-0.040293
23.213577	0.040233	0.040233	-0.010073	-0.040293
23.252657	0.040233	0.040233	-0.010073	-0.040293
23.291739	0.040233	0.040233	-0.010073	-0.040293
23.330820	0.040233	0.040233	-0.010073	-0.040293
23.369902	0.040233	0.040233	0.000000	-0.050366
23.408983	0.050306	0.040233	0.010014	-0.050366
23.448065	0.060380	0.040233	0.010014	-0.050366
23.487144	0.060380	0.040233	0.000000	-0.050366
23.526226	0.050306	0.040233	0.000000	-0.050366
23.565308	0.050306	0.030160	0.000000	-0.050366
23.604389	0.050306	0.030160	0.010014	-0.050366
23.643471	0.050306	0.030160	0.020087	-0.060439
23.682550	0.040233	0.030160	0.020087	-0.060439
23.721632	0.040233	0.030160	0.020087	-0.060439
23.760714	0.040233	0.030160	0.010014	-0.060439
23.799795	0.050306	0.030160	0.000000	-0.060439
23.838877	0.040233	0.030160	-0.020146	-0.070512
23.877958	0.050306	0.040233	-0.020146	-0.070512
23.917038	0.050306	0.040233	-0.020146	-0.070512
23.956120	0.050306	0.040233	-0.010073	-0.070512
23.995201	0.050306	0.040233	0.000000	-0.070512
24.034283	0.050306	0.030160	0.010014	-0.080585
24.073364	0.050306	0.040233	0.020087	-0.070512
24.112446	0.040233	0.040233	0.020087	-0.070512
24.151525	0.040233	0.040233	0.010014	-0.070512
24.190607	0.040233	0.040233	0.010014	-0.070512
24.229689	0.040233	0.050306	0.010014	-0.060439
24.268770	0.050306	0.050306	0.010014	-0.050366
24.307852	0.050306	0.060380	0.010014	-0.050366
24.346933	0.050306	0.050306	0.000000	-0.060439
24.386013	0.050306	0.050306	0.000000	-0.060439
24.425095	0.060380	0.050306	0.010014	-0.060439
24.464176	0.070453	0.050306	0.010014	-0.060439
24.503258	0.070453	0.050306	0.000000	-0.070512
24.542339	0.070453	0.060380	-0.010073	-0.070512
24.581421	0.070453	0.060380	-0.010073	-0.060439
24.620501	0.070453	0.070453	-0.010073	-0.060439
24.659582	0.070453	0.070453	-0.010073	-0.070512
24.698664	0.070453	0.070453	-0.010073	-0.070512
24.737745	0.060380	0.070453	0.000000	-0.070512
24.776827	0.060380	0.080526	0.000000	-0.060439
24.815907	0.050306	0.090599	0.000000	-0.060439
24.854988	0.050306	0.100672	-0.010073	-0.060439
24.894070	0.050306	0.110745	-0.010073	-0.070512
24.933151	0.050306	0.120819	-0.010073	-0.070512
24.972233	0.050306	0.130892	-0.010073	-0.070512
25.011314	0.060380	0.140965	-0.010073	-0.080585
25.050394	0.060380	0.151038	0.000000	-0.100732
25.089476	0.070453	0.181258	0.000000	-0.110805
25.128557	0.060380	0.221550	0.000000	-0.120878
25.167639	0.060380	0.261784	-0.010073	-0.130951
25.206720	0.060380	0.312150	-0.010073	-0.151098
25.245802	0.070453	0.362515	0.000000	-0.171244
25.284882	0.070453	0.422955	0.000000	-0.201464
25.323963	0.070453	0.463247	0.000000	-0.231683
25.363045	0.070453	0.503540	0.000000	-0.261843
25.402126	0.070453	0.533700	0.000000	-0.292063
25.441208	0.080526	0.543773	0.000000	-0.302136
25.480289	0.080526	0.533700	-0.010073	-0.312209
25.519369	0.070453	0.513613	-0.020146	-0.312209
25.558451	0.070453	0.473320	-0.020146	-0.292063
25.597532	0.070453	0.422955	-0.020146	-0.271916
25.636614	0.070453	0.362515	-0.020146	-0.251830
25.675695	0.080526	0.292003	-0.020146	-0.221610
25.714777	0.080526	0.221550	-0.020146	-0.191391
25.753857	0.090599	0.140965	-0.010073	-0.151098
25.792938	0.090599	0.080526	-0.010073	-0.110805
25.832020	0.100672	0.040233	-0.010073	-0.080585
25.871101	0.100672	0.020087	-0.020146	-0.060439
25.910183	0.110745	0.020087	-0.020146	-0.040293
25.949263	0.110745	0.030160	-0.020146	-0.040293
25.988344	0.110745	0.030160	-0.020146	-0.040293
26.027426	0.110745	0.030160	-0.020146	-0.050366
26.066507	0.110745	0.030160	-0.020146	-0.050366
26.105589	0.120819	0.030160	-0.020146	-0.050366
26.144670	0.120819	0.030160	-0.020146	-0.050366
26.183750	0.140965	0.040233	-0.020146	-0.050366
26.222832	0.151038	0.050306	-0.020146	-0.050366
26.261913	0.171185	0.060380	-0.020146	-0.040293
26.300995	0.191331	0.060380	-0.030220	-0.040293
26.340076	0.221550	0.060380	-0.040293	-0.040293
26.379158	0.251770	0.050306	-0.050366	-0.050366
26.418238	0.302076	0.050306	-0.060439	-0.060439
26.457319	0.362515	0.050306	-0.060439	-0.060439
26.496401	0.422955	0.050306	-0.070512	-0.050366
26.535482	0.483394	0.050306	-0.080585	-0.050366
26.574564	0.543773	0.060380	-0.090659	-0.050366
26.613646	0.584066	0.060380	-0.100732	-0.050366
26.652725	0.614285	0.050306	-0.110805	-0.050366
26.691807	0.624359	0.050306	-0.130951	-0.050366
26.730888	0.594139	0.050306	-0.130951	-0.050366
26.769970	0.553846	0.050306	-0.130951	-0.040293
26.809052	0.493467	0.050306	-0.110805	-0.040293
26.848133	0.412881	0.050306	-0.100732	-0.040293
26.887213	0.312150	0.050306	-0.100732	-0.040293
26.926294	0.221550	0.050306	-0.080585	-0.040293
26.965376	0.130892	0.060380	-0.060439	-0.040293
27.004457	0.060380	0.060380	-0.050366	-0.050366
27.043539	0.010014	0.060380	-0.040293	-0.060439
27.082619	-0.020146	0.050306	-0.030220	-0.060439
27.121700	-0.030220	0.050306	-0.010073	-0.060439
27.160782	-0.030220	0.060380	0.010014	-0.050366
27.199863	-0.030220	0.050306	0.010014	-0.040293
27.238945	-0.020146	0.050306	0.020087	-0.040293
27.278027	-0.010073	0.040233	0.030160	-0.040293
27.317106	0.010014	0.040233	0.040233	-0.040293
27.356188	0.020087	0.030160	0.040233	-0.050366
27.395269	0.020087	0.020087	0.040233	-0.060439
27.434351	0.020087	0.020087	0.040233	-0.060439
27.473433	0.020087	0.030160	0.040233	-0.050366
27.512514	0.020087	0.030160	0.040233	-0.040293
27.551594	0.020087	0.040233	0.040233	-0.040293
27.590675	0.020087	0.040233	0.040233	-0.040293
27.629757	0.010014	0.040233	0.050306	-0.040293
27.668839	0.010014	0.040233	0.060380	-0.050366
27.707920	0.010014	0.040233	0.060380	-0.060439
27.747002	0.010014	0.040233	0.050306	-0.060439
27.786081	0.010014	0.040233	0.050306	-0.060439
27.825163	0.010014	0.040233	0.040233	-0.050366
27.864244	0.000000	0.040233	0.030160	-0.050366
27.903326	0.000000	0.040233	0.020087	-0.040293
27.942408	-0.010073	0.040233	0.020087	-0.030220
27.981489	-0.010073	0.040233	0.030160	-0.030220
28.020569	-0.010073	0.040233	0.030160	-0.030220
28.059650	0.000000	0.030160	0.030160	-0.040293
28.098732	0.010014	0.030160	0.020087	-0.030220
28.137814	0.010014	0.030160	0.030160	-0.020146
28.176895	0.030160	0.040233	0.030160	-0.010073
28.215975	0.040233	0.040233	0.030160	-0.010073
28.255056	0.040233	0.040233	0.030160	-0.020146
28.294138	0.050306	0.040233	0.030160	-0.030220
28.333220	0.040233	0.040233	0.040233	-0.030220
28.372301	0.030160	0.040233	0.040233	-0.040293
28.411383	0.020087	0.030160	0.040233	-0.050366
28.450462	0.020087	0.040233	0.050306	-0.040293
28.489544	0.010014	0.040233	0.050306	-0.040293
28.528625	0.010014	0.040233	0.050306	-0.040293
28.567707	0.010014	0.050306	0.040233	-0.040293
28.606789	0.010014	0.050306	0.040233	-0.050366
28.645870	0.010014	0.040233	0.050306	-0.050366
28.684950	0.000000	0.040233	0.050306	-0.060439
28.724031	-0.010073	0.040233	0.050306	-0.060439
28.763113	-0.020146	0.040233	0.050306	-0.050366
28.802195	-0.030220	0.040233	0.060380	-0.050366
28.841276	-0.020146	0.050306	0.060380	-0.040293
28.880358	-0.020146	0.050306	0.060380	-0.040293
28.919437	-0.010073	0.050306	0.050306	-0.040293
28.958519	-0.010073	0.050306	0.050306	-0.040293
28.997601	0.000000	0.050306	0.050306	-0.050366
29.036682	0.000000	0.040233	0.050306	-0.050366
29.075764	0.000000	0.030160	0.060380	-0.060439
29.114845	-0.010073	0.030160	0.060380	-0.050366
29.153925	-0.020146	0.020087	0.070453	-0.040293
29.193007	-0.020146	0.030160	0.060380	-0.040293
29.232088	-0.030220	0.030160	0.050306	-0.040293
29.271170	-0.030220	0.040233	0.040233	-0.050366
29.310251	-0.030220	0.040233	0.030160	-0.050366
29.349333	-0.020146	0.040233	0.030160	-0.040293
29.388412	-0.020146	0.030160	0.030160	-0.030220
29.427494	-0.020146	0.030160	0.030160	-0.030220
29.466576	-0.030220	0.030160	0.040233	-0.020146
29.505657	-0.030220	0.040233	0.040233	-0.010073
29.544739	-0.030220	0.040233	0.040233	-0.020146
29.583818	-0.030220	0.040233	0.040233	-0.030220
29.622900	-0.030220	0.040233	0.040233	-0.030220
29.661982	-0.020146	0.040233	0.040233	-0.030220
29.701063	-0.020146	0.040233	0.030160	-0.030220
29.740145	-0.020146	0.040233	0.030160	-0.040293
29.779226	-0.020146	0.040233	0.040233	-0.030220
29.818306	-0.010073	0.050306	0.050306	-0.020146
29.857388	-0.010073	0.050306	0.050306	-0.020146
29.896469	-0.020146	0.050306	0.040233	-0.020146
29.935551	-0.020146	0.050306	0.040233	-0.020146
29.974632	-0.020146	0.050306	0.040233	-0.020146
30.013714	-0.020146	0.050306	0.040233	-0.020146
30.052794	-0.010073	0.060380	0.040233	-0.030220
30.091875	-0.010073	0.060380	0.040233	-0.030220
30.130957	-0.020146	0.060380	0.050306	-0.030220
30.170038	-0.010073	0.050306	0.040233	-0.030220
30.209120	-0.010073	0.040233	0.030160	-0.040293
30.248201	-0.020146	0.040233	0.020087	-0.050366
30.287281	-0.020146	0.030160	0.020087	-0.050366
30.326363	-0.020146	0.030160	0.030160	-0.060439
30.365444	-0.030220	0.030160	0.030160	-0.060439
30.404526	-0.030220	0.040233	0.030160	-0.050366
30.443607	-0.040293	0.040233	0.030160	-0.040293
30.482689	-0.040293	0.040233	0.030160	-0.030220
30.521769	-0.040293	0.050306	0.040233	-0.030220
30.560850	-0.050366	0.050306	0.040233	-0.020146
30.599932	-0.050366	0.050306	0.050306	-0.030220
30.639013	-0.040293	0.040233	0.060380	-0.030220
30.678095	-0.040293	0.040233	0.070453	-0.030220
30.717175	-0.030220	0.030160	0.070453	-0.030220
30.756256	-0.040293	0.030160	0.070453	-0.030220
30.795338	-0.040293	0.040233	0.060380	-0.030220
30.834419	-0.040293	0.040233	0.060380	-0.030220
30.873501	-0.040293	0.040233	0.060380	-0.030220
30.912582	-0.040293	0.040233	0.060380	-0.040293
30.951662	-0.060439	0.030160	0.060380	-0.050366
30.990744	-0.070512	0.030160	0.060380	-0.050366
31.029825	-0.080585	0.030160	0.050306	-0.050366
31.068907	-0.080585	0.030160	0.050306	-0.040293
31.107988	-0.080585	0.030160	0.050306	-0.030220
31.147070	-0.070512	0.030160	0.060380	-0.020146
31.186150	-0.060439	0.030160	0.060380	-0.010073
31.225231	-0.050366	0.030160	0.060380	-0.010073
31.264313	-0.040293	0.030160	0.050306	-0.020146
31.303394	-0.030220	0.030160	0.040233	-0.020146
31.342476	-0.020146	0.030160	0.030160	-0.020146
31.381557	0.000000	0.030160	0.020087	-0.020146
31.420637	0.010014	0.030160	0.020087	-0.030220
31.459719	0.020087	0.030160	0.010014	-0.040293
31.498800	0.030160	0.030160	0.010014	-0.030220
31.537882	0.040233	0.030160	0.010014	-0.030220
31.576963	0.040233	0.030160	0.000000	-0.040293
31.616045	0.040233	0.020087	-0.010073	-0.040293
31.655125	0.050306	0.020087	-0.020146	-0.040293
31.694206	0.050306	0.020087	-0.020146	-0.040293
31.733288	0.050306	0.030160	-0.020146	-0.030220
31.772369	0.050306	0.030160	-0.010073	-0.020146
31.811451	0.050306	0.030160	-0.010073	-0.010073
31.850531	0.050306	0.040233	-0.010073	-0.010073
31.889612	0.040233	0.040233	-0.020146	-0.010073
31.928694	0.030160	0.040233	-0.030220	-0.020146
31.967775	0.030160	0.030160	-0.030220	-0.020146
32.006855	0.030160	0.030160	-0.030220	-0.010073
32.045937	0.040233	0.030160	-0.030220	-0.010073
32.085018	0.040233	0.020087	-0.020146	-0.010073
32.124100	0.050306	0.010014	-0.020146	-0.020146
32.163181	0.050306	0.010014	-0.010073	-0.020146
32.202263	0.040233	0.010014	0.000000	-0.020146
32.241344	0.040233	0.010014	0.000000	-0.020146
32.280426	0.040233	0.010014	0.000000	-0.030220
32.319508	0.040233	0.010014	0.000000	-0.030220
32.358589	0.030160	0.010014	0.000000	-0.020146
32.397671	0.030160	0.020087	0.000000	-0.010073
32.436749	0.040233	0.020087	0.010014	-0.010073
32.475830	0.040233	0.020087	0.020087	-0.010073
32.514912	0.040233	0.020087	0.020087	-0.010073
32.553993	0.040233	0.020087	0.010014	-0.010073
32.593075	0.030160	0.010014	-0.010073	-0.020146
32.632156	0.030160	0.010014	-0.020146	-0.020146
32.671238	0.030160	0.010014	-0.020146	-0.020146
32.710320	0.030160	0.010014	-0.020146	-0.020146
32.749401	0.030160	0.020087	-0.020146	-0.020146
32.788483	0.030160	0.020087	-0.020146	-0.020146
32.827564	0.030160	0.020087	-0.020146	-0.020146
32.866642	0.040233	0.020087	-0.020146	-0.030220
32.905724	0.040233	0.020087	-0.020146	-0.030220
32.944805	0.030160	0.020087	-0.020146	-0.040293
32.983887	0.030160	0.030160	-0.020146	-0.050366
33.022968	0.020087	0.030160	-0.020146	-0.050366
33.062050	0.020087	0.030160	-0.020146	-0.040293
33.101131	0.030160	0.030160	-0.010073	-0.030220
33.140213	0.030160	0.030160	-0.010073	-0.020146
33.179295	0.030160	0.040233	0.000000	-0.010073
33.218376	0.030160	0.040233	-0.010073	0.000000
33.257458	0.020087	0.040233	-0.010073	0.000000
33.296539	0.020087	0.040233	-0.020146	0.000000
33.335617	0.020087	0.040233	-0.020146	-0.010073
33.374699	0.030160	0.030160	-0.010073	-0.010073
33.413780	0.030160	0.030160	-0.010073	-0.010073
33.452862	0.030160	0.020087	-0.010073	-0.020146
33.491943	0.030160	0.030160	-0.010073	-0.020146
33.531025	0.030160	0.030160	-0.010073	-0.020146
33.570107	0.020087	0.030160	-0.010073	-0.020146
33.609188	0.020087	0.030160	-0.010073	-0.020146
33.648270	0.020087	0.030160	-0.010073	-0.020146
33.687351	0.030160	0.030160	-0.010073	-0.020146
33.726433	0.030160	0.030160	0.000000	-0.010073
33.765514	0.040233	0.030160	-0.010073	-0.010073
33.804592	0.040233	0.040233	-0.010073	-0.010073
33.843674	0.040233	0.040233	-0.020146	-0.010073
33.882755	0.040233	0.040233	-0.020146	-0.010073
33.921837	0.040233	0.050306	-0.020146	-0.020146
33.960918	0.040233	0.050306	-0.030220	-0.030220
