22.510115	0.030160	0.251770	-200.168365	-200.611465
22.549194	0.020087	0.241697	-200.148224	-200.631622
22.588276	0.020087	0.241697	-200.118011	-200.621552
22.627357	0.040233	0.251770	-200.087784	-200.611465
22.666439	0.050306	0.261784	-200.077713	-200.581253
22.705521	0.060380	0.271857	-200.087784	-200.571243
22.744602	0.070453	0.271857	-200.107925	-200.561172
22.783682	0.080526	0.271857	-200.097855	-200.571243
22.822763	0.090599	0.271857	-200.087784	-200.581253
22.861845	0.100672	0.261784	-200.077713	-200.571243
22.900927	0.110745	0.251770	-200.087784	-200.551086
22.940008	0.120819	0.261784	-200.118011	-200.530945
22.979090	0.110745	0.261784	-200.138153	-200.520874
23.018169	0.100672	0.271857	-200.148224	-200.500732
23.057251	0.090599	0.271857	-200.148224	-200.500732
23.096333	0.080526	0.281930	-200.148224	-200.510803
23.135414	0.070453	0.281930	-200.168365	-200.541016
23.174496	0.060380	0.292003	-200.148224	-200.551086
23.213577	0.060380	0.281930	-200.118011	-200.561172
23.252657	0.050306	0.271857	-200.087784	-200.571243
23.291739	0.050306	0.271857	-200.077713	-200.581253
23.330820	0.060380	0.281930	-200.047546	-200.581253
23.369902	0.070453	0.292003	-200.027405	-200.581253
23.408983	0.070453	0.292003	-200.007263	-200.581253
23.448065	0.080526	0.281930	-199.997192	-200.581253
23.487144	0.080526	0.261784	-199.987106	-200.581253
23.526226	0.070453	0.251770	-199.956894	-200.581253
23.565308	0.070453	0.251770	-199.936752	-200.581253
23.604389	0.070453	0.251770	-199.936752	-200.591324
23.643471	0.070453	0.261784	-199.966965	-200.591324
23.682550	0.070453	0.271857	-199.997192	-200.581253
23.721632	0.060380	0.271857	-200.037476	-200.581253
23.760714	0.040233	0.261784	-200.067642	-200.591324
23.799795	0.020087	0.261784	-200.067642	-200.621552
23.838877	0.020087	0.261784	-200.057632	-200.621552
23.877958	0.020087	0.261784	-200.047546	-200.601395
23.917038	0.020087	0.251770	-200.047546	-200.571243
23.956120	0.030160	0.251770	-200.067642	-200.541016
23.995201	0.060380	0.261784	-200.097855	-200.510803
24.034283	0.080526	0.261784	-200.107925	-200.490646
24.073364	0.090599	0.261784	-200.128082	-200.490646
24.112446	0.100672	0.271857	-200.138153	-200.500732
24.151525	0.090599	0.271857	-200.188522	-200.500732
24.190607	0.090599	0.261784	-200.178452	-200.500732
24.229689	0.090599	0.261784	-200.128082	-200.500732
24.268770	0.080526	0.261784	-200.057632	-200.490646
24.307852	0.090599	0.261784	-200.037476	-200.500732
24.346933	0.090599	0.261784	-200.027405	-200.510803
24.386013	0.080526	0.271857	-200.037476	-200.530945
24.425095	0.080526	0.271857	-200.057632	-200.551086
24.464176	0.100672	0.271857	-200.077713	-200.561172
24.503258	0.130892	0.271857	-200.128082	-200.561172
24.542339	0.171185	0.271857	-200.158295	-200.561172
24.581421	0.211477	0.261784	-200.168365	-200.541016
24.620501	0.221550	0.271857	-200.168365	-200.530945
24.659582	0.211477	0.281930	-200.178452	-200.520874
24.698664	0.181258	0.281930	-200.198593	-200.510803
24.737745	0.161111	0.281930	-200.188522	-200.510803
24.776827	0.151038	0.281930	-200.158295	-200.510803
24.815907	0.130892	0.281930	-200.107925	-200.510803
24.854988	0.100672	0.292003	-200.057632	-200.500732
24.894070	0.080526	0.292003	-200.047546	-200.490646
24.933151	0.070453	0.302076	-200.067642	-200.490646
24.972233	0.080526	0.302076	-200.087784	-200.470505
25.011314	0.100672	0.292003	-200.118011	-200.470505
25.050394	0.130892	0.281930	-200.148224	-200.480576
25.089476	0.151038	0.271857	-200.158295	-200.490646
25.128557	0.181258	0.271857	-200.158295	-200.500732
25.167639	0.201404	0.271857	-200.158295	-200.490646
25.206720	0.221550	0.271857	-200.178452	-200.480576
25.245802	0.231624	0.271857	-200.208664	-200.470505
25.284882	0.241697	0.281930	-200.228806	-200.470505
25.323963	0.251770	0.292003	-200.218735	-200.470505
25.363045	0.261784	0.292003	-200.198593	-200.460434
25.402126	0.271857	0.281930	-200.188522	-200.450363
25.441208	0.281930	0.271857	-200.178452	-200.460434
25.480289	0.302076	0.271857	-200.178452	-200.470505
25.519369	0.302076	0.271857	-200.168365	-200.480576
25.558451	0.292003	0.271857	-200.158295	-200.480576
25.597532	0.281930	0.261784	-200.168365	-200.490646
25.636614	0.261784	0.261784	-200.178452	-200.490646
25.675695	0.251770	0.261784	-200.198593	-200.500732
25.714777	0.241697	0.281930	-200.218735	-200.500732
25.753857	0.241697	0.281930	-200.238876	-200.500732
25.792938	0.231624	0.281930	-200.228806	-200.500732
25.832020	0.221550	0.281930	-200.208664	-200.500732
25.871101	0.211477	0.281930	-200.168365	-200.480576
25.910183	0.201404	0.281930	-200.128082	-200.460434
25.949263	0.201404	0.292003	-200.107925	-200.440292
25.988344	0.191331	0.292003	-200.128082	-200.430222
26.027426	0.191331	0.302076	-200.158295	-200.430222
26.066507	0.191331	0.292003	-200.178452	-200.440292
26.105589	0.211477	0.292003	-200.178452	-200.450363
26.144670	0.231624	0.281930	-200.148224	-200.470505
26.183750	0.261784	0.281930	-200.138153	-200.470505
26.222832	0.281930	0.271857	-200.158295	-200.460434
26.261913	0.271857	0.281930	-200.188522	-200.450363
26.300995	0.261784	0.281930	-200.218735	-200.450363
26.340076	0.261784	0.281930	-200.248962	-200.430222
26.379158	0.261784	0.292003	-200.238876	-200.399994
26.418238	0.261784	0.292003	-200.228806	-200.389923
26.457319	0.271857	0.302076	-200.198593	-200.399994
26.496401	0.271857	0.302076	-200.178452	-200.399994
26.535482	0.271857	0.302076	-200.168365	-200.399994
26.574564	0.281930	0.302076	-200.158295	-200.410065
26.613646	0.281930	0.292003	-200.178452	-200.430222
26.652725	0.281930	0.292003	-200.178452	-200.450363
26.691807	0.281930	0.292003	-200.178452	-200.470505
26.730888	0.271857	0.292003	-200.188522	-200.460434
26.769970	0.251770	0.281930	-200.218735	-200.440292
26.809052	0.231624	0.281930	-200.248962	-200.430222
26.848133	0.221550	0.271857	-200.238876	-200.440292
26.887213	0.221550	0.281930	-200.218735	-200.450363
26.926294	0.231624	0.281930	-200.208664	-200.460434
26.965376	0.231624	0.292003	-200.218735	-200.460434
27.004457	0.241697	0.292003	-200.228806	-200.460434
27.043539	0.231624	0.292003	-200.238876	-200.460434
27.082619	0.221550	0.292003	-200.248962	-200.460434
27.121700	0.211477	0.292003	-200.269104	-200.460434
27.160782	0.191331	0.302076	-200.248962	-200.460434
27.199863	0.181258	0.312150	-200.228806	-200.460434
27.238945	0.161111	0.312150	-200.228806	-200.440292
27.278027	0.151038	0.312150	-200.238876	-200.420135
27.317106	0.151038	0.302076	-200.269104	-200.420135
27.356188	0.161111	0.302076	-200.299316	-200.430222
27.395269	0.161111	0.292003	-200.319473	-200.460434
27.434351	0.161111	0.281930	-200.319473	-200.480576
27.473433	0.161111	0.271857	-200.319473	-200.490646
27.512514	0.161111	0.261784	-200.299316	-200.470505
27.551594	0.171185	0.271857	-200.289246	-200.420135
27.590675	0.161111	0.292003	-200.299316	-200.379852
27.629757	0.140965	0.302076	-200.309402	-200.359695
27.668839	0.130892	0.312150	-200.319473	-200.359695
27.707920	0.120819	0.312150	-200.319473	-200.359695
27.747002	0.130892	0.302076	-200.319473	-200.369781
27.786081	0.161111	0.292003	-200.319473	-200.369781
27.825163	0.181258	0.281930	-200.319473	-200.369781
27.864244	0.201404	0.281930	-200.319473	-200.349625
27.903326	0.211477	0.281930	-200.309402	-200.349625
27.942408	0.221550	0.281930	-200.309402	-200.359695
27.981489	0.221550	0.281930	-200.309402	-200.399994
28.020569	0.231624	0.281930	-200.299316	-200.420135
28.059650	0.231624	0.292003	-200.309402	-200.430222
28.098732	0.231624	0.292003	-200.309402	-200.430222
28.137814	0.241697	0.292003	-200.309402	-200.420135
28.176895	0.241697	0.302076	-200.279175	-200.410065
28.215975	0.231624	0.302076	-200.259033	-200.389923
28.255056	0.221550	0.302076	-200.269104	-200.369781
28.294138	0.211477	0.302076	-200.289246	-200.359695
28.333220	0.211477	0.302076	-200.319473	-200.369781
28.372301	0.221550	0.302076	-200.329483	-200.379852
28.411383	0.231624	0.302076	-200.299316	-200.389923
28.450462	0.251770	0.292003	-200.269104	-200.410065
28.489544	0.261784	0.281930	-200.248962	-200.420135
28.528625	0.261784	0.292003	-200.218735	-200.399994
28.567707	0.251770	0.292003	-200.208664	-200.379852
28.606789	0.221550	0.292003	-200.228806	-200.359695
28.645870	0.201404	0.292003	-200.269104	-200.349625
28.684950	0.201404	0.281930	-200.289246	-200.349625
28.724031	0.201404	0.281930	-200.289246	-200.349625
28.763113	0.211477	0.292003	-200.279175	-200.339554
28.802195	0.231624	0.302076	-200.279175	-200.349625
28.841276	0.231624	0.302076	-200.289246	-200.349625
28.880358	0.231624	0.312150	-200.309402	-200.349625
28.919437	0.221550	0.312150	-200.329483	-200.359695
28.958519	0.201404	0.312150	-200.359695	-200.359695
28.997601	0.181258	0.302076	-200.379852	-200.369781
29.036682	0.171185	0.292003	-200.349625	-200.369781
29.075764	0.161111	0.292003	-200.329483	-200.359695
29.114845	0.151038	0.292003	-200.299316	-200.339554
29.153925	0.151038	0.302076	-200.279175	-200.339554
29.193007	0.161111	0.302076	-200.269104	-200.339554
29.232088	0.181258	0.312150	-200.259033	-200.339554
29.271170	0.191331	0.312150	-200.248962	-200.339554
29.310251	0.201404	0.302076	-200.269104	-200.349625
29.349333	0.211477	0.292003	-200.299316	-200.349625
29.388412	0.221550	0.292003	-200.309402	-200.329483
29.427494	0.221550	0.281930	-200.309402	-200.319473
29.466576	0.231624	0.292003	-200.299316	-200.319473
29.505657	0.241697	0.302076	-200.279175	-200.339554
29.544739	0.251770	0.302076	-200.259033	-200.349625
29.583818	0.251770	0.312150	-200.259033	-200.359695
29.622900	0.241697	0.312150	-200.299316	-200.369781
29.661982	0.211477	0.312150	-200.339554	-200.389923
29.701063	0.201404	0.302076	-200.359695	-200.410065
29.740145	0.191331	0.302076	-200.369781	-200.420135
29.779226	0.191331	0.292003	-200.359695	-200.420135
29.818306	0.191331	0.292003	-200.359695	-200.420135
29.857388	0.191331	0.281930	-200.339554	-200.420135
29.896469	0.201404	0.271857	-200.329483	-200.399994
29.935551	0.201404	0.271857	-200.329483	-200.389923
29.974632	0.191331	0.271857	-200.339554	-200.399994
30.013714	0.171185	0.271857	-200.349625	-200.410065
30.052794	0.161111	0.281930	-200.369781	-200.410065
30.091875	0.161111	0.292003	-200.369781	-200.399994
30.130957	0.161111	0.302076	-200.369781	-200.389923
30.170038	0.161111	0.312150	-200.359695	-200.369781
30.209120	0.161111	0.322223	-200.349625	-200.349625
30.248201	0.171185	0.322223	-200.349625	-200.329483
30.287281	0.181258	0.322223	-200.349625	-200.329483
30.326363	0.181258	0.322223	-200.349625	-200.349625
30.365444	0.191331	0.312150	-200.339554	-200.379852
30.404526	0.201404	0.312150	-200.329483	-200.399994
30.443607	0.211477	0.302076	-200.299316	-200.420135
30.482689	0.221550	0.292003	-200.269104	-200.420135
30.521769	0.221550	0.302076	-200.259033	-200.410065
30.560850	0.221550	0.312150	-200.269104	-200.399994
30.599932	0.211477	0.322223	-200.279175	-200.389923
30.639013	0.201404	0.322223	-200.309402	-200.389923
30.678095	0.191331	0.322223	-200.349625	-200.399994
30.717175	0.191331	0.322223	-200.359695	-200.399994
30.756256	0.191331	0.322223	-200.339554	-200.399994
30.795338	0.191331	0.312150	-200.319473	-200.389923
30.834419	0.191331	0.302076	-200.309402	-200.379852
30.873501	0.191331	0.302076	-200.299316	-200.379852
30.912582	0.201404	0.302076	-200.289246	-200.389923
30.951662	0.201404	0.302076	-200.289246	-200.399994
30.990744	0.201404	0.302076	-200.289246	-200.410065
31.029825	0.201404	0.302076	-200.289246	-200.410065
31.068907	0.191331	0.312150	-200.289246	-200.410065
31.107988	0.191331	0.322223	-200.299316	-200.399994
31.147070	0.191331	0.312150	-200.309402	-200.379852
31.186150	0.191331	0.302076	-200.329483	-200.359695
31.225231	0.201404	0.292003	-200.339554	-200.349625
31.264313	0.201404	0.281930	-200.349625	-200.329483
31.303394	0.181258	0.271857	-200.349625	-200.319473
31.342476	0.171185	0.271857	-200.339554	-200.329483
31.381557	0.181258	0.271857	-200.329483	-200.339554
31.420637	0.191331	0.281930	-200.319473	-200.369781
31.459719	0.201404	0.292003	-200.319473	-200.389923
31.498800	0.201404	0.302076	-200.319473	-200.389923
31.537882	0.191331	0.312150	-200.319473	-200.369781
31.576963	0.181258	0.312150	-200.319473	-200.329483
31.616045	0.181258	0.322223	-200.339554	-200.309402
31.655125	0.181258	0.312150	-200.349625	-200.319473
31.694206	0.191331	0.302076	-200.359695	-200.349625
31.733288	0.211477	0.292003	-200.339554	-200.369781
31.772369	0.231624	0.292003	-200.319473	-200.379852
31.811451	0.251770	0.292003	-200.309402	-200.379852
31.850531	0.251770	0.292003	-200.329483	-200.359695
31.889612	0.241697	0.292003	-200.369781	-200.349625
31.928694	0.241697	0.292003	-200.389923	-200.339554
31.967775	0.241697	0.302076	-200.399994	-200.339554
32.006855	0.251770	0.302076	-200.389923	-200.329483
32.045937	0.251770	0.302076	-200.379852	-200.329483
32.085018	0.261784	0.312150	-200.349625	-200.329483
32.124100	0.271857	0.312150	-200.319473	-200.309402
32.163181	0.261784	0.312150	-200.289246	-200.299316
32.202263	0.251770	0.322223	-200.279175	-200.289246
32.241344	0.251770	0.332296	-200.269104	-200.279175
32.280426	0.261784	0.342369	-200.259033	-200.269104
32.319508	0.271857	0.332296	-200.248962	-200.279175
32.358589	0.261784	0.322223	-200.238876	-200.289246
32.397671	0.261784	0.322223	-200.228806	-200.289246
32.436749	0.251770	0.322223	-200.228806	-200.279175
32.475830	0.241697	0.322223	-200.269104	-200.248962
32.514912	0.231624	0.322223	-200.319473	-200.238876
32.553993	0.211477	0.332296	-200.339554	-200.238876
32.593075	0.201404	0.332296	-200.349625	-200.238876
32.632156	0.191331	0.322223	-200.349625	-200.238876
32.671238	0.191331	0.322223	-200.349625	-200.238876
32.710320	0.201404	0.322223	-200.349625	-200.259033
32.749401	0.221550	0.332296	-200.369781	-200.289246
32.788483	0.231624	0.342369	-200.399994	-200.299316
32.827564	0.251770	0.352442	-200.430222	-200.299316
32.866642	0.261784	0.352442	-200.450363	-200.309402
32.905724	0.271857	0.342369	-200.450363	-200.309402
32.944805	0.271857	0.342369	-200.410065	-200.309402
32.983887	0.281930	0.342369	-200.369781	-200.309402
33.022968	0.271857	0.342369	-200.339554	-200.319473
33.062050	0.281930	0.342369	-200.309402	-200.319473
33.101131	0.292003	0.342369	-200.289246	-200.299316
33.140213	0.312150	0.342369	-200.279175	-200.259033
33.179295	0.312150	0.342369	-200.269104	-200.228806
33.218376	0.302076	0.332296	-200.279175	-200.218735
33.257458	0.302076	0.332296	-200.269104	-200.228806
33.296539	0.312150	0.322223	-200.248962	-200.248962
33.335617	0.322223	0.322223	-200.238876	-200.259033
33.374699	0.322223	0.322223	-200.248962	-200.269104
33.413780	0.322223	0.322223	-200.259033	-200.259033
33.452862	0.322223	0.342369	-200.269104	-200.248962
33.491943	0.322223	0.352442	-200.279175	-200.238876
33.531025	0.322223	0.362515	-200.279175	-200.238876
33.570107	0.342369	0.372589	-200.269104	-200.248962
33.609188	0.352442	0.382662	-200.248962	-200.259033
33.648270	0.362515	0.382662	-200.228806	-200.279175
33.687351	0.352442	0.392735	-200.228806	-200.279175
33.726433	0.352442	0.382662	-200.228806	-200.279175
33.765514	0.342369	0.372589	-200.228806	-200.269104
33.804592	0.342369	0.362515	-200.228806	-200.228806
33.843674	0.332296	0.342369	-200.248962	-200.178452
33.882755	0.332296	0.332296	-200.248962	-200.168365
33.921837	0.322223	0.312150	-200.238876	-200.178452
33.960918	0.322223	0.312150	-200.218735	-200.198593
