21.940655	-0.006720	-0.043646	-0.013441	-0.110790
21.950029	-0.006720	-0.040293	-0.013441	-0.090644
21.959404	-0.006720	-0.040293	-0.023499	-0.067145
21.968779	-0.006720	-0.040293	-0.040293	-0.050366
21.978153	-0.006720	-0.040293	-0.063792	-0.043646
21.987530	-0.006720	-0.040293	-0.080571	-0.043646
21.996904	-0.006720	-0.040293	-0.087291	-0.040293
22.006279	-0.006720	-0.040293	-0.080571	-0.043646
22.015654	-0.006720	-0.040293	-0.067145	-0.046998
22.025028	-0.006720	-0.040293	-0.053719	-0.057071
22.034403	-0.006720	-0.040293	-0.043646	-0.070497
22.043779	-0.006720	-0.043646	-0.023499	-0.083938
22.053154	-0.003368	-0.043646	0.000000	-0.083938
22.062529	-0.003368	-0.043646	0.026852	-0.077218
22.071903	-0.003368	-0.043646	0.040278	-0.073865
22.081278	-0.003368	-0.043646	0.023484	-0.073865
22.090654	-0.006720	-0.043646	-0.020146	-0.083938
22.100029	-0.010073	-0.043646	-0.087291	-0.090644
22.109404	-0.010073	-0.043646	-0.120863	-0.097364
22.118778	-0.010073	-0.043646	-0.134289	-0.097364
22.128153	-0.010073	-0.043646	-0.124216	-0.093997
22.137529	-0.010073	-0.043646	-0.104070	-0.093997
22.146904	-0.006720	-0.043646	-0.087291	-0.093997
22.156279	-0.006720	-0.043646	-0.070497	-0.090644
22.165653	-0.006720	-0.043646	-0.050366	-0.070497
22.175028	-0.006720	-0.043646	-0.033572	-0.036940
22.184402	-0.006720	-0.040293	-0.020146	0.003353
22.193779	-0.006720	-0.040293	-0.023499	0.036925
22.203154	-0.010073	-0.040293	-0.036940	0.040278
22.212528	-0.010073	-0.040293	-0.050366	0.013426
22.221903	-0.010073	-0.043646	-0.060439	-0.030220
22.231277	-0.010073	-0.043646	-0.067145	-0.073865
22.240654	-0.010073	-0.043646	-0.070497	-0.090644
22.250029	-0.006720	-0.043646	-0.077218	-0.080571
22.259403	-0.006720	-0.040293	-0.090644	-0.057071
22.268778	-0.010073	-0.040293	-0.107422	-0.040293
22.278152	-0.010073	-0.040293	-0.117496	-0.043646
22.287527	-0.006720	-0.040293	-0.117496	-0.053719
22.296904	-0.006720	-0.040293	-0.097364	-0.063792
22.306278	-0.006720	-0.040293	-0.063792	-0.060439
22.315653	-0.003368	-0.040293	-0.023499	-0.040293
22.325027	-0.003368	-0.040293	0.006706	-0.010073
22.334402	-0.003368	-0.036940	0.023484	0.016779
22.343779	-0.003368	-0.036940	0.023484	0.026852
22.353153	-0.003368	-0.036940	0.003353	0.023484
22.362528	-0.006720	-0.040293	-0.026867	0.010058
22.371902	-0.006720	-0.040293	-0.060439	-0.003368
22.381277	-0.010073	-0.036940	-0.090644	-0.013441
22.390654	-0.010073	-0.036940	-0.114143	-0.016794
22.400028	-0.010073	-0.036940	-0.114143	-0.023499
22.409403	-0.010073	-0.036940	-0.087291	-0.033572
22.418777	-0.006720	-0.036940	-0.040293	-0.053719
22.428152	-0.006720	-0.036940	0.013426	-0.077218
22.437527	-0.003368	-0.040293	0.053704	-0.090644
22.446903	0.000000	-0.040293	0.060424	-0.090644
22.456278	-0.003368	-0.036940	0.040278	-0.073865
22.465652	-0.003368	-0.036940	0.000000	-0.050366
22.475027	-0.003368	-0.036940	-0.036940	-0.023499
22.484402	-0.006720	-0.033572	-0.063792	0.000000
22.493778	-0.006720	-0.030220	-0.077218	0.016779
22.503153	-0.006720	-0.030220	-0.073865	0.026852
22.512527	-0.006720	-0.030220	-0.057071	0.026852
22.521902	-0.003368	-0.030220	-0.033572	0.020131
22.531277	-0.003368	-0.030220	-0.006720	0.003353
22.540651	-0.003368	-0.030220	0.013426	-0.020146
22.550028	0.000000	-0.030220	0.020131	-0.043646
22.559402	0.000000	-0.030220	0.006706	-0.063792
22.568777	0.000000	-0.033572	-0.016794	-0.073865
22.578152	-0.003368	-0.033572	-0.043646	-0.077218
22.587526	-0.003368	-0.033572	-0.070497	-0.070497
22.596903	-0.003368	-0.030220	-0.093997	-0.057071
22.606277	-0.006720	-0.030220	-0.114143	-0.046998
22.615652	-0.006720	-0.030220	-0.127569	-0.043646
22.625027	-0.006720	-0.030220	-0.117496	-0.043646
22.634401	-0.006720	-0.030220	-0.093997	-0.040293
22.643778	-0.003368	-0.030220	-0.057071	-0.023499
22.653152	-0.003368	-0.026867	-0.033572	0.006706
22.662527	-0.003368	-0.026867	-0.030220	0.040278
22.671902	-0.003368	-0.026867	-0.046998	0.060424
22.681276	-0.003368	-0.026867	-0.080571	0.057057
22.690651	-0.006720	-0.026867	-0.107422	0.026852
22.700027	-0.006720	-0.030220	-0.117496	-0.016794
22.709402	-0.006720	-0.030220	-0.104070	-0.060439
22.718777	-0.003368	-0.030220	-0.070497	-0.090644
22.728151	-0.003368	-0.030220	-0.036940	-0.107422
22.737526	0.000000	-0.030220	-0.016794	-0.107422
22.746902	0.000000	-0.030220	-0.016794	-0.093997
22.756277	0.000000	-0.030220	-0.033572	-0.070497
22.765652	-0.003368	-0.030220	-0.057071	-0.036940
22.775026	-0.003368	-0.026867	-0.077218	-0.010073
22.784401	-0.003368	-0.026867	-0.083938	0.003353
22.793777	-0.003368	-0.026867	-0.080571	-0.003368
22.803152	-0.003368	-0.026867	-0.063792	-0.023499
22.812527	-0.003368	-0.030220	-0.046998	-0.046998
22.821901	-0.003368	-0.030220	-0.043646	-0.067145
22.831276	-0.003368	-0.030220	-0.053719	-0.077218
22.840651	-0.003368	-0.026867	-0.067145	-0.083938
22.850027	-0.003368	-0.026867	-0.077218	-0.090644
22.859402	-0.003368	-0.026867	-0.080571	-0.107422
22.868776	-0.003368	-0.026867	-0.083938	-0.127569
22.878151	-0.003368	-0.030220	-0.093997	-0.134289
22.887526	-0.003368	-0.030220	-0.104070	-0.124216
22.896902	-0.003368	-0.030220	-0.110790	-0.104070
22.906277	-0.003368	-0.026867	-0.097364	-0.080571
22.915651	-0.003368	-0.026867	-0.063792	-0.060439
22.925026	0.000000	-0.026867	-0.020146	-0.050366
22.934401	0.000000	-0.026867	0.013426	-0.050366
22.943775	0.003353	-0.026867	0.030205	-0.057071
22.953152	0.003353	-0.026867	0.030205	-0.070497
22.962526	0.003353	-0.026867	0.013426	-0.080571
22.971901	0.003353	-0.026867	-0.013441	-0.087291
22.981276	0.000000	-0.026867	-0.040293	-0.087291
22.990650	0.000000	-0.026867	-0.067145	-0.083938
23.000027	0.000000	-0.026867	-0.083938	-0.080571
23.009401	0.000000	-0.026867	-0.090644	-0.083938
23.018776	0.000000	-0.026867	-0.090644	-0.093997
23.028151	0.000000	-0.026867	-0.087291	-0.107422
23.037525	0.000000	-0.026867	-0.080571	-0.114143
23.046902	-0.003368	-0.026867	-0.070497	-0.110790
23.056276	-0.003368	-0.026867	-0.060439	-0.090644
23.065651	0.000000	-0.023499	-0.046998	-0.060439
23.075026	0.000000	-0.023499	-0.040293	-0.026867
23.084400	0.000000	-0.020146	-0.036940	0.006706
23.093775	0.000000	-0.020146	-0.036940	0.036925
23.103151	0.000000	-0.020146	-0.036940	0.060424
23.112526	0.000000	-0.020146	-0.033572	0.063777
23.121901	0.000000	-0.020146	-0.030220	0.050351
23.131275	0.000000	-0.020146	-0.026867	0.020131
23.140650	0.000000	-0.020146	-0.033572	-0.010073
23.150026	0.000000	-0.020146	-0.050366	-0.036940
23.159401	-0.003368	-0.020146	-0.073865	-0.053719
23.168776	-0.003368	-0.020146	-0.093997	-0.067145
23.178150	-0.003368	-0.020146	-0.097364	-0.083938
23.187525	-0.003368	-0.020146	-0.087291	-0.100717
23.196901	0.000000	-0.020146	-0.053719	-0.107422
23.206276	0.003353	-0.020146	-0.020146	-0.104070
23.215651	0.003353	-0.020146	0.010058	-0.090644
23.225025	0.006706	-0.020146	0.026852	-0.077218
23.234400	0.006706	-0.020146	0.023484	-0.080571
23.243774	0.003353	-0.020146	0.006706	-0.100717
23.253151	0.003353	-0.023499	-0.023499	-0.127569
23.262526	0.000000	-0.023499	-0.057071	-0.151068
23.271900	0.000000	-0.023499	-0.083938	-0.154421
23.281275	0.000000	-0.023499	-0.093997	-0.137642
23.290649	0.000000	-0.020146	-0.087291	-0.124216
23.300026	0.003353	-0.020146	-0.067145	-0.114143
23.309401	0.003353	-0.020146	-0.040293	-0.100717
23.318775	0.006706	-0.020146	-0.010073	-0.070497
23.328150	0.006706	-0.016794	0.020131	-0.026867
23.337524	0.006706	-0.013441	0.043631	0.020131
23.346899	0.006706	-0.013441	0.043631	0.057057
23.356276	0.006706	-0.010073	0.016779	0.070482
23.365650	0.003353	-0.010073	-0.023499	0.057057
23.375025	0.003353	-0.013441	-0.063792	0.016779
23.384399	0.003353	-0.013441	-0.097364	-0.030220
23.393774	0.003353	-0.016794	-0.114143	-0.063792
23.403151	0.000000	-0.016794	-0.117496	-0.077218
23.412525	0.000000	-0.013441	-0.110790	-0.073865
23.421900	0.003353	-0.013441	-0.097364	-0.067145
23.431274	0.003353	-0.013441	-0.067145	-0.067145
23.440649	0.003353	-0.013441	-0.030220	-0.077218
23.450026	0.006706	-0.013441	0.003353	-0.083938
23.459400	0.006706	-0.013441	0.023484	-0.080571
23.468775	0.006706	-0.013441	0.013426	-0.070497
23.478149	0.006706	-0.013441	-0.023499	-0.067145
23.487524	0.006706	-0.013441	-0.067145	-0.077218
23.496899	0.003353	-0.013441	-0.100717	-0.090644
23.506275	0.003353	-0.013441	-0.104070	-0.107422
23.515650	0.003353	-0.013441	-0.080571	-0.114143
23.525024	0.006706	-0.013441	-0.043646	-0.110790
23.534399	0.006706	-0.013441	-0.003368	-0.100717
23.543774	0.010058	-0.013441	0.026852	-0.093997
23.553150	0.010058	-0.013441	0.040278	-0.090644
23.562525	0.010058	-0.013441	0.036925	-0.090644
23.571899	0.010058	-0.013441	0.023484	-0.097364
23.581274	0.010058	-0.013441	0.003353	-0.107422
23.590649	0.010058	-0.016794	-0.020146	-0.114143
23.600023	0.006706	-0.013441	-0.046998	-0.114143
23.609400	0.006706	-0.013441	-0.073865	-0.117496
23.618774	0.006706	-0.013441	-0.083938	-0.117496
23.628149	0.006706	-0.010073	-0.083938	-0.114143
23.637524	0.006706	-0.010073	-0.077218	-0.107422
23.646898	0.006706	-0.010073	-0.070497	-0.087291
23.656275	0.006706	-0.006720	-0.067145	-0.057071
23.665649	0.006706	-0.006720	-0.070497	-0.026867
23.675024	0.006706	-0.006720	-0.080571	-0.006720
23.684399	0.006706	-0.006720	-0.090644	0.003353
23.693773	0.006706	-0.006720	-0.107422	-0.013441
23.703150	0.006706	-0.006720	-0.124216	-0.046998
23.712524	0.006706	-0.010073	-0.140995	-0.087291
23.721899	0.003353	-0.010073	-0.154421	-0.117496
23.731274	0.003353	-0.010073	-0.151068	-0.127569
23.740648	0.003353	-0.010073	-0.137642	-0.110790
23.750023	0.006706	-0.006720	-0.114143	-0.080571
23.759399	0.006706	-0.006720	-0.097364	-0.050366
23.768774	0.010058	-0.003368	-0.090644	-0.036940
23.778149	0.010058	-0.003368	-0.097364	-0.043646
23.787523	0.006706	-0.003368	-0.107422	-0.067145
23.796898	0.010058	-0.006720	-0.110790	-0.093997
23.806274	0.010058	-0.006720	-0.100717	-0.114143
23.815649	0.010058	-0.006720	-0.073865	-0.127569
23.825024	0.013426	-0.006720	-0.043646	-0.137642
23.834398	0.013426	-0.006720	-0.016794	-0.144362
23.843773	0.013426	-0.006720	-0.010073	-0.140995
23.853149	0.016779	-0.006720	-0.023499	-0.124216
23.862524	0.016779	-0.003368	-0.043646	-0.093997
23.871899	0.013426	-0.003368	-0.073865	-0.057071
23.881273	0.013426	0.000000	-0.107422	-0.023499
23.890648	0.010058	0.003353	-0.137642	-0.003368
23.900023	0.006706	0.003353	-0.161141	-0.003368
23.909399	0.006706	0.003353	-0.167862	-0.030220
23.918774	0.010058	0.000000	-0.157788	-0.073865
23.928148	0.010058	0.000000	-0.137642	-0.117496
23.937523	0.010058	-0.003368	-0.114143	-0.151068
23.946898	0.013426	-0.003368	-0.093997	-0.164494
23.956274	0.013426	0.000000	-0.077218	-0.157788
23.965649	0.016779	0.000000	-0.067145	-0.137642
23.975023	0.016779	0.003353	-0.060439	-0.107422
23.984398	0.016779	0.003353	-0.057071	-0.080571
23.993773	0.016779	0.003353	-0.070497	-0.053719
24.003147	0.016779	0.006706	-0.097364	-0.033572
24.012524	0.016779	0.006706	-0.130922	-0.023499
24.021898	0.013426	0.006706	-0.157788	-0.020146
24.031273	0.013426	0.006706	-0.167862	-0.030220
24.040648	0.013426	0.006706	-0.154421	-0.046998
24.050022	0.016779	0.006706	-0.124216	-0.063792
24.059399	0.016779	0.006706	-0.093997	-0.073865
24.068773	0.020131	0.006706	-0.070497	-0.080571
24.078148	0.020131	0.006706	-0.063792	-0.083938
24.087523	0.020131	0.006706	-0.063792	-0.083938
24.096897	0.020131	0.010058	-0.073865	-0.077218
24.106274	0.020131	0.010058	-0.080571	-0.067145
24.115648	0.020131	0.013426	-0.087291	-0.050366
24.125023	0.020131	0.013426	-0.097364	-0.040293
24.134398	0.016779	0.013426	-0.110790	-0.036940
24.143772	0.016779	0.016779	-0.127569	-0.043646
24.153147	0.016779	0.016779	-0.147715	-0.057071
24.162523	0.016779	0.016779	-0.161141	-0.070497
24.171898	0.016779	0.016779	-0.171214	-0.087291
24.181273	0.016779	0.013426	-0.177920	-0.104070
24.190647	0.016779	0.013426	-0.181288	-0.120863
24.200022	0.016779	0.013426	-0.181288	-0.134289
24.209398	0.016779	0.013426	-0.171214	-0.137642
24.218773	0.020131	0.016779	-0.151068	-0.124216
24.228148	0.020131	0.020131	-0.120863	-0.097364
24.237522	0.020131	0.020131	-0.087291	-0.063792
24.246897	0.023484	0.023484	-0.057071	-0.033572
24.256273	0.026852	0.023484	-0.040293	-0.023499
24.265648	0.026852	0.023484	-0.036940	-0.030220
24.275023	0.026852	0.023484	-0.043646	-0.060439
24.284397	0.026852	0.020131	-0.053719	-0.097364
24.293772	0.026852	0.020131	-0.077218	-0.130922
24.303146	0.026852	0.020131	-0.093997	-0.154421
24.312523	0.026852	0.020131	-0.107422	-0.167862
24.321898	0.026852	0.023484	-0.117496	-0.174567
24.331272	0.026852	0.023484	-0.124216	-0.174567
24.340647	0.026852	0.026852	-0.124216	-0.171214
24.350021	0.026852	0.026852	-0.127569	-0.164494
24.359398	0.026852	0.030205	-0.134289	-0.147715
24.368773	0.026852	0.030205	-0.137642	-0.114143
24.378147	0.026852	0.033557	-0.137642	-0.067145
24.387522	0.026852	0.036925	-0.134289	-0.016794
24.396896	0.030205	0.040278	-0.127569	0.013426
24.406271	0.030205	0.043631	-0.127569	0.013426
24.415648	0.030205	0.043631	-0.137642	-0.016794
24.425022	0.030205	0.040278	-0.151068	-0.070497
24.434397	0.030205	0.040278	-0.161141	-0.124216
24.443771	0.033557	0.040278	-0.154421	-0.154421
24.453146	0.036925	0.043631	-0.127569	-0.154421
24.462523	0.040278	0.043631	-0.087291	-0.130922
24.471897	0.040278	0.046983	-0.053719	-0.110790
24.481272	0.043631	0.046983	-0.033572	-0.097364
24.490646	0.043631	0.050351	-0.026867	-0.090644
24.500021	0.043631	0.050351	-0.026867	-0.080571
24.509398	0.043631	0.053704	-0.026867	-0.067145
24.518772	0.043631	0.057057	-0.030220	-0.060439
24.528147	0.043631	0.057057	-0.053719	-0.067145
24.537521	0.043631	0.057057	-0.090644	-0.093997
24.546896	0.040278	0.057057	-0.130922	-0.134289
24.556271	0.040278	0.057057	-0.161141	-0.171214
24.565647	0.043631	0.060424	-0.167862	-0.191361
24.575022	0.043631	0.063777	-0.147715	-0.191361
24.584396	0.046983	0.067130	-0.107422	-0.177920
24.593771	0.050351	0.070482	-0.063792	-0.154421
24.603146	0.053704	0.073850	-0.030220	-0.134289
24.612522	0.053704	0.077203	-0.020146	-0.117496
24.621897	0.057057	0.080556	-0.020146	-0.110790
24.631271	0.057057	0.080556	-0.026867	-0.114143
24.640646	0.057057	0.083923	-0.036940	-0.124216
24.650021	0.060424	0.087276	-0.046998	-0.144362
24.659395	0.060424	0.090629	-0.053719	-0.171214
24.668772	0.060424	0.090629	-0.060439	-0.201419
24.678146	0.063777	0.093982	-0.060439	-0.224918
24.687521	0.063777	0.097349	-0.053719	-0.234991
24.696896	0.067130	0.100702	-0.050366	-0.228286
24.706270	0.067130	0.107422	-0.060439	-0.204787
24.715647	0.067130	0.110775	-0.080571	-0.174567
24.725021	0.067130	0.117481	-0.110790	-0.147715
24.734396	0.070482	0.120848	-0.134289	-0.127569
24.743771	0.070482	0.127554	-0.140995	-0.117496
24.753145	0.073850	0.130907	-0.117496	-0.110790
24.762522	0.073850	0.137627	-0.077218	-0.117496
24.771896	0.080556	0.140980	-0.030220	-0.127569
24.781271	0.083923	0.147700	0.000000	-0.144362
24.790646	0.083923	0.154406	0.003353	-0.157788
24.800020	0.087276	0.157773	-0.016794	-0.164494
24.809395	0.087276	0.164479	-0.057071	-0.161141
24.818771	0.087276	0.174552	-0.100717	-0.147715
24.828146	0.087276	0.184625	-0.127569	-0.137642
24.837521	0.090629	0.194699	-0.127569	-0.127569
24.846895	0.090629	0.204772	-0.117496	-0.120863
24.856270	0.093982	0.214845	-0.107422	-0.120863
24.865646	0.097349	0.224903	-0.104070	-0.127569
24.875021	0.097349	0.234976	-0.107422	-0.134289
24.884396	0.100702	0.245050	-0.110790	-0.151068
24.893770	0.104055	0.258476	-0.114143	-0.174567
24.903145	0.107422	0.271901	-0.110790	-0.194713
24.912521	0.110775	0.285327	-0.104070	-0.208139
24.921896	0.114128	0.302121	-0.093997	-0.214845
24.931271	0.117481	0.322267	-0.097364	-0.218213
24.940645	0.117481	0.342399	-0.117496	-0.224918
24.950020	0.120848	0.365898	-0.147715	-0.234991
24.959394	0.120848	0.392750	-0.174567	-0.245064
24.968771	0.124201	0.422969	-0.191361	-0.251785
24.978146	0.127554	0.456542	-0.194713	-0.241712
24.987520	0.130907	0.496820	-0.194713	-0.221565
24.996895	0.134274	0.540465	-0.201419	-0.204787
25.006269	0.137627	0.590816	-0.208139	-0.201419
25.015646	0.140980	0.647888	-0.208139	-0.211492
25.025021	0.147700	0.708312	-0.194713	-0.234991
25.034395	0.154406	0.775442	-0.157788	-0.265211
25.043770	0.161126	0.849307	-0.107422	-0.292063
25.053144	0.167847	0.923157	-0.057071	-0.318915
25.062519	0.174552	0.997007	-0.023499	-0.342414
25.071896	0.181273	1.067504	-0.013441	-0.372633
25.081270	0.187978	1.134649	-0.026867	-0.409558
25.090645	0.191346	1.191705	-0.063792	-0.449836
25.100019	0.194699	1.245424	-0.107422	-0.486761
25.109394	0.201404	1.292422	-0.151068	-0.510260
25.118771	0.204772	1.332700	-0.191361	-0.523686
25.128145	0.211477	1.366273	-0.221565	-0.523686
25.137520	0.218198	1.393124	-0.245064	-0.520334
25.146894	0.228271	1.409918	-0.248417	-0.520334
25.156269	0.238329	1.423344	-0.228286	-0.530407
25.165646	0.251770	1.426697	-0.171214	-0.543833
25.175020	0.265196	1.426697	-0.120863	-0.563979
25.184395	0.278622	1.416624	-0.090644	-0.580758
25.193769	0.292048	1.403198	-0.087291	-0.590831
25.203144	0.305474	1.383051	-0.110790	-0.587478
25.212519	0.318900	1.356199	-0.147715	-0.570685
25.221895	0.332326	1.325995	-0.191361	-0.543833
25.231270	0.349119	1.289070	-0.231639	-0.513628
25.240644	0.365898	1.248777	-0.265211	-0.486761
25.250019	0.386044	1.201779	-0.292063	-0.459909
25.259394	0.409544	1.154780	-0.298783	-0.422984
25.268770	0.436395	1.101077	-0.281990	-0.379339
25.278145	0.469968	1.040652	-0.238344	-0.335708
25.287519	0.506893	0.980228	-0.187993	-0.305489
25.296894	0.547171	0.913084	-0.147715	-0.298783
25.306269	0.594169	0.845939	-0.124216	-0.302136
25.315645	0.647888	0.778809	-0.130922	-0.302136
25.325020	0.704959	0.718385	-0.161141	-0.292063
25.334394	0.768736	0.657961	-0.204787	-0.271916
25.343769	0.839233	0.604242	-0.248417	-0.245064
25.353144	0.916436	0.557244	-0.281990	-0.221565
25.362518	0.993654	0.513613	-0.308841	-0.208139
25.371895	1.070857	0.473320	-0.328988	-0.204787
25.381269	1.148075	0.443116	-0.349134	-0.198066
25.390644	1.218572	0.412896	-0.365913	-0.187993
25.400019	1.282349	0.389397	-0.372633	-0.184640
25.409393	1.342773	0.365898	-0.369266	-0.187993
25.418770	1.393124	0.342399	-0.362560	-0.208139
25.428144	1.440123	0.322267	-0.359207	-0.231639
25.437519	1.477048	0.305474	-0.365913	-0.245064
25.446894	1.503915	0.288695	-0.382707	-0.231639
25.456268	1.527399	0.278622	-0.399485	-0.198066
25.465643	1.540840	0.268549	-0.409558	-0.154421
25.475019	1.550898	0.258476	-0.416264	-0.110790
25.484394	1.550898	0.248402	-0.422984	-0.087291
25.493769	1.544192	0.238329	-0.429690	-0.087291
25.503143	1.527399	0.228271	-0.443131	-0.093997
25.512518	1.507267	0.218198	-0.449836	-0.107422
25.521894	1.480415	0.208125	-0.449836	-0.120863
25.531269	1.446843	0.201404	-0.439763	-0.144362
25.540644	1.409918	0.191346	-0.422984	-0.171214
25.550018	1.366273	0.184625	-0.396132	-0.201419
25.559393	1.319274	0.174552	-0.362560	-0.221565
25.568769	1.265571	0.171199	-0.322267	-0.224918
25.578144	1.205131	0.164479	-0.295416	-0.208139
25.587519	1.141354	0.161126	-0.278637	-0.174567
25.596893	1.070857	0.157773	-0.281990	-0.127569
25.606268	1.000360	0.157773	-0.288710	-0.070497
25.615643	0.926509	0.154406	-0.292063	-0.020146
25.625019	0.856012	0.151053	-0.295416	0.016779
25.634394	0.788882	0.147700	-0.302136	0.040278
25.643768	0.721738	0.140980	-0.318915	0.040278
25.653143	0.661314	0.137627	-0.335708	0.020131
25.662518	0.607595	0.130907	-0.345767	-0.020146
25.671894	0.560597	0.124201	-0.332341	-0.073865
25.681269	0.516966	0.117481	-0.302136	-0.127569
25.690643	0.483394	0.110775	-0.261843	-0.177920
25.700018	0.453174	0.107422	-0.228286	-0.218213
25.709393	0.426322	0.104055	-0.211492	-0.231639
25.718767	0.399470	0.100702	-0.204787	-0.221565
25.728144	0.379324	0.100702	-0.201419	-0.184640
25.737518	0.359192	0.100702	-0.191361	-0.130922
25.746893	0.339046	0.100702	-0.174567	-0.077218
25.756268	0.322267	0.097349	-0.164494	-0.040293
25.765642	0.308827	0.093982	-0.171214	-0.020146
25.775019	0.292048	0.090629	-0.187993	-0.016794
25.784393	0.278622	0.090629	-0.208139	-0.030220
25.793768	0.268549	0.087276	-0.208139	-0.057071
25.803143	0.258476	0.080556	-0.187993	-0.104070
25.812517	0.248402	0.077203	-0.154421	-0.151068
25.821894	0.241697	0.073850	-0.127569	-0.201419
25.831268	0.231624	0.067130	-0.114143	-0.238344
25.840643	0.224903	0.063777	-0.110790	-0.248417
25.850018	0.218198	0.063777	-0.110790	-0.231639
25.859392	0.211477	0.063777	-0.107422	-0.194713
25.868767	0.204772	0.063777	-0.097364	-0.151068
25.878143	0.198051	0.063777	-0.087291	-0.107422
25.887518	0.191346	0.063777	-0.090644	-0.067145
25.896893	0.184625	0.063777	-0.110790	-0.030220
25.906267	0.177905	0.063777	-0.144362	-0.006720
25.915642	0.171199	0.060424	-0.181288	-0.010073
25.925018	0.164479	0.057057	-0.198066	-0.043646
25.934393	0.157773	0.053704	-0.187993	-0.107422
25.943768	0.157773	0.050351	-0.154421	-0.171214
25.953142	0.154406	0.046983	-0.110790	-0.218213
25.962517	0.151053	0.043631	-0.073865	-0.228286
25.971893	0.147700	0.043631	-0.057071	-0.208139
25.981268	0.144348	0.043631	-0.053719	-0.171214
25.990643	0.137627	0.043631	-0.053719	-0.134289
26.000017	0.134274	0.046983	-0.043646	-0.107422
26.009392	0.130907	0.043631	-0.026867	-0.090644
26.018766	0.127554	0.043631	-0.016794	-0.077218
26.028143	0.124201	0.043631	-0.016794	-0.063792
26.037518	0.120848	0.040278	-0.026867	-0.060439
26.046892	0.117481	0.040278	-0.036940	-0.073865
26.056267	0.117481	0.036925	-0.053719	-0.100717
26.065641	0.114128	0.033557	-0.067145	-0.130922
26.075018	0.110775	0.033557	-0.073865	-0.147715
26.084393	0.107422	0.030205	-0.070497	-0.144362
26.093767	0.104055	0.033557	-0.050366	-0.120863
26.103142	0.104055	0.033557	-0.020146	-0.077218
26.112516	0.100702	0.033557	0.006706	-0.026867
26.121891	0.100702	0.036925	0.023484	0.023484
26.131268	0.097349	0.036925	0.026852	0.040278
26.140642	0.093982	0.036925	0.020131	0.030205
26.150017	0.090629	0.033557	0.003353	0.000000
26.159391	0.087276	0.030205	-0.016794	-0.046998
26.168766	0.083923	0.026852	-0.043646	-0.100717
26.178143	0.080556	0.023484	-0.070497	-0.144362
26.187517	0.080556	0.023484	-0.083938	-0.161141
26.196892	0.077203	0.023484	-0.080571	-0.157788
26.206266	0.077203	0.023484	-0.067145	-0.151068
26.215641	0.077203	0.023484	-0.057071	-0.147715
26.225018	0.073850	0.020131	-0.063792	-0.144362
26.234392	0.073850	0.020131	-0.077218	-0.134289
26.243767	0.070482	0.020131	-0.090644	-0.107422
26.253141	0.067130	0.023484	-0.093997	-0.073865
26.262516	0.063777	0.023484	-0.087291	-0.043646
26.271891	0.063777	0.023484	-0.077218	-0.030220
26.281267	0.063777	0.020131	-0.063792	-0.036940
26.290642	0.063777	0.020131	-0.043646	-0.057071
26.300016	0.063777	0.016779	-0.026867	-0.077218
26.309391	0.063777	0.016779	-0.016794	-0.087291
26.318766	0.063777	0.016779	-0.023499	-0.100717
26.328142	0.060424	0.013426	-0.046998	-0.117496
26.337517	0.057057	0.013426	-0.073865	-0.144362
26.346891	0.053704	0.013426	-0.100717	-0.167862
26.356266	0.053704	0.013426	-0.110790	-0.177920
26.365641	0.050351	0.013426	-0.110790	-0.174567
26.375017	0.050351	0.013426	-0.100717	-0.154421
26.384392	0.050351	0.013426	-0.083938	-0.127569
26.393766	0.050351	0.013426	-0.063792	-0.097364
26.403141	0.050351	0.013426	-0.046998	-0.067145
26.412516	0.046983	0.013426	-0.036940	-0.040293
26.421890	0.046983	0.013426	-0.036940	-0.020146
26.431267	0.043631	0.013426	-0.050366	-0.013441
26.440641	0.043631	0.013426	-0.067145	-0.016794
26.450016	0.043631	0.013426	-0.083938	-0.030220
26.459391	0.040278	0.013426	-0.097364	-0.043646
26.468765	0.040278	0.010058	-0.104070	-0.050366
26.478142	0.040278	0.010058	-0.100717	-0.043646
26.487516	0.040278	0.010058	-0.093997	-0.030220
26.496891	0.040278	0.013426	-0.077218	-0.013441
26.506266	0.043631	0.013426	-0.060439	-0.010073
26.515640	0.043631	0.010058	-0.040293	-0.016794
26.525015	0.043631	0.010058	-0.030220	-0.030220
26.534391	0.040278	0.010058	-0.026867	-0.043646
26.543766	0.040278	0.006706	-0.033572	-0.057071
26.553141	0.036925	0.006706	-0.043646	-0.063792
26.562515	0.036925	0.006706	-0.053719	-0.060439
26.571890	0.036925	0.003353	-0.067145	-0.053719
26.581266	0.033557	0.003353	-0.083938	-0.046998
26.590641	0.033557	0.003353	-0.107422	-0.043646
26.600016	0.033557	0.003353	-0.130922	-0.050366
26.609390	0.030205	0.000000	-0.137642	-0.070497
26.618765	0.030205	0.000000	-0.134289	-0.093997
26.628141	0.030205	0.000000	-0.120863	-0.114143
26.637516	0.030205	0.000000	-0.114143	-0.130922
26.646891	0.030205	-0.003368	-0.107422	-0.137642
26.656265	0.030205	0.000000	-0.097364	-0.137642
26.665640	0.030205	0.000000	-0.083938	-0.120863
26.675014	0.030205	0.000000	-0.067145	-0.083938
26.684391	0.030205	0.000000	-0.057071	-0.040293
26.693766	0.030205	0.003353	-0.050366	-0.010073
26.703140	0.030205	0.003353	-0.050366	0.000000
26.712515	0.026852	0.000000	-0.053719	-0.006720
26.721889	0.026852	0.000000	-0.060439	-0.020146
26.731266	0.026852	0.000000	-0.073865	-0.026867
26.740641	0.026852	0.000000	-0.087291	-0.026867
26.750015	0.023484	0.000000	-0.097364	-0.026867
26.759390	0.023484	0.000000	-0.090644	-0.033572
26.768764	0.023484	0.000000	-0.067145	-0.050366
26.778139	0.026852	-0.003368	-0.026867	-0.070497
26.787516	0.026852	-0.003368	0.020131	-0.080571
26.796890	0.030205	-0.003368	0.057057	-0.080571
26.806265	0.030205	-0.003368	0.067130	-0.080571
26.815639	0.026852	-0.003368	0.040278	-0.087291
26.825014	0.023484	-0.003368	-0.010073	-0.097364
26.834391	0.020131	-0.006720	-0.067145	-0.120863
26.843765	0.016779	-0.010073	-0.120863	-0.147715
26.853140	0.016779	-0.010073	-0.154421	-0.167862
26.862514	0.013426	-0.010073	-0.174567	-0.171214
26.871889	0.013426	-0.010073	-0.174567	-0.154421
26.881266	0.013426	-0.010073	-0.164494	-0.117496
26.890640	0.013426	-0.006720	-0.147715	-0.073865
26.900015	0.016779	-0.006720	-0.117496	-0.040293
26.909389	0.016779	-0.006720	-0.090644	-0.020146
26.918764	0.020131	-0.006720	-0.067145	-0.013441
26.928139	0.020131	-0.006720	-0.053719	-0.013441
26.937515	0.020131	-0.006720	-0.053719	-0.013441
26.946890	0.016779	-0.006720	-0.063792	-0.013441
26.956264	0.016779	-0.006720	-0.077218	-0.016794
26.965639	0.016779	-0.006720	-0.073865	-0.030220
26.975014	0.016779	-0.006720	-0.057071	-0.046998
26.984390	0.020131	-0.010073	-0.033572	-0.067145
26.993765	0.020131	-0.010073	-0.023499	-0.083938
27.003139	0.016779	-0.013441	-0.026867	-0.083938
27.012514	0.016779	-0.010073	-0.043646	-0.067145
27.021889	0.016779	-0.010073	-0.063792	-0.043646
27.031265	0.013426	-0.010073	-0.083938	-0.030220
27.040640	0.013426	-0.010073	-0.097364	-0.030220
27.050014	0.010058	-0.013441	-0.107422	-0.036940
27.059389	0.010058	-0.013441	-0.110790	-0.046998
27.068764	0.010058	-0.013441	-0.110790	-0.050366
27.078138	0.010058	-0.013441	-0.100717	-0.043646
27.087515	0.010058	-0.010073	-0.083938	-0.030220
27.096889	0.010058	-0.010073	-0.057071	-0.013441
27.106264	0.013426	-0.010073	-0.026867	0.003353
27.115639	0.013426	-0.010073	-0.003368	0.013426
27.125013	0.013426	-0.010073	0.006706	0.026852
27.134390	0.013426	-0.006720	0.000000	0.040278
27.143764	0.013426	-0.006720	-0.013441	0.050351
27.153139	0.010058	-0.006720	-0.020146	0.057057
27.162514	0.010058	-0.006720	-0.016794	0.053704
27.171888	0.010058	-0.006720	0.006706	0.040278
27.181263	0.013426	-0.010073	0.040278	0.013426
27.190639	0.013426	-0.013441	0.060424	-0.020146
27.200014	0.013426	-0.013441	0.060424	-0.046998
27.209389	0.013426	-0.016794	0.036925	-0.063792
27.218763	0.010058	-0.016794	0.000000	-0.070497
27.228138	0.010058	-0.016794	-0.046998	-0.077218
27.237514	0.006706	-0.016794	-0.090644	-0.087291
27.246889	0.006706	-0.020146	-0.120863	-0.090644
27.256264	0.003353	-0.016794	-0.127569	-0.083938
27.265638	0.006706	-0.016794	-0.110790	-0.057071
27.275013	0.006706	-0.013441	-0.080571	-0.013441
27.284389	0.006706	-0.010073	-0.043646	0.036925
27.293764	0.006706	-0.006720	-0.010073	0.083923
27.303139	0.010058	-0.006720	0.020131	0.107422
27.312513	0.010058	-0.006720	0.036925	0.114128
27.321888	0.010058	-0.006720	0.036925	0.100702
27.331263	0.006706	-0.006720	0.020131	0.077203
27.340639	0.006706	-0.010073	-0.010073	0.043631
27.350014	0.003353	-0.013441	-0.053719	0.003353
27.359388	0.000000	-0.013441	-0.090644	-0.030220
27.368763	0.000000	-0.016794	-0.117496	-0.057071
27.378138	0.000000	-0.016794	-0.117496	-0.070497
27.387514	0.000000	-0.016794	-0.100717	-0.067145
27.396889	0.000000	-0.016794	-0.077218	-0.053719
27.406263	0.000000	-0.013441	-0.060439	-0.023499
27.415638	0.000000	-0.013441	-0.046998	0.006706
27.425013	0.000000	-0.010073	-0.036940	0.030205
27.434389	0.000000	-0.013441	-0.026867	0.036925
27.443764	0.000000	-0.013441	-0.020146	0.020131
27.453138	0.000000	-0.013441	-0.030220	-0.010073
27.462513	0.000000	-0.016794	-0.057071	-0.040293
27.471888	-0.003368	-0.016794	-0.093997	-0.060439
27.481262	-0.006720	-0.016794	-0.137642	-0.070497
27.490639	-0.010073	-0.020146	-0.171214	-0.073865
27.500013	-0.010073	-0.020146	-0.187993	-0.063792
27.509388	-0.010073	-0.020146	-0.181288	-0.043646
27.518763	-0.006720	-0.020146	-0.157788	-0.010073
27.528137	-0.006720	-0.016794	-0.117496	0.030205
27.537514	-0.003368	-0.016794	-0.070497	0.063777
27.546888	0.000000	-0.013441	-0.026867	0.083923
27.556263	0.000000	-0.013441	0.003353	0.077203
27.565638	0.000000	-0.016794	0.020131	0.053704
27.575012	0.000000	-0.016794	0.023484	0.016779
27.584387	0.000000	-0.020146	0.010058	-0.016794
27.593763	0.000000	-0.020146	-0.013441	-0.036940
27.603138	-0.003368	-0.020146	-0.053719	-0.046998
27.612513	-0.003368	-0.020146	-0.100717	-0.057071
27.621887	-0.006720	-0.020146	-0.140995	-0.060439
27.631262	-0.006720	-0.020146	-0.161141	-0.060439
27.640638	-0.006720	-0.020146	-0.154421	-0.053719
27.650013	-0.006720	-0.020146	-0.114143	-0.043646
27.659388	-0.003368	-0.020146	-0.053719	-0.033572
27.668762	0.000000	-0.020146	0.013426	-0.020146
27.678137	0.000000	-0.020146	0.063777	-0.013441
27.687513	0.003353	-0.020146	0.090629	-0.006720
27.696888	0.000000	-0.020146	0.087276	-0.006720
27.706263	0.000000	-0.020146	0.063777	-0.010073
27.715637	-0.003368	-0.023499	0.020131	-0.020146
27.725012	-0.006720	-0.023499	-0.040293	-0.036940
27.734386	-0.010073	-0.023499	-0.110790	-0.053719
27.743763	-0.013441	-0.023499	-0.171214	-0.060439
27.753138	-0.013441	-0.023499	-0.198066	-0.057071
27.762512	-0.013441	-0.023499	-0.177920	-0.050366
27.771887	-0.010073	-0.020146	-0.124216	-0.046998
27.781261	-0.006720	-0.023499	-0.057071	-0.053719
27.790638	-0.006720	-0.023499	0.003353	-0.063792
27.800013	-0.003368	-0.023499	0.036925	-0.067145
27.809387	-0.003368	-0.023499	0.040278	-0.053719
27.818762	-0.006720	-0.023499	0.020131	-0.020146
27.828136	-0.006720	-0.020146	-0.016794	0.023484
27.837511	-0.010073	-0.020146	-0.060439	0.057057
27.846888	-0.013441	-0.016794	-0.110790	0.067130
27.856262	-0.016794	-0.016794	-0.134289	0.053704
27.865637	-0.016794	-0.020146	-0.134289	0.026852
27.875011	-0.016794	-0.020146	-0.110790	-0.010073
27.884386	-0.013441	-0.023499	-0.060439	-0.046998
27.893763	-0.010073	-0.023499	0.003353	-0.070497
27.903137	-0.006720	-0.023499	0.067130	-0.083938
27.912512	-0.003368	-0.023499	0.107422	-0.073865
27.921886	-0.003368	-0.023499	0.114128	-0.050366
27.931261	-0.003368	-0.023499	0.087276	-0.016794
27.940638	-0.006720	-0.020146	0.036925	0.013426
27.950012	-0.010073	-0.020146	-0.013441	0.026852
27.959387	-0.013441	-0.020146	-0.050366	0.030205
27.968761	-0.013441	-0.023499	-0.063792	0.016779
27.978136	-0.013441	-0.023499	-0.067145	-0.010073
27.987511	-0.013441	-0.023499	-0.073865	-0.050366
27.996887	-0.016794	-0.026867	-0.093997	-0.097364
28.006262	-0.016794	-0.026867	-0.120863	-0.140995
28.015636	-0.016794	-0.026867	-0.144362	-0.174567
28.025011	-0.016794	-0.026867	-0.154421	-0.181288
28.034386	-0.016794	-0.026867	-0.144362	-0.157788
28.043762	-0.016794	-0.023499	-0.120863	-0.104070
28.053137	-0.016794	-0.023499	-0.100717	-0.040293
28.062511	-0.016794	-0.020146	-0.090644	0.016779
28.071886	-0.016794	-0.020146	-0.083938	0.050351
28.081261	-0.016794	-0.020146	-0.077218	0.063777
28.090637	-0.016794	-0.020146	-0.063792	0.063777
28.100012	-0.013441	-0.020146	-0.040293	0.053704
28.109386	-0.013441	-0.020146	-0.020146	0.040278
28.118761	-0.013441	-0.020146	-0.016794	0.013426
28.128136	-0.016794	-0.020146	-0.036940	-0.013441
28.137510	-0.016794	-0.023499	-0.073865	-0.050366
28.146887	-0.020146	-0.023499	-0.110790	-0.093997
28.156261	-0.020146	-0.026867	-0.130922	-0.134289
28.165636	-0.020146	-0.026867	-0.130922	-0.154421
28.175011	-0.016794	-0.026867	-0.110790	-0.154421
28.184385	-0.016794	-0.026867	-0.083938	-0.137642
28.193762	-0.016794	-0.023499	-0.057071	-0.110790
28.203136	-0.016794	-0.023499	-0.036940	-0.080571
28.212511	-0.016794	-0.023499	-0.026867	-0.043646
28.221886	-0.016794	-0.020146	-0.033572	-0.006720
28.231260	-0.016794	-0.020146	-0.053719	0.030205
28.240635	-0.020146	-0.020146	-0.087291	0.053704
28.250011	-0.020146	-0.020146	-0.127569	0.053704
28.259386	-0.023499	-0.020146	-0.164494	0.030205
28.268761	-0.026867	-0.023499	-0.181288	-0.013441
28.278135	-0.026867	-0.026867	-0.177920	-0.063792
28.287510	-0.023499	-0.030220	-0.151068	-0.107422
28.296886	-0.020146	-0.030220	-0.107422	-0.140995
28.306261	-0.020146	-0.033572	-0.060439	-0.154421
28.315636	-0.016794	-0.030220	-0.030220	-0.151068
28.325010	-0.016794	-0.030220	-0.020146	-0.137642
28.334385	-0.016794	-0.030220	-0.033572	-0.117496
28.343761	-0.020146	-0.026867	-0.067145	-0.100717
28.353136	-0.020146	-0.026867	-0.107422	-0.087291
28.362511	-0.023499	-0.026867	-0.140995	-0.073865
28.371885	-0.023499	-0.026867	-0.161141	-0.057071
28.381260	-0.023499	-0.026867	-0.161141	-0.036940
28.390635	-0.023499	-0.026867	-0.137642	-0.016794
28.400011	-0.020146	-0.026867	-0.097364	-0.006720
28.409386	-0.020146	-0.026867	-0.057071	-0.003368
28.418760	-0.016794	-0.026867	-0.026867	-0.013441
28.428135	-0.016794	-0.026867	-0.016794	-0.033572
28.437510	-0.016794	-0.026867	-0.033572	-0.057071
28.446886	-0.020146	-0.030220	-0.067145	-0.083938
28.456261	-0.020146	-0.030220	-0.107422	-0.107422
28.465635	-0.023499	-0.030220	-0.134289	-0.127569
28.475010	-0.023499	-0.030220	-0.137642	-0.137642
28.484385	-0.020146	-0.030220	-0.124216	-0.130922
28.493759	-0.020146	-0.030220	-0.104070	-0.110790
28.503136	-0.020146	-0.030220	-0.080571	-0.080571
28.512510	-0.020146	-0.030220	-0.057071	-0.053719
28.521885	-0.016794	-0.026867	-0.036940	-0.030220
28.531260	-0.016794	-0.026867	-0.023499	-0.016794
28.540634	-0.016794	-0.026867	-0.016794	-0.010073
28.550011	-0.016794	-0.026867	-0.020146	-0.006720
28.559385	-0.016794	-0.026867	-0.036940	-0.003368
28.568760	-0.016794	-0.026867	-0.063792	-0.010073
28.578135	-0.020146	-0.026867	-0.097364	-0.023499
28.587509	-0.020146	-0.026867	-0.120863	-0.043646
28.596886	-0.023499	-0.030220	-0.127569	-0.070497
28.606260	-0.023499	-0.030220	-0.114143	-0.090644
28.615635	-0.020146	-0.033572	-0.080571	-0.100717
28.625010	-0.020146	-0.033572	-0.050366	-0.090644
28.634384	-0.020146	-0.030220	-0.043646	-0.070497
28.643759	-0.020146	-0.030220	-0.060439	-0.050366
28.653135	-0.023499	-0.030220	-0.090644	-0.040293
28.662510	-0.023499	-0.030220	-0.114143	-0.043646
28.671885	-0.023499	-0.030220	-0.117496	-0.060439
28.681259	-0.023499	-0.033572	-0.100717	-0.083938
28.690634	-0.020146	-0.033572	-0.077218	-0.104070
28.700010	-0.020146	-0.036940	-0.060439	-0.124216
28.709385	-0.020146	-0.036940	-0.053719	-0.134289
28.718760	-0.020146	-0.036940	-0.046998	-0.137642
28.728134	-0.020146	-0.036940	-0.040293	-0.134289
28.737509	-0.016794	-0.036940	-0.033572	-0.127569
28.746885	-0.016794	-0.033572	-0.030220	-0.120863
28.756260	-0.016794	-0.033572	-0.030220	-0.117496
28.765635	-0.016794	-0.033572	-0.040293	-0.120863
28.775009	-0.016794	-0.033572	-0.053719	-0.124216
28.784384	-0.020146	-0.033572	-0.067145	-0.124216
28.793758	-0.020146	-0.033572	-0.077218	-0.117496
28.803135	-0.020146	-0.033572	-0.073865	-0.104070
28.812510	-0.020146	-0.033572	-0.057071	-0.087291
28.821884	-0.020146	-0.033572	-0.040293	-0.073865
28.831259	-0.020146	-0.030220	-0.030220	-0.060439
28.840633	-0.020146	-0.030220	-0.033572	-0.050366
28.850010	-0.020146	-0.030220	-0.050366	-0.043646
28.859385	-0.020146	-0.030220	-0.077218	-0.043646
28.868759	-0.020146	-0.030220	-0.097364	-0.046998
28.878134	-0.023499	-0.030220	-0.107422	-0.053719
28.887508	-0.023499	-0.030220	-0.107422	-0.067145
28.896883	-0.023499	-0.033572	-0.100717	-0.087291
28.906260	-0.020146	-0.033572	-0.083938	-0.110790
28.915634	-0.020146	-0.033572	-0.063792	-0.134289
28.925009	-0.020146	-0.036940	-0.043646	-0.147715
28.934383	-0.020146	-0.036940	-0.030220	-0.151068
28.943758	-0.020146	-0.036940	-0.023499	-0.144362
28.953135	-0.020146	-0.033572	-0.026867	-0.127569
28.962509	-0.020146	-0.033572	-0.043646	-0.110790
28.971884	-0.020146	-0.033572	-0.063792	-0.087291
28.981258	-0.023499	-0.033572	-0.083938	-0.070497
28.990633	-0.023499	-0.033572	-0.090644	-0.057071
29.000010	-0.023499	-0.033572	-0.083938	-0.046998
29.009384	-0.023499	-0.030220	-0.070497	-0.030220
29.018759	-0.023499	-0.030220	-0.053719	-0.003368
29.028133	-0.023499	-0.030220	-0.043646	0.030205
29.037508	-0.023499	-0.026867	-0.043646	0.053704
29.046883	-0.023499	-0.030220	-0.060439	0.050351
29.056259	-0.023499	-0.030220	-0.093997	0.020131
29.065634	-0.026867	-0.033572	-0.130922	-0.026867
29.075008	-0.026867	-0.036940	-0.164494	-0.077218
29.084383	-0.030220	-0.036940	-0.184640	-0.104070
29.093758	-0.030220	-0.036940	-0.181288	-0.110790
29.103134	-0.030220	-0.036940	-0.164494	-0.104070
29.112509	-0.026867	-0.036940	-0.137642	-0.087291
29.121883	-0.026867	-0.033572	-0.110790	-0.070497
29.131258	-0.026867	-0.033572	-0.083938	-0.060439
29.140633	-0.023499	-0.033572	-0.057071	-0.050366
29.150009	-0.023499	-0.033572	-0.036940	-0.043646
29.159384	-0.023499	-0.033572	-0.030220	-0.040293
29.168758	-0.023499	-0.036940	-0.040293	-0.050366
29.178133	-0.026867	-0.036940	-0.060439	-0.073865
29.187508	-0.026867	-0.040293	-0.083938	-0.097364
29.196882	-0.026867	-0.040293	-0.100717	-0.114143
29.206259	-0.026867	-0.043646	-0.114143	-0.117496
29.215633	-0.026867	-0.040293	-0.120863	-0.114143
29.225008	-0.026867	-0.040293	-0.120863	-0.100717
29.234383	-0.026867	-0.040293	-0.117496	-0.087291
29.243757	-0.026867	-0.036940	-0.107422	-0.070497
29.253134	-0.023499	-0.036940	-0.090644	-0.050366
29.262508	-0.023499	-0.036940	-0.070497	-0.026867
29.271883	-0.020146	-0.033572	-0.046998	-0.006720
29.281258	-0.020146	-0.033572	-0.026867	0.010058
29.290632	-0.020146	-0.033572	-0.016794	0.010058
29.300007	-0.020146	-0.036940	-0.016794	0.003353
29.309383	-0.020146	-0.036940	-0.023499	-0.013441
29.318758	-0.020146	-0.040293	-0.030220	-0.030220
29.328133	-0.020146	-0.040293	-0.036940	-0.050366
29.337507	-0.020146	-0.040293	-0.033572	-0.063792
29.346882	-0.020146	-0.040293	-0.026867	-0.070497
29.356258	-0.020146	-0.040293	-0.020146	-0.067145
29.365633	-0.023499	-0.040293	-0.023499	-0.050366
29.375008	-0.023499	-0.040293	-0.030220	-0.030220
29.384382	-0.023499	-0.036940	-0.030220	-0.003368
29.393757	-0.023499	-0.036940	-0.026867	0.023484
29.403133	-0.023499	-0.036940	-0.026867	0.033557
29.412508	-0.023499	-0.036940	-0.036940	0.023484
29.421883	-0.023499	-0.036940	-0.046998	-0.003368
29.431257	-0.026867	-0.040293	-0.060439	-0.040293
29.440632	-0.026867	-0.043646	-0.067145	-0.073865
29.450006	-0.026867	-0.043646	-0.070497	-0.100717
29.459383	-0.026867	-0.043646	-0.073865	-0.114143
29.468758	-0.026867	-0.043646	-0.080571	-0.110790
29.478132	-0.026867	-0.043646	-0.097364	-0.090644
29.487507	-0.026867	-0.043646	-0.110790	-0.060439
29.496881	-0.030220	-0.040293	-0.114143	-0.036940
29.506258	-0.030220	-0.040293	-0.104070	-0.020146
29.515633	-0.026867	-0.040293	-0.073865	-0.006720
29.525007	-0.026867	-0.040293	-0.036940	0.006706
29.534382	-0.023499	-0.040293	-0.006720	0.010058
29.543756	-0.023499	-0.040293	0.006706	0.000000
29.553131	-0.023499	-0.040293	0.010058	-0.020146
29.562508	-0.023499	-0.043646	0.006706	-0.046998
29.571882	-0.023499	-0.043646	0.003353	-0.070497
29.581257	-0.023499	-0.043646	-0.003368	-0.080571
29.590631	-0.026867	-0.043646	-0.010073	-0.067145
29.600006	-0.026867	-0.043646	-0.030220	-0.040293
29.609383	-0.026867	-0.040293	-0.053719	-0.013441
29.618757	-0.026867	-0.040293	-0.077218	0.006706
29.628132	-0.030220	-0.040293	-0.090644	0.016779
29.637506	-0.030220	-0.040293	-0.090644	0.023484
29.646881	-0.030220	-0.040293	-0.077218	0.026852
29.656258	-0.026867	-0.040293	-0.046998	0.026852
29.665632	-0.026867	-0.040293	-0.013441	0.016779
29.675007	-0.023499	-0.043646	0.010058	-0.003368
29.684381	-0.023499	-0.043646	0.013426	-0.033572
29.693756	-0.023499	-0.046998	-0.003368	-0.063792
29.703131	-0.026867	-0.046998	-0.030220	-0.083938
29.712507	-0.026867	-0.046998	-0.057071	-0.087291
29.721882	-0.026867	-0.046998	-0.073865	-0.073865
29.731256	-0.026867	-0.043646	-0.067145	-0.053719
29.740631	-0.026867	-0.043646	-0.050366	-0.043646
29.750006	-0.026867	-0.043646	-0.023499	-0.043646
29.759382	-0.023499	-0.043646	-0.013441	-0.043646
29.768757	-0.023499	-0.043646	-0.020146	-0.043646
29.778131	-0.026867	-0.043646	-0.033572	-0.036940
29.787506	-0.026867	-0.043646	-0.050366	-0.030220
29.796881	-0.026867	-0.043646	-0.070497	-0.030220
29.806257	-0.026867	-0.043646	-0.090644	-0.043646
29.815632	-0.030220	-0.046998	-0.110790	-0.067145
29.825006	-0.030220	-0.046998	-0.127569	-0.093997
29.834381	-0.030220	-0.046998	-0.124216	-0.114143
29.843756	-0.030220	-0.046998	-0.097364	-0.120863
29.853130	-0.026867	-0.046998	-0.046998	-0.110790
29.862507	-0.023499	-0.046998	0.013426	-0.083938
29.871881	-0.023499	-0.043646	0.070482	-0.046998
29.881256	-0.020146	-0.043646	0.097349	-0.013441
29.890631	-0.020146	-0.043646	0.087276	0.000000
29.900005	-0.023499	-0.043646	0.040278	-0.003368
29.909382	-0.026867	-0.043646	-0.016794	-0.026867
29.918756	-0.026867	-0.043646	-0.060439	-0.050366
29.928131	-0.026867	-0.046998	-0.077218	-0.070497
29.937506	-0.026867	-0.046998	-0.070497	-0.083938
29.946880	-0.026867	-0.046998	-0.050366	-0.097364
29.956255	-0.023499	-0.046998	-0.023499	-0.120863
29.965631	-0.023499	-0.050366	0.003353	-0.147715
29.975006	-0.023499	-0.050366	0.036925	-0.167862
29.984381	-0.020146	-0.050366	0.067130	-0.171214
29.993755	-0.020146	-0.046998	0.090629	-0.144362
30.003130	-0.020146	-0.043646	0.097349	-0.100717
30.012506	-0.020146	-0.043646	0.077203	-0.053719
30.021881	-0.023499	-0.043646	0.033557	-0.013441
30.031256	-0.026867	-0.040293	-0.023499	0.013426
30.040630	-0.030220	-0.040293	-0.073865	0.030205
30.050005	-0.030220	-0.040293	-0.097364	0.046983
30.059381	-0.030220	-0.040293	-0.090644	0.053704
30.068756	-0.026867	-0.043646	-0.060439	0.033557
30.078131	-0.026867	-0.043646	-0.023499	-0.013441
30.087505	-0.026867	-0.050366	0.010058	-0.073865
30.096880	-0.023499	-0.053719	0.026852	-0.130922
30.106255	-0.023499	-0.053719	0.033557	-0.157788
30.115631	-0.023499	-0.053719	0.026852	-0.154421
30.125006	-0.026867	-0.050366	0.013426	-0.124216
30.134380	-0.026867	-0.046998	0.003353	-0.080571
30.143755	-0.026867	-0.046998	-0.003368	-0.033572
30.153130	-0.026867	-0.043646	-0.010073	0.000000
30.162506	-0.026867	-0.043646	-0.020146	0.023484
30.171881	-0.030220	-0.043646	-0.040293	0.030205
30.181255	-0.030220	-0.043646	-0.063792	0.020131
30.190630	-0.030220	-0.043646	-0.087291	-0.003368
30.200005	-0.030220	-0.046998	-0.100717	-0.040293
30.209381	-0.030220	-0.046998	-0.107422	-0.083938
30.218756	-0.030220	-0.050366	-0.114143	-0.120863
30.228130	-0.030220	-0.050366	-0.114143	-0.144362
30.237505	-0.030220	-0.050366	-0.104070	-0.147715
30.246880	-0.030220	-0.050366	-0.087291	-0.134289
30.256254	-0.030220	-0.046998	-0.063792	-0.114143
30.265631	-0.026867	-0.046998	-0.040293	-0.090644
30.275005	-0.026867	-0.043646	-0.020146	-0.070497
30.284380	-0.026867	-0.043646	0.003353	-0.067145
30.293755	-0.026867	-0.043646	0.016779	-0.073865
30.303129	-0.026867	-0.043646	0.023484	-0.080571
30.312506	-0.026867	-0.043646	0.013426	-0.073865
30.321880	-0.026867	-0.040293	-0.003368	-0.043646
30.331255	-0.030220	-0.040293	-0.030220	-0.006720
30.340630	-0.030220	-0.036940	-0.053719	0.023484
30.350004	-0.030220	-0.036940	-0.070497	0.030205
30.359379	-0.030220	-0.040293	-0.063792	0.010058
30.368755	-0.030220	-0.043646	-0.046998	-0.036940
30.378130	-0.030220	-0.043646	-0.030220	-0.087291
30.387505	-0.026867	-0.046998	-0.023499	-0.127569
30.396879	-0.026867	-0.046998	-0.026867	-0.157788
30.406254	-0.030220	-0.050366	-0.033572	-0.181288
30.415630	-0.030220	-0.050366	-0.040293	-0.211492
30.425005	-0.030220	-0.050366	-0.033572	-0.238344
30.434380	-0.030220	-0.050366	-0.023499	-0.238344
30.443754	-0.030220	-0.050366	-0.010073	-0.204787
30.453129	-0.030220	-0.046998	-0.006720	-0.127569
30.462505	-0.030220	-0.040293	-0.016794	-0.036940
30.471880	-0.030220	-0.036940	-0.033572	0.053704
30.481255	-0.030220	-0.036940	-0.040293	0.073850
30.490629	-0.030220	-0.036940	-0.030220	0.046983
30.500004	-0.030220	-0.040293	-0.006720	-0.003368
30.509378	-0.026867	-0.043646	0.026852	-0.057071
30.518755	-0.026867	-0.043646	0.060424	-0.100717
30.528130	-0.023499	-0.043646	0.080556	-0.137642
30.537504	-0.026867	-0.046998	0.073850	-0.164494
30.546879	-0.026867	-0.046998	0.040278	-0.171214
30.556253	-0.030220	-0.046998	0.010058	-0.161141
30.565630	-0.030220	-0.046998	-0.010073	-0.134289
30.575005	-0.030220	-0.043646	-0.020146	-0.104070
30.584379	-0.030220	-0.043646	-0.016794	-0.090644
30.593754	-0.030220	-0.043646	-0.006720	-0.090644
30.603128	-0.030220	-0.043646	0.000000	-0.110790
30.612503	-0.030220	-0.046998	0.003353	-0.137642
30.621880	-0.033572	-0.046998	0.000000	-0.164494
30.631254	-0.033572	-0.046998	-0.013441	-0.181288
30.640629	-0.033572	-0.050366	-0.030220	-0.187993
30.650003	-0.036940	-0.050366	-0.043646	-0.177920
30.659378	-0.033572	-0.046998	-0.046998	-0.144362
30.668755	-0.033572	-0.043646	-0.040293	-0.087291
30.678129	-0.030220	-0.040293	-0.023499	-0.010073
30.687504	-0.030220	-0.036940	-0.003368	0.057057
30.696878	-0.030220	-0.033572	0.016779	0.090629
30.706253	-0.030220	-0.036940	0.026852	0.080556
30.715630	-0.030220	-0.036940	0.030205	0.033557
30.725004	-0.030220	-0.043646	0.023484	-0.033572
30.734379	-0.033572	-0.046998	0.013426	-0.100717
30.743753	-0.033572	-0.050366	0.003353	-0.157788
30.753128	-0.033572	-0.050366	-0.006720	-0.184640
30.762503	-0.033572	-0.050366	-0.020146	-0.174567
30.771879	-0.033572	-0.046998	-0.033572	-0.130922
30.781254	-0.033572	-0.040293	-0.040293	-0.050366
30.790628	-0.033572	-0.036940	-0.040293	0.010058
30.800003	-0.033572	-0.036940	-0.023499	0.057057
30.809378	-0.033572	-0.033572	0.000000	0.080556
30.818754	-0.033572	-0.033572	0.030205	0.087276
30.828129	-0.030220	-0.036940	0.057057	0.070482
30.837503	-0.030220	-0.036940	0.067130	0.036925
30.846878	-0.030220	-0.040293	0.046983	-0.010073
30.856253	-0.033572	-0.043646	0.003353	-0.067145
30.865629	-0.033572	-0.043646	-0.046998	-0.137642
30.875004	-0.036940	-0.046998	-0.093997	-0.194713
30.884378	-0.036940	-0.050366	-0.127569	-0.224918
30.893753	-0.036940	-0.046998	-0.140995	-0.211492
30.903128	-0.040293	-0.046998	-0.137642	-0.154421
30.912502	-0.036940	-0.043646	-0.124216	-0.083938
30.921879	-0.036940	-0.036940	-0.100717	-0.020146
30.931253	-0.036940	-0.036940	-0.083938	0.016779
30.940628	-0.036940	-0.036940	-0.067145	0.030205
30.950003	-0.036940	-0.036940	-0.050366	0.026852
30.959377	-0.033572	-0.036940	-0.033572	0.020131
30.968754	-0.033572	-0.040293	-0.020146	0.006706
30.978128	-0.033572	-0.040293	-0.016794	-0.016794
30.987503	-0.033572	-0.043646	-0.020146	-0.057071
30.996878	-0.033572	-0.046998	-0.023499	-0.104070
31.006252	-0.033572	-0.046998	-0.023499	-0.144362
31.015627	-0.033572	-0.046998	-0.013441	-0.154421
31.025003	-0.030220	-0.046998	0.000000	-0.137642
31.034378	-0.030220	-0.046998	0.013426	-0.104070
31.043753	-0.030220	-0.043646	0.016779	-0.060439
31.053127	-0.030220	-0.040293	0.006706	-0.016794
31.062502	-0.033572	-0.040293	-0.016794	0.016779
31.071878	-0.033572	-0.040293	-0.046998	0.036925
31.081253	-0.036940	-0.040293	-0.080571	0.040278
31.090628	-0.036940	-0.040293	-0.104070	0.030205
31.100002	-0.036940	-0.040293	-0.110790	0.006706
31.109377	-0.036940	-0.040293	-0.093997	-0.023499
31.118753	-0.036940	-0.043646	-0.063792	-0.050366
31.128128	-0.033572	-0.043646	-0.036940	-0.073865
31.137503	-0.033572	-0.046998	-0.023499	-0.090644
31.146877	-0.036940	-0.046998	-0.033572	-0.097364
31.156252	-0.036940	-0.046998	-0.050366	-0.097364
31.165627	-0.040293	-0.043646	-0.067145	-0.080571
31.175003	-0.040293	-0.043646	-0.067145	-0.043646
31.184378	-0.040293	-0.040293	-0.050366	-0.010073
31.193752	-0.036940	-0.040293	-0.010073	0.006706
31.203127	-0.033572	-0.040293	0.026852	-0.003368
31.212502	-0.033572	-0.043646	0.050351	-0.036940
31.221878	-0.033572	-0.043646	0.036925	-0.083938
31.231253	-0.036940	-0.046998	-0.010073	-0.127569
31.240627	-0.036940	-0.050366	-0.063792	-0.164494
31.250002	-0.040293	-0.050366	-0.104070	-0.191361
31.259377	-0.040293	-0.050366	-0.117496	-0.201419
31.268753	-0.040293	-0.050366	-0.114143	-0.194713
31.278128	-0.040293	-0.050366	-0.107422	-0.161141
31.287502	-0.040293	-0.046998	-0.107422	-0.104070
31.296877	-0.043646	-0.043646	-0.107422	-0.033572
31.306252	-0.040293	-0.040293	-0.093997	0.036925
31.315626	-0.040293	-0.036940	-0.063792	0.093982
31.325003	-0.036940	-0.036940	-0.016794	0.117481
31.334377	-0.033572	-0.036940	0.026852	0.104055
31.343752	-0.033572	-0.040293	0.043631	0.060424
31.353127	-0.033572	-0.043646	0.026852	0.003353
31.362501	-0.036940	-0.046998	-0.023499	-0.050366
31.371878	-0.040293	-0.046998	-0.080571	-0.083938
31.381252	-0.043646	-0.050366	-0.120863	-0.097364
31.390627	-0.043646	-0.050366	-0.130922	-0.097364
31.400002	-0.043646	-0.046998	-0.110790	-0.087291
31.409376	-0.043646	-0.046998	-0.077218	-0.067145
31.418751	-0.040293	-0.046998	-0.043646	-0.050366
31.428127	-0.040293	-0.046998	-0.016794	-0.040293
31.437502	-0.036940	-0.043646	0.000000	-0.020146
31.446877	-0.036940	-0.043646	0.006706	0.006706
31.456251	-0.040293	-0.040293	-0.003368	0.046983
31.465626	-0.040293	-0.036940	-0.026867	0.083923
31.475002	-0.040293	-0.036940	-0.050366	0.097349
31.484377	-0.040293	-0.036940	-0.067145	0.077203
31.493752	-0.040293	-0.040293	-0.073865	0.026852
31.503126	-0.040293	-0.043646	-0.067145	-0.033572
31.512501	-0.040293	-0.046998	-0.060439	-0.093997
31.521877	-0.040293	-0.046998	-0.046998	-0.130922
31.531252	-0.040293	-0.046998	-0.036940	-0.137642
31.540627	-0.036940	-0.046998	-0.023499	-0.127569
31.550001	-0.036940	-0.046998	-0.013441	-0.110790
31.559376	-0.036940	-0.046998	-0.013441	-0.100717
31.568750	-0.036940	-0.046998	-0.033572	-0.090644
31.578127	-0.036940	-0.046998	-0.063792	-0.073865
31.587502	-0.040293	-0.043646	-0.093997	-0.040293
31.596876	-0.040293	-0.040293	-0.104070	-0.003368
31.606251	-0.040293	-0.040293	-0.087291	0.023484
31.615625	-0.036940	-0.040293	-0.040293	0.026852
31.625002	-0.033572	-0.040293	0.010058	0.000000
31.634377	-0.033572	-0.043646	0.046983	-0.046998
31.643751	-0.033572	-0.046998	0.046983	-0.100717
31.653126	-0.033572	-0.050366	0.020131	-0.137642
31.662500	-0.036940	-0.050366	-0.016794	-0.147715
31.671875	-0.040293	-0.046998	-0.046998	-0.124216
31.681252	-0.040293	-0.046998	-0.060439	-0.083938
31.690626	-0.040293	-0.043646	-0.060439	-0.036940
31.700001	-0.040293	-0.043646	-0.057071	0.000000
31.709375	-0.040293	-0.040293	-0.060439	0.033557
31.718750	-0.040293	-0.040293	-0.073865	0.060424
31.728127	-0.040293	-0.036940	-0.090644	0.073850
31.737501	-0.043646	-0.036940	-0.097364	0.073850
31.746876	-0.040293	-0.040293	-0.083938	0.050351
31.756250	-0.040293	-0.040293	-0.060439	0.013426
31.765625	-0.036940	-0.043646	-0.033572	-0.036940
31.775002	-0.036940	-0.046998	-0.016794	-0.083938
31.784376	-0.040293	-0.046998	-0.016794	-0.120863
31.793751	-0.040293	-0.050366	-0.030220	-0.137642
31.803125	-0.043646	-0.050366	-0.046998	-0.137642
31.812500	-0.043646	-0.050366	-0.050366	-0.117496
31.821875	-0.043646	-0.046998	-0.040293	-0.087291
31.831251	-0.043646	-0.046998	-0.026867	-0.046998
31.840626	-0.043646	-0.043646	-0.023499	-0.003368
31.850000	-0.043646	-0.040293	-0.043646	0.033557
31.859375	-0.043646	-0.040293	-0.070497	0.053704
31.868750	-0.046998	-0.040293	-0.093997	0.057057
31.878126	-0.046998	-0.040293	-0.097364	0.040278
31.887501	-0.046998	-0.040293	-0.077218	0.010058
31.896875	-0.043646	-0.040293	-0.046998	-0.020146
31.906250	-0.043646	-0.043646	-0.023499	-0.043646
31.915625	-0.043646	-0.043646	-0.013441	-0.063792
31.925001	-0.043646	-0.043646	-0.010073	-0.083938
31.934376	-0.043646	-0.046998	-0.003368	-0.104070
31.943750	-0.040293	-0.046998	0.006706	-0.124216
31.953125	-0.040293	-0.050366	0.016779	-0.130922
31.962500	-0.040293	-0.050366	0.020131	-0.127569
31.971874	-0.043646	-0.046998	0.006706	-0.114143
31.981251	-0.043646	-0.046998	-0.016794	-0.090644
31.990625	-0.046998	-0.046998	-0.043646	-0.067145
