20.958424	-0.040293	-0.050366	-0.010073	-0.030220
20.989719	-0.040293	-0.050366	-0.010073	-0.040293
21.021015	-0.040293	-0.050366	0.000000	-0.040293
21.052311	-0.040293	-0.060439	0.000000	-0.040293
21.083607	-0.040293	-0.060439	0.000000	-0.040293
21.114902	-0.050366	-0.070512	0.000000	-0.040293
21.146198	-0.040293	-0.070512	0.000000	-0.040293
21.177494	-0.040293	-0.070512	-0.010073	-0.040293
21.208790	-0.050366	-0.060439	-0.010073	-0.030220
21.240086	-0.050366	-0.060439	-0.020146	-0.030220
21.271381	-0.050366	-0.060439	-0.010073	-0.030220
21.302677	-0.040293	-0.060439	-0.010073	-0.030220
21.333973	-0.040293	-0.060439	-0.010073	-0.030220
21.365271	-0.040293	-0.060439	-0.010073	-0.030220
21.396566	-0.040293	-0.070512	0.000000	-0.030220
21.427862	-0.040293	-0.060439	0.000000	-0.040293
21.459158	-0.040293	-0.060439	0.000000	-0.040293
21.490454	-0.040293	-0.060439	-0.010073	-0.040293
21.521749	-0.050366	-0.050366	-0.010073	-0.040293
21.553045	-0.050366	-0.050366	-0.010073	-0.050366
21.584341	-0.050366	-0.050366	-0.010073	-0.050366
21.615637	-0.050366	-0.060439	-0.010073	-0.050366
21.646933	-0.050366	-0.060439	-0.010073	-0.050366
21.678228	-0.050366	-0.060439	-0.010073	-0.060439
21.709524	-0.050366	-0.060439	-0.010073	-0.060439
21.740820	-0.050366	-0.060439	-0.020146	-0.060439
21.772116	-0.050366	-0.060439	-0.020146	-0.060439
21.803411	-0.050366	-0.060439	-0.030220	-0.050366
21.834707	-0.050366	-0.060439	-0.020146	-0.050366
21.866005	-0.050366	-0.060439	-0.020146	-0.050366
21.897301	-0.060439	-0.070512	-0.020146	-0.060439
21.928596	-0.060439	-0.080585	-0.020146	-0.060439
21.959892	-0.050366	-0.080585	-0.020146	-0.050366
21.991188	-0.050366	-0.080585	-0.020146	-0.060439
22.022484	-0.050366	-0.080585	-0.020146	-0.060439
22.053780	-0.060439	-0.080585	-0.020146	-0.070512
22.085075	-0.060439	-0.080585	-0.020146	-0.080585
22.116371	-0.060439	-0.080585	-0.020146	-0.080585
22.147667	-0.060439	-0.080585	-0.020146	-0.080585
22.178963	-0.050366	-0.090659	-0.010073	-0.070512
22.210258	-0.050366	-0.090659	-0.010073	-0.070512
22.241554	-0.060439	-0.080585	-0.020146	-0.060439
22.272850	-0.060439	-0.070512	-0.020146	-0.070512
22.304146	-0.060439	-0.070512	-0.030220	-0.070512
22.335442	-0.060439	-0.080585	-0.030220	-0.070512
22.366739	-0.060439	-0.080585	-0.030220	-0.080585
22.398035	-0.060439	-0.080585	-0.030220	-0.080585
22.429331	-0.060439	-0.090659	-0.030220	-0.090659
22.460627	-0.060439	-0.090659	-0.030220	-0.100732
22.491922	-0.060439	-0.090659	-0.030220	-0.110805
22.523218	-0.050366	-0.080585	-0.030220	-0.110805
22.554514	-0.050366	-0.080585	-0.040293	-0.120878
22.585810	-0.050366	-0.080585	-0.040293	-0.120878
22.617105	-0.060439	-0.090659	-0.040293	-0.120878
22.648401	-0.060439	-0.090659	-0.040293	-0.120878
22.679697	-0.060439	-0.100732	-0.050366	-0.120878
22.710993	-0.060439	-0.110805	-0.050366	-0.130951
22.742289	-0.060439	-0.110805	-0.050366	-0.130951
22.773584	-0.060439	-0.110805	-0.060439	-0.130951
22.804880	-0.060439	-0.110805	-0.060439	-0.130951
22.836176	-0.060439	-0.110805	-0.060439	-0.130951
22.867474	-0.060439	-0.110805	-0.060439	-0.141025
22.898769	-0.060439	-0.110805	-0.060439	-0.141025
22.930065	-0.060439	-0.100732	-0.060439	-0.151098
22.961361	-0.060439	-0.110805	-0.060439	-0.161171
22.992657	-0.060439	-0.110805	-0.060439	-0.161171
23.023952	-0.070512	-0.120878	-0.060439	-0.171244
23.055248	-0.070512	-0.120878	-0.060439	-0.171244
23.086544	-0.070512	-0.120878	-0.060439	-0.171244
23.117840	-0.070512	-0.130951	-0.060439	-0.181317
23.149136	-0.070512	-0.130951	-0.050366	-0.191391
23.180431	-0.080585	-0.141025	-0.050366	-0.201464
23.211727	-0.080585	-0.141025	-0.060439	-0.211537
23.243023	-0.080585	-0.151098	-0.060439	-0.221610
23.274319	-0.080585	-0.151098	-0.060439	-0.231683
23.305614	-0.090659	-0.151098	-0.070512	-0.251830
23.336912	-0.090659	-0.161171	-0.080585	-0.251830
23.368208	-0.090659	-0.161171	-0.090659	-0.271916
23.399504	-0.090659	-0.151098	-0.090659	-0.281990
23.430799	-0.090659	-0.151098	-0.090659	-0.292063
23.462095	-0.090659	-0.161171	-0.090659	-0.302136
23.493391	-0.090659	-0.161171	-0.090659	-0.312209
23.524687	-0.090659	-0.161171	-0.090659	-0.332355
23.555983	-0.100732	-0.161171	-0.100732	-0.342429
23.587278	-0.100732	-0.161171	-0.100732	-0.362575
23.618574	-0.110805	-0.161171	-0.100732	-0.382721
23.649870	-0.110805	-0.171244	-0.100732	-0.402868
23.681166	-0.110805	-0.171244	-0.100732	-0.433087
23.712461	-0.110805	-0.181317	-0.100732	-0.463307
23.743757	-0.110805	-0.181317	-0.110805	-0.493526
23.775053	-0.110805	-0.171244	-0.110805	-0.523686
23.806349	-0.110805	-0.161171	-0.110805	-0.563979
23.837646	-0.110805	-0.151098	-0.120878	-0.604272
23.868942	-0.110805	-0.130951	-0.130951	-0.654638
23.900238	-0.110805	-0.120878	-0.130951	-0.725150
23.931534	-0.110805	-0.090659	-0.141025	-0.805676
23.962830	-0.120878	-0.060439	-0.141025	-0.896335
23.994125	-0.120878	-0.020146	-0.151098	-1.027286
24.025421	-0.120878	0.020087	-0.151098	-1.188397
24.056717	-0.120878	0.060380	-0.161171	-1.440167
24.088013	-0.120878	0.090599	-0.161171	-1.702011
24.119308	-0.130951	0.110745	-0.171244	-2.014220
24.150604	-0.130951	0.110745	-0.171244	-2.376735
24.181900	-0.130951	0.070453	-0.181317	-2.769530
24.213196	-0.130951	-0.040293	-0.181317	-3.192484
24.244492	-0.130951	-0.241756	-0.191391	-3.585279
24.275787	-0.141025	-0.543833	-0.201464	-3.897429
24.307083	-0.141025	-0.946701	-0.211537	-4.098892
24.338381	-0.151098	-1.420021	-0.221610	-4.149199
24.369677	-0.161171	-1.933634	-0.231683	-4.068673
24.400972	-0.161171	-2.417028	-0.241756	-3.867209
24.432268	-0.161171	-2.850056	-0.251830	-3.585279
24.463564	-0.161171	-3.212631	-0.261843	-3.252923
24.494860	-0.161171	-3.524840	-0.271916	-2.870202
24.526155	-0.161171	-3.766537	-0.281990	-2.437174
24.557451	-0.161171	-3.947794	-0.292063	-1.953781
24.588747	-0.161171	-4.068673	-0.312209	-1.440167
24.620043	-0.161171	-4.108965	-0.332355	-0.916481
24.651339	-0.171244	-4.038453	-0.352502	-0.433087
24.682634	-0.171244	-3.857195	-0.382721	-0.030220
24.713930	-0.171244	-3.565133	-0.402868	0.251770
24.745226	-0.171244	-3.192484	-0.433087	0.372589
24.776522	-0.171244	-2.779603	-0.463307	0.372589
24.807819	-0.181317	-2.376735	-0.493526	0.292003
24.839115	-0.181317	-2.014220	-0.513673	0.191331
24.870411	-0.181317	-1.712084	-0.543833	0.100672
24.901707	-0.181317	-1.470387	-0.584126	0.020087
24.933002	-0.161171	-1.279056	-0.634491	-0.040293
24.964298	-0.141025	-1.117885	-0.684857	-0.090659
24.995594	-0.100732	-0.997066	-0.755370	-0.120878
25.026890	-0.060439	-0.896335	-0.856042	-0.151098
25.058186	0.000000	-0.815749	-0.966847	-0.171244
25.089481	0.060380	-0.735223	-1.117885	-0.181317
25.120777	0.140965	-0.674784	-1.309216	-0.191391
25.152073	0.241697	-0.624418	-1.550913	-0.201464
25.183369	0.372589	-0.584126	-1.853049	-0.201464
25.214664	0.493467	-0.543833	-2.215624	-0.201464
25.245960	0.584066	-0.503600	-2.628505	-0.211537
25.277256	0.573993	-0.473380	-3.061593	-0.211537
25.308554	0.422955	-0.453234	-3.474474	-0.201464
25.339849	0.130892	-0.423014	-3.816903	-0.201464
25.371145	-0.261843	-0.392795	-4.058599	-0.191391
25.402441	-0.725150	-0.372648	-4.199564	-0.191391
25.433737	-1.218617	-0.352502	-4.229784	-0.191391
25.465033	-1.691937	-0.342429	-4.159272	-0.181317
25.496328	-2.145112	-0.332355	-3.998160	-0.171244
25.527624	-2.578139	-0.312209	-3.756464	-0.171244
25.558920	-2.991080	-0.302136	-3.424108	-0.161171
25.590216	-3.373742	-0.292063	-3.011227	-0.161171
25.621511	-3.726244	-0.281990	-2.527833	-0.151098
25.652807	-3.998160	-0.281990	-2.014220	-0.151098
25.684103	-4.119039	-0.271916	-1.510680	-0.141025
25.715399	-4.078746	-0.271916	-1.057446	-0.141025
25.746695	-3.877282	-0.261843	-0.705004	-0.130951
25.777990	-3.555059	-0.251830	-0.443161	-0.130951
25.809288	-3.162265	-0.241756	-0.271916	-0.130951
25.840584	-2.769530	-0.241756	-0.171244	-0.130951
25.871880	-2.386808	-0.231683	-0.120878	-0.130951
25.903175	-2.044439	-0.231683	-0.110805	-0.120878
25.934471	-1.762450	-0.221610	-0.110805	-0.120878
25.965767	-1.520753	-0.211537	-0.120878	-0.110805
25.997063	-1.319289	-0.201464	-0.141025	-0.110805
26.028358	-1.148105	-0.201464	-0.151098	-0.110805
26.059654	-1.007140	-0.201464	-0.171244	-0.110805
26.090950	-0.896335	-0.201464	-0.191391	-0.110805
26.122246	-0.795603	-0.191391	-0.201464	-0.110805
26.153542	-0.725150	-0.191391	-0.211537	-0.110805
26.184837	-0.664711	-0.181317	-0.211537	-0.100732
26.216133	-0.614345	-0.181317	-0.211537	-0.100732
26.247429	-0.563979	-0.181317	-0.211537	-0.090659
26.278725	-0.533760	-0.181317	-0.211537	-0.090659
26.310022	-0.493526	-0.181317	-0.201464	-0.090659
26.341318	-0.463307	-0.171244	-0.191391	-0.090659
26.372614	-0.433087	-0.161171	-0.191391	-0.090659
26.403910	-0.412941	-0.161171	-0.181317	-0.090659
26.435205	-0.392795	-0.151098	-0.181317	-0.090659
26.466501	-0.372648	-0.151098	-0.171244	-0.090659
26.497797	-0.352502	-0.151098	-0.161171	-0.090659
26.529093	-0.332355	-0.151098	-0.161171	-0.090659
26.560389	-0.322282	-0.151098	-0.161171	-0.090659
26.591684	-0.312209	-0.141025	-0.151098	-0.090659
26.622980	-0.302136	-0.141025	-0.151098	-0.090659
26.654276	-0.292063	-0.141025	-0.151098	-0.090659
26.685572	-0.281990	-0.130951	-0.151098	-0.090659
26.716867	-0.271916	-0.130951	-0.151098	-0.090659
26.748163	-0.261843	-0.130951	-0.141025	-0.090659
26.779461	-0.251830	-0.130951	-0.141025	-0.090659
26.810757	-0.241756	-0.130951	-0.130951	-0.080585
26.842052	-0.231683	-0.120878	-0.120878	-0.080585
26.873348	-0.221610	-0.120878	-0.120878	-0.080585
26.904644	-0.221610	-0.120878	-0.110805	-0.080585
26.935940	-0.211537	-0.120878	-0.110805	-0.080585
26.967236	-0.211537	-0.130951	-0.110805	-0.080585
26.998531	-0.211537	-0.120878	-0.110805	-0.070512
27.029827	-0.201464	-0.120878	-0.110805	-0.070512
27.061123	-0.201464	-0.120878	-0.110805	-0.070512
27.092419	-0.191391	-0.110805	-0.110805	-0.060439
27.123714	-0.181317	-0.110805	-0.110805	-0.070512
27.155010	-0.181317	-0.110805	-0.110805	-0.070512
27.186306	-0.171244	-0.100732	-0.110805	-0.070512
27.217602	-0.161171	-0.100732	-0.100732	-0.060439
27.248898	-0.161171	-0.100732	-0.100732	-0.060439
27.280195	-0.161171	-0.110805	-0.090659	-0.060439
27.311491	-0.161171	-0.110805	-0.090659	-0.060439
27.342787	-0.151098	-0.120878	-0.090659	-0.060439
27.374083	-0.151098	-0.120878	-0.080585	-0.060439
27.405378	-0.141025	-0.120878	-0.080585	-0.060439
27.436674	-0.141025	-0.120878	-0.070512	-0.060439
27.467970	-0.141025	-0.120878	-0.070512	-0.070512
27.499266	-0.141025	-0.120878	-0.060439	-0.060439
27.530561	-0.141025	-0.120878	-0.060439	-0.060439
27.561857	-0.141025	-0.120878	-0.060439	-0.050366
27.593153	-0.130951	-0.130951	-0.060439	-0.050366
27.624449	-0.130951	-0.130951	-0.060439	-0.060439
27.655745	-0.130951	-0.130951	-0.060439	-0.060439
27.687040	-0.130951	-0.120878	-0.060439	-0.060439
27.718336	-0.130951	-0.120878	-0.070512	-0.060439
27.749632	-0.141025	-0.110805	-0.070512	-0.060439
27.780930	-0.141025	-0.110805	-0.070512	-0.060439
27.812225	-0.141025	-0.110805	-0.080585	-0.060439
27.843521	-0.130951	-0.110805	-0.070512	-0.060439
27.874817	-0.120878	-0.110805	-0.070512	-0.060439
27.906113	-0.120878	-0.120878	-0.060439	-0.060439
27.937408	-0.120878	-0.120878	-0.060439	-0.060439
27.968704	-0.120878	-0.120878	-0.060439	-0.060439
