26.019428	0.070453	0.332296	-0.141025	-0.473380
26.028803	0.070453	0.332296	-0.141025	-0.473380
26.038176	0.080526	0.332296	-0.130951	-0.483453
26.047550	0.080526	0.332296	-0.130951	-0.473380
26.056923	0.080526	0.332296	-0.130951	-0.473380
26.066298	0.080526	0.332296	-0.130951	-0.473380
26.075672	0.070453	0.332296	-0.141025	-0.473380
26.085045	0.060380	0.332296	-0.141025	-0.473380
26.094419	0.060380	0.332296	-0.130951	-0.473380
26.103794	0.060380	0.332296	-0.130951	-0.473380
26.113167	0.060380	0.322223	-0.120878	-0.493526
26.122541	0.060380	0.322223	-0.120878	-0.513673
26.131916	0.060380	0.322223	-0.120878	-0.513673
26.141289	0.050306	0.322223	-0.120878	-0.513673
26.150663	0.050306	0.332296	-0.130951	-0.523686
26.160038	0.050306	0.332296	-0.130951	-0.523686
26.169411	0.050306	0.332296	-0.141025	-0.513673
26.178785	0.050306	0.332296	-0.141025	-0.503600
26.188158	0.060380	0.332296	-0.130951	-0.493526
26.197533	0.060380	0.332296	-0.120878	-0.493526
26.206907	0.070453	0.332296	-0.120878	-0.503600
26.216280	0.070453	0.332296	-0.120878	-0.503600
26.225655	0.060380	0.322223	-0.120878	-0.493526
26.235029	0.060380	0.322223	-0.120878	-0.483453
26.244402	0.060380	0.322223	-0.120878	-0.483453
26.253777	0.060380	0.322223	-0.130951	-0.483453
26.263151	0.060380	0.312150	-0.130951	-0.483453
26.272524	0.050306	0.322223	-0.130951	-0.473380
26.281898	0.050306	0.322223	-0.130951	-0.473380
26.291273	0.060380	0.332296	-0.130951	-0.483453
26.300646	0.060380	0.332296	-0.130951	-0.483453
26.310020	0.060380	0.342369	-0.130951	-0.483453
26.319393	0.060380	0.342369	-0.141025	-0.473380
26.328768	0.060380	0.352442	-0.151098	-0.463307
26.338142	0.060380	0.352442	-0.161171	-0.463307
26.347515	0.060380	0.352442	-0.161171	-0.473380
26.356890	0.060380	0.342369	-0.151098	-0.473380
26.366264	0.060380	0.342369	-0.151098	-0.483453
26.375637	0.060380	0.332296	-0.141025	-0.493526
26.385012	0.070453	0.342369	-0.141025	-0.503600
26.394386	0.070453	0.342369	-0.141025	-0.503600
26.403759	0.070453	0.342369	-0.141025	-0.503600
26.413134	0.060380	0.342369	-0.151098	-0.503600
26.422508	0.060380	0.352442	-0.141025	-0.503600
26.431881	0.070453	0.352442	-0.141025	-0.503600
26.441256	0.070453	0.352442	-0.141025	-0.503600
26.450628	0.070453	0.352442	-0.141025	-0.503600
26.460003	0.070453	0.342369	-0.141025	-0.503600
26.469378	0.070453	0.342369	-0.130951	-0.503600
26.478750	0.070453	0.342369	-0.130951	-0.493526
26.488125	0.070453	0.342369	-0.141025	-0.473380
26.497499	0.070453	0.342369	-0.141025	-0.463307
26.506872	0.070453	0.342369	-0.141025	-0.463307
26.516247	0.070453	0.342369	-0.130951	-0.473380
26.525621	0.070453	0.342369	-0.141025	-0.483453
26.534994	0.070453	0.332296	-0.151098	-0.483453
26.544369	0.070453	0.332296	-0.151098	-0.493526
26.553743	0.070453	0.322223	-0.161171	-0.493526
26.563116	0.070453	0.322223	-0.171244	-0.483453
26.572491	0.060380	0.322223	-0.171244	-0.473380
26.581863	0.060380	0.332296	-0.181317	-0.463307
26.591238	0.060380	0.322223	-0.171244	-0.473380
26.600613	0.070453	0.322223	-0.161171	-0.483453
26.609985	0.080526	0.322223	-0.151098	-0.483453
26.619360	0.080526	0.322223	-0.151098	-0.493526
26.628735	0.070453	0.322223	-0.161171	-0.493526
26.638107	0.070453	0.322223	-0.161171	-0.493526
26.647482	0.070453	0.332296	-0.151098	-0.493526
26.656857	0.070453	0.332296	-0.151098	-0.483453
26.666229	0.070453	0.332296	-0.171244	-0.473380
26.675604	0.070453	0.332296	-0.171244	-0.473380
26.684978	0.080526	0.332296	-0.161171	-0.473380
26.694351	0.080526	0.332296	-0.161171	-0.483453
26.703726	0.080526	0.332296	-0.161171	-0.483453
26.713099	0.080526	0.332296	-0.161171	-0.483453
26.722473	0.080526	0.332296	-0.161171	-0.483453
26.731848	0.070453	0.342369	-0.161171	-0.483453
26.741220	0.070453	0.332296	-0.171244	-0.473380
26.750595	0.070453	0.332296	-0.181317	-0.473380
26.759970	0.070453	0.332296	-0.181317	-0.483453
26.769342	0.070453	0.332296	-0.181317	-0.493526
26.778717	0.080526	0.332296	-0.171244	-0.503600
26.788092	0.080526	0.332296	-0.171244	-0.493526
26.797464	0.080526	0.332296	-0.171244	-0.493526
26.806839	0.070453	0.332296	-0.181317	-0.483453
26.816214	0.070453	0.332296	-0.181317	-0.483453
26.825586	0.070453	0.332296	-0.181317	-0.483453
26.834961	0.070453	0.332296	-0.181317	-0.483453
26.844334	0.070453	0.332296	-0.181317	-0.493526
26.853708	0.070453	0.322223	-0.171244	-0.493526
26.863083	0.080526	0.322223	-0.151098	-0.493526
26.872456	0.090599	0.332296	-0.151098	-0.483453
26.881830	0.090599	0.332296	-0.151098	-0.483453
26.891205	0.090599	0.332296	-0.161171	-0.473380
26.900578	0.090599	0.342369	-0.171244	-0.473380
26.909952	0.090599	0.342369	-0.161171	-0.473380
26.919327	0.090599	0.352442	-0.171244	-0.473380
26.928699	0.090599	0.342369	-0.181317	-0.473380
26.938074	0.080526	0.332296	-0.191391	-0.483453
26.947449	0.080526	0.332296	-0.191391	-0.493526
26.956821	0.080526	0.322223	-0.191391	-0.493526
26.966196	0.080526	0.322223	-0.191391	-0.493526
26.975569	0.080526	0.322223	-0.201464	-0.493526
26.984943	0.070453	0.322223	-0.201464	-0.503600
26.994318	0.080526	0.332296	-0.191391	-0.513673
27.003691	0.080526	0.332296	-0.191391	-0.503600
27.013065	0.080526	0.332296	-0.181317	-0.503600
27.022440	0.080526	0.332296	-0.191391	-0.493526
27.031813	0.080526	0.332296	-0.181317	-0.493526
27.041187	0.080526	0.332296	-0.171244	-0.483453
27.050562	0.080526	0.332296	-0.171244	-0.483453
27.059935	0.080526	0.342369	-0.181317	-0.483453
27.069309	0.080526	0.342369	-0.181317	-0.493526
27.078684	0.080526	0.342369	-0.181317	-0.493526
27.088057	0.090599	0.342369	-0.171244	-0.493526
27.097431	0.090599	0.342369	-0.171244	-0.493526
27.106804	0.090599	0.342369	-0.171244	-0.493526
27.116179	0.090599	0.352442	-0.161171	-0.493526
27.125553	0.090599	0.352442	-0.161171	-0.503600
27.134926	0.090599	0.342369	-0.161171	-0.503600
27.144300	0.090599	0.342369	-0.181317	-0.503600
27.153675	0.090599	0.352442	-0.191391	-0.503600
27.163048	0.090599	0.352442	-0.191391	-0.493526
27.172422	0.090599	0.342369	-0.191391	-0.493526
27.181797	0.090599	0.342369	-0.191391	-0.493526
27.191170	0.090599	0.342369	-0.191391	-0.493526
27.200544	0.080526	0.342369	-0.191391	-0.493526
27.209919	0.080526	0.342369	-0.191391	-0.503600
27.219292	0.080526	0.342369	-0.191391	-0.493526
27.228666	0.080526	0.352442	-0.191391	-0.483453
27.238039	0.080526	0.352442	-0.191391	-0.473380
27.247414	0.090599	0.352442	-0.191391	-0.483453
27.256788	0.090599	0.342369	-0.191391	-0.483453
27.266161	0.090599	0.342369	-0.191391	-0.473380
27.275536	0.090599	0.342369	-0.181317	-0.473380
27.284910	0.090599	0.352442	-0.191391	-0.473380
27.294283	0.090599	0.352442	-0.191391	-0.483453
27.303658	0.090599	0.352442	-0.181317	-0.483453
27.313032	0.090599	0.362515	-0.181317	-0.473380
27.322405	0.080526	0.362515	-0.191391	-0.483453
27.331779	0.080526	0.352442	-0.191391	-0.493526
27.341154	0.080526	0.352442	-0.191391	-0.493526
27.350527	0.090599	0.352442	-0.191391	-0.503600
27.359901	0.100672	0.342369	-0.201464	-0.503600
27.369274	0.100672	0.342369	-0.211537	-0.513673
27.378649	0.100672	0.342369	-0.221610	-0.513673
27.388023	0.090599	0.352442	-0.221610	-0.513673
27.397396	0.090599	0.352442	-0.221610	-0.503600
27.406771	0.090599	0.352442	-0.221610	-0.493526
27.416145	0.090599	0.352442	-0.211537	-0.503600
27.425518	0.090599	0.352442	-0.211537	-0.503600
27.434893	0.090599	0.342369	-0.211537	-0.493526
27.444267	0.100672	0.342369	-0.211537	-0.483453
27.453640	0.100672	0.342369	-0.211537	-0.473380
27.463015	0.100672	0.342369	-0.201464	-0.483453
27.472389	0.100672	0.332296	-0.201464	-0.473380
27.481762	0.100672	0.332296	-0.201464	-0.463307
27.491137	0.100672	0.332296	-0.201464	-0.463307
27.500509	0.100672	0.332296	-0.211537	-0.473380
27.509884	0.090599	0.322223	-0.211537	-0.483453
27.519258	0.090599	0.322223	-0.221610	-0.473380
27.528631	0.090599	0.332296	-0.221610	-0.473380
27.538006	0.090599	0.332296	-0.221610	-0.483453
27.547380	0.080526	0.332296	-0.221610	-0.483453
27.556753	0.090599	0.332296	-0.231683	-0.493526
27.566128	0.090599	0.342369	-0.231683	-0.493526
27.575502	0.090599	0.342369	-0.231683	-0.493526
27.584875	0.090599	0.342369	-0.231683	-0.503600
27.594250	0.100672	0.342369	-0.221610	-0.503600
27.603624	0.100672	0.342369	-0.221610	-0.503600
27.612997	0.110745	0.342369	-0.221610	-0.493526
27.622372	0.120819	0.342369	-0.221610	-0.493526
27.631744	0.120819	0.342369	-0.221610	-0.493526
27.641119	0.110745	0.342369	-0.221610	-0.493526
27.650494	0.110745	0.342369	-0.221610	-0.493526
27.659866	0.100672	0.342369	-0.241756	-0.483453
27.669241	0.090599	0.342369	-0.251830	-0.473380
27.678616	0.090599	0.342369	-0.251830	-0.473380
27.687988	0.090599	0.342369	-0.241756	-0.473380
27.697363	0.090599	0.342369	-0.231683	-0.463307
27.706738	0.090599	0.342369	-0.241756	-0.463307
27.716110	0.080526	0.342369	-0.241756	-0.473380
27.725485	0.080526	0.332296	-0.241756	-0.483453
27.734859	0.090599	0.332296	-0.231683	-0.483453
27.744232	0.090599	0.332296	-0.231683	-0.473380
27.753607	0.090599	0.332296	-0.231683	-0.473380
27.762980	0.090599	0.332296	-0.231683	-0.473380
27.772354	0.090599	0.332296	-0.221610	-0.493526
27.781729	0.090599	0.342369	-0.211537	-0.503600
27.791101	0.090599	0.342369	-0.211537	-0.503600
27.800476	0.090599	0.342369	-0.221610	-0.503600
27.809851	0.090599	0.342369	-0.221610	-0.503600
27.819223	0.090599	0.332296	-0.211537	-0.513673
27.828598	0.090599	0.332296	-0.211537	-0.513673
27.837973	0.100672	0.332296	-0.221610	-0.503600
27.847345	0.100672	0.342369	-0.221610	-0.493526
27.856720	0.110745	0.332296	-0.221610	-0.483453
27.866095	0.110745	0.342369	-0.211537	-0.493526
27.875467	0.110745	0.342369	-0.211537	-0.493526
27.884842	0.110745	0.342369	-0.221610	-0.483453
27.894215	0.100672	0.342369	-0.211537	-0.483453
27.903589	0.100672	0.342369	-0.211537	-0.483453
27.912964	0.090599	0.342369	-0.211537	-0.473380
27.922337	0.090599	0.342369	-0.221610	-0.463307
27.931711	0.090599	0.352442	-0.231683	-0.463307
27.941086	0.090599	0.352442	-0.221610	-0.463307
27.950459	0.090599	0.352442	-0.221610	-0.473380
27.959833	0.090599	0.342369	-0.221610	-0.473380
27.969208	0.090599	0.342369	-0.231683	-0.473380
27.978580	0.090599	0.342369	-0.231683	-0.473380
27.987955	0.090599	0.342369	-0.241756	-0.483453
27.997330	0.090599	0.342369	-0.231683	-0.483453
28.006702	0.090599	0.342369	-0.231683	-0.483453
28.016077	0.090599	0.342369	-0.231683	-0.483453
28.025450	0.090599	0.342369	-0.231683	-0.483453
28.034824	0.100672	0.342369	-0.231683	-0.493526
28.044199	0.100672	0.342369	-0.221610	-0.493526
28.053572	0.110745	0.342369	-0.231683	-0.503600
28.062946	0.110745	0.332296	-0.241756	-0.503600
28.072321	0.110745	0.332296	-0.241756	-0.503600
28.081694	0.110745	0.322223	-0.221610	-0.493526
28.091068	0.110745	0.322223	-0.211537	-0.483453
28.100443	0.110745	0.322223	-0.211537	-0.483453
28.109816	0.110745	0.332296	-0.221610	-0.473380
28.119190	0.110745	0.332296	-0.221610	-0.473380
28.128565	0.110745	0.332296	-0.231683	-0.473380
28.137938	0.110745	0.332296	-0.241756	-0.473380
28.147312	0.110745	0.332296	-0.241756	-0.463307
28.156685	0.110745	0.332296	-0.241756	-0.463307
28.166059	0.110745	0.332296	-0.241756	-0.463307
28.175434	0.110745	0.332296	-0.251830	-0.463307
28.184807	0.100672	0.332296	-0.251830	-0.453234
28.194181	0.100672	0.332296	-0.251830	-0.463307
28.203556	0.100672	0.332296	-0.251830	-0.463307
28.212929	0.100672	0.332296	-0.251830	-0.463307
28.222303	0.100672	0.322223	-0.251830	-0.463307
28.231678	0.100672	0.322223	-0.251830	-0.463307
28.241051	0.100672	0.312150	-0.241756	-0.473380
28.250425	0.090599	0.312150	-0.241756	-0.483453
28.259800	0.090599	0.312150	-0.241756	-0.483453
28.269173	0.090599	0.312150	-0.241756	-0.483453
28.278547	0.100672	0.312150	-0.241756	-0.483453
28.287920	0.100672	0.322223	-0.241756	-0.493526
28.297295	0.110745	0.322223	-0.241756	-0.493526
28.306669	0.110745	0.322223	-0.241756	-0.483453
28.316042	0.110745	0.322223	-0.251830	-0.483453
28.325417	0.110745	0.322223	-0.251830	-0.473380
28.334791	0.110745	0.322223	-0.251830	-0.473380
28.344164	0.110745	0.322223	-0.251830	-0.463307
28.353539	0.110745	0.322223	-0.251830	-0.463307
28.362913	0.110745	0.332296	-0.251830	-0.453234
28.372286	0.120819	0.332296	-0.241756	-0.453234
28.381660	0.120819	0.332296	-0.231683	-0.463307
28.391035	0.120819	0.332296	-0.231683	-0.463307
28.400408	0.110745	0.332296	-0.241756	-0.453234
28.409782	0.110745	0.332296	-0.241756	-0.453234
28.419155	0.110745	0.342369	-0.241756	-0.453234
28.428530	0.110745	0.342369	-0.241756	-0.463307
28.437904	0.110745	0.342369	-0.241756	-0.453234
28.447277	0.100672	0.342369	-0.241756	-0.453234
28.456652	0.100672	0.332296	-0.251830	-0.453234
28.466026	0.100672	0.332296	-0.251830	-0.473380
28.475399	0.100672	0.332296	-0.241756	-0.483453
28.484774	0.100672	0.332296	-0.241756	-0.483453
28.494148	0.100672	0.342369	-0.231683	-0.473380
28.503521	0.100672	0.342369	-0.231683	-0.473380
28.512896	0.110745	0.332296	-0.231683	-0.473380
28.522270	0.110745	0.322223	-0.231683	-0.463307
28.531643	0.110745	0.332296	-0.241756	-0.463307
28.541018	0.110745	0.332296	-0.241756	-0.463307
28.550390	0.110745	0.332296	-0.241756	-0.473380
28.559765	0.100672	0.332296	-0.241756	-0.483453
28.569139	0.100672	0.322223	-0.251830	-0.473380
28.578512	0.100672	0.322223	-0.251830	-0.473380
28.587887	0.100672	0.322223	-0.251830	-0.473380
28.597261	0.110745	0.332296	-0.251830	-0.473380
28.606634	0.110745	0.332296	-0.261843	-0.473380
28.616009	0.120819	0.342369	-0.261843	-0.473380
28.625383	0.120819	0.342369	-0.261843	-0.463307
28.634756	0.120819	0.342369	-0.261843	-0.463307
28.644131	0.120819	0.342369	-0.271916	-0.473380
28.653505	0.110745	0.352442	-0.271916	-0.473380
28.662878	0.110745	0.352442	-0.271916	-0.473380
28.672253	0.110745	0.352442	-0.261843	-0.473380
28.681625	0.110745	0.352442	-0.261843	-0.483453
28.691000	0.110745	0.352442	-0.261843	-0.483453
28.700375	0.110745	0.352442	-0.251830	-0.483453
28.709747	0.120819	0.342369	-0.251830	-0.473380
28.719122	0.110745	0.342369	-0.251830	-0.473380
28.728497	0.110745	0.342369	-0.251830	-0.473380
28.737869	0.110745	0.342369	-0.251830	-0.473380
28.747244	0.110745	0.342369	-0.261843	-0.473380
28.756618	0.110745	0.342369	-0.271916	-0.463307
28.765991	0.120819	0.342369	-0.271916	-0.463307
28.775366	0.120819	0.342369	-0.271916	-0.463307
28.784740	0.120819	0.342369	-0.271916	-0.463307
28.794113	0.120819	0.342369	-0.271916	-0.463307
28.803488	0.110745	0.342369	-0.271916	-0.463307
28.812860	0.120819	0.342369	-0.271916	-0.473380
28.822235	0.120819	0.352442	-0.271916	-0.473380
28.831610	0.120819	0.352442	-0.271916	-0.473380
28.840982	0.120819	0.352442	-0.261843	-0.463307
28.850357	0.130892	0.362515	-0.251830	-0.463307
28.859732	0.130892	0.362515	-0.251830	-0.463307
28.869104	0.130892	0.352442	-0.261843	-0.483453
28.878479	0.120819	0.352442	-0.271916	-0.483453
28.887854	0.120819	0.352442	-0.281990	-0.483453
28.897226	0.120819	0.352442	-0.281990	-0.483453
28.906601	0.120819	0.352442	-0.271916	-0.483453
28.915976	0.110745	0.352442	-0.271916	-0.483453
28.925348	0.110745	0.352442	-0.271916	-0.473380
28.934723	0.110745	0.352442	-0.271916	-0.463307
28.944096	0.120819	0.342369	-0.271916	-0.463307
28.953470	0.120819	0.332296	-0.271916	-0.473380
28.962845	0.120819	0.342369	-0.271916	-0.473380
28.972218	0.120819	0.342369	-0.271916	-0.473380
28.981592	0.120819	0.342369	-0.271916	-0.483453
28.990967	0.120819	0.342369	-0.271916	-0.483453
29.000340	0.120819	0.342369	-0.271916	-0.483453
29.009714	0.120819	0.342369	-0.281990	-0.473380
29.019089	0.120819	0.342369	-0.281990	-0.463307
29.028461	0.110745	0.342369	-0.281990	-0.473380
29.037836	0.110745	0.342369	-0.281990	-0.483453
29.047211	0.120819	0.342369	-0.292063	-0.483453
29.056583	0.120819	0.342369	-0.292063	-0.483453
29.065958	0.120819	0.342369	-0.302136	-0.473380
29.075331	0.130892	0.342369	-0.302136	-0.473380
29.084705	0.130892	0.332296	-0.302136	-0.473380
29.094080	0.130892	0.332296	-0.302136	-0.473380
29.103453	0.130892	0.332296	-0.302136	-0.463307
29.112827	0.120819	0.332296	-0.281990	-0.463307
29.122202	0.120819	0.322223	-0.281990	-0.473380
29.131575	0.130892	0.332296	-0.271916	-0.473380
29.140949	0.130892	0.332296	-0.281990	-0.453234
29.150324	0.130892	0.332296	-0.271916	-0.443161
29.159697	0.130892	0.342369	-0.271916	-0.443161
29.169071	0.130892	0.342369	-0.271916	-0.453234
29.178446	0.130892	0.352442	-0.271916	-0.443161
29.187819	0.120819	0.352442	-0.281990	-0.443161
29.197193	0.120819	0.352442	-0.281990	-0.453234
29.206566	0.120819	0.342369	-0.281990	-0.463307
29.215940	0.120819	0.342369	-0.281990	-0.463307
29.225315	0.120819	0.332296	-0.292063	-0.463307
29.234688	0.120819	0.332296	-0.312209	-0.463307
29.244062	0.120819	0.332296	-0.312209	-0.473380
29.253437	0.120819	0.332296	-0.302136	-0.483453
29.262810	0.120819	0.332296	-0.292063	-0.483453
29.272184	0.120819	0.332296	-0.292063	-0.483453
29.281559	0.120819	0.332296	-0.292063	-0.483453
29.290932	0.130892	0.332296	-0.292063	-0.493526
29.300306	0.130892	0.332296	-0.281990	-0.493526
29.309681	0.130892	0.332296	-0.292063	-0.493526
29.319054	0.130892	0.332296	-0.292063	-0.483453
29.328428	0.130892	0.342369	-0.292063	-0.473380
29.337801	0.130892	0.342369	-0.281990	-0.473380
29.347176	0.130892	0.342369	-0.271916	-0.473380
29.356550	0.130892	0.342369	-0.271916	-0.473380
29.365923	0.130892	0.342369	-0.271916	-0.463307
29.375298	0.130892	0.342369	-0.271916	-0.463307
29.384672	0.140965	0.342369	-0.261843	-0.473380
29.394045	0.140965	0.342369	-0.251830	-0.473380
29.403419	0.140965	0.352442	-0.261843	-0.453234
29.412794	0.140965	0.352442	-0.261843	-0.453234
29.422167	0.140965	0.352442	-0.271916	-0.453234
29.431541	0.140965	0.352442	-0.281990	-0.463307
29.440916	0.130892	0.352442	-0.281990	-0.463307
29.450289	0.120819	0.352442	-0.292063	-0.463307
29.459663	0.120819	0.352442	-0.292063	-0.473380
29.469036	0.130892	0.342369	-0.281990	-0.483453
29.478411	0.130892	0.342369	-0.281990	-0.483453
29.487785	0.130892	0.342369	-0.292063	-0.493526
29.497158	0.130892	0.342369	-0.292063	-0.493526
29.506533	0.130892	0.342369	-0.292063	-0.483453
29.515907	0.130892	0.342369	-0.292063	-0.483453
29.525280	0.130892	0.342369	-0.292063	-0.483453
29.534655	0.130892	0.342369	-0.292063	-0.473380
29.544029	0.130892	0.342369	-0.292063	-0.473380
29.553402	0.130892	0.342369	-0.292063	-0.463307
29.562777	0.120819	0.352442	-0.292063	-0.463307
29.572151	0.120819	0.342369	-0.292063	-0.463307
29.581524	0.120819	0.342369	-0.302136	-0.443161
29.590899	0.120819	0.342369	-0.292063	-0.443161
29.600271	0.120819	0.342369	-0.292063	-0.443161
29.609646	0.120819	0.342369	-0.302136	-0.453234
29.619020	0.120819	0.342369	-0.302136	-0.453234
29.628393	0.130892	0.342369	-0.312209	-0.453234
29.637768	0.130892	0.342369	-0.312209	-0.463307
29.647142	0.130892	0.342369	-0.312209	-0.473380
29.656515	0.130892	0.342369	-0.312209	-0.463307
29.665890	0.130892	0.342369	-0.312209	-0.463307
29.675264	0.130892	0.342369	-0.312209	-0.473380
29.684637	0.130892	0.342369	-0.302136	-0.483453
29.694012	0.130892	0.342369	-0.302136	-0.483453
29.703386	0.130892	0.342369	-0.302136	-0.483453
29.712759	0.130892	0.342369	-0.312209	-0.483453
29.722134	0.130892	0.342369	-0.312209	-0.483453
29.731506	0.130892	0.352442	-0.302136	-0.483453
29.740881	0.130892	0.352442	-0.292063	-0.473380
29.750256	0.130892	0.352442	-0.292063	-0.473380
29.759628	0.130892	0.342369	-0.292063	-0.463307
29.769003	0.130892	0.342369	-0.292063	-0.463307
29.778378	0.140965	0.342369	-0.302136	-0.463307
29.787750	0.140965	0.342369	-0.302136	-0.463307
29.797125	0.140965	0.342369	-0.312209	-0.463307
29.806499	0.140965	0.342369	-0.312209	-0.453234
29.815872	0.140965	0.342369	-0.312209	-0.453234
29.825247	0.151038	0.342369	-0.312209	-0.443161
29.834621	0.151038	0.342369	-0.312209	-0.433087
29.843994	0.151038	0.342369	-0.312209	-0.433087
29.853369	0.151038	0.332296	-0.312209	-0.433087
29.862741	0.151038	0.332296	-0.312209	-0.443161
29.872116	0.151038	0.332296	-0.312209	-0.443161
29.881491	0.151038	0.342369	-0.312209	-0.433087
29.890863	0.140965	0.332296	-0.312209	-0.443161
29.900238	0.140965	0.332296	-0.312209	-0.443161
29.909613	0.151038	0.342369	-0.302136	-0.453234
29.918985	0.140965	0.342369	-0.292063	-0.453234
29.928360	0.140965	0.342369	-0.292063	-0.453234
29.937735	0.140965	0.342369	-0.302136	-0.463307
29.947107	0.140965	0.342369	-0.302136	-0.463307
29.956482	0.140965	0.342369	-0.302136	-0.473380
29.965857	0.130892	0.342369	-0.312209	-0.463307
29.975229	0.130892	0.332296	-0.312209	-0.463307
29.984604	0.140965	0.332296	-0.312209	-0.463307
29.993977	0.140965	0.332296	-0.302136	-0.463307
30.003351	0.140965	0.332296	-0.302136	-0.463307
30.012726	0.140965	0.332296	-0.302136	-0.453234
30.022099	0.140965	0.342369	-0.302136	-0.443161
30.031473	0.140965	0.342369	-0.302136	-0.443161
30.040848	0.130892	0.342369	-0.302136	-0.443161
30.050220	0.130892	0.342369	-0.302136	-0.443161
30.059595	0.130892	0.342369	-0.302136	-0.433087
30.068970	0.130892	0.342369	-0.292063	-0.433087
30.078342	0.130892	0.332296	-0.292063	-0.443161
30.087717	0.130892	0.332296	-0.292063	-0.453234
30.097092	0.130892	0.332296	-0.302136	-0.463307
30.106464	0.140965	0.342369	-0.302136	-0.453234
30.115839	0.140965	0.352442	-0.292063	-0.453234
30.125212	0.140965	0.352442	-0.292063	-0.463307
30.134586	0.140965	0.352442	-0.302136	-0.473380
30.143961	0.140965	0.352442	-0.312209	-0.473380
30.153334	0.140965	0.352442	-0.312209	-0.473380
30.162708	0.140965	0.352442	-0.312209	-0.473380
30.172083	0.140965	0.352442	-0.312209	-0.473380
30.181456	0.140965	0.352442	-0.312209	-0.473380
30.190830	0.140965	0.352442	-0.322282	-0.473380
30.200205	0.140965	0.352442	-0.322282	-0.463307
30.209578	0.140965	0.352442	-0.322282	-0.463307
30.218952	0.140965	0.362515	-0.322282	-0.463307
30.228327	0.151038	0.362515	-0.322282	-0.453234
30.237700	0.151038	0.362515	-0.322282	-0.453234
30.247074	0.151038	0.362515	-0.322282	-0.443161
30.256447	0.151038	0.352442	-0.322282	-0.443161
30.265821	0.140965	0.352442	-0.332355	-0.453234
30.275196	0.140965	0.342369	-0.332355	-0.453234
30.284569	0.140965	0.342369	-0.332355	-0.443161
30.293943	0.140965	0.332296	-0.322282	-0.443161
30.303318	0.151038	0.312150	-0.312209	-0.443161
30.312691	0.151038	0.302076	-0.312209	-0.443161
30.322065	0.161111	0.292003	-0.312209	-0.433087
30.331440	0.161111	0.281930	-0.302136	-0.433087
30.340813	0.161111	0.281930	-0.302136	-0.423014
30.350187	0.151038	0.271857	-0.312209	-0.433087
30.359562	0.140965	0.271857	-0.322282	-0.433087
30.368935	0.130892	0.261784	-0.332355	-0.443161
30.378309	0.130892	0.261784	-0.332355	-0.443161
30.387682	0.130892	0.251770	-0.322282	-0.433087
30.397057	0.140965	0.251770	-0.312209	-0.423014
30.406431	0.140965	0.251770	-0.312209	-0.412941
30.415804	0.140965	0.241697	-0.312209	-0.412941
30.425179	0.151038	0.241697	-0.312209	-0.402868
30.434553	0.151038	0.231624	-0.322282	-0.402868
30.443926	0.151038	0.231624	-0.332355	-0.402868
30.453300	0.140965	0.231624	-0.342429	-0.402868
30.462675	0.140965	0.221550	-0.332355	-0.402868
30.472048	0.151038	0.221550	-0.322282	-0.392795
30.481422	0.151038	0.221550	-0.322282	-0.382721
30.490797	0.140965	0.211477	-0.332355	-0.382721
30.500170	0.140965	0.201404	-0.332355	-0.382721
30.509544	0.140965	0.201404	-0.332355	-0.392795
30.518917	0.140965	0.201404	-0.322282	-0.402868
30.528292	0.130892	0.201404	-0.332355	-0.412941
30.537666	0.130892	0.201404	-0.332355	-0.412941
30.547039	0.130892	0.211477	-0.332355	-0.412941
30.556414	0.130892	0.201404	-0.322282	-0.412941
30.565788	0.130892	0.201404	-0.322282	-0.402868
30.575161	0.130892	0.201404	-0.322282	-0.392795
30.584536	0.130892	0.201404	-0.332355	-0.392795
30.593910	0.140965	0.191331	-0.322282	-0.382721
30.603283	0.130892	0.191331	-0.322282	-0.392795
30.612658	0.130892	0.191331	-0.322282	-0.392795
30.622032	0.130892	0.191331	-0.322282	-0.382721
30.631405	0.130892	0.201404	-0.312209	-0.382721
30.640779	0.130892	0.201404	-0.302136	-0.372648
30.650152	0.140965	0.201404	-0.292063	-0.362575
30.659527	0.140965	0.201404	-0.292063	-0.352502
30.668901	0.130892	0.201404	-0.302136	-0.352502
30.678274	0.130892	0.201404	-0.312209	-0.352502
30.687649	0.130892	0.201404	-0.322282	-0.372648
30.697023	0.120819	0.201404	-0.322282	-0.382721
30.706396	0.120819	0.201404	-0.332355	-0.392795
30.715771	0.120819	0.201404	-0.332355	-0.392795
30.725145	0.120819	0.201404	-0.332355	-0.402868
30.734518	0.120819	0.201404	-0.332355	-0.402868
30.743893	0.120819	0.201404	-0.322282	-0.392795
30.753267	0.120819	0.201404	-0.322282	-0.382721
30.762640	0.120819	0.201404	-0.322282	-0.382721
30.772015	0.120819	0.201404	-0.322282	-0.392795
30.781387	0.130892	0.201404	-0.312209	-0.392795
30.790762	0.130892	0.191331	-0.302136	-0.392795
30.800137	0.130892	0.191331	-0.302136	-0.382721
30.809509	0.130892	0.191331	-0.292063	-0.372648
30.818884	0.130892	0.191331	-0.292063	-0.372648
30.828259	0.130892	0.191331	-0.281990	-0.372648
30.837631	0.130892	0.191331	-0.292063	-0.362575
30.847006	0.120819	0.191331	-0.302136	-0.362575
30.856380	0.120819	0.191331	-0.302136	-0.362575
30.865753	0.120819	0.191331	-0.302136	-0.372648
30.875128	0.120819	0.201404	-0.302136	-0.362575
30.884502	0.120819	0.201404	-0.312209	-0.362575
30.893875	0.120819	0.201404	-0.322282	-0.362575
30.903250	0.120819	0.201404	-0.332355	-0.372648
30.912622	0.120819	0.191331	-0.332355	-0.382721
30.921997	0.110745	0.191331	-0.332355	-0.372648
30.931372	0.100672	0.191331	-0.342429	-0.372648
30.940744	0.100672	0.191331	-0.352502	-0.382721
30.950119	0.090599	0.191331	-0.352502	-0.392795
30.959494	0.100672	0.191331	-0.342429	-0.402868
30.968866	0.100672	0.191331	-0.332355	-0.392795
30.978241	0.100672	0.191331	-0.332355	-0.392795
30.987616	0.100672	0.201404	-0.322282	-0.392795
30.996988	0.110745	0.201404	-0.312209	-0.382721
31.006363	0.110745	0.201404	-0.302136	-0.382721
31.015738	0.100672	0.201404	-0.302136	-0.372648
31.025110	0.100672	0.201404	-0.302136	-0.372648
31.034485	0.100672	0.211477	-0.302136	-0.372648
31.043858	0.110745	0.211477	-0.302136	-0.382721
31.053232	0.100672	0.211477	-0.292063	-0.372648
31.062607	0.100672	0.211477	-0.292063	-0.362575
31.071980	0.090599	0.211477	-0.302136	-0.352502
31.081354	0.090599	0.211477	-0.312209	-0.352502
31.090729	0.080526	0.201404	-0.322282	-0.362575
31.100101	0.080526	0.201404	-0.332355	-0.362575
31.109476	0.090599	0.191331	-0.342429	-0.362575
31.118851	0.090599	0.191331	-0.342429	-0.372648
31.128223	0.090599	0.191331	-0.332355	-0.382721
31.137598	0.090599	0.191331	-0.322282	-0.382721
31.146973	0.090599	0.201404	-0.322282	-0.372648
31.156345	0.090599	0.201404	-0.322282	-0.382721
31.165720	0.090599	0.211477	-0.322282	-0.392795
31.175093	0.090599	0.201404	-0.322282	-0.402868
31.184467	0.090599	0.201404	-0.322282	-0.402868
31.193842	0.090599	0.191331	-0.332355	-0.402868
31.203215	0.090599	0.191331	-0.332355	-0.402868
31.212589	0.090599	0.181258	-0.332355	-0.402868
31.221964	0.090599	0.191331	-0.322282	-0.392795
31.231337	0.090599	0.191331	-0.322282	-0.382721
31.240711	0.090599	0.201404	-0.322282	-0.362575
31.250086	0.090599	0.201404	-0.312209	-0.352502
31.259459	0.090599	0.191331	-0.322282	-0.362575
31.268833	0.080526	0.191331	-0.322282	-0.362575
31.278208	0.080526	0.191331	-0.332355	-0.362575
31.287580	0.090599	0.191331	-0.322282	-0.342429
31.296955	0.090599	0.191331	-0.322282	-0.342429
31.306328	0.090599	0.201404	-0.322282	-0.342429
31.315702	0.090599	0.191331	-0.332355	-0.342429
31.325077	0.100672	0.191331	-0.332355	-0.342429
31.334450	0.100672	0.191331	-0.342429	-0.362575
31.343824	0.110745	0.191331	-0.342429	-0.382721
31.353199	0.110745	0.201404	-0.342429	-0.392795
31.362572	0.120819	0.201404	-0.342429	-0.392795
31.371946	0.130892	0.201404	-0.352502	-0.392795
31.381321	0.140965	0.191331	-0.352502	-0.392795
31.390694	0.151038	0.181258	-0.342429	-0.392795
31.400068	0.151038	0.181258	-0.352502	-0.392795
31.409443	0.151038	0.181258	-0.352502	-0.382721
31.418816	0.151038	0.181258	-0.352502	-0.382721
31.428190	0.151038	0.181258	-0.362575	-0.392795
31.437563	0.151038	0.181258	-0.362575	-0.392795
31.446938	0.140965	0.181258	-0.362575	-0.392795
31.456312	0.140965	0.181258	-0.362575	-0.382721
31.465685	0.140965	0.181258	-0.342429	-0.372648
31.475060	0.130892	0.191331	-0.332355	-0.352502
31.484434	0.130892	0.191331	-0.332355	-0.352502
31.493807	0.130892	0.201404	-0.342429	-0.342429
31.503181	0.130892	0.201404	-0.352502	-0.342429
31.512556	0.130892	0.191331	-0.352502	-0.342429
31.521929	0.130892	0.191331	-0.352502	-0.342429
31.531303	0.120819	0.181258	-0.352502	-0.352502
31.540678	0.110745	0.181258	-0.352502	-0.352502
31.550051	0.110745	0.181258	-0.352502	-0.352502
31.559425	0.110745	0.181258	-0.352502	-0.352502
31.568798	0.110745	0.171185	-0.352502	-0.362575
31.578173	0.110745	0.171185	-0.362575	-0.372648
31.587547	0.110745	0.181258	-0.372648	-0.382721
31.596920	0.110745	0.181258	-0.372648	-0.392795
31.606295	0.110745	0.191331	-0.362575	-0.402868
31.615669	0.110745	0.191331	-0.362575	-0.412941
31.625042	0.110745	0.191331	-0.352502	-0.412941
31.634417	0.110745	0.191331	-0.352502	-0.423014
31.643791	0.110745	0.191331	-0.352502	-0.412941
31.653164	0.120819	0.181258	-0.342429	-0.402868
31.662539	0.130892	0.181258	-0.352502	-0.392795
31.671913	0.130892	0.181258	-0.352502	-0.382721
31.681286	0.140965	0.181258	-0.362575	-0.372648
31.690660	0.140965	0.181258	-0.362575	-0.362575
31.700033	0.140965	0.181258	-0.362575	-0.352502
31.709408	0.140965	0.191331	-0.372648	-0.342429
31.718782	0.140965	0.191331	-0.372648	-0.332355
31.728155	0.140965	0.201404	-0.372648	-0.332355
31.737530	0.151038	0.191331	-0.362575	-0.342429
31.746904	0.151038	0.191331	-0.362575	-0.342429
31.756277	0.151038	0.191331	-0.362575	-0.342429
31.765652	0.161111	0.191331	-0.362575	-0.342429
31.775026	0.161111	0.191331	-0.362575	-0.352502
31.784399	0.161111	0.191331	-0.362575	-0.372648
31.793774	0.161111	0.191331	-0.362575	-0.382721
31.803148	0.161111	0.191331	-0.362575	-0.382721
31.812521	0.161111	0.191331	-0.362575	-0.382721
31.821896	0.171185	0.191331	-0.362575	-0.392795
31.831268	0.171185	0.191331	-0.362575	-0.392795
31.840643	0.171185	0.191331	-0.362575	-0.392795
31.850018	0.171185	0.191331	-0.362575	-0.382721
31.859390	0.171185	0.191331	-0.362575	-0.382721
31.868765	0.181258	0.191331	-0.362575	-0.392795
31.878139	0.181258	0.191331	-0.362575	-0.392795
31.887512	0.181258	0.201404	-0.372648	-0.382721
31.896887	0.171185	0.201404	-0.372648	-0.372648
31.906261	0.171185	0.201404	-0.372648	-0.362575
31.915634	0.171185	0.201404	-0.372648	-0.362575
31.925009	0.171185	0.201404	-0.382721	-0.362575
31.934383	0.161111	0.191331	-0.382721	-0.352502
31.943756	0.161111	0.181258	-0.382721	-0.342429
31.953131	0.161111	0.181258	-0.382721	-0.352502
31.962503	0.161111	0.171185	-0.382721	-0.352502
31.971878	0.171185	0.181258	-0.382721	-0.352502
31.981253	0.181258	0.181258	-0.382721	-0.352502
31.990625	0.181258	0.181258	-0.372648	-0.362575
