26.019428	0.060380	0.302076	-0.090659	-0.443161
26.028803	0.060380	0.302076	-0.090659	-0.443161
26.038176	0.050306	0.302076	-0.090659	-0.433087
26.047550	0.050306	0.302076	-0.090659	-0.433087
26.056923	0.050306	0.302076	-0.090659	-0.433087
26.066298	0.060380	0.292003	-0.080585	-0.443161
26.075672	0.050306	0.292003	-0.090659	-0.453234
26.085045	0.050306	0.292003	-0.100732	-0.453234
26.094419	0.040233	0.292003	-0.100732	-0.453234
26.103794	0.040233	0.292003	-0.110805	-0.453234
26.113167	0.040233	0.292003	-0.100732	-0.453234
26.122541	0.050306	0.292003	-0.100732	-0.463307
26.131916	0.050306	0.292003	-0.100732	-0.453234
26.141289	0.060380	0.302076	-0.100732	-0.443161
26.150663	0.060380	0.302076	-0.100732	-0.443161
26.160038	0.060380	0.292003	-0.110805	-0.453234
26.169411	0.060380	0.292003	-0.110805	-0.463307
26.178785	0.060380	0.281930	-0.100732	-0.473380
26.188158	0.060380	0.281930	-0.100732	-0.463307
26.197533	0.060380	0.281930	-0.100732	-0.463307
26.206907	0.060380	0.281930	-0.100732	-0.453234
26.216280	0.060380	0.281930	-0.100732	-0.453234
26.225655	0.060380	0.292003	-0.100732	-0.443161
26.235029	0.060380	0.292003	-0.100732	-0.453234
26.244402	0.070453	0.302076	-0.100732	-0.463307
26.253777	0.070453	0.302076	-0.100732	-0.473380
26.263151	0.070453	0.302076	-0.110805	-0.473380
26.272524	0.070453	0.302076	-0.100732	-0.463307
26.281898	0.070453	0.292003	-0.100732	-0.453234
26.291273	0.070453	0.292003	-0.090659	-0.453234
26.300646	0.070453	0.292003	-0.090659	-0.443161
26.310020	0.070453	0.302076	-0.100732	-0.443161
26.319393	0.060380	0.302076	-0.100732	-0.443161
26.328768	0.060380	0.302076	-0.110805	-0.443161
26.338142	0.060380	0.292003	-0.110805	-0.453234
26.347515	0.060380	0.292003	-0.110805	-0.443161
26.356890	0.060380	0.292003	-0.110805	-0.433087
26.366264	0.070453	0.292003	-0.110805	-0.423014
26.375637	0.070453	0.292003	-0.110805	-0.423014
26.385012	0.080526	0.302076	-0.110805	-0.433087
26.394386	0.080526	0.302076	-0.110805	-0.433087
26.403759	0.080526	0.302076	-0.110805	-0.433087
26.413134	0.070453	0.302076	-0.120878	-0.443161
26.422508	0.070453	0.292003	-0.130951	-0.443161
26.431881	0.060380	0.292003	-0.120878	-0.443161
26.441256	0.060380	0.302076	-0.120878	-0.433087
26.450628	0.070453	0.302076	-0.120878	-0.433087
26.460003	0.070453	0.302076	-0.120878	-0.433087
26.469378	0.080526	0.302076	-0.120878	-0.443161
26.478750	0.080526	0.292003	-0.110805	-0.453234
26.488125	0.090599	0.292003	-0.110805	-0.453234
26.497499	0.080526	0.292003	-0.120878	-0.453234
26.506872	0.080526	0.292003	-0.120878	-0.463307
26.516247	0.080526	0.292003	-0.120878	-0.463307
26.525621	0.080526	0.292003	-0.120878	-0.463307
26.534994	0.080526	0.292003	-0.110805	-0.473380
26.544369	0.080526	0.302076	-0.120878	-0.473380
26.553743	0.080526	0.302076	-0.120878	-0.473380
26.563116	0.080526	0.302076	-0.120878	-0.473380
26.572491	0.080526	0.292003	-0.130951	-0.463307
26.581863	0.080526	0.292003	-0.130951	-0.453234
26.591238	0.090599	0.281930	-0.130951	-0.453234
26.600613	0.090599	0.281930	-0.130951	-0.443161
26.609985	0.090599	0.281930	-0.130951	-0.443161
26.619360	0.090599	0.281930	-0.130951	-0.433087
26.628735	0.090599	0.281930	-0.141025	-0.423014
26.638107	0.090599	0.281930	-0.141025	-0.433087
26.647482	0.090599	0.281930	-0.141025	-0.443161
26.656857	0.090599	0.281930	-0.130951	-0.443161
26.666229	0.090599	0.292003	-0.130951	-0.443161
26.675604	0.090599	0.292003	-0.141025	-0.433087
26.684978	0.090599	0.292003	-0.141025	-0.433087
26.694351	0.090599	0.302076	-0.141025	-0.433087
26.703726	0.090599	0.302076	-0.141025	-0.433087
26.713099	0.080526	0.312150	-0.141025	-0.433087
26.722473	0.080526	0.302076	-0.141025	-0.443161
26.731848	0.080526	0.292003	-0.130951	-0.453234
26.741220	0.080526	0.292003	-0.130951	-0.443161
26.750595	0.080526	0.281930	-0.130951	-0.443161
26.759970	0.070453	0.281930	-0.130951	-0.443161
26.769342	0.080526	0.281930	-0.141025	-0.443161
26.778717	0.080526	0.281930	-0.141025	-0.433087
26.788092	0.090599	0.292003	-0.130951	-0.433087
26.797464	0.080526	0.292003	-0.130951	-0.423014
26.806839	0.080526	0.292003	-0.141025	-0.433087
26.816214	0.080526	0.292003	-0.151098	-0.433087
26.825586	0.080526	0.292003	-0.151098	-0.443161
26.834961	0.090599	0.292003	-0.141025	-0.443161
26.844334	0.080526	0.292003	-0.141025	-0.443161
26.853708	0.070453	0.292003	-0.161171	-0.433087
26.863083	0.070453	0.292003	-0.161171	-0.433087
26.872456	0.070453	0.292003	-0.161171	-0.433087
26.881830	0.070453	0.292003	-0.151098	-0.423014
26.891205	0.080526	0.292003	-0.151098	-0.423014
26.900578	0.080526	0.292003	-0.151098	-0.433087
26.909952	0.080526	0.292003	-0.151098	-0.443161
26.919327	0.080526	0.292003	-0.141025	-0.453234
26.928699	0.090599	0.292003	-0.141025	-0.453234
26.938074	0.080526	0.302076	-0.151098	-0.463307
26.947449	0.080526	0.302076	-0.161171	-0.463307
26.956821	0.070453	0.302076	-0.161171	-0.453234
26.966196	0.070453	0.302076	-0.151098	-0.453234
26.975569	0.070453	0.292003	-0.151098	-0.453234
26.984943	0.070453	0.292003	-0.161171	-0.463307
26.994318	0.070453	0.292003	-0.171244	-0.463307
27.003691	0.070453	0.281930	-0.161171	-0.453234
27.013065	0.080526	0.281930	-0.141025	-0.453234
27.022440	0.080526	0.281930	-0.141025	-0.453234
27.031813	0.090599	0.281930	-0.151098	-0.443161
27.041187	0.080526	0.271857	-0.151098	-0.443161
27.050562	0.080526	0.281930	-0.151098	-0.433087
27.059935	0.080526	0.281930	-0.151098	-0.433087
27.069309	0.070453	0.281930	-0.161171	-0.443161
27.078684	0.070453	0.281930	-0.161171	-0.453234
27.088057	0.070453	0.281930	-0.161171	-0.453234
27.097431	0.080526	0.281930	-0.161171	-0.443161
27.106804	0.080526	0.281930	-0.161171	-0.433087
27.116179	0.080526	0.281930	-0.171244	-0.423014
27.125553	0.080526	0.281930	-0.181317	-0.423014
27.134926	0.080526	0.292003	-0.181317	-0.433087
27.144300	0.080526	0.292003	-0.171244	-0.433087
27.153675	0.080526	0.292003	-0.171244	-0.443161
27.163048	0.090599	0.281930	-0.171244	-0.453234
27.172422	0.090599	0.292003	-0.171244	-0.453234
27.181797	0.090599	0.292003	-0.161171	-0.453234
27.191170	0.090599	0.292003	-0.161171	-0.443161
27.200544	0.080526	0.292003	-0.161171	-0.453234
27.209919	0.080526	0.302076	-0.161171	-0.453234
27.219292	0.090599	0.302076	-0.161171	-0.453234
27.228666	0.090599	0.312150	-0.151098	-0.453234
27.238039	0.090599	0.302076	-0.161171	-0.453234
27.247414	0.090599	0.302076	-0.161171	-0.463307
27.256788	0.090599	0.302076	-0.171244	-0.463307
27.266161	0.090599	0.302076	-0.171244	-0.453234
27.275536	0.090599	0.302076	-0.161171	-0.443161
27.284910	0.090599	0.312150	-0.161171	-0.423014
27.294283	0.090599	0.312150	-0.171244	-0.423014
27.303658	0.100672	0.302076	-0.171244	-0.433087
27.313032	0.100672	0.292003	-0.171244	-0.443161
27.322405	0.110745	0.281930	-0.171244	-0.443161
27.331779	0.100672	0.281930	-0.171244	-0.443161
27.341154	0.100672	0.271857	-0.181317	-0.433087
27.350527	0.090599	0.271857	-0.181317	-0.423014
27.359901	0.090599	0.271857	-0.171244	-0.423014
27.369274	0.090599	0.281930	-0.171244	-0.412941
27.378649	0.080526	0.271857	-0.171244	-0.412941
27.388023	0.080526	0.271857	-0.171244	-0.423014
27.397396	0.080526	0.261784	-0.161171	-0.423014
27.406771	0.080526	0.271857	-0.161171	-0.423014
27.416145	0.080526	0.271857	-0.161171	-0.423014
27.425518	0.090599	0.281930	-0.171244	-0.433087
27.434893	0.090599	0.281930	-0.171244	-0.433087
27.444267	0.100672	0.281930	-0.171244	-0.433087
27.453640	0.100672	0.281930	-0.181317	-0.423014
27.463015	0.100672	0.281930	-0.181317	-0.423014
27.472389	0.100672	0.271857	-0.181317	-0.423014
27.481762	0.100672	0.271857	-0.181317	-0.433087
27.491137	0.100672	0.271857	-0.181317	-0.433087
27.500509	0.110745	0.271857	-0.171244	-0.433087
27.509884	0.110745	0.261784	-0.171244	-0.423014
27.519258	0.110745	0.261784	-0.171244	-0.423014
27.528631	0.110745	0.261784	-0.171244	-0.412941
27.538006	0.110745	0.261784	-0.171244	-0.412941
27.547380	0.110745	0.261784	-0.171244	-0.423014
27.556753	0.100672	0.261784	-0.181317	-0.423014
27.566128	0.100672	0.261784	-0.181317	-0.433087
27.575502	0.100672	0.271857	-0.171244	-0.443161
27.584875	0.100672	0.271857	-0.171244	-0.433087
27.594250	0.100672	0.271857	-0.171244	-0.433087
27.603624	0.100672	0.271857	-0.171244	-0.433087
27.612997	0.100672	0.271857	-0.171244	-0.433087
27.622372	0.100672	0.271857	-0.171244	-0.433087
27.631744	0.100672	0.271857	-0.171244	-0.433087
27.641119	0.100672	0.261784	-0.181317	-0.443161
27.650494	0.100672	0.261784	-0.181317	-0.453234
27.659866	0.100672	0.261784	-0.181317	-0.453234
27.669241	0.100672	0.271857	-0.191391	-0.443161
27.678616	0.100672	0.271857	-0.201464	-0.443161
27.687988	0.110745	0.271857	-0.191391	-0.443161
27.697363	0.110745	0.271857	-0.191391	-0.433087
27.706738	0.110745	0.271857	-0.191391	-0.423014
27.716110	0.110745	0.271857	-0.191391	-0.423014
27.725485	0.110745	0.261784	-0.181317	-0.433087
27.734859	0.110745	0.261784	-0.181317	-0.443161
27.744232	0.100672	0.261784	-0.181317	-0.443161
27.753607	0.100672	0.261784	-0.191391	-0.443161
27.762980	0.100672	0.261784	-0.191391	-0.443161
27.772354	0.110745	0.261784	-0.181317	-0.433087
27.781729	0.110745	0.261784	-0.171244	-0.423014
27.791101	0.120819	0.271857	-0.171244	-0.423014
27.800476	0.120819	0.271857	-0.171244	-0.423014
27.809851	0.120819	0.271857	-0.181317	-0.423014
27.819223	0.120819	0.271857	-0.181317	-0.423014
27.828598	0.120819	0.261784	-0.181317	-0.423014
27.837973	0.120819	0.261784	-0.181317	-0.412941
27.847345	0.110745	0.271857	-0.191391	-0.412941
27.856720	0.110745	0.271857	-0.201464	-0.412941
27.866095	0.100672	0.281930	-0.201464	-0.412941
27.875467	0.100672	0.281930	-0.191391	-0.412941
27.884842	0.100672	0.281930	-0.181317	-0.423014
27.894215	0.100672	0.281930	-0.181317	-0.433087
27.903589	0.100672	0.281930	-0.181317	-0.443161
27.912964	0.100672	0.281930	-0.181317	-0.443161
27.922337	0.100672	0.281930	-0.181317	-0.443161
27.931711	0.090599	0.281930	-0.181317	-0.433087
27.941086	0.090599	0.281930	-0.181317	-0.433087
27.950459	0.100672	0.281930	-0.181317	-0.433087
27.959833	0.100672	0.281930	-0.171244	-0.423014
27.969208	0.100672	0.281930	-0.171244	-0.412941
27.978580	0.100672	0.281930	-0.181317	-0.412941
27.987955	0.100672	0.281930	-0.191391	-0.412941
27.997330	0.100672	0.292003	-0.191391	-0.412941
28.006702	0.110745	0.292003	-0.191391	-0.412941
28.016077	0.110745	0.292003	-0.181317	-0.412941
28.025450	0.120819	0.281930	-0.171244	-0.402868
28.034824	0.120819	0.281930	-0.181317	-0.402868
28.044199	0.120819	0.281930	-0.181317	-0.402868
28.053572	0.120819	0.271857	-0.181317	-0.402868
28.062946	0.120819	0.271857	-0.181317	-0.402868
28.072321	0.120819	0.271857	-0.191391	-0.402868
28.081694	0.120819	0.281930	-0.201464	-0.412941
28.091068	0.130892	0.281930	-0.201464	-0.412941
28.100443	0.130892	0.281930	-0.201464	-0.412941
28.109816	0.130892	0.281930	-0.201464	-0.423014
28.119190	0.130892	0.281930	-0.201464	-0.423014
28.128565	0.140965	0.281930	-0.201464	-0.433087
28.137938	0.140965	0.281930	-0.191391	-0.433087
28.147312	0.140965	0.271857	-0.201464	-0.433087
28.156685	0.140965	0.271857	-0.211537	-0.443161
28.166059	0.130892	0.261784	-0.221610	-0.453234
28.175434	0.130892	0.261784	-0.221610	-0.453234
28.184807	0.130892	0.261784	-0.211537	-0.453234
28.194181	0.140965	0.261784	-0.211537	-0.453234
28.203556	0.140965	0.271857	-0.211537	-0.453234
28.212929	0.140965	0.271857	-0.211537	-0.443161
28.222303	0.140965	0.281930	-0.211537	-0.433087
28.231678	0.140965	0.281930	-0.201464	-0.433087
28.241051	0.151038	0.281930	-0.201464	-0.433087
28.250425	0.140965	0.271857	-0.211537	-0.433087
28.259800	0.140965	0.271857	-0.211537	-0.433087
28.269173	0.140965	0.271857	-0.211537	-0.433087
28.278547	0.140965	0.271857	-0.201464	-0.433087
28.287920	0.140965	0.271857	-0.191391	-0.433087
28.297295	0.140965	0.271857	-0.201464	-0.433087
28.306669	0.140965	0.271857	-0.201464	-0.433087
28.316042	0.140965	0.271857	-0.201464	-0.423014
28.325417	0.151038	0.281930	-0.211537	-0.423014
28.334791	0.151038	0.271857	-0.221610	-0.433087
28.344164	0.151038	0.271857	-0.231683	-0.443161
28.353539	0.151038	0.271857	-0.231683	-0.433087
28.362913	0.151038	0.281930	-0.221610	-0.423014
28.372286	0.151038	0.281930	-0.221610	-0.423014
28.381660	0.151038	0.281930	-0.231683	-0.423014
28.391035	0.151038	0.281930	-0.241756	-0.412941
28.400408	0.151038	0.292003	-0.241756	-0.402868
28.409782	0.140965	0.292003	-0.241756	-0.402868
28.419155	0.140965	0.281930	-0.241756	-0.412941
28.428530	0.140965	0.281930	-0.241756	-0.412941
28.437904	0.140965	0.281930	-0.231683	-0.412941
28.447277	0.151038	0.281930	-0.221610	-0.412941
28.456652	0.161111	0.281930	-0.221610	-0.412941
28.466026	0.161111	0.281930	-0.221610	-0.412941
28.475399	0.151038	0.271857	-0.221610	-0.402868
28.484774	0.151038	0.271857	-0.221610	-0.402868
28.494148	0.151038	0.271857	-0.221610	-0.392795
28.503521	0.151038	0.281930	-0.221610	-0.402868
28.512896	0.140965	0.281930	-0.221610	-0.423014
28.522270	0.140965	0.271857	-0.231683	-0.433087
28.531643	0.140965	0.281930	-0.231683	-0.433087
28.541018	0.140965	0.281930	-0.231683	-0.423014
28.550390	0.151038	0.281930	-0.221610	-0.423014
28.559765	0.151038	0.281930	-0.231683	-0.433087
28.569139	0.140965	0.281930	-0.231683	-0.433087
28.578512	0.140965	0.281930	-0.241756	-0.423014
28.587887	0.140965	0.281930	-0.241756	-0.412941
28.597261	0.140965	0.281930	-0.231683	-0.412941
28.606634	0.151038	0.281930	-0.221610	-0.412941
28.616009	0.161111	0.281930	-0.221610	-0.412941
28.625383	0.161111	0.292003	-0.211537	-0.412941
28.634756	0.161111	0.292003	-0.221610	-0.412941
28.644131	0.161111	0.292003	-0.231683	-0.412941
28.653505	0.161111	0.281930	-0.241756	-0.423014
28.662878	0.161111	0.281930	-0.241756	-0.423014
28.672253	0.161111	0.281930	-0.241756	-0.423014
28.681625	0.161111	0.292003	-0.251830	-0.423014
28.691000	0.161111	0.292003	-0.251830	-0.423014
28.700375	0.161111	0.302076	-0.241756	-0.423014
28.709747	0.171185	0.302076	-0.241756	-0.423014
28.719122	0.171185	0.302076	-0.231683	-0.423014
28.728497	0.171185	0.302076	-0.231683	-0.412941
28.737869	0.161111	0.302076	-0.231683	-0.412941
28.747244	0.151038	0.302076	-0.231683	-0.412941
28.756618	0.151038	0.292003	-0.241756	-0.412941
28.765991	0.151038	0.302076	-0.251830	-0.412941
28.775366	0.151038	0.302076	-0.251830	-0.412941
28.784740	0.151038	0.302076	-0.241756	-0.412941
28.794113	0.161111	0.292003	-0.241756	-0.412941
28.803488	0.161111	0.292003	-0.241756	-0.412941
28.812860	0.161111	0.292003	-0.251830	-0.412941
28.822235	0.161111	0.292003	-0.261843	-0.423014
28.831610	0.161111	0.281930	-0.251830	-0.423014
28.840982	0.161111	0.292003	-0.251830	-0.423014
28.850357	0.161111	0.292003	-0.251830	-0.423014
28.859732	0.161111	0.292003	-0.251830	-0.423014
28.869104	0.161111	0.281930	-0.251830	-0.423014
28.878479	0.171185	0.281930	-0.241756	-0.423014
28.887854	0.171185	0.281930	-0.241756	-0.423014
28.897226	0.171185	0.281930	-0.251830	-0.423014
28.906601	0.171185	0.292003	-0.251830	-0.423014
28.915976	0.171185	0.292003	-0.251830	-0.423014
28.925348	0.181258	0.292003	-0.251830	-0.433087
28.934723	0.181258	0.292003	-0.251830	-0.433087
28.944096	0.181258	0.292003	-0.251830	-0.433087
28.953470	0.191331	0.292003	-0.251830	-0.433087
28.962845	0.191331	0.292003	-0.241756	-0.423014
28.972218	0.191331	0.302076	-0.241756	-0.412941
28.981592	0.191331	0.302076	-0.251830	-0.412941
28.990967	0.181258	0.302076	-0.271916	-0.412941
29.000340	0.181258	0.292003	-0.271916	-0.423014
29.009714	0.181258	0.281930	-0.271916	-0.433087
29.019089	0.181258	0.281930	-0.261843	-0.433087
29.028461	0.181258	0.271857	-0.251830	-0.433087
29.037836	0.181258	0.271857	-0.251830	-0.423014
29.047211	0.181258	0.281930	-0.241756	-0.423014
29.056583	0.181258	0.281930	-0.241756	-0.412941
29.065958	0.191331	0.281930	-0.251830	-0.423014
29.075331	0.191331	0.281930	-0.271916	-0.433087
29.084705	0.181258	0.281930	-0.271916	-0.433087
29.094080	0.181258	0.292003	-0.271916	-0.433087
29.103453	0.181258	0.281930	-0.261843	-0.433087
29.112827	0.171185	0.271857	-0.261843	-0.433087
29.122202	0.171185	0.261784	-0.271916	-0.443161
29.131575	0.161111	0.261784	-0.261843	-0.433087
29.140949	0.161111	0.261784	-0.261843	-0.423014
29.150324	0.161111	0.261784	-0.261843	-0.423014
29.159697	0.161111	0.261784	-0.271916	-0.423014
29.169071	0.161111	0.261784	-0.281990	-0.423014
29.178446	0.171185	0.261784	-0.271916	-0.423014
29.187819	0.171185	0.261784	-0.271916	-0.412941
29.197193	0.181258	0.271857	-0.271916	-0.412941
29.206566	0.181258	0.271857	-0.281990	-0.402868
29.215940	0.181258	0.271857	-0.281990	-0.392795
29.225315	0.181258	0.271857	-0.292063	-0.382721
29.234688	0.181258	0.271857	-0.292063	-0.382721
29.244062	0.181258	0.261784	-0.302136	-0.392795
29.253437	0.181258	0.251770	-0.302136	-0.402868
29.262810	0.191331	0.251770	-0.302136	-0.402868
29.272184	0.191331	0.251770	-0.292063	-0.392795
29.281559	0.201404	0.251770	-0.292063	-0.382721
29.290932	0.191331	0.251770	-0.292063	-0.392795
29.300306	0.191331	0.251770	-0.292063	-0.392795
29.309681	0.181258	0.251770	-0.292063	-0.392795
29.319054	0.181258	0.261784	-0.292063	-0.382721
29.328428	0.181258	0.261784	-0.302136	-0.382721
29.337801	0.181258	0.261784	-0.302136	-0.402868
29.347176	0.191331	0.261784	-0.292063	-0.412941
29.356550	0.191331	0.261784	-0.281990	-0.402868
29.365923	0.191331	0.261784	-0.271916	-0.392795
29.375298	0.191331	0.271857	-0.281990	-0.392795
29.384672	0.191331	0.261784	-0.281990	-0.392795
29.394045	0.181258	0.261784	-0.292063	-0.392795
29.403419	0.181258	0.261784	-0.292063	-0.392795
29.412794	0.171185	0.261784	-0.292063	-0.392795
29.422167	0.161111	0.261784	-0.292063	-0.402868
29.431541	0.171185	0.261784	-0.292063	-0.402868
29.440916	0.171185	0.271857	-0.281990	-0.402868
29.450289	0.181258	0.281930	-0.281990	-0.382721
29.459663	0.181258	0.281930	-0.271916	-0.372648
29.469036	0.181258	0.281930	-0.271916	-0.372648
29.478411	0.181258	0.281930	-0.281990	-0.382721
29.487785	0.171185	0.281930	-0.281990	-0.372648
29.497158	0.171185	0.281930	-0.281990	-0.372648
29.506533	0.171185	0.281930	-0.281990	-0.372648
29.515907	0.171185	0.281930	-0.281990	-0.382721
29.525280	0.171185	0.281930	-0.281990	-0.392795
29.534655	0.171185	0.281930	-0.281990	-0.392795
29.544029	0.171185	0.281930	-0.281990	-0.382721
29.553402	0.171185	0.281930	-0.292063	-0.382721
29.562777	0.171185	0.271857	-0.292063	-0.382721
29.572151	0.181258	0.261784	-0.292063	-0.382721
29.581524	0.181258	0.261784	-0.281990	-0.382721
29.590899	0.181258	0.261784	-0.281990	-0.382721
29.600271	0.181258	0.261784	-0.281990	-0.392795
29.609646	0.191331	0.271857	-0.271916	-0.402868
29.619020	0.191331	0.271857	-0.271916	-0.392795
29.628393	0.191331	0.271857	-0.271916	-0.382721
29.637768	0.191331	0.271857	-0.281990	-0.382721
29.647142	0.181258	0.271857	-0.281990	-0.392795
29.656515	0.181258	0.271857	-0.281990	-0.392795
29.665890	0.181258	0.271857	-0.281990	-0.392795
29.675264	0.181258	0.261784	-0.281990	-0.392795
29.684637	0.181258	0.261784	-0.281990	-0.392795
29.694012	0.181258	0.251770	-0.281990	-0.382721
29.703386	0.181258	0.251770	-0.271916	-0.382721
29.712759	0.181258	0.251770	-0.271916	-0.392795
29.722134	0.181258	0.261784	-0.281990	-0.392795
29.731506	0.181258	0.261784	-0.292063	-0.392795
29.740881	0.181258	0.261784	-0.292063	-0.392795
29.750256	0.181258	0.271857	-0.292063	-0.392795
29.759628	0.181258	0.261784	-0.292063	-0.402868
29.769003	0.191331	0.261784	-0.292063	-0.402868
29.778378	0.191331	0.261784	-0.292063	-0.392795
29.787750	0.191331	0.251770	-0.292063	-0.392795
29.797125	0.191331	0.251770	-0.292063	-0.392795
29.806499	0.191331	0.251770	-0.302136	-0.392795
29.815872	0.191331	0.251770	-0.302136	-0.392795
29.825247	0.181258	0.251770	-0.292063	-0.392795
29.834621	0.181258	0.251770	-0.281990	-0.392795
29.843994	0.181258	0.251770	-0.281990	-0.392795
29.853369	0.191331	0.251770	-0.281990	-0.392795
29.862741	0.191331	0.251770	-0.271916	-0.382721
29.872116	0.191331	0.261784	-0.271916	-0.372648
29.881491	0.191331	0.251770	-0.271916	-0.372648
29.890863	0.191331	0.251770	-0.281990	-0.372648
29.900238	0.181258	0.251770	-0.292063	-0.382721
29.909613	0.191331	0.251770	-0.292063	-0.382721
29.918985	0.181258	0.261784	-0.292063	-0.372648
29.928360	0.181258	0.261784	-0.292063	-0.372648
29.937735	0.181258	0.251770	-0.292063	-0.382721
29.947107	0.181258	0.241697	-0.292063	-0.382721
29.956482	0.181258	0.241697	-0.292063	-0.372648
29.965857	0.171185	0.241697	-0.292063	-0.362575
29.975229	0.171185	0.241697	-0.292063	-0.362575
29.984604	0.171185	0.241697	-0.292063	-0.362575
29.993977	0.171185	0.251770	-0.302136	-0.372648
30.003351	0.181258	0.251770	-0.302136	-0.372648
30.012726	0.181258	0.251770	-0.302136	-0.372648
30.022099	0.181258	0.251770	-0.302136	-0.372648
30.031473	0.181258	0.241697	-0.312209	-0.382721
30.040848	0.171185	0.241697	-0.302136	-0.382721
30.050220	0.181258	0.241697	-0.292063	-0.382721
30.059595	0.181258	0.241697	-0.292063	-0.392795
30.068970	0.181258	0.241697	-0.302136	-0.402868
30.078342	0.181258	0.241697	-0.312209	-0.402868
30.087717	0.181258	0.241697	-0.302136	-0.402868
30.097092	0.191331	0.251770	-0.292063	-0.392795
30.106464	0.181258	0.251770	-0.292063	-0.392795
30.115839	0.181258	0.251770	-0.292063	-0.392795
30.125212	0.181258	0.251770	-0.292063	-0.392795
30.134586	0.171185	0.251770	-0.292063	-0.392795
30.143961	0.171185	0.261784	-0.292063	-0.382721
30.153334	0.171185	0.261784	-0.292063	-0.392795
30.162708	0.171185	0.251770	-0.292063	-0.392795
30.172083	0.171185	0.251770	-0.292063	-0.392795
30.181456	0.181258	0.251770	-0.281990	-0.382721
30.190830	0.181258	0.251770	-0.271916	-0.372648
30.200205	0.191331	0.241697	-0.271916	-0.372648
30.209578	0.191331	0.241697	-0.281990	-0.362575
30.218952	0.191331	0.251770	-0.281990	-0.362575
30.228327	0.191331	0.251770	-0.292063	-0.362575
30.237700	0.191331	0.251770	-0.292063	-0.362575
30.247074	0.191331	0.251770	-0.302136	-0.362575
30.256447	0.191331	0.251770	-0.302136	-0.362575
30.265821	0.191331	0.251770	-0.281990	-0.352502
30.275196	0.191331	0.251770	-0.281990	-0.352502
30.284569	0.191331	0.251770	-0.281990	-0.352502
30.293943	0.181258	0.251770	-0.281990	-0.362575
30.303318	0.171185	0.251770	-0.281990	-0.362575
30.312691	0.171185	0.251770	-0.292063	-0.362575
30.322065	0.171185	0.251770	-0.292063	-0.352502
30.331440	0.181258	0.251770	-0.302136	-0.362575
30.340813	0.181258	0.251770	-0.302136	-0.362575
30.350187	0.181258	0.251770	-0.292063	-0.362575
30.359562	0.191331	0.251770	-0.292063	-0.352502
30.368935	0.191331	0.251770	-0.302136	-0.352502
30.378309	0.191331	0.251770	-0.312209	-0.362575
30.387682	0.191331	0.241697	-0.312209	-0.362575
30.397057	0.191331	0.241697	-0.312209	-0.362575
30.406431	0.201404	0.241697	-0.302136	-0.362575
30.415804	0.201404	0.241697	-0.302136	-0.372648
30.425179	0.201404	0.241697	-0.312209	-0.372648
30.434553	0.201404	0.241697	-0.312209	-0.372648
30.443926	0.201404	0.251770	-0.302136	-0.372648
30.453300	0.201404	0.261784	-0.302136	-0.372648
30.462675	0.191331	0.261784	-0.302136	-0.372648
30.472048	0.191331	0.251770	-0.302136	-0.382721
30.481422	0.201404	0.251770	-0.302136	-0.392795
30.490797	0.201404	0.251770	-0.302136	-0.392795
30.500170	0.201404	0.241697	-0.302136	-0.382721
30.509544	0.201404	0.241697	-0.302136	-0.382721
30.518917	0.201404	0.231624	-0.292063	-0.382721
30.528292	0.201404	0.231624	-0.302136	-0.382721
30.537666	0.201404	0.241697	-0.302136	-0.362575
30.547039	0.201404	0.241697	-0.312209	-0.362575
30.556414	0.201404	0.251770	-0.322282	-0.372648
30.565788	0.201404	0.251770	-0.322282	-0.372648
30.575161	0.201404	0.251770	-0.312209	-0.372648
30.584536	0.201404	0.251770	-0.302136	-0.362575
30.593910	0.201404	0.251770	-0.302136	-0.362575
30.603283	0.211477	0.251770	-0.292063	-0.362575
30.612658	0.211477	0.251770	-0.292063	-0.362575
30.622032	0.221550	0.251770	-0.302136	-0.362575
30.631405	0.211477	0.251770	-0.312209	-0.362575
30.640779	0.211477	0.251770	-0.322282	-0.362575
30.650152	0.201404	0.251770	-0.322282	-0.372648
30.659527	0.201404	0.251770	-0.322282	-0.372648
30.668901	0.191331	0.251770	-0.322282	-0.362575
30.678274	0.201404	0.251770	-0.322282	-0.352502
30.687649	0.201404	0.241697	-0.322282	-0.352502
30.697023	0.191331	0.241697	-0.312209	-0.352502
30.706396	0.191331	0.251770	-0.312209	-0.352502
30.715771	0.191331	0.241697	-0.312209	-0.352502
30.725145	0.191331	0.241697	-0.312209	-0.352502
30.734518	0.191331	0.241697	-0.312209	-0.362575
30.743893	0.201404	0.241697	-0.302136	-0.372648
30.753267	0.201404	0.241697	-0.302136	-0.372648
30.762640	0.201404	0.241697	-0.302136	-0.362575
30.772015	0.201404	0.251770	-0.302136	-0.362575
30.781387	0.201404	0.241697	-0.302136	-0.372648
30.790762	0.201404	0.241697	-0.302136	-0.372648
30.800137	0.191331	0.251770	-0.302136	-0.362575
30.809509	0.191331	0.251770	-0.312209	-0.362575
30.818884	0.191331	0.251770	-0.312209	-0.372648
30.828259	0.191331	0.251770	-0.312209	-0.372648
30.837631	0.191331	0.251770	-0.312209	-0.372648
30.847006	0.191331	0.251770	-0.322282	-0.362575
30.856380	0.181258	0.251770	-0.322282	-0.362575
30.865753	0.181258	0.251770	-0.322282	-0.362575
30.875128	0.191331	0.251770	-0.322282	-0.362575
30.884502	0.191331	0.251770	-0.322282	-0.362575
30.893875	0.191331	0.251770	-0.332355	-0.362575
30.903250	0.191331	0.251770	-0.322282	-0.362575
30.912622	0.191331	0.261784	-0.322282	-0.362575
30.921997	0.201404	0.261784	-0.312209	-0.362575
30.931372	0.201404	0.261784	-0.322282	-0.362575
30.940744	0.201404	0.261784	-0.322282	-0.362575
30.950119	0.201404	0.271857	-0.322282	-0.372648
30.959494	0.201404	0.261784	-0.322282	-0.372648
30.968866	0.201404	0.261784	-0.322282	-0.382721
30.978241	0.201404	0.251770	-0.322282	-0.382721
30.987616	0.201404	0.251770	-0.322282	-0.382721
30.996988	0.201404	0.261784	-0.312209	-0.372648
31.006363	0.201404	0.261784	-0.302136	-0.362575
31.015738	0.201404	0.261784	-0.302136	-0.362575
31.025110	0.201404	0.251770	-0.312209	-0.362575
31.034485	0.201404	0.251770	-0.312209	-0.362575
31.043858	0.201404	0.251770	-0.312209	-0.362575
31.053232	0.191331	0.251770	-0.302136	-0.362575
31.062607	0.191331	0.251770	-0.312209	-0.362575
31.071980	0.191331	0.241697	-0.312209	-0.362575
31.081354	0.191331	0.251770	-0.312209	-0.352502
31.090729	0.201404	0.251770	-0.302136	-0.342429
31.100101	0.201404	0.241697	-0.312209	-0.332355
31.109476	0.191331	0.241697	-0.322282	-0.342429
31.118851	0.201404	0.231624	-0.322282	-0.342429
31.128223	0.201404	0.221550	-0.312209	-0.342429
31.137598	0.201404	0.221550	-0.312209	-0.342429
31.146973	0.201404	0.211477	-0.312209	-0.342429
31.156345	0.201404	0.211477	-0.312209	-0.342429
31.165720	0.201404	0.211477	-0.312209	-0.342429
31.175093	0.201404	0.211477	-0.312209	-0.342429
31.184467	0.201404	0.221550	-0.312209	-0.342429
31.193842	0.191331	0.221550	-0.322282	-0.342429
31.203215	0.191331	0.211477	-0.322282	-0.342429
31.212589	0.201404	0.211477	-0.332355	-0.342429
31.221964	0.201404	0.211477	-0.322282	-0.342429
31.231337	0.201404	0.211477	-0.322282	-0.342429
31.240711	0.191331	0.211477	-0.322282	-0.342429
31.250086	0.191331	0.211477	-0.322282	-0.342429
31.259459	0.191331	0.221550	-0.322282	-0.342429
31.268833	0.191331	0.221550	-0.312209	-0.332355
31.278208	0.191331	0.221550	-0.312209	-0.322282
31.287580	0.191331	0.221550	-0.332355	-0.332355
31.296955	0.191331	0.211477	-0.332355	-0.342429
31.306328	0.191331	0.211477	-0.332355	-0.342429
31.315702	0.201404	0.211477	-0.322282	-0.332355
31.325077	0.201404	0.211477	-0.322282	-0.342429
31.334450	0.201404	0.201404	-0.332355	-0.342429
31.343824	0.201404	0.201404	-0.322282	-0.342429
31.353199	0.201404	0.201404	-0.322282	-0.332355
31.362572	0.211477	0.191331	-0.312209	-0.332355
31.371946	0.211477	0.191331	-0.312209	-0.342429
31.381321	0.211477	0.201404	-0.312209	-0.362575
31.390694	0.211477	0.201404	-0.312209	-0.362575
31.400068	0.211477	0.201404	-0.312209	-0.352502
31.409443	0.211477	0.201404	-0.312209	-0.342429
31.418816	0.211477	0.191331	-0.312209	-0.342429
31.428190	0.201404	0.191331	-0.322282	-0.352502
31.437563	0.201404	0.191331	-0.312209	-0.352502
31.446938	0.201404	0.191331	-0.312209	-0.352502
31.456312	0.201404	0.201404	-0.322282	-0.352502
31.465685	0.191331	0.201404	-0.332355	-0.362575
31.475060	0.191331	0.201404	-0.332355	-0.362575
31.484434	0.191331	0.211477	-0.322282	-0.352502
31.493807	0.191331	0.211477	-0.322282	-0.342429
31.503181	0.191331	0.211477	-0.322282	-0.342429
31.512556	0.191331	0.211477	-0.332355	-0.342429
31.521929	0.191331	0.211477	-0.332355	-0.342429
31.531303	0.201404	0.211477	-0.332355	-0.322282
31.540678	0.201404	0.211477	-0.332355	-0.322282
31.550051	0.201404	0.211477	-0.332355	-0.332355
31.559425	0.211477	0.201404	-0.342429	-0.332355
31.568798	0.211477	0.201404	-0.332355	-0.332355
31.578173	0.211477	0.211477	-0.332355	-0.322282
31.587547	0.211477	0.211477	-0.342429	-0.322282
31.596920	0.211477	0.211477	-0.342429	-0.322282
31.606295	0.211477	0.211477	-0.342429	-0.322282
31.615669	0.211477	0.211477	-0.342429	-0.332355
31.625042	0.211477	0.211477	-0.332355	-0.342429
31.634417	0.211477	0.211477	-0.332355	-0.352502
31.643791	0.221550	0.211477	-0.332355	-0.352502
31.653164	0.211477	0.221550	-0.332355	-0.352502
31.662539	0.211477	0.221550	-0.332355	-0.342429
31.671913	0.211477	0.221550	-0.332355	-0.332355
31.681286	0.211477	0.221550	-0.332355	-0.342429
31.690660	0.201404	0.211477	-0.332355	-0.342429
31.700033	0.201404	0.211477	-0.332355	-0.352502
31.709408	0.201404	0.211477	-0.332355	-0.342429
31.718782	0.201404	0.211477	-0.332355	-0.342429
31.728155	0.201404	0.211477	-0.332355	-0.352502
31.737530	0.201404	0.211477	-0.332355	-0.352502
31.746904	0.211477	0.221550	-0.332355	-0.342429
31.756277	0.211477	0.221550	-0.332355	-0.332355
31.765652	0.211477	0.221550	-0.342429	-0.322282
31.775026	0.211477	0.211477	-0.352502	-0.322282
31.784399	0.221550	0.211477	-0.352502	-0.322282
31.793774	0.221550	0.211477	-0.352502	-0.332355
31.803148	0.221550	0.211477	-0.342429	-0.332355
31.812521	0.221550	0.211477	-0.342429	-0.332355
31.821896	0.231624	0.211477	-0.342429	-0.332355
31.831268	0.231624	0.221550	-0.342429	-0.322282
31.840643	0.231624	0.221550	-0.332355	-0.312209
31.850018	0.221550	0.221550	-0.332355	-0.312209
31.859390	0.221550	0.211477	-0.332355	-0.312209
31.868765	0.221550	0.211477	-0.342429	-0.312209
31.878139	0.221550	0.211477	-0.342429	-0.322282
31.887512	0.221550	0.221550	-0.332355	-0.332355
31.896887	0.221550	0.221550	-0.332355	-0.332355
31.906261	0.221550	0.211477	-0.332355	-0.352502
31.915634	0.221550	0.211477	-0.332355	-0.362575
31.925009	0.221550	0.211477	-0.342429	-0.362575
31.934383	0.211477	0.211477	-0.342429	-0.362575
31.943756	0.211477	0.211477	-0.352502	-0.362575
31.953131	0.201404	0.211477	-0.362575	-0.362575
31.962503	0.201404	0.211477	-0.362575	-0.362575
31.971878	0.201404	0.211477	-0.362575	-0.352502
31.981253	0.201404	0.211477	-0.352502	-0.352502
31.990625	0.201404	0.211477	-0.352502	-0.352502
