20.958424	-0.030220	-0.030220	-0.020146	0.000000
20.989719	-0.020146	-0.030220	-0.010073	0.010014
21.021015	-0.010073	-0.030220	-0.010073	0.020087
21.052311	-0.020146	-0.040293	-0.010073	0.010014
21.083607	-0.030220	-0.040293	-0.010073	0.010014
21.114902	-0.030220	-0.030220	-0.010073	0.010014
21.146198	-0.030220	-0.030220	0.000000	0.010014
21.177494	-0.030220	-0.030220	0.000000	0.010014
21.208790	-0.030220	-0.020146	0.000000	0.010014
21.240086	-0.030220	-0.020146	0.000000	0.020087
21.271381	-0.030220	-0.020146	0.000000	0.030160
21.302677	-0.030220	-0.020146	0.010014	0.030160
21.333973	-0.030220	-0.030220	0.010014	0.020087
21.365271	-0.030220	-0.030220	0.020087	0.030160
21.396566	-0.030220	-0.030220	0.020087	0.030160
21.427862	-0.030220	-0.020146	0.030160	0.040233
21.459158	-0.030220	-0.020146	0.030160	0.040233
21.490454	-0.020146	-0.020146	0.030160	0.040233
21.521749	-0.020146	-0.020146	0.030160	0.050306
21.553045	-0.010073	-0.020146	0.030160	0.060380
21.584341	-0.010073	-0.020146	0.020087	0.060380
21.615637	-0.020146	-0.020146	0.020087	0.070453
21.646933	-0.030220	-0.020146	0.020087	0.070453
21.678228	-0.040293	-0.010073	0.010014	0.070453
21.709524	-0.040293	-0.010073	0.010014	0.080526
21.740820	-0.030220	-0.010073	0.020087	0.080526
21.772116	-0.020146	-0.010073	0.020087	0.080526
21.803411	-0.020146	-0.010073	0.020087	0.090599
21.834707	-0.010073	-0.010073	0.020087	0.100672
21.866005	-0.010073	-0.010073	0.020087	0.100672
21.897301	-0.020146	-0.010073	0.020087	0.110745
21.928596	-0.020146	-0.020146	0.030160	0.110745
21.959892	-0.020146	-0.020146	0.030160	0.110745
21.991188	-0.020146	-0.020146	0.040233	0.120819
22.022484	-0.010073	-0.020146	0.040233	0.130892
22.053780	-0.010073	-0.020146	0.050306	0.140965
22.085075	0.000000	-0.020146	0.050306	0.151038
22.116371	0.000000	-0.020146	0.060380	0.161111
22.147667	0.000000	-0.020146	0.070453	0.161111
22.178963	0.000000	-0.020146	0.060380	0.161111
22.210258	-0.010073	-0.010073	0.060380	0.171185
22.241554	-0.010073	-0.010073	0.060380	0.171185
22.272850	-0.010073	0.000000	0.060380	0.181258
22.304146	-0.010073	0.000000	0.060380	0.191331
22.335442	0.000000	0.000000	0.060380	0.191331
22.366739	0.000000	0.000000	0.060380	0.191331
22.398035	0.000000	0.010014	0.060380	0.201404
22.429331	0.000000	0.010014	0.070453	0.211477
22.460627	0.000000	0.010014	0.070453	0.221550
22.491922	0.000000	0.010014	0.080526	0.231624
22.523218	0.000000	0.010014	0.090599	0.241697
22.554514	0.000000	0.010014	0.090599	0.241697
22.585810	0.000000	0.020087	0.090599	0.261784
22.617105	0.000000	0.030160	0.090599	0.271857
22.648401	0.000000	0.030160	0.090599	0.281930
22.679697	0.000000	0.030160	0.090599	0.292003
22.710993	0.000000	0.030160	0.100672	0.302076
22.742289	-0.010073	0.020087	0.100672	0.312150
22.773584	-0.010073	0.020087	0.110745	0.322223
22.804880	-0.010073	0.020087	0.120819	0.332296
22.836176	-0.010073	0.010014	0.120819	0.352442
22.867474	-0.010073	0.020087	0.130892	0.372589
22.898769	0.000000	0.030160	0.130892	0.392735
22.930065	0.000000	0.030160	0.140965	0.412881
22.961361	0.000000	0.040233	0.130892	0.433028
22.992657	0.010014	0.050306	0.140965	0.443101
23.023952	0.010014	0.050306	0.140965	0.463247
23.055248	0.010014	0.040233	0.151038	0.473320
23.086544	0.010014	0.040233	0.161111	0.493467
23.117840	0.010014	0.040233	0.171185	0.513613
23.149136	0.010014	0.040233	0.171185	0.533700
23.180431	0.000000	0.050306	0.171185	0.573993
23.211727	0.000000	0.050306	0.181258	0.604212
23.243023	0.000000	0.060380	0.181258	0.634432
23.274319	0.000000	0.060380	0.191331	0.674725
23.305614	0.010014	0.060380	0.191331	0.704944
23.336912	0.010014	0.060380	0.201404	0.745237
23.368208	0.010014	0.060380	0.211477	0.785470
23.399504	0.020087	0.060380	0.221550	0.825763
23.430799	0.020087	0.060380	0.231624	0.866055
23.462095	0.020087	0.050306	0.241697	0.926495
23.493391	0.020087	0.050306	0.251770	0.997007
23.524687	0.010014	0.040233	0.261784	1.067460
23.555983	0.010014	0.040233	0.271857	1.158118
23.587278	0.000000	0.030160	0.281930	1.248777
23.618574	0.000000	0.020087	0.292003	1.359522
23.649870	0.010014	0.000000	0.292003	1.480401
23.681166	0.020087	-0.020146	0.302076	1.631439
23.712461	0.030160	-0.030220	0.312150	1.812696
23.743757	0.030160	-0.050366	0.322223	2.024233
23.775053	0.030160	-0.080585	0.332296	2.286077
23.806349	0.030160	-0.100732	0.352442	2.608299
23.837646	0.040233	-0.130951	0.362515	3.001094
23.868942	0.040233	-0.161171	0.372589	3.484488
23.900238	0.040233	-0.171244	0.392735	4.068613
23.931534	0.040233	-0.161171	0.402808	4.763484
23.962830	0.040233	-0.100732	0.422955	5.579233
23.994125	0.040233	0.010014	0.443101	6.495655
24.025421	0.040233	0.191331	0.463247	7.452428
24.056717	0.050306	0.463247	0.483394	8.378923
24.088013	0.050306	0.815690	0.513613	9.184599
24.119308	0.050306	1.228631	0.533700	9.758652
24.150604	0.050306	1.671731	0.553846	10.050714
24.181900	0.060380	2.084613	0.584066	10.060728
24.213196	0.060380	2.447188	0.614285	9.869396
24.244492	0.070453	2.749324	0.654578	9.516954
24.275787	0.070453	2.991021	0.694871	9.043574
24.307083	0.080526	3.192425	0.725091	8.449435
24.338381	0.080526	3.353536	0.765383	7.724345
24.369677	0.080526	3.504634	0.805616	6.838083
24.400972	0.070453	3.635526	0.855982	5.780637
24.432268	0.070453	3.746331	0.906348	4.552007
24.463564	0.070453	3.806770	0.966787	3.222644
24.494860	0.060380	3.806770	1.027226	1.903355
24.526155	0.040233	3.695965	1.097679	0.704944
24.557451	0.030160	3.474414	1.178265	-0.201464
24.588747	0.020087	3.162205	1.268923	-0.735223
24.620043	0.000000	2.769470	1.369596	-0.906408
24.651339	-0.020146	2.386749	1.480401	-0.835896
24.682634	-0.050366	2.024233	1.621366	-0.654638
24.713930	-0.080585	1.712024	1.782537	-0.443161
24.745226	-0.120878	1.460254	1.973867	-0.251830
24.776522	-0.171244	1.248777	2.215564	-0.110805
24.807819	-0.251830	1.077533	2.618372	0.000000
24.839115	-0.342429	0.936568	3.021240	0.090599
24.870411	-0.463307	0.825763	3.555000	0.151038
24.901707	-0.614345	0.735164	4.219651	0.201404
24.933002	-0.795603	0.654578	5.045474	0.241697
24.964298	-0.976920	0.584066	6.002188	0.271857
24.995594	-1.097739	0.513613	7.029414	0.292003
25.026890	-1.097739	0.463247	8.026421	0.302076
25.058186	-0.966847	0.422955	8.892536	0.322223
25.089481	-0.705004	0.392735	9.557188	0.322223
25.120777	-0.372648	0.362515	9.980202	0.332296
25.152073	-0.010073	0.352442	10.191679	0.332296
25.183369	0.352442	0.342369	10.221899	0.342369
25.214664	0.684798	0.332296	10.070801	0.342369
25.245960	0.986934	0.312150	9.768724	0.332296
25.277256	1.268923	0.302076	9.315491	0.322223
25.308554	1.591146	0.281930	8.681059	0.312150
25.339849	1.963794	0.251770	7.845163	0.302076
25.371145	2.437115	0.231624	6.777644	0.292003
25.402441	2.980947	0.211477	5.518794	0.281930
25.433737	3.504634	0.201404	4.159212	0.281930
25.465033	3.887296	0.191331	2.849996	0.271857
25.496328	4.038393	0.191331	1.742244	0.271857
25.527624	3.957808	0.191331	0.896275	0.261784
25.558920	3.695965	0.181258	0.342369	0.251770
25.590216	3.333449	0.161111	0.020087	0.241697
25.621511	2.910435	0.151038	-0.120878	0.231624
25.652807	2.497554	0.151038	-0.151098	0.231624
25.684103	2.124906	0.151038	-0.120878	0.221550
25.715399	1.792610	0.140965	-0.060439	0.221550
25.746695	1.520693	0.140965	0.010014	0.211477
25.777990	1.289070	0.140965	0.070453	0.211477
25.809288	1.097679	0.130892	0.120819	0.201404
25.840584	0.946641	0.120819	0.171185	0.191331
25.871880	0.825763	0.120819	0.201404	0.181258
25.903175	0.735164	0.120819	0.241697	0.171185
25.934471	0.654578	0.120819	0.261784	0.171185
25.965767	0.584066	0.120819	0.281930	0.161111
25.997063	0.523627	0.110745	0.302076	0.161111
26.028358	0.463247	0.110745	0.312150	0.151038
26.059654	0.412881	0.110745	0.322223	0.151038
26.090950	0.382662	0.100672	0.332296	0.151038
26.122246	0.352442	0.090599	0.332296	0.140965
26.153542	0.322223	0.090599	0.342369	0.140965
26.184837	0.312150	0.080526	0.332296	0.130892
26.216133	0.292003	0.080526	0.322223	0.120819
26.247429	0.281930	0.070453	0.312150	0.120819
26.278725	0.261784	0.070453	0.302076	0.120819
26.310022	0.251770	0.070453	0.292003	0.120819
26.341318	0.231624	0.070453	0.292003	0.110745
26.372614	0.231624	0.070453	0.281930	0.110745
26.403910	0.211477	0.070453	0.281930	0.110745
26.435205	0.201404	0.060380	0.271857	0.100672
26.466501	0.191331	0.060380	0.271857	0.090599
26.497797	0.181258	0.050306	0.261784	0.090599
26.529093	0.181258	0.050306	0.261784	0.090599
26.560389	0.171185	0.040233	0.251770	0.090599
26.591684	0.161111	0.040233	0.241697	0.090599
26.622980	0.140965	0.040233	0.231624	0.090599
26.654276	0.130892	0.050306	0.231624	0.090599
26.685572	0.130892	0.050306	0.221550	0.090599
26.716867	0.130892	0.050306	0.211477	0.090599
26.748163	0.130892	0.040233	0.201404	0.080526
26.779461	0.130892	0.040233	0.201404	0.080526
26.810757	0.120819	0.040233	0.191331	0.080526
26.842052	0.110745	0.040233	0.181258	0.080526
26.873348	0.100672	0.040233	0.171185	0.070453
26.904644	0.090599	0.040233	0.161111	0.070453
26.935940	0.090599	0.040233	0.161111	0.070453
26.967236	0.080526	0.040233	0.151038	0.070453
26.998531	0.080526	0.040233	0.151038	0.070453
27.029827	0.070453	0.030160	0.151038	0.070453
27.061123	0.070453	0.020087	0.151038	0.060380
27.092419	0.060380	0.020087	0.140965	0.060380
27.123714	0.060380	0.020087	0.130892	0.050306
27.155010	0.050306	0.020087	0.120819	0.050306
27.186306	0.050306	0.020087	0.110745	0.050306
27.217602	0.050306	0.020087	0.110745	0.040233
27.248898	0.060380	0.030160	0.110745	0.040233
27.280195	0.060380	0.030160	0.110745	0.040233
27.311491	0.060380	0.040233	0.100672	0.030160
27.342787	0.050306	0.040233	0.100672	0.040233
27.374083	0.050306	0.040233	0.100672	0.040233
27.405378	0.040233	0.050306	0.100672	0.040233
27.436674	0.040233	0.040233	0.100672	0.040233
27.467970	0.040233	0.040233	0.090599	0.040233
27.499266	0.040233	0.040233	0.080526	0.040233
27.530561	0.040233	0.030160	0.080526	0.040233
27.561857	0.030160	0.020087	0.070453	0.040233
27.593153	0.030160	0.010014	0.060380	0.030160
27.624449	0.040233	0.010014	0.060380	0.030160
27.655745	0.040233	0.010014	0.060380	0.030160
27.687040	0.040233	0.010014	0.050306	0.030160
27.718336	0.040233	0.020087	0.040233	0.040233
27.749632	0.030160	0.020087	0.040233	0.050306
27.780930	0.030160	0.020087	0.040233	0.050306
27.812225	0.040233	0.030160	0.040233	0.050306
27.843521	0.040233	0.030160	0.040233	0.050306
27.874817	0.040233	0.030160	0.050306	0.050306
27.906113	0.030160	0.030160	0.050306	0.050306
27.937408	0.030160	0.030160	0.050306	0.050306
27.968704	0.030160	0.020087	0.050306	0.050306
