24.978895	-0.302136	-6.113052	135.412689	132.804337
24.988270	-0.281990	-6.123126	135.412689	132.814407
24.997644	-0.271916	-6.133199	135.422760	132.814407
25.007017	-0.251830	-6.143272	135.422760	132.814407
25.016392	-0.251830	-6.143272	135.442917	132.804337
25.025766	-0.241756	-6.153345	135.442917	132.804337
25.035139	-0.251830	-6.153345	135.422760	132.784195
25.044514	-0.251830	-6.163418	135.402618	132.754028
25.053888	-0.261843	-6.163418	135.392548	132.733887
25.063261	-0.271916	-6.153345	135.402618	132.723816
25.072636	-0.281990	-6.143272	135.402618	132.713730
25.082010	-0.281990	-6.133199	135.412689	132.703659
25.091383	-0.302136	-6.133199	135.412689	132.703659
25.100758	-0.322282	-6.123126	135.412689	132.733887
25.110132	-0.342429	-6.113052	135.432846	132.774170
25.119505	-0.352502	-6.113052	135.452988	132.814407
25.128880	-0.342429	-6.123126	135.483200	132.834549
25.138254	-0.342429	-6.123126	135.513428	132.854706
25.147627	-0.332355	-6.123126	135.533569	132.864777
25.157001	-0.332355	-6.123126	135.563797	132.864777
25.166376	-0.352502	-6.133199	135.583939	132.844620
25.175749	-0.362575	-6.153345	135.594009	132.814407
25.185123	-0.372648	-6.153345	135.573868	132.774170
25.194498	-0.382721	-6.153345	135.543640	132.743958
25.203871	-0.392795	-6.153345	135.523499	132.723816
25.213245	-0.402868	-6.163418	135.493286	132.713730
25.222620	-0.412941	-6.183565	135.463058	132.713730
25.231993	-0.423014	-6.183565	135.442917	132.713730
25.241367	-0.433087	-6.183565	135.432846	132.733887
25.250742	-0.433087	-6.173491	135.422760	132.754028
25.260115	-0.423014	-6.163418	135.422760	132.774170
25.269489	-0.402868	-6.153345	135.412689	132.794266
25.278864	-0.402868	-6.133199	135.422760	132.814407
25.288237	-0.392795	-6.133199	135.432846	132.834549
25.297611	-0.402868	-6.123126	135.463058	132.834549
25.306986	-0.412941	-6.123126	135.483200	132.834549
25.316359	-0.423014	-6.123126	135.513428	132.834549
25.325733	-0.423014	-6.133199	135.553711	132.804337
25.335108	-0.412941	-6.133199	135.573868	132.774170
25.344481	-0.412941	-6.153345	135.583939	132.754028
25.353855	-0.423014	-6.163418	135.583939	132.733887
25.363228	-0.433087	-6.183565	135.583939	132.723816
25.372602	-0.443161	-6.193578	135.573868	132.733887
25.381977	-0.443161	-6.203651	135.573868	132.764099
25.391350	-0.453234	-6.193578	135.553711	132.784195
25.400724	-0.463307	-6.183565	135.543640	132.814407
25.410099	-0.473380	-6.173491	135.533569	132.834549
25.419472	-0.493526	-6.163418	135.513428	132.864777
25.428846	-0.493526	-6.163418	135.503357	132.894989
25.438221	-0.513673	-6.163418	135.493286	132.915146
25.447594	-0.523686	-6.163418	135.493286	132.915146
25.456968	-0.543833	-6.163418	135.493286	132.905060
25.466343	-0.553906	-6.173491	135.493286	132.884918
25.475716	-0.563979	-6.183565	135.493286	132.864777
25.485090	-0.574052	-6.193578	135.493286	132.834549
25.494465	-0.574052	-6.203651	135.503357	132.804337
25.503838	-0.574052	-6.223798	135.503357	132.764099
25.513212	-0.584126	-6.233871	135.503357	132.743958
25.522587	-0.574052	-6.233871	135.503357	132.733887
25.531960	-0.574052	-6.233871	135.493286	132.733887
25.541334	-0.563979	-6.233871	135.493286	132.743958
25.550709	-0.563979	-6.243944	135.483200	132.754028
25.560081	-0.563979	-6.243944	135.483200	132.784195
25.569456	-0.553906	-6.243944	135.483200	132.804337
25.578831	-0.553906	-6.233871	135.483200	132.844620
25.588203	-0.553906	-6.233871	135.493286	132.864777
25.597578	-0.553906	-6.223798	135.513428	132.874847
25.606953	-0.553906	-6.223798	135.543640	132.874847
25.616325	-0.563979	-6.213725	135.573868	132.874847
25.625700	-0.563979	-6.193578	135.594009	132.874847
25.635075	-0.574052	-6.153345	135.624176	132.884918
25.644447	-0.563979	-6.092906	135.654388	132.905060
25.653822	-0.563979	-6.002247	135.684616	132.935287
25.663197	-0.563979	-5.881429	135.704758	133.005798
25.672569	-0.563979	-5.730331	135.714828	133.096390
25.681944	-0.563979	-5.579293	135.704758	133.207199
25.691319	-0.563979	-5.478561	135.694687	133.297806
25.700691	-0.574052	-5.438268	135.674530	133.358246
25.710066	-0.594199	-5.448341	135.634247	133.378387
25.719440	-0.614345	-5.458415	135.583939	133.388458
25.728813	-0.634491	-5.468488	135.533569	133.398529
25.738188	-0.654638	-5.468488	135.503357	133.408600
25.747562	-0.664711	-5.478561	135.483200	133.408600
25.756935	-0.664711	-5.468488	135.483200	133.418686
25.766310	-0.654638	-5.468488	135.493286	133.408600
25.775684	-0.644565	-5.468488	135.503357	133.398529
25.785057	-0.634491	-5.478561	135.513428	133.388458
25.794432	-0.634491	-5.458415	135.523499	133.378387
25.803806	-0.624418	-5.418122	135.543640	133.368317
25.813179	-0.614345	-5.347669	135.573868	133.378387
25.822554	-0.604272	-5.236864	135.604080	133.418686
25.831928	-0.594199	-5.105972	135.634247	133.479126
25.841301	-0.604272	-4.975021	135.664459	133.569717
25.850676	-0.604272	-4.854202	135.674530	133.650299
25.860048	-0.604272	-4.793763	135.694687	133.700668
25.869423	-0.594199	-4.783690	135.704758	133.720810
25.878798	-0.594199	-4.783690	135.704758	133.751038
25.888170	-0.584126	-4.783690	135.684616	133.771179
25.897545	-0.584126	-4.783690	135.674530	133.801407
25.906919	-0.584126	-4.793763	135.654388	133.821487
25.916292	-0.604272	-4.793763	135.644318	133.831558
25.925667	-0.604272	-4.783690	135.654388	133.831558
25.935041	-0.604272	-4.773617	135.654388	133.831558
25.944414	-0.604272	-4.763544	135.654388	133.821487
25.953789	-0.604272	-4.753470	135.654388	133.831558
25.963163	-0.604272	-4.723251	135.664459	133.841629
25.972536	-0.624418	-4.672885	135.674530	133.871857
25.981911	-0.624418	-4.592359	135.684616	133.922226
25.991285	-0.634491	-4.481554	135.694687	134.002808
26.000658	-0.644565	-4.360735	135.694687	134.093399
26.010033	-0.664711	-4.239857	135.674530	134.173996
26.019407	-0.684857	-4.189491	135.654388	134.234436
26.028780	-0.705004	-4.189491	135.624176	134.274719
26.038155	-0.725150	-4.179418	135.583939	134.304947
26.047529	-0.735223	-4.169345	135.553711	134.335098
26.056902	-0.735223	-4.159272	135.533569	134.355240
26.066277	-0.735223	-4.169345	135.523499	134.365326
26.075651	-0.725150	-4.169345	135.533569	134.365326
26.085024	-0.705004	-4.189491	135.563797	134.345169
26.094398	-0.694931	-4.189491	135.604080	134.325027
26.103773	-0.684857	-4.199564	135.654388	134.304947
26.113146	-0.674784	-4.199564	135.704758	134.274719
26.122520	-0.664711	-4.199564	135.745056	134.244507
26.131895	-0.654638	-4.199564	135.785339	134.224350
26.141268	-0.644565	-4.199564	135.805481	134.204208
26.150642	-0.644565	-4.199564	135.815567	134.194138
26.160017	-0.644565	-4.199564	135.815567	134.204208
26.169390	-0.644565	-4.199564	135.815567	134.214279
26.178764	-0.654638	-4.199564	135.805481	134.234436
26.188139	-0.664711	-4.189491	135.785339	134.274719
26.197512	-0.674784	-4.189491	135.755127	134.315018
26.206886	-0.674784	-4.189491	135.724899	134.345169
26.216261	-0.684857	-4.189491	135.694687	134.375397
26.225634	-0.684857	-4.199564	135.674530	134.405609
26.235008	-0.705004	-4.209638	135.644318	134.425766
26.244383	-0.715077	-4.229784	135.624176	134.445908
26.253756	-0.735223	-4.229784	135.614090	134.445908
26.263130	-0.745296	-4.229784	135.624176	134.425766
26.272505	-0.755370	-4.219711	135.634247	134.395538
26.281878	-0.765443	-4.219711	135.644318	134.345169
26.291252	-0.765443	-4.219711	135.664459	134.304947
26.300627	-0.765443	-4.219711	135.694687	134.274719
26.309999	-0.765443	-4.209638	135.714828	134.264648
26.319374	-0.755370	-4.199564	135.734970	134.254578
26.328749	-0.755370	-4.199564	135.765198	134.254578
26.338121	-0.745296	-4.189491	135.775269	134.264648
26.347496	-0.735223	-4.189491	135.775269	134.274719
26.356869	-0.735223	-4.179418	135.765198	134.304947
26.366243	-0.735223	-4.169345	135.765198	134.315018
26.375618	-0.735223	-4.159272	135.765198	134.335098
26.384991	-0.725150	-4.149199	135.775269	134.335098
26.394365	-0.735223	-4.139125	135.795410	134.335098
26.403740	-0.745296	-4.129052	135.815567	134.315018
26.413113	-0.755370	-4.119039	135.835709	134.294861
26.422487	-0.745296	-4.119039	135.865921	134.264648
26.431862	-0.745296	-4.129052	135.886017	134.234436
26.441235	-0.745296	-4.129052	135.906158	134.204208
26.450609	-0.735223	-4.129052	135.916229	134.163910
26.459984	-0.735223	-4.119039	135.916229	134.153839
26.469357	-0.715077	-4.119039	135.906158	134.143768
26.478731	-0.705004	-4.129052	135.886017	134.163910
26.488106	-0.705004	-4.129052	135.865921	134.184067
26.497478	-0.715077	-4.119039	135.835709	134.214279
26.506853	-0.725150	-4.119039	135.795410	134.254578
26.516228	-0.735223	-4.108965	135.775269	134.294861
26.525600	-0.745296	-4.108965	135.745056	134.335098
26.534975	-0.755370	-4.088819	135.734970	134.385468
26.544350	-0.765443	-4.088819	135.714828	134.415680
26.553722	-0.795603	-4.088819	135.714828	134.435837
26.563097	-0.815749	-4.098892	135.724899	134.425766
26.572472	-0.835896	-4.119039	135.734970	134.415680
26.581844	-0.856042	-4.119039	135.745056	134.395538
26.591219	-0.866115	-4.129052	135.765198	134.365326
26.600594	-0.856042	-4.139125	135.785339	134.325027
26.609966	-0.856042	-4.139125	135.815567	134.284790
26.619341	-0.845969	-4.149199	135.845779	134.244507
26.628716	-0.825822	-4.139125	135.865921	134.224350
26.638088	-0.805676	-4.139125	135.886017	134.214279
26.647463	-0.795603	-4.129052	135.896088	134.224350
26.656837	-0.795603	-4.119039	135.896088	134.254578
26.666210	-0.785530	-4.088819	135.896088	134.304947
26.675585	-0.775456	-4.038453	135.886017	134.375397
26.684959	-0.775456	-3.967941	135.875946	134.455978
26.694332	-0.775456	-3.857195	135.865921	134.556717
26.703707	-0.765443	-3.736317	135.865921	134.637238
26.713081	-0.775456	-3.615439	135.875946	134.707748
26.722454	-0.785530	-3.565133	135.875946	134.727890
26.731829	-0.805676	-3.555059	135.886017	134.727890
26.741203	-0.805676	-3.565133	135.886017	134.707748
26.750576	-0.815749	-3.575206	135.896088	134.707748
26.759951	-0.825822	-3.595352	135.896088	134.697678
26.769325	-0.835896	-3.605425	135.886017	134.687607
26.778698	-0.835896	-3.615439	135.875946	134.687607
26.788073	-0.845969	-3.605425	135.865921	134.697678
26.797447	-0.866115	-3.585279	135.855850	134.717819
26.806820	-0.866115	-3.575206	135.845779	134.748047
26.816195	-0.856042	-3.565133	135.835709	134.778259
26.825569	-0.856042	-3.575206	135.815567	134.818558
26.834942	-0.856042	-3.575206	135.805481	134.838638
26.844316	-0.856042	-3.575206	135.795410	134.848709
26.853689	-0.856042	-3.565133	135.795410	134.838638
26.863064	-0.866115	-3.575206	135.795410	134.828629
26.872438	-0.876188	-3.575206	135.805481	134.808487
26.881811	-0.886261	-3.575206	135.825638	134.778259
26.891186	-0.896335	-3.575206	135.835709	134.748047
26.900560	-0.896335	-3.575206	135.845779	134.717819
26.909933	-0.906408	-3.565133	135.865921	134.707748
26.919308	-0.896335	-3.544986	135.896088	134.717819
26.928682	-0.876188	-3.524840	135.916229	134.727890
26.938055	-0.856042	-3.494620	135.936386	134.748047
26.947430	-0.845969	-3.454328	135.946457	134.778259
26.956804	-0.845969	-3.373742	135.946457	134.848709
26.966177	-0.856042	-3.283143	135.956528	134.939377
26.975552	-0.856042	-3.172338	135.956528	135.050171
26.984926	-0.856042	-3.101826	135.946457	135.140778
26.994299	-0.845969	-3.061593	135.926300	135.201218
27.003674	-0.845969	-3.051519	135.896088	135.211288
27.013048	-0.845969	-3.051519	135.865921	135.221359
27.022421	-0.845969	-3.051519	135.835709	135.211288
27.031796	-0.856042	-3.061593	135.805481	135.201218
27.041170	-0.866115	-3.071666	135.785339	135.181076
27.050543	-0.876188	-3.061593	135.775269	135.170990
27.059917	-0.896335	-3.061593	135.765198	135.150848
27.069292	-0.906408	-3.051519	135.765198	135.140778
27.078665	-0.906408	-3.041446	135.775269	135.150848
27.088039	-0.896335	-3.031373	135.785339	135.170990
27.097414	-0.896335	-3.001153	135.795410	135.201218
27.106787	-0.896335	-2.960861	135.815567	135.251587
27.116161	-0.906408	-2.910495	135.825638	135.322098
27.125536	-0.926554	-2.860129	135.845779	135.402618
27.134909	-0.946701	-2.789676	135.855850	135.493286
27.144283	-0.956774	-2.719164	135.865921	135.553711
27.153658	-0.956774	-2.668798	135.875946	135.594009
27.163031	-0.936627	-2.668798	135.886017	135.583939
27.172405	-0.926554	-2.678871	135.886017	135.553711
27.181780	-0.916481	-2.699018	135.886017	135.513428
27.191153	-0.916481	-2.719164	135.886017	135.473129
27.200527	-0.906408	-2.739310	135.906158	135.432846
27.209902	-0.896335	-2.749383	135.916229	135.412689
27.219275	-0.886261	-2.749383	135.936386	135.402618
27.228649	-0.886261	-2.749383	135.946457	135.392548
27.238024	-0.886261	-2.749383	135.946457	135.402618
27.247396	-0.886261	-2.739310	135.946457	135.412689
27.256771	-0.896335	-2.709091	135.946457	135.442917
27.266146	-0.896335	-2.678871	135.936386	135.483200
27.275518	-0.906408	-2.658725	135.926300	135.513428
27.284893	-0.916481	-2.658725	135.906158	135.533569
27.294268	-0.926554	-2.658725	135.875946	135.553711
27.303640	-0.936627	-2.648652	135.835709	135.563797
27.313015	-0.956774	-2.638578	135.795410	135.573868
27.322390	-0.986993	-2.638578	135.734970	135.573868
27.331762	-1.017213	-2.628505	135.694687	135.563797
27.341137	-1.037300	-2.638578	135.654388	135.553711
27.350510	-1.037300	-2.648652	135.634247	135.533569
27.359884	-1.017213	-2.648652	135.614090	135.523499
27.369259	-1.017213	-2.648652	135.614090	135.503357
27.378632	-1.007140	-2.658725	135.624176	135.493286
27.388006	-0.997066	-2.658725	135.664459	135.493286
27.397381	-0.986993	-2.658725	135.714828	135.493286
27.406754	-0.986993	-2.658725	135.765198	135.503357
27.416128	-0.986993	-2.658725	135.815567	135.523499
27.425503	-0.976920	-2.648652	135.855850	135.533569
27.434875	-0.966847	-2.648652	135.886017	135.533569
27.444250	-0.956774	-2.638578	135.906158	135.533569
27.453625	-0.966847	-2.638578	135.916229	135.533569
27.462997	-0.966847	-2.648652	135.926300	135.543640
27.472372	-0.986993	-2.658725	135.916229	135.543640
27.481747	-0.997066	-2.658725	135.875946	135.533569
27.491119	-1.017213	-2.658725	135.825638	135.513428
27.500494	-1.027286	-2.658725	135.765198	135.493286
27.509869	-1.037300	-2.648652	135.704758	135.483200
27.519241	-1.057446	-2.638578	135.664459	135.483200
27.528616	-1.077592	-2.638578	135.624176	135.483200
27.537991	-1.097739	-2.628505	135.594009	135.483200
27.547363	-1.097739	-2.628505	135.573868	135.493286
27.556738	-1.107812	-2.608359	135.553711	135.533569
27.566113	-1.107812	-2.598286	135.543640	135.563797
27.575485	-1.117885	-2.578139	135.533569	135.583939
27.584860	-1.117885	-2.558053	135.513428	135.614090
27.594234	-1.127958	-2.558053	135.503357	135.634247
27.603607	-1.127958	-2.568126	135.473129	135.634247
27.612982	-1.138031	-2.568126	135.432846	135.634247
27.622356	-1.158178	-2.578139	135.392548	135.624176
27.631729	-1.188397	-2.578139	135.352310	135.604080
27.641104	-1.218617	-2.588212	135.322098	135.573868
27.650478	-1.238763	-2.588212	135.281799	135.543640
27.659851	-1.248837	-2.598286	135.261658	135.513428
27.669226	-1.258910	-2.588212	135.241516	135.493286
27.678600	-1.248837	-2.588212	135.241516	135.473129
27.687973	-1.228690	-2.568126	135.251587	135.463058
27.697348	-1.208544	-2.568126	135.281799	135.452988
27.706722	-1.188397	-2.558053	135.312027	135.442917
27.716095	-1.188397	-2.568126	135.342239	135.442917
27.725470	-1.168251	-2.578139	135.362320	135.452988
27.734844	-1.168251	-2.578139	135.382477	135.473129
27.744217	-1.168251	-2.568126	135.392548	135.483200
27.753592	-1.168251	-2.568126	135.372406	135.493286
27.762966	-1.168251	-2.558053	135.322098	135.513428
27.772339	-1.168251	-2.558053	135.261658	135.533569
27.781713	-1.168251	-2.558053	135.191147	135.533569
27.791088	-1.188397	-2.558053	135.110550	135.533569
27.800461	-1.208544	-2.568126	135.030029	135.533569
27.809835	-1.228690	-2.568126	134.949448	135.543640
27.819210	-1.228690	-2.568126	134.889008	135.543640
27.828583	-1.218617	-2.558053	134.838638	135.533569
27.837957	-1.208544	-2.558053	134.808487	135.513428
27.847330	-1.198471	-2.547979	134.798401	135.513428
27.856705	-1.188397	-2.558053	134.798401	135.503357
27.866079	-1.168251	-2.558053	134.808487	135.513428
27.875452	-1.148105	-2.558053	134.838638	135.533569
27.884827	-1.117885	-2.547979	134.858780	135.553711
27.894201	-1.107812	-2.537906	134.878937	135.573868
27.903574	-1.087666	-2.517760	134.899078	135.583939
27.912949	-1.077592	-2.497613	134.909149	135.594009
27.922323	-1.047373	-2.477467	134.919220	135.594009
27.931696	-1.037300	-2.457321	134.909149	135.583939
27.941071	-1.017213	-2.467394	134.909149	135.573868
27.950445	-0.997066	-2.477467	134.909149	135.553711
27.959818	-0.976920	-2.497613	134.919220	135.533569
27.969193	-0.956774	-2.507687	134.929306	135.503357
27.978567	-0.936627	-2.517760	134.939377	135.473129
27.987940	-0.916481	-2.517760	134.969589	135.452988
27.997314	-0.896335	-2.517760	134.999817	135.452988
28.006689	-0.876188	-2.507687	135.019958	135.452988
28.016062	-0.876188	-2.497613	135.050171	135.473129
28.025436	-0.856042	-2.487540	135.060257	135.483200
28.034811	-0.856042	-2.467394	135.050171	135.493286
28.044184	-0.835896	-2.457321	135.040100	135.493286
28.053558	-0.815749	-2.437174	135.009888	135.503357
28.062933	-0.805676	-2.427101	134.989746	135.523499
28.072306	-0.805676	-2.417028	134.969589	135.543640
28.081680	-0.805676	-2.427101	134.939377	135.563797
28.091055	-0.795603	-2.427101	134.919220	135.573868
28.100428	-0.785530	-2.447248	134.899078	135.573868
28.109802	-0.765443	-2.457321	134.889008	135.573868
28.119177	-0.755370	-2.467394	134.899078	135.573868
28.128550	-0.745296	-2.477467	134.919220	135.573868
28.137924	-0.725150	-2.477467	134.969589	135.563797
28.147299	-0.694931	-2.487540	135.019958	135.543640
28.156672	-0.674784	-2.497613	135.080399	135.523499
28.166046	-0.654638	-2.497613	135.150848	135.503357
28.175421	-0.634491	-2.507687	135.221359	135.493286
28.184793	-0.604272	-2.507687	135.312027	135.493286
28.194168	-0.594199	-2.497613	135.392548	135.503357
28.203543	-0.574052	-2.477467	135.473129	135.523499
28.212915	-0.563979	-2.437174	135.543640	135.553711
28.222290	-0.553906	-2.396882	135.604080	135.594009
28.231665	-0.543833	-2.356589	135.644318	135.614090
28.241037	-0.543833	-2.326369	135.674530	135.654388
28.250412	-0.543833	-2.276063	135.694687	135.694687
28.259787	-0.543833	-2.215624	135.724899	135.745056
28.269159	-0.543833	-2.155185	135.755127	135.805481
28.278534	-0.543833	-2.104819	135.785339	135.855850
28.287909	-0.553906	-2.084672	135.815567	135.875946
28.297281	-0.563979	-2.084672	135.835709	135.865921
28.306656	-0.584126	-2.084672	135.835709	135.845779
28.316029	-0.604272	-2.094746	135.835709	135.835709
28.325403	-0.634491	-2.094746	135.825638	135.835709
28.334778	-0.654638	-2.094746	135.825638	135.845779
28.344151	-0.674784	-2.094746	135.825638	135.855850
28.353525	-0.684857	-2.084672	135.825638	135.865921
28.362900	-0.684857	-2.084672	135.815567	135.875946
28.372272	-0.694931	-2.074599	135.805481	135.906158
28.381647	-0.694931	-2.064526	135.805481	135.936386
28.391022	-0.705004	-2.034366	135.805481	135.976669
28.400394	-0.705004	-2.014220	135.815567	136.016968
28.409769	-0.715077	-1.984000	135.835709	136.057251
28.419144	-0.725150	-1.953781	135.875946	136.097549
28.428516	-0.735223	-1.913488	135.916229	136.147858
28.437891	-0.735223	-1.873195	135.956528	136.198227
28.447266	-0.745296	-1.832902	136.006897	136.228439
28.456638	-0.735223	-1.822829	136.057251	136.218369
28.466013	-0.725150	-1.802742	136.127716	136.208298
28.475388	-0.715077	-1.782596	136.188156	136.208298
28.484760	-0.715077	-1.762450	136.248596	136.218369
28.494135	-0.735223	-1.752377	136.278809	136.228439
28.503510	-0.755370	-1.752377	136.298950	136.238510
28.512882	-0.775456	-1.742303	136.319107	136.258667
28.522257	-0.765443	-1.752377	136.319107	136.278809
28.531631	-0.765443	-1.742303	136.309021	136.298950
28.541004	-0.775456	-1.732230	136.288879	136.319107
28.550379	-0.795603	-1.722157	136.268738	136.339249
28.559753	-0.815749	-1.712084	136.238510	136.359390
28.569126	-0.835896	-1.702011	136.218369	136.359390
28.578501	-0.856042	-1.712084	136.198227	136.349319
28.587875	-0.866115	-1.702011	136.167999	136.329178
28.597248	-0.876188	-1.702011	136.157928	136.319107
28.606623	-0.876188	-1.691937	136.147858	136.319107
28.615997	-0.866115	-1.671791	136.157928	136.339249
28.625370	-0.866115	-1.651645	136.157928	136.379547
28.634745	-0.866115	-1.611352	136.167999	136.419769
28.644119	-0.856042	-1.560986	136.178070	136.470139
28.653492	-0.866115	-1.510680	136.188156	136.520508
28.662867	-0.866115	-1.490533	136.188156	136.560791
28.672241	-0.866115	-1.470387	136.188156	136.580948
28.681614	-0.866115	-1.470387	136.188156	136.591019
28.690989	-0.866115	-1.470387	136.198227	136.601089
28.700363	-0.866115	-1.470387	136.208298	136.601089
28.709736	-0.866115	-1.470387	136.208298	136.591019
28.719110	-0.876188	-1.480460	136.218369	136.580948
28.728485	-0.876188	-1.480460	136.238510	136.570877
28.737858	-0.876188	-1.480460	136.288879	136.570877
28.747232	-0.866115	-1.480460	136.329178	136.560791
28.756607	-0.866115	-1.480460	136.369461	136.550720
28.765980	-0.856042	-1.470387	136.409698	136.560791
28.775354	-0.866115	-1.450241	136.449997	136.601089
28.784729	-0.866115	-1.440167	136.480209	136.631317
28.794102	-0.876188	-1.420021	136.510437	136.661469
28.803476	-0.876188	-1.399875	136.530579	136.701767
28.812849	-0.886261	-1.369655	136.530579	136.752136
28.822224	-0.886261	-1.359582	136.510437	136.792419
28.831598	-0.896335	-1.359582	136.480209	136.812561
28.840971	-0.916481	-1.369655	136.439926	136.822647
28.850346	-0.946701	-1.369655	136.389557	136.822647
28.859720	-0.966847	-1.379728	136.349319	136.822647
28.869093	-0.976920	-1.379728	136.309021	136.822647
28.878468	-0.976920	-1.389802	136.278809	136.802490
28.887842	-0.976920	-1.399875	136.258667	136.782349
28.897215	-0.976920	-1.409948	136.248596	136.762207
28.906590	-0.976920	-1.409948	136.268738	136.752136
28.915964	-0.986993	-1.399875	136.298950	136.752136
28.925337	-0.986993	-1.399875	136.339249	136.772278
28.934711	-0.997066	-1.399875	136.379547	136.782349
28.944086	-0.997066	-1.399875	136.419769	136.802490
28.953459	-0.997066	-1.409948	136.449997	136.832718
28.962833	-0.997066	-1.420021	136.490280	136.852859
28.972208	-1.017213	-1.420021	136.510437	136.873001
28.981581	-1.027286	-1.430094	136.510437	136.873001
28.990955	-1.037300	-1.420021	136.500366	136.873001
29.000330	-1.047373	-1.420021	136.480209	136.852859
29.009703	-1.057446	-1.420021	136.470139	136.832718
29.019077	-1.057446	-1.420021	136.460068	136.802490
29.028452	-1.067519	-1.420021	136.449997	136.782349
29.037825	-1.067519	-1.420021	136.449997	136.762207
29.047199	-1.067519	-1.409948	136.470139	136.742050
29.056574	-1.047373	-1.409948	136.510437	136.711838
29.065947	-1.047373	-1.420021	136.530579	136.691696
29.075321	-1.037300	-1.430094	136.560791	136.691696
29.084696	-1.027286	-1.420021	136.580948	136.711838
29.094069	-1.017213	-1.409948	136.611160	136.762207
29.103443	-1.017213	-1.399875	136.621231	136.812561
29.112818	-1.017213	-1.389802	136.611160	136.852859
29.122190	-1.017213	-1.389802	136.601089	136.883087
29.131565	-1.027286	-1.379728	136.580948	136.893158
29.140940	-1.027286	-1.379728	136.570877	136.883087
29.150312	-1.027286	-1.369655	136.550720	136.862930
29.159687	-1.027286	-1.379728	136.520508	136.842789
29.169062	-1.037300	-1.379728	136.500366	136.812561
29.178434	-1.037300	-1.389802	136.480209	136.782349
29.187809	-1.037300	-1.389802	136.470139	136.762207
29.197184	-1.027286	-1.399875	136.470139	136.742050
29.206556	-1.007140	-1.409948	136.490280	136.721909
29.215931	-0.997066	-1.409948	136.530579	136.721909
29.225306	-0.986993	-1.409948	136.560791	136.731979
29.234678	-0.986993	-1.399875	136.580948	136.752136
29.244053	-0.997066	-1.379728	136.611160	136.792419
29.253428	-1.007140	-1.359582	136.631317	136.822647
29.262800	-1.007140	-1.349509	136.651398	136.862930
29.272175	-1.017213	-1.329362	136.651398	136.903168
29.281549	-1.007140	-1.319289	136.631317	136.913239
29.290922	-1.017213	-1.309216	136.601089	136.913239
29.300297	-1.027286	-1.319289	136.580948	136.893158
29.309669	-1.037300	-1.329362	136.570877	136.862930
29.319044	-1.037300	-1.339436	136.570877	136.812561
29.328419	-1.037300	-1.349509	136.570877	136.752136
29.337791	-1.037300	-1.359582	136.580948	136.691696
29.347166	-1.037300	-1.359582	136.591019	136.631317
29.356541	-1.037300	-1.359582	136.611160	136.601089
29.365913	-1.027286	-1.349509	136.641388	136.580948
29.375288	-1.017213	-1.339436	136.661469	136.580948
29.384663	-1.017213	-1.329362	136.681610	136.601089
29.394035	-1.017213	-1.329362	136.681610	136.651398
29.403410	-1.027286	-1.329362	136.671539	136.691696
29.412785	-1.037300	-1.319289	136.641388	136.752136
29.422157	-1.027286	-1.309216	136.611160	136.802490
29.431532	-1.017213	-1.299143	136.591019	136.832718
29.440907	-1.017213	-1.299143	136.570877	136.852859
29.450279	-1.017213	-1.309216	136.560791	136.862930
29.459654	-1.017213	-1.309216	136.540649	136.842789
29.469028	-1.027286	-1.319289	136.520508	136.822647
29.478401	-1.037300	-1.329362	136.520508	136.792419
29.487776	-1.047373	-1.329362	136.520508	136.762207
29.497150	-1.047373	-1.339436	136.530579	136.742050
29.506523	-1.037300	-1.339436	136.560791	136.731979
29.515898	-1.017213	-1.359582	136.591019	136.721909
29.525272	-1.007140	-1.359582	136.611160	136.721909
29.534645	-1.007140	-1.359582	136.621231	136.731979
29.544020	-1.007140	-1.339436	136.631317	136.752136
29.553394	-1.007140	-1.339436	136.631317	136.762207
29.562767	-1.007140	-1.339436	136.641388	136.782349
29.572142	-1.027286	-1.339436	136.651398	136.792419
29.581516	-1.037300	-1.349509	136.661469	136.792419
29.590889	-1.047373	-1.339436	136.651398	136.772278
29.600264	-1.057446	-1.339436	136.641388	136.742050
29.609638	-1.067519	-1.359582	136.641388	136.681610
29.619011	-1.077592	-1.379728	136.651398	136.641388
29.628386	-1.067519	-1.399875	136.661469	136.611160
29.637760	-1.067519	-1.409948	136.681610	136.591019
29.647133	-1.057446	-1.420021	136.701767	136.570877
29.656507	-1.057446	-1.420021	136.721909	136.540649
29.665882	-1.067519	-1.420021	136.731979	136.530579
29.675255	-1.067519	-1.409948	136.742050	136.550720
29.684629	-1.067519	-1.389802	136.742050	136.570877
29.694004	-1.067519	-1.369655	136.731979	136.601089
29.703377	-1.067519	-1.349509	136.701767	136.631317
29.712751	-1.067519	-1.339436	136.671539	136.661469
29.722126	-1.067519	-1.329362	136.661469	136.701767
29.731499	-1.067519	-1.329362	136.641388	136.742050
29.740873	-1.067519	-1.319289	136.641388	136.772278
29.750248	-1.077592	-1.309216	136.631317	136.792419
29.759621	-1.087666	-1.299143	136.621231	136.812561
29.768995	-1.097739	-1.299143	136.621231	136.802490
29.778370	-1.097739	-1.309216	136.631317	136.782349
29.787743	-1.107812	-1.309216	136.641388	136.762207
29.797117	-1.097739	-1.309216	136.661469	136.752136
29.806490	-1.097739	-1.319289	136.681610	136.731979
29.815865	-1.087666	-1.339436	136.691696	136.711838
29.825239	-1.087666	-1.349509	136.711838	136.691696
29.834612	-1.097739	-1.359582	136.721909	136.661469
29.843987	-1.097739	-1.359582	136.721909	136.651398
29.853361	-1.107812	-1.359582	136.721909	136.641388
29.862734	-1.107812	-1.349509	136.711838	136.641388
29.872108	-1.107812	-1.339436	136.711838	136.641388
29.881483	-1.117885	-1.329362	136.691696	136.651398
29.890856	-1.138031	-1.319289	136.681610	136.661469
29.900230	-1.138031	-1.309216	136.681610	136.671539
29.909605	-1.138031	-1.299143	136.681610	136.691696
29.918978	-1.127958	-1.289070	136.691696	136.711838
29.928352	-1.117885	-1.279056	136.691696	136.731979
29.937727	-1.117885	-1.268983	136.701767	136.731979
29.947100	-1.117885	-1.279056	136.721909	136.742050
29.956474	-1.097739	-1.279056	136.752136	136.742050
29.965849	-1.087666	-1.279056	136.782349	136.742050
29.975222	-1.087666	-1.279056	136.802490	136.731979
29.984596	-1.077592	-1.268983	136.822647	136.731979
29.993971	-1.067519	-1.279056	136.832718	136.731979
30.003344	-1.057446	-1.279056	136.822647	136.731979
30.012718	-1.057446	-1.289070	136.792419	136.731979
30.022093	-1.047373	-1.289070	136.711838	136.731979
30.031466	-0.966847	-1.289070	136.580948	136.742050
30.040840	-0.856042	-1.268983	136.439926	136.762207
30.050215	-0.725150	-1.258910	136.309021	136.782349
30.059587	-0.644565	-1.258910	136.238510	136.792419
30.068962	-0.604272	-1.268983	136.278809	136.792419
30.078337	-0.604272	-1.279056	136.389557	136.782349
30.087709	-0.654638	-1.279056	136.500366	136.772278
30.097084	-0.735223	-1.279056	136.621231	136.742050
30.106459	-0.785530	-1.268983	136.762207	136.711838
30.115831	-0.775456	-1.268983	136.933380	136.681610
30.125206	-0.785530	-1.258910	137.054260	136.651398
30.134581	-0.825822	-1.248837	137.104630	136.631317
30.143953	-0.886261	-1.248837	137.114700	136.621231
30.153328	-0.916481	-1.248837	137.114700	136.621231
30.162703	-0.956774	-1.248837	137.094559	136.631317
30.172075	-0.986993	-1.238763	137.044189	136.631317
30.181450	-1.037300	-1.228690	136.983749	136.641388
30.190825	-1.087666	-1.208544	136.923309	136.661469
30.200197	-1.158178	-1.188397	136.862930	136.681610
30.209572	-1.228690	-1.168251	136.802490	136.711838
30.218946	-1.258910	-1.148105	136.762207	136.742050
30.228319	-1.279056	-1.148105	136.742050	136.752136
30.237694	-1.268983	-1.148105	136.752136	136.752136
30.247068	-1.299143	-1.148105	136.762207	136.742050
30.256441	-1.309216	-1.158178	136.792419	136.721909
30.265816	-1.279056	-1.178324	136.822647	136.691696
30.275190	-1.218617	-1.198471	136.852859	136.651398
30.284563	-1.178324	-1.198471	136.873001	136.631317
30.293938	-1.158178	-1.198471	136.883087	136.621231
30.303310	-1.168251	-1.188397	136.893158	136.621231
30.312685	-1.168251	-1.188397	136.893158	136.631317
30.322060	-1.168251	-1.188397	136.883087	136.631317
30.331432	-1.158178	-1.188397	136.862930	136.641388
30.340807	-1.138031	-1.168251	136.842789	136.661469
30.350182	-1.117885	-1.158178	136.792419	136.711838
30.359554	-1.057446	-1.148105	136.691696	136.782349
30.368929	-0.946701	-1.158178	136.550720	136.832718
30.378304	-0.815749	-1.158178	136.409698	136.873001
30.387676	-0.715077	-1.158178	136.288879	136.893158
30.397051	-0.654638	-1.168251	136.258667	136.883087
30.406425	-0.644565	-1.168251	136.319107	136.842789
30.415798	-0.705004	-1.168251	136.429840	136.802490
30.425173	-0.795603	-1.158178	136.560791	136.772278
30.434547	-0.866115	-1.158178	136.711838	136.752136
30.443920	-0.866115	-1.138031	136.873001	136.752136
30.453295	-0.866115	-1.127958	137.003906	136.762207
30.462669	-0.916481	-1.127958	137.064331	136.782349
30.472042	-0.976920	-1.127958	137.084488	136.802490
30.481417	-1.047373	-1.117885	137.084488	136.832718
30.490791	-1.097739	-1.117885	137.054260	136.852859
30.500164	-1.148105	-1.107812	137.013977	136.862930
30.509539	-1.178324	-1.107812	136.973679	136.883087
30.518913	-1.208544	-1.107812	136.923309	136.873001
30.528286	-1.268983	-1.097739	136.873001	136.883087
30.537661	-1.299143	-1.087666	136.842789	136.883087
30.547035	-1.309216	-1.087666	136.812561	136.862930
30.556408	-1.289070	-1.097739	136.802490	136.822647
30.565783	-1.309216	-1.097739	136.802490	136.782349
30.575157	-1.339436	-1.117885	136.822647	136.752136
30.584530	-1.359582	-1.127958	136.832718	136.721909
30.593904	-1.329362	-1.148105	136.852859	136.691696
30.603279	-1.279056	-1.148105	136.873001	136.681610
30.612652	-1.238763	-1.148105	136.893158	136.691696
30.622026	-1.208544	-1.148105	136.893158	136.731979
30.631401	-1.178324	-1.148105	136.822647	136.802490
30.640774	-1.127958	-1.158178	136.711838	136.873001
30.650148	-1.097739	-1.168251	136.580948	136.943466
30.659523	-1.067519	-1.158178	136.480209	136.993820
30.668896	-1.037300	-1.138031	136.460068	137.013977
30.678270	-1.017213	-1.127958	136.520508	137.013977
30.687645	-1.037300	-1.117885	136.611160	136.993820
30.697018	-1.077592	-1.117885	136.691696	136.963608
30.706392	-1.077592	-1.117885	136.782349	136.943466
30.715767	-1.047373	-1.117885	136.883087	136.913239
30.725140	-1.037300	-1.117885	136.963608	136.893158
30.734514	-1.027286	-1.127958	137.013977	136.873001
30.743889	-1.047373	-1.127958	137.044189	136.862930
30.753262	-1.047373	-1.127958	137.094559	136.862930
30.762636	-1.047373	-1.117885	137.154999	136.883087
30.772009	-1.057446	-1.117885	137.195236	136.893158
30.781384	-1.087666	-1.127958	137.205307	136.923309
30.790758	-1.138031	-1.127958	137.185150	136.943466
30.800131	-1.198471	-1.127958	137.144928	136.963608
30.809505	-1.258910	-1.138031	137.094559	136.973679
30.818880	-1.279056	-1.158178	137.034119	136.973679
30.828253	-1.289070	-1.188397	136.973679	136.963608
30.837627	-1.299143	-1.198471	136.913239	136.953537
30.847002	-1.339436	-1.218617	136.852859	136.953537
30.856375	-1.349509	-1.248837	136.812561	136.933380
30.865749	-1.329362	-1.289070	136.792419	136.933380
30.875124	-1.299143	-1.309216	136.782349	136.923309
30.884497	-1.279056	-1.319289	136.792419	136.923309
30.893871	-1.279056	-1.319289	136.822647	136.913239
30.903246	-1.279056	-1.309216	136.862930	136.913239
30.912619	-1.248837	-1.309216	136.913239	136.913239
30.921993	-1.228690	-1.289070	136.953537	136.923309
30.931368	-1.208544	-1.289070	136.973679	136.943466
30.940741	-1.188397	-1.268983	136.973679	136.973679
30.950115	-1.168251	-1.258910	136.963608	137.003906
30.959490	-1.158178	-1.258910	136.963608	137.024048
30.968863	-1.168251	-1.258910	136.953537	137.044189
30.978237	-1.178324	-1.248837	136.933380	137.054260
30.987612	-1.178324	-1.228690	136.893158	137.054260
30.996984	-1.168251	-1.218617	136.862930	137.044189
31.006359	-1.158178	-1.208544	136.832718	137.034119
31.015734	-1.148105	-1.208544	136.822647	137.013977
31.025106	-1.158178	-1.208544	136.822647	137.013977
31.034481	-1.158178	-1.218617	136.832718	137.013977
31.043856	-1.168251	-1.228690	136.852859	137.013977
31.053228	-1.168251	-1.248837	136.883087	137.003906
31.062603	-1.168251	-1.258910	136.913239	136.993820
31.071978	-1.168251	-1.258910	136.943466	136.983749
31.081350	-1.158178	-1.248837	136.973679	136.963608
31.090725	-1.158178	-1.248837	137.003906	136.953537
31.100100	-1.148105	-1.248837	137.013977	136.953537
31.109472	-1.158178	-1.258910	137.013977	136.953537
31.118847	-1.168251	-1.258910	136.993820	136.953537
31.128222	-1.178324	-1.268983	136.973679	136.963608
31.137594	-1.188397	-1.268983	136.943466	136.973679
31.146969	-1.188397	-1.268983	136.903168	136.973679
31.156343	-1.198471	-1.258910	136.873001	136.973679
31.165716	-1.198471	-1.238763	136.852859	136.963608
31.175091	-1.198471	-1.228690	136.852859	136.963608
31.184465	-1.198471	-1.228690	136.862930	136.973679
31.193838	-1.198471	-1.228690	136.883087	136.973679
31.203213	-1.198471	-1.238763	136.903168	136.973679
31.212587	-1.188397	-1.258910	136.933380	136.973679
31.221960	-1.188397	-1.289070	136.953537	136.963608
31.231335	-1.188397	-1.319289	136.983749	136.953537
31.240709	-1.208544	-1.329362	136.993820	136.943466
31.250082	-1.208544	-1.329362	137.003906	136.933380
31.259457	-1.218617	-1.309216	137.003906	136.933380
31.268829	-1.208544	-1.289070	137.003906	136.953537
31.278204	-1.208544	-1.268983	136.983749	136.973679
31.287579	-1.208544	-1.248837	136.953537	137.003906
31.296951	-1.208544	-1.248837	136.923309	137.024048
31.306326	-1.198471	-1.238763	136.893158	137.054260
31.315701	-1.198471	-1.238763	136.873001	137.054260
31.325073	-1.198471	-1.248837	136.862930	137.044189
31.334448	-1.198471	-1.248837	136.862930	137.013977
31.343822	-1.188397	-1.248837	136.883087	136.983749
31.353195	-1.168251	-1.248837	136.913239	136.963608
31.362570	-1.168251	-1.248837	136.943466	136.933380
31.371944	-1.148105	-1.248837	136.973679	136.913239
31.381317	-1.148105	-1.238763	137.003906	136.893158
31.390692	-1.148105	-1.238763	137.024048	136.873001
31.400066	-1.148105	-1.228690	137.034119	136.873001
31.409439	-1.158178	-1.238763	137.034119	136.873001
31.418814	-1.178324	-1.238763	137.013977	136.883087
31.428188	-1.178324	-1.238763	136.983749	136.903168
31.437561	-1.188397	-1.228690	136.953537	136.933380
31.446936	-1.188397	-1.228690	136.923309	136.983749
31.456310	-1.188397	-1.228690	136.923309	137.034119
31.465683	-1.198471	-1.228690	136.923309	137.074417
31.475058	-1.198471	-1.238763	136.933380	137.104630
31.484432	-1.208544	-1.238763	136.943466	137.124771
31.493805	-1.198471	-1.238763	136.963608	137.124771
31.503180	-1.188397	-1.248837	136.983749	137.094559
31.512554	-1.168251	-1.268983	137.003906	137.054260
31.521927	-1.158178	-1.268983	137.013977	137.024048
31.531301	-1.158178	-1.268983	137.024048	137.003906
31.540676	-1.158178	-1.268983	137.024048	136.983749
31.550049	-1.168251	-1.258910	136.993820	136.973679
31.559423	-1.168251	-1.238763	136.973679	136.973679
31.568798	-1.178324	-1.228690	136.943466	136.983749
31.578171	-1.178324	-1.228690	136.913239	137.003906
31.587545	-1.168251	-1.228690	136.893158	137.024048
31.596920	-1.168251	-1.218617	136.873001	137.054260
31.606293	-1.168251	-1.228690	136.873001	137.084488
31.615667	-1.158178	-1.218617	136.873001	137.114700
31.625042	-1.168251	-1.218617	136.883087	137.134857
31.634415	-1.158178	-1.208544	136.903168	137.144928
31.643789	-1.158178	-1.198471	136.943466	137.134857
31.653164	-1.148105	-1.198471	136.983749	137.114700
31.662537	-1.148105	-1.188397	137.034119	137.074417
31.671911	-1.138031	-1.198471	137.094559	137.044189
31.681286	-1.127958	-1.208544	137.144928	137.013977
31.690659	-1.107812	-1.218617	137.175079	136.993820
31.700033	-1.097739	-1.228690	137.185150	136.973679
31.709408	-1.097739	-1.238763	137.165009	136.963608
31.718781	-1.087666	-1.228690	137.134857	136.973679
31.728155	-1.087666	-1.228690	137.104630	136.993820
31.737530	-1.087666	-1.218617	137.074417	137.013977
31.746902	-1.087666	-1.208544	137.044189	137.044189
31.756277	-1.097739	-1.188397	137.013977	137.064331
31.765650	-1.117885	-1.178324	136.993820	137.084488
31.775024	-1.138031	-1.168251	136.983749	137.104630
31.784399	-1.148105	-1.168251	136.983749	137.124771
31.793772	-1.138031	-1.148105	136.983749	137.124771
31.803146	-1.138031	-1.138031	136.993820	137.124771
31.812521	-1.127958	-1.138031	136.993820	137.104630
31.821894	-1.127958	-1.148105	137.003906	137.074417
31.831268	-1.127958	-1.158178	137.013977	137.034119
31.840643	-1.117885	-1.168251	137.013977	137.013977
31.850016	-1.107812	-1.178324	137.013977	136.983749
31.859390	-1.097739	-1.178324	137.024048	136.963608
31.868765	-1.097739	-1.178324	137.024048	136.963608
31.878138	-1.097739	-1.178324	137.013977	136.963608
31.887512	-1.107812	-1.178324	137.003906	136.963608
31.896887	-1.107812	-1.168251	137.003906	136.973679
31.906260	-1.117885	-1.178324	136.993820	136.983749
31.915634	-1.127958	-1.178324	136.993820	136.993820
31.925009	-1.127958	-1.178324	136.983749	137.013977
31.934381	-1.127958	-1.158178	136.983749	137.044189
31.943756	-1.127958	-1.148105	136.983749	137.074417
31.953131	-1.117885	-1.138031	136.993820	137.104630
31.962503	-1.127958	-1.138031	137.013977	137.114700
31.971878	-1.117885	-1.117885	137.024048	137.124771
31.981253	-1.117885	-1.107812	137.054260	137.114700
31.990625	-1.117885	-1.107812	137.074417	137.104630
