20.958424	0.030160	0.010014	-0.010073	-0.040293
20.989719	0.030160	0.010014	-0.010073	-0.040293
21.021015	0.030160	0.010014	-0.010073	-0.050366
21.052311	0.030160	0.000000	-0.010073	-0.050366
21.083607	0.030160	0.000000	-0.010073	-0.050366
21.114902	0.030160	0.010014	-0.010073	-0.050366
21.146198	0.030160	0.010014	-0.010073	-0.050366
21.177494	0.030160	0.010014	-0.010073	-0.040293
21.208790	0.030160	0.010014	-0.020146	-0.040293
21.240086	0.030160	0.010014	-0.020146	-0.040293
21.271381	0.040233	0.000000	-0.020146	-0.040293
21.302677	0.050306	0.000000	-0.010073	-0.050366
21.333973	0.050306	0.000000	0.000000	-0.050366
21.365271	0.060380	0.000000	0.010014	-0.050366
21.396566	0.060380	0.000000	0.010014	-0.050366
21.427862	0.060380	0.010014	0.010014	-0.050366
21.459158	0.060380	0.010014	0.000000	-0.050366
21.490454	0.060380	0.000000	0.000000	-0.050366
21.521749	0.060380	0.000000	-0.010073	-0.060439
21.553045	0.060380	-0.010073	-0.010073	-0.060439
21.584341	0.060380	-0.010073	-0.010073	-0.060439
21.615637	0.060380	-0.010073	-0.010073	-0.060439
21.646933	0.050306	-0.010073	-0.020146	-0.060439
21.678228	0.040233	-0.010073	-0.020146	-0.060439
21.709524	0.040233	-0.010073	-0.020146	-0.060439
21.740820	0.030160	-0.010073	-0.020146	-0.070512
21.772116	0.030160	0.000000	-0.030220	-0.080585
21.803411	0.030160	0.000000	-0.030220	-0.080585
21.834707	0.030160	0.000000	-0.030220	-0.080585
21.866005	0.020087	0.000000	-0.030220	-0.080585
21.897301	0.020087	0.000000	-0.030220	-0.090659
21.928596	0.010014	0.000000	-0.040293	-0.090659
21.959892	0.010014	0.000000	-0.040293	-0.090659
21.991188	0.010014	-0.010073	-0.050366	-0.090659
22.022484	0.010014	-0.020146	-0.050366	-0.090659
22.053780	0.010014	-0.020146	-0.050366	-0.090659
22.085075	0.010014	-0.020146	-0.050366	-0.090659
22.116371	0.010014	-0.020146	-0.050366	-0.090659
22.147667	0.020087	-0.010073	-0.050366	-0.090659
22.178963	0.020087	-0.010073	-0.050366	-0.090659
22.210258	0.020087	-0.010073	-0.050366	-0.100732
22.241554	0.010014	0.000000	-0.050366	-0.100732
22.272850	0.010014	-0.010073	-0.050366	-0.110805
22.304146	0.020087	-0.010073	-0.050366	-0.110805
22.335442	0.020087	-0.020146	-0.040293	-0.110805
22.366739	0.020087	-0.020146	-0.040293	-0.120878
22.398035	0.020087	-0.020146	-0.040293	-0.110805
22.429331	0.010014	-0.020146	-0.040293	-0.110805
22.460627	0.000000	-0.030220	-0.050366	-0.110805
22.491922	0.000000	-0.030220	-0.050366	-0.120878
22.523218	-0.010073	-0.040293	-0.050366	-0.130951
22.554514	0.000000	-0.050366	-0.050366	-0.130951
22.585810	0.000000	-0.050366	-0.060439	-0.141025
22.617105	0.000000	-0.040293	-0.060439	-0.151098
22.648401	0.000000	-0.040293	-0.060439	-0.161171
22.679697	0.000000	-0.040293	-0.060439	-0.171244
22.710993	0.000000	-0.050366	-0.060439	-0.181317
22.742289	0.010014	-0.050366	-0.060439	-0.181317
22.773584	0.010014	-0.050366	-0.060439	-0.181317
22.804880	0.010014	-0.050366	-0.070512	-0.171244
22.836176	0.010014	-0.060439	-0.070512	-0.171244
22.867474	0.000000	-0.060439	-0.080585	-0.171244
22.898769	-0.010073	-0.050366	-0.080585	-0.181317
22.930065	-0.020146	-0.050366	-0.080585	-0.191391
22.961361	-0.020146	-0.060439	-0.080585	-0.201464
22.992657	-0.020146	-0.060439	-0.080585	-0.211537
23.023952	-0.010073	-0.070512	-0.080585	-0.221610
23.055248	-0.010073	-0.070512	-0.090659	-0.231683
23.086544	-0.010073	-0.070512	-0.090659	-0.231683
23.117840	-0.010073	-0.070512	-0.090659	-0.241756
23.149136	-0.010073	-0.070512	-0.090659	-0.261843
23.180431	-0.010073	-0.070512	-0.090659	-0.271916
23.211727	-0.010073	-0.080585	-0.090659	-0.281990
23.243023	-0.010073	-0.080585	-0.100732	-0.292063
23.274319	-0.010073	-0.090659	-0.100732	-0.302136
23.305614	-0.010073	-0.090659	-0.100732	-0.312209
23.336912	-0.010073	-0.080585	-0.110805	-0.322282
23.368208	-0.010073	-0.080585	-0.110805	-0.332355
23.399504	-0.010073	-0.080585	-0.120878	-0.352502
23.430799	-0.010073	-0.080585	-0.120878	-0.362575
23.462095	-0.010073	-0.080585	-0.120878	-0.382721
23.493391	-0.020146	-0.080585	-0.120878	-0.392795
23.524687	-0.020146	-0.090659	-0.120878	-0.402868
23.555983	-0.020146	-0.090659	-0.130951	-0.423014
23.587278	-0.030220	-0.100732	-0.141025	-0.443161
23.618574	-0.030220	-0.110805	-0.141025	-0.473380
23.649870	-0.030220	-0.120878	-0.141025	-0.493526
23.681166	-0.030220	-0.130951	-0.141025	-0.523686
23.712461	-0.030220	-0.130951	-0.141025	-0.543833
23.743757	-0.040293	-0.130951	-0.151098	-0.584126
23.775053	-0.040293	-0.120878	-0.161171	-0.614345
23.806349	-0.040293	-0.110805	-0.171244	-0.654638
23.837646	-0.030220	-0.090659	-0.181317	-0.705004
23.868942	-0.030220	-0.080585	-0.181317	-0.755370
23.900238	-0.030220	-0.060439	-0.191391	-0.815749
23.931534	-0.040293	-0.030220	-0.191391	-0.896335
23.962830	-0.040293	0.000000	-0.191391	-0.986993
23.994125	-0.050366	0.040233	-0.201464	-1.107812
24.025421	-0.060439	0.080526	-0.211537	-1.258910
24.056717	-0.060439	0.130892	-0.221610	-1.460314
24.088013	-0.050366	0.171185	-0.231683	-1.702011
24.119308	-0.050366	0.221550	-0.231683	-1.994073
24.150604	-0.050366	0.261784	-0.241756	-2.356589
24.181900	-0.050366	0.271857	-0.251830	-2.779603
24.213196	-0.050366	0.251770	-0.261843	-3.262997
24.244492	-0.050366	0.171185	-0.271916	-3.776610
24.275787	-0.050366	-0.010073	-0.281990	-4.290223
24.307083	-0.060439	-0.292063	-0.292063	-4.743397
24.338381	-0.070512	-0.694931	-0.302136	-5.075753
24.369677	-0.070512	-1.198471	-0.312209	-5.257010
24.400972	-0.070512	-1.742303	-0.322282	-5.246937
24.432268	-0.060439	-2.276063	-0.342429	-5.075753
24.463564	-0.070512	-2.759457	-0.362575	-4.793763
24.494860	-0.070512	-3.172338	-0.382721	-4.411042
24.526155	-0.080585	-3.514767	-0.392795	-3.967941
24.557451	-0.080585	-3.796756	-0.412941	-3.464401
24.588747	-0.090659	-4.018307	-0.433087	-2.890348
24.620043	-0.090659	-4.179418	-0.463307	-2.276063
24.651339	-0.100732	-4.270077	-0.483453	-1.621425
24.682634	-0.100732	-4.270077	-0.523686	-0.986993
24.713930	-0.100732	-4.159272	-0.553906	-0.433087
24.745226	-0.100732	-3.927648	-0.574052	0.000000
24.776522	-0.100732	-3.595352	-0.604272	0.261784
24.807819	-0.090659	-3.182411	-0.644565	0.352442
24.839115	-0.080585	-2.739310	-0.674784	0.322223
24.870411	-0.060439	-2.336442	-0.725150	0.211477
24.901707	-0.040293	-1.973927	-0.775456	0.100672
24.933002	-0.010073	-1.681864	-0.845969	0.000000
24.964298	0.030160	-1.440167	-0.946701	-0.080585
24.995594	0.080526	-1.238763	-1.057446	-0.130951
25.026890	0.151038	-1.087666	-1.198471	-0.171244
25.058186	0.231624	-0.956774	-1.389802	-0.201464
25.089481	0.332296	-0.856042	-1.621425	-0.231683
25.120777	0.463247	-0.765443	-1.923561	-0.251830
25.152073	0.604212	-0.684857	-2.306283	-0.271916
25.183369	0.765383	-0.624418	-2.779603	-0.281990
25.214664	0.876129	-0.563979	-3.303289	-0.281990
25.245960	0.886202	-0.513673	-3.857195	-0.281990
25.277256	0.745237	-0.473380	-4.380882	-0.281990
25.308554	0.433028	-0.443161	-4.813910	-0.271916
25.339849	0.000000	-0.412941	-5.136192	-0.261843
25.371145	-0.503600	-0.392795	-5.307376	-0.251830
25.402441	-1.027286	-0.372648	-5.357742	-0.241756
25.433737	-1.530826	-0.352502	-5.267084	-0.231683
25.465033	-2.014220	-0.342429	-5.065680	-0.231683
25.496328	-2.467394	-0.322282	-4.753470	-0.231683
25.527624	-2.910495	-0.302136	-4.330516	-0.231683
25.558920	-3.343582	-0.281990	-3.816903	-0.231683
25.590216	-3.756464	-0.271916	-3.222704	-0.231683
25.621511	-4.098892	-0.261843	-2.588212	-0.221610
25.652807	-4.290223	-0.251830	-1.963854	-0.211537
25.684103	-4.300296	-0.241756	-1.409948	-0.201464
25.715399	-4.119039	-0.241756	-0.966847	-0.181317
25.746695	-3.796756	-0.231683	-0.634491	-0.171244
25.777990	-3.393888	-0.221610	-0.423014	-0.171244
25.809288	-2.970934	-0.211537	-0.292063	-0.171244
25.840584	-2.547979	-0.201464	-0.231683	-0.171244
25.871880	-2.175331	-0.191391	-0.201464	-0.161171
25.903175	-1.842976	-0.181317	-0.201464	-0.161171
25.934471	-1.581132	-0.171244	-0.211537	-0.161171
25.965767	-1.359582	-0.161171	-0.221610	-0.161171
25.997063	-1.168251	-0.161171	-0.231683	-0.151098
26.028358	-1.017213	-0.161171	-0.251830	-0.151098
26.059654	-0.896335	-0.161171	-0.261843	-0.151098
26.090950	-0.795603	-0.161171	-0.271916	-0.151098
26.122246	-0.705004	-0.151098	-0.281990	-0.141025
26.153542	-0.634491	-0.151098	-0.281990	-0.141025
26.184837	-0.574052	-0.151098	-0.271916	-0.141025
26.216133	-0.523686	-0.141025	-0.271916	-0.141025
26.247429	-0.483453	-0.130951	-0.261843	-0.141025
26.278725	-0.443161	-0.120878	-0.261843	-0.141025
26.310022	-0.412941	-0.110805	-0.251830	-0.130951
26.341318	-0.382721	-0.110805	-0.251830	-0.130951
26.372614	-0.362575	-0.100732	-0.241756	-0.130951
26.403910	-0.342429	-0.090659	-0.241756	-0.130951
26.435205	-0.322282	-0.090659	-0.231683	-0.130951
26.466501	-0.302136	-0.080585	-0.231683	-0.130951
26.497797	-0.292063	-0.080585	-0.221610	-0.120878
26.529093	-0.281990	-0.090659	-0.221610	-0.120878
26.560389	-0.271916	-0.090659	-0.221610	-0.110805
26.591684	-0.251830	-0.090659	-0.221610	-0.110805
26.622980	-0.231683	-0.090659	-0.211537	-0.110805
26.654276	-0.221610	-0.080585	-0.211537	-0.110805
26.685572	-0.201464	-0.080585	-0.201464	-0.110805
26.716867	-0.191391	-0.080585	-0.191391	-0.110805
26.748163	-0.181317	-0.080585	-0.181317	-0.110805
26.779461	-0.181317	-0.080585	-0.181317	-0.110805
26.810757	-0.181317	-0.080585	-0.181317	-0.110805
26.842052	-0.171244	-0.070512	-0.181317	-0.110805
26.873348	-0.171244	-0.070512	-0.181317	-0.100732
26.904644	-0.161171	-0.070512	-0.171244	-0.100732
26.935940	-0.151098	-0.060439	-0.171244	-0.100732
26.967236	-0.141025	-0.060439	-0.161171	-0.110805
26.998531	-0.130951	-0.060439	-0.161171	-0.110805
27.029827	-0.130951	-0.060439	-0.161171	-0.100732
27.061123	-0.130951	-0.060439	-0.161171	-0.100732
27.092419	-0.130951	-0.060439	-0.161171	-0.100732
27.123714	-0.120878	-0.050366	-0.161171	-0.100732
27.155010	-0.120878	-0.050366	-0.151098	-0.100732
27.186306	-0.110805	-0.050366	-0.151098	-0.100732
27.217602	-0.100732	-0.050366	-0.141025	-0.100732
27.248898	-0.100732	-0.050366	-0.141025	-0.100732
27.280195	-0.090659	-0.050366	-0.130951	-0.100732
27.311491	-0.080585	-0.050366	-0.130951	-0.100732
27.342787	-0.070512	-0.050366	-0.120878	-0.090659
27.374083	-0.070512	-0.050366	-0.110805	-0.090659
27.405378	-0.060439	-0.050366	-0.110805	-0.080585
27.436674	-0.060439	-0.040293	-0.110805	-0.080585
27.467970	-0.070512	-0.040293	-0.110805	-0.080585
27.499266	-0.070512	-0.030220	-0.100732	-0.080585
27.530561	-0.070512	-0.030220	-0.100732	-0.080585
27.561857	-0.070512	-0.030220	-0.100732	-0.080585
27.593153	-0.070512	-0.020146	-0.100732	-0.080585
27.624449	-0.060439	-0.030220	-0.100732	-0.080585
27.655745	-0.060439	-0.030220	-0.100732	-0.090659
27.687040	-0.050366	-0.030220	-0.090659	-0.090659
27.718336	-0.050366	-0.030220	-0.100732	-0.090659
27.749632	-0.050366	-0.030220	-0.100732	-0.100732
27.780930	-0.050366	-0.030220	-0.100732	-0.100732
27.812225	-0.040293	-0.030220	-0.100732	-0.100732
27.843521	-0.030220	-0.040293	-0.090659	-0.100732
27.874817	-0.030220	-0.040293	-0.090659	-0.100732
27.906113	-0.030220	-0.040293	-0.090659	-0.100732
27.937408	-0.030220	-0.040293	-0.090659	-0.100732
27.968704	-0.040293	-0.040293	-0.090659	-0.090659
