20.958424	-0.046998	0.030205	-43.005928	-43.116703
20.989719	-0.053719	0.023484	-43.009281	-43.113350
21.021015	-0.060439	0.016779	-43.015987	-43.113350
21.052311	-0.067145	0.013426	-43.026058	-43.116703
21.083607	-0.070497	0.013426	-43.032780	-43.116703
21.114902	-0.070497	0.006706	-43.032780	-43.130131
21.146198	-0.067145	0.000000	-43.029427	-43.146908
21.177494	-0.060439	0.003353	-43.022709	-43.153629
21.208790	-0.060439	0.010058	-43.022709	-43.163700
21.240086	-0.060439	0.013426	-43.022709	-43.173775
21.271381	-0.060439	0.020131	-43.022709	-43.180481
21.302677	-0.063792	0.020131	-43.022709	-43.180481
21.333973	-0.063792	0.013426	-43.022709	-43.180481
21.365271	-0.060439	0.006706	-43.026058	-43.183834
21.396566	-0.057071	0.000000	-43.029427	-43.180481
21.427862	-0.057071	0.000000	-43.032780	-43.180481
21.459158	-0.057071	-0.010073	-43.032780	-43.180481
21.490454	-0.057071	-0.023499	-43.032780	-43.187202
21.521749	-0.063792	-0.036940	-43.039486	-43.200626
21.553045	-0.067145	-0.043646	-43.046207	-43.207333
21.584341	-0.073865	-0.050366	-43.056278	-43.214054
21.615637	-0.077218	-0.057071	-43.059631	-43.220772
21.646933	-0.077218	-0.060439	-43.059631	-43.230831
21.678228	-0.073865	-0.060439	-43.056278	-43.234200
21.709524	-0.073865	-0.063792	-43.056278	-43.237553
21.740820	-0.077218	-0.067145	-43.059631	-43.240906
21.772116	-0.073865	-0.070497	-43.059631	-43.247623
21.803411	-0.073865	-0.077218	-43.062984	-43.257698
21.834707	-0.080571	-0.083938	-43.069706	-43.264404
21.866005	-0.090644	-0.093997	-43.086483	-43.274479
21.897301	-0.097364	-0.104070	-43.099911	-43.287903
21.928596	-0.097364	-0.114143	-43.096558	-43.294624
21.959892	-0.097364	-0.114143	-43.096558	-43.297977
21.991188	-0.104070	-0.120863	-43.106632	-43.304695
22.022484	-0.107422	-0.130922	-43.120056	-43.318123
22.053780	-0.104070	-0.137642	-43.120056	-43.334900
22.085075	-0.097364	-0.137642	-43.113350	-43.344975
22.116371	-0.090644	-0.134289	-43.113350	-43.355049
22.147667	-0.093997	-0.130922	-43.120056	-43.368473
22.178963	-0.097364	-0.140995	-43.126778	-43.388618
22.210258	-0.093997	-0.151068	-43.126778	-43.402046
22.241554	-0.097364	-0.154421	-43.133484	-43.405399
22.272850	-0.107422	-0.157788	-43.146908	-43.412121
22.304146	-0.114143	-0.171214	-43.163700	-43.425545
22.335442	-0.114143	-0.187993	-43.167053	-43.445675
22.366739	-0.114143	-0.201419	-43.167053	-43.459118
22.398035	-0.117496	-0.208139	-43.170406	-43.459118
22.429331	-0.124216	-0.214845	-43.180481	-43.462471
22.460627	-0.127569	-0.228286	-43.180481	-43.469177
22.491922	-0.127569	-0.234991	-43.173775	-43.479248
22.523218	-0.134289	-0.234991	-43.173775	-43.485970
22.554514	-0.144362	-0.231639	-43.183834	-43.492676
22.585810	-0.151068	-0.231639	-43.197273	-43.506100
22.617105	-0.151068	-0.241712	-43.203979	-43.526249
22.648401	-0.151068	-0.245064	-43.207333	-43.539673
22.679697	-0.154421	-0.248417	-43.214054	-43.546394
22.710993	-0.161141	-0.248417	-43.224125	-43.553101
22.742289	-0.164494	-0.248417	-43.234200	-43.563171
22.773584	-0.167862	-0.251785	-43.240906	-43.579967
22.804880	-0.167862	-0.251785	-43.247623	-43.603466
22.836176	-0.171214	-0.255138	-43.257698	-43.630318
22.867474	-0.171214	-0.261843	-43.261051	-43.663891
22.898769	-0.167862	-0.261843	-43.261051	-43.697460
22.930065	-0.167862	-0.255138	-43.261051	-43.720947
22.961361	-0.167862	-0.241712	-43.267773	-43.737740
22.992657	-0.174567	-0.238344	-43.277828	-43.757885
23.023952	-0.184640	-0.241712	-43.291256	-43.791443
23.055248	-0.191361	-0.241712	-43.304695	-43.828369
23.086544	-0.201419	-0.238344	-43.321476	-43.868660
23.117840	-0.211492	-0.234991	-43.334900	-43.905586
23.149136	-0.214845	-0.231639	-43.344975	-43.949230
23.180431	-0.214845	-0.224918	-43.355049	-43.986156
23.211727	-0.214845	-0.214845	-43.365120	-44.023083
23.243023	-0.214845	-0.208139	-43.378548	-44.063358
23.274319	-0.221565	-0.208139	-43.388618	-44.117077
23.305614	-0.224918	-0.208139	-43.391972	-44.167431
23.336912	-0.224918	-0.201419	-43.391972	-44.217781
23.368208	-0.231639	-0.191361	-43.405399	-44.268131
23.399504	-0.238344	-0.177920	-43.422176	-44.321850
23.430799	-0.248417	-0.164494	-43.445675	-44.382275
23.462095	-0.255138	-0.157788	-43.465824	-44.446053
23.493391	-0.255138	-0.151068	-43.479248	-44.513195
23.524687	-0.251785	-0.144362	-43.489323	-44.576973
23.555983	-0.251785	-0.134289	-43.502747	-44.640766
23.587278	-0.255138	-0.107422	-43.519543	-44.714615
23.618574	-0.258490	-0.073865	-43.536320	-44.811966
23.649870	-0.258490	-0.043646	-43.543041	-44.919388
23.681166	-0.255138	-0.016794	-43.543041	-45.020088
23.712461	-0.265211	-0.003368	-43.556465	-45.114086
23.743757	-0.278637	0.013426	-43.576599	-45.208080
23.775053	-0.285342	0.026852	-43.600098	-45.318855
23.806349	-0.285342	0.043631	-43.620243	-45.436352
23.837646	-0.285342	0.067130	-43.643742	-45.560570
23.868942	-0.292063	0.090629	-43.673962	-45.694843
23.900238	-0.302136	0.117481	-43.707520	-45.845909
23.931534	-0.308841	0.154406	-43.731018	-46.030537
23.962830	-0.315562	0.218198	-43.751163	-46.252102
23.994125	-0.322267	0.322267	-43.778019	-46.507225
24.025421	-0.332341	0.459895	-43.808235	-46.812714
24.056717	-0.332341	0.627741	-43.831738	-47.178612
24.088013	-0.325635	0.825807	-43.855236	-47.601597
24.119308	-0.315562	1.060784	-43.875366	-48.088341
24.150604	-0.315562	1.339421	-43.905586	-48.669098
24.181900	-0.322267	1.665041	-43.935791	-49.390854
24.213196	-0.335708	2.051085	-43.966011	-50.290508
24.244492	-0.345767	2.521068	-43.999584	-51.401661
24.275787	-0.362560	3.215954	-44.039860	-53.130493
24.307083	-0.379339	3.850415	-44.096931	-54.842533
24.338381	-0.389412	4.494950	-44.154003	-56.863426
24.369677	-0.386059	5.079061	-44.204353	-59.149506
24.400972	-0.379339	5.491972	-44.254704	-61.630295
24.432268	-0.372633	5.575895	-44.318497	-64.141289
24.463564	-0.369266	5.149558	-44.382275	-66.454231
24.494860	-0.359207	4.021615	-44.449417	-68.263634
24.526155	-0.352487	2.098083	-44.513195	-69.253937
24.557451	-0.345767	-0.587478	-44.587048	-69.297569
24.588747	-0.342414	-3.793359	-44.660896	-68.562401
24.620043	-0.332341	-7.180527	-44.734745	-67.363960
24.651339	-0.315562	-10.547548	-44.811966	-65.903694
24.682634	-0.305489	-13.746723	-44.895889	-64.195007
24.713930	-0.298783	-16.714275	-44.989883	-62.190907
24.745226	-0.288710	-19.430042	-45.090588	-59.780613
24.776522	-0.275284	-21.789984	-45.198009	-56.907059
24.807819	-0.251785	-23.666515	-45.315506	-53.593754
24.839115	-0.224918	-24.908587	-45.449780	-50.032021
24.870411	-0.187993	-25.287926	-45.600845	-46.487080
24.901707	-0.124216	-24.646744	-45.825764	-43.402046
24.933002	-0.046998	-22.964924	-46.033890	-41.220024
24.964298	0.050351	-20.447210	-46.265526	-40.165947
24.995594	0.171199	-17.533361	-46.530724	-40.155872
25.026890	0.328973	-14.646396	-46.826138	-40.783615
25.058186	0.516966	-12.132033	-47.168537	-41.606068
25.089481	0.748590	-10.094359	-47.588154	-42.341248
25.120777	1.037285	-8.479670	-48.101784	-42.915283
25.152073	1.406550	-7.220805	-48.732876	-43.334900
25.183369	1.903385	-6.240577	-49.508331	-43.626965
25.214664	2.557993	-5.458415	-50.461708	-43.838440
25.245960	3.397226	-4.823953	-51.636650	-43.996231
25.277256	4.441247	-4.293546	-53.096920	-44.123783
25.308554	5.716875	-3.843725	-54.879456	-44.224503
25.339849	7.217437	-3.467739	-56.977554	-44.288277
25.371145	8.721352	-3.158897	-59.303925	-44.321850
25.402441	9.866074	-2.907127	-62.200977	-44.331924
25.433737	9.711653	-2.682209	-64.242004	-44.328556
25.465033	8.476302	-2.477437	-65.846619	-44.315128
25.496328	6.314426	-2.296165	-66.984642	-44.288277
25.527624	3.508002	-2.145097	-67.672806	-44.258057
25.558920	0.352472	-2.024248	-67.971573	-44.224503
25.590216	-3.001124	-1.920179	-67.914497	-44.190929
25.621511	-6.428570	-1.829550	-67.471382	-44.160709
25.652807	-9.896308	-1.748979	-66.581802	-44.137211
25.684103	-14.374479	-1.665056	-64.698547	-44.113712
25.715399	-18.003345	-1.581132	-62.472897	-44.090210
25.746695	-21.464363	-1.503915	-59.599339	-44.070080
25.777990	-24.233849	-1.430064	-56.272594	-44.056656
25.809288	-25.747835	-1.366287	-52.821651	-44.043213
25.840584	-25.764614	-1.302510	-49.699680	-44.026436
25.871880	-24.425194	-1.238719	-47.232330	-43.996231
25.903175	-22.172674	-1.181647	-45.476646	-43.955936
25.934471	-19.470333	-1.141369	-44.375553	-43.919010
25.965767	-16.717628	-1.114517	-43.774666	-43.888809
25.997063	-14.193207	-1.084298	-43.516174	-43.855236
26.028358	-11.984333	-1.044020	-43.462471	-43.821663
26.059654	-10.141357	-1.010448	-43.509468	-43.808235
26.090950	-8.637444	-0.986949	-43.610172	-43.798164
26.122246	-7.408798	-0.960097	-43.731018	-43.778019
26.153542	-6.405070	-0.933245	-43.855236	-43.747814
26.184837	-5.589336	-0.916451	-43.966011	-43.720947
26.216133	-4.911229	-0.913098	-44.053288	-43.710888
26.247429	-4.357338	-0.913098	-44.110359	-43.714241
26.278725	-3.904149	-0.896320	-44.147282	-43.714241
26.310022	-3.538236	-0.872821	-44.167431	-43.704166
26.341318	-3.239468	-0.845954	-44.174133	-43.690742
26.372614	-2.980977	-0.825822	-44.167431	-43.673962
26.403910	-2.752707	-0.812396	-44.150635	-43.657169
26.435205	-2.561361	-0.792250	-44.133858	-43.630318
26.466501	-2.393514	-0.775456	-44.117077	-43.596745
26.497797	-2.242446	-0.768751	-44.093578	-43.576599
26.529093	-2.104819	-0.765398	-44.060005	-43.566540
26.560389	-1.980603	-0.748605	-44.019730	-43.543041
26.591684	-1.876548	-0.731826	-43.986156	-43.519543
26.622980	-1.789257	-0.715032	-43.952583	-43.502747
26.654276	-1.705334	-0.708327	-43.919010	-43.502747
26.685572	-1.624778	-0.704974	-43.888809	-43.509468
26.716867	-1.550913	-0.691533	-43.872013	-43.512821
26.748163	-1.487136	-0.678107	-43.858589	-43.509468
26.779461	-1.423359	-0.668034	-43.835087	-43.499393
26.810757	-1.369640	-0.657976	-43.811588	-43.489323
26.842052	-1.322642	-0.647902	-43.794811	-43.475895
26.873348	-1.282364	-0.631109	-43.781384	-43.455750
26.904644	-1.242086	-0.624403	-43.764591	-43.435619
26.935940	-1.195088	-0.614330	-43.744446	-43.418823
26.967236	-1.144722	-0.600904	-43.717594	-43.398678
26.998531	-1.097724	-0.590831	-43.690742	-43.381901
27.029827	-1.057446	-0.587478	-43.667240	-43.368473
27.061123	-1.020521	-0.584111	-43.643742	-43.361752
27.092419	-0.993669	-0.584111	-43.633671	-43.365120
27.123714	-0.970170	-0.580758	-43.626965	-43.371826
27.155010	-0.939950	-0.577405	-43.613522	-43.368473
27.186306	-0.913098	-0.570685	-43.603466	-43.368473
27.217602	-0.882879	-0.567332	-43.593391	-43.368473
27.248898	-0.859380	-0.563979	-43.583317	-43.365120
27.280195	-0.839248	-0.563979	-43.559818	-43.365120
27.311491	-0.822455	-0.560611	-43.536320	-43.361752
27.342787	-0.812396	-0.550553	-43.519543	-43.351696
27.374083	-0.798956	-0.540480	-43.509468	-43.341621
27.405378	-0.778824	-0.537112	-43.496044	-43.328197
27.436674	-0.755325	-0.533760	-43.482616	-43.318123
27.467970	-0.731826	-0.530407	-43.472542	-43.314754
27.499266	-0.708327	-0.527054	-43.465824	-43.318123
27.530561	-0.688180	-0.530407	-43.459118	-43.324829
27.561857	-0.661328	-0.537112	-43.442326	-43.334900
27.593153	-0.637829	-0.543833	-43.422176	-43.341621
27.624449	-0.624403	-0.547186	-43.412121	-43.341621
27.655745	-0.614330	-0.543833	-43.415470	-43.341621
27.687040	-0.600904	-0.540480	-43.408752	-43.344975
27.718336	-0.577405	-0.537112	-43.391972	-43.348328
27.749632	-0.553906	-0.530407	-43.375195	-43.344975
27.780930	-0.540480	-0.520334	-43.355049	-43.338253
27.812225	-0.533760	-0.523686	-43.344975	-43.344975
27.843521	-0.527054	-0.540480	-43.334900	-43.365120
27.874817	-0.527054	-0.560611	-43.331547	-43.378548
27.906113	-0.543833	-0.574052	-43.334900	-43.381901
27.937408	-0.570685	-0.584111	-43.351696	-43.375195
27.968704	-0.587478	-0.590831	-43.361752	-43.371826
