20.958424	0.000000	0.040233	0.000000	-0.060439
20.989719	-0.010073	0.040233	-0.020146	-0.050366
21.021015	-0.010073	0.050306	-0.010073	-0.050366
21.052311	0.000000	0.040233	0.000000	-0.060439
21.083607	0.000000	0.030160	-0.010073	-0.060439
21.114902	-0.010073	0.040233	-0.030220	-0.060439
21.146198	0.000000	0.050306	-0.020146	-0.050366
21.177494	0.010014	0.050306	-0.010073	-0.050366
21.208790	0.010014	0.040233	-0.010073	-0.050366
21.240086	0.000000	0.040233	-0.020146	-0.050366
21.271381	0.000000	0.040233	-0.020146	-0.040293
21.302677	0.000000	0.050306	-0.010073	-0.040293
21.333973	0.010014	0.050306	0.010014	-0.050366
21.365271	0.010014	0.050306	0.010014	-0.050366
21.396566	0.000000	0.040233	0.000000	-0.050366
21.427862	0.000000	0.040233	0.000000	-0.050366
21.459158	0.000000	0.040233	0.000000	-0.050366
21.490454	0.000000	0.050306	0.000000	-0.030220
21.521749	0.000000	0.050306	-0.010073	-0.020146
21.553045	0.000000	0.040233	0.000000	-0.020146
21.584341	0.010014	0.030160	0.010014	-0.020146
21.615637	0.010014	0.040233	0.010014	-0.010073
21.646933	0.000000	0.060380	0.000000	0.000000
21.678228	0.000000	0.060380	0.000000	0.010014
21.709524	0.000000	0.040233	0.010014	-0.010073
21.740820	0.000000	0.030160	0.010014	-0.010073
21.772116	0.000000	0.050306	0.010014	0.000000
21.803411	0.000000	0.060380	0.000000	0.010014
21.834707	0.010014	0.050306	0.010014	0.000000
21.866005	0.020087	0.030160	0.010014	-0.020146
21.897301	0.010014	0.030160	0.010014	-0.020146
21.928596	0.000000	0.060380	0.010014	0.010014
21.959892	0.000000	0.070453	0.020087	0.010014
21.991188	0.000000	0.040233	0.030160	-0.020146
22.022484	0.000000	0.020087	0.030160	-0.030220
22.053780	0.000000	0.040233	0.030160	-0.020146
22.085075	0.000000	0.050306	0.030160	0.010014
22.116371	0.000000	0.050306	0.030160	0.000000
22.147667	0.000000	0.020087	0.020087	-0.020146
22.178963	-0.010073	0.020087	0.010014	-0.020146
22.210258	0.000000	0.040233	0.020087	0.010014
22.241554	0.010014	0.050306	0.020087	0.030160
22.272850	0.010014	0.040233	0.020087	0.020087
22.304146	-0.010073	0.030160	0.010014	0.020087
22.335442	-0.020146	0.030160	0.000000	0.030160
22.366739	-0.010073	0.050306	0.020087	0.040233
22.398035	-0.010073	0.050306	0.020087	0.040233
22.429331	-0.020146	0.040233	0.010014	0.040233
22.460627	-0.030220	0.040233	0.000000	0.040233
22.491922	-0.010073	0.050306	0.020087	0.050306
22.523218	0.010014	0.040233	0.040233	0.050306
22.554514	0.010014	0.030160	0.030160	0.040233
22.585810	-0.010073	0.040233	0.010014	0.050306
22.617105	-0.020146	0.050306	0.010014	0.060380
22.648401	0.000000	0.040233	0.040233	0.070453
22.679697	0.000000	0.040233	0.050306	0.060380
22.710993	-0.010073	0.030160	0.040233	0.060380
22.742289	-0.030220	0.040233	0.030160	0.080526
22.773584	-0.020146	0.040233	0.040233	0.080526
22.804880	-0.010073	0.040233	0.060380	0.070453
22.836176	-0.010073	0.040233	0.060380	0.070453
22.867474	-0.030220	0.050306	0.040233	0.080526
22.898769	-0.030220	0.050306	0.030160	0.080526
22.930065	-0.010073	0.040233	0.040233	0.070453
22.961361	-0.010073	0.040233	0.050306	0.070453
22.992657	-0.030220	0.050306	0.040233	0.080526
23.023952	-0.040293	0.060380	0.030160	0.090599
23.055248	-0.040293	0.070453	0.040233	0.100672
23.086544	-0.030220	0.070453	0.060380	0.090599
23.117840	-0.030220	0.080526	0.060380	0.100672
23.149136	-0.030220	0.090599	0.050306	0.100672
23.180431	-0.030220	0.090599	0.060380	0.110745
23.211727	-0.020146	0.090599	0.070453	0.100672
23.243023	-0.020146	0.090599	0.080526	0.100672
23.274319	-0.020146	0.100672	0.070453	0.100672
23.305614	-0.020146	0.110745	0.070453	0.110745
23.336912	-0.020146	0.110745	0.070453	0.100672
23.368208	-0.010073	0.120819	0.070453	0.100672
23.399504	-0.020146	0.130892	0.070453	0.110745
23.430799	-0.010073	0.151038	0.070453	0.120819
23.462095	-0.010073	0.161111	0.080526	0.120819
23.493391	-0.010073	0.171185	0.080526	0.110745
23.524687	-0.030220	0.201404	0.070453	0.110745
23.555983	-0.040293	0.231624	0.060380	0.110745
23.587278	-0.040293	0.271857	0.070453	0.090599
23.618574	-0.030220	0.312150	0.070453	0.070453
23.649870	-0.030220	0.372589	0.080526	0.060380
23.681166	-0.040293	0.443101	0.080526	0.050306
23.712461	-0.030220	0.523627	0.090599	0.020087
23.743757	-0.020146	0.604212	0.090599	-0.040293
23.775053	-0.030220	0.704944	0.090599	-0.100732
23.806349	-0.040293	0.855982	0.080526	-0.161171
23.837646	-0.030220	1.027226	0.080526	-0.241756
23.868942	-0.020146	1.208484	0.100672	-0.372648
23.900238	-0.010073	1.419961	0.110745	-0.523686
23.931534	-0.010073	1.681805	0.110745	-0.674784
23.962830	-0.010073	1.983941	0.110745	-0.815749
23.994125	0.000000	2.286077	0.130892	-0.966847
24.025421	0.010014	2.557993	0.140965	-1.087666
24.056717	0.010014	2.779543	0.130892	-1.097739
24.088013	0.010014	2.900362	0.120819	-0.916481
24.119308	0.020087	2.829909	0.140965	-0.513673
24.150604	0.040233	2.487481	0.151038	0.161111
24.181900	0.040233	1.903355	0.151038	1.087606
24.213196	0.030160	1.127899	0.140965	2.215564
24.244492	0.030160	0.231624	0.140965	3.403902
24.275787	0.040233	-0.684857	0.151038	4.491568
24.307083	0.040233	-1.601279	0.140965	5.428135
24.338381	0.040233	-2.437174	0.140965	6.253958
24.369677	0.060380	-3.212631	0.140965	6.958961
24.400972	0.080526	-3.937721	0.161111	7.563174
24.432268	0.100672	-4.582286	0.171185	8.036494
24.463564	0.100672	-5.116045	0.161111	8.338631
24.494860	0.100672	-5.468488	0.140965	8.449435
24.526155	0.130892	-5.589366	0.151038	8.268118
24.557451	0.161111	-5.488634	0.161111	7.754505
24.588747	0.191331	-5.126119	0.151038	6.948888
24.620043	0.211477	-4.562140	0.130892	5.961895
24.651339	0.261784	-3.887355	0.130892	4.934669
24.682634	0.332296	-3.212631	0.130892	4.008174
24.713930	0.402808	-2.648652	0.120819	3.262937
24.745226	0.483394	-2.195477	0.090599	2.709031
24.776522	0.584066	-1.832902	0.060380	2.286077
24.807819	0.725091	-1.560986	0.040233	1.963794
24.839115	0.886202	-1.349509	0.010014	1.701951
24.870411	1.067460	-1.168251	-0.060439	1.490474
24.901707	1.299083	-1.017213	-0.151098	1.329303
24.933002	1.601219	-0.886261	-0.241756	1.188338
24.964298	1.994014	-0.795603	-0.342429	1.067460
24.995594	2.447188	-0.715077	-0.443161	0.966787
25.026890	2.920508	-0.644565	-0.523686	0.886202
25.058186	3.343523	-0.594199	-0.483453	0.815690
25.089481	3.565073	-0.543833	-0.251830	0.755310
25.120777	3.454268	-0.503600	0.171185	0.704944
25.152073	2.970874	-0.463307	0.765383	0.664651
25.183369	2.195418	-0.423014	1.490474	0.624359
25.214664	1.238704	-0.402868	2.316296	0.584066
25.245960	0.181258	-0.382721	3.152132	0.533700
25.277256	-0.906408	-0.352502	3.947735	0.513613
25.308554	-1.994073	-0.322282	4.692972	0.493467
25.339849	-3.051519	-0.302136	5.387902	0.473320
25.371145	-4.098892	-0.292063	6.022334	0.433028
25.402441	-5.136192	-0.271916	6.566167	0.412881
25.433737	-6.102979	-0.251830	6.989121	0.402808
25.465033	-6.888509	-0.231683	7.240891	0.382662
25.496328	-7.361829	-0.231683	7.250965	0.352442
25.527624	-7.422268	-0.231683	6.989121	0.332296
25.558920	-7.079840	-0.211537	6.505728	0.332296
25.590216	-6.425261	-0.201464	5.861223	0.322223
25.621511	-5.609512	-0.211537	5.166292	0.292003
25.652807	-4.763544	-0.221610	4.471421	0.261784
25.684103	-3.978014	-0.211537	3.826916	0.251770
25.715399	-3.293216	-0.181317	3.262937	0.261784
25.746695	-2.719164	-0.171244	2.789617	0.251770
25.777990	-2.255917	-0.171244	2.396822	0.221550
25.809288	-1.883268	-0.171244	2.074540	0.201404
25.840584	-1.591206	-0.161171	1.802683	0.211477
25.871880	-1.349509	-0.141025	1.591146	0.221550
25.903175	-1.158178	-0.130951	1.409888	0.201404
25.934471	-1.017213	-0.130951	1.258850	0.181258
25.965767	-0.906408	-0.120878	1.127899	0.181258
25.997063	-0.805676	-0.100732	1.027226	0.181258
26.028358	-0.715077	-0.100732	0.956714	0.171185
26.059654	-0.644565	-0.120878	0.886202	0.140965
26.090950	-0.594199	-0.120878	0.805616	0.130892
26.122246	-0.543833	-0.100732	0.735164	0.140965
26.153542	-0.493526	-0.080585	0.684798	0.151038
26.184837	-0.453234	-0.080585	0.644505	0.130892
26.216133	-0.423014	-0.090659	0.594139	0.120819
26.247429	-0.402868	-0.080585	0.543773	0.120819
26.278725	-0.372648	-0.070512	0.523627	0.120819
26.310022	-0.332355	-0.070512	0.503540	0.120819
26.341318	-0.322282	-0.060439	0.463247	0.110745
26.372614	-0.322282	-0.060439	0.422955	0.110745
26.403910	-0.312209	-0.050366	0.392735	0.120819
26.435205	-0.281990	-0.050366	0.392735	0.110745
26.466501	-0.261843	-0.060439	0.382662	0.100672
26.497797	-0.261843	-0.070512	0.352442	0.090599
26.529093	-0.251830	-0.060439	0.322223	0.090599
26.560389	-0.231683	-0.060439	0.312150	0.080526
26.591684	-0.201464	-0.060439	0.312150	0.070453
26.622980	-0.191391	-0.060439	0.292003	0.070453
26.654276	-0.201464	-0.050366	0.261784	0.080526
26.685572	-0.201464	-0.050366	0.261784	0.080526
26.716867	-0.171244	-0.060439	0.271857	0.070453
26.748163	-0.161171	-0.070512	0.271857	0.060380
26.779461	-0.161171	-0.060439	0.251770	0.070453
26.810757	-0.161171	-0.040293	0.221550	0.070453
26.842052	-0.151098	-0.040293	0.211477	0.060380
26.873348	-0.141025	-0.040293	0.221550	0.060380
26.904644	-0.141025	-0.040293	0.211477	0.060380
26.935940	-0.141025	-0.030220	0.181258	0.070453
26.967236	-0.141025	-0.040293	0.181258	0.060380
26.998531	-0.120878	-0.040293	0.181258	0.050306
27.029827	-0.120878	-0.030220	0.171185	0.050306
27.061123	-0.130951	-0.020146	0.140965	0.060380
27.092419	-0.130951	-0.030220	0.130892	0.050306
27.123714	-0.120878	-0.040293	0.130892	0.040233
27.155010	-0.120878	-0.050366	0.130892	0.030160
27.186306	-0.110805	-0.040293	0.120819	0.040233
27.217602	-0.110805	-0.040293	0.120819	0.050306
27.248898	-0.100732	-0.050366	0.110745	0.040233
27.280195	-0.100732	-0.060439	0.100672	0.030160
27.311491	-0.100732	-0.050366	0.090599	0.040233
27.342787	-0.090659	-0.040293	0.090599	0.050306
27.374083	-0.080585	-0.040293	0.090599	0.030160
27.405378	-0.070512	-0.050366	0.080526	0.020087
27.436674	-0.070512	-0.040293	0.070453	0.020087
27.467970	-0.070512	-0.020146	0.070453	0.040233
27.499266	-0.060439	-0.020146	0.070453	0.040233
27.530561	-0.060439	-0.030220	0.070453	0.020087
27.561857	-0.070512	-0.030220	0.050306	0.030160
27.593153	-0.080585	-0.020146	0.040233	0.040233
27.624449	-0.070512	-0.020146	0.050306	0.050306
27.655745	-0.050366	-0.030220	0.060380	0.040233
27.687040	-0.060439	-0.050366	0.050306	0.020087
27.718336	-0.060439	-0.040293	0.030160	0.030160
27.749632	-0.060439	-0.030220	0.030160	0.050306
27.780930	-0.050366	-0.030220	0.030160	0.040233
27.812225	-0.050366	-0.040293	0.030160	0.020087
27.843521	-0.060439	-0.040293	0.010014	0.020087
27.874817	-0.060439	-0.020146	0.000000	0.030160
27.906113	-0.050366	-0.020146	0.020087	0.030160
27.937408	-0.030220	-0.030220	0.030160	0.010014
27.968704	-0.030220	-0.040293	0.020087	0.010014
