24.993355	109.997246	109.997246	105.774193	104.767113
25.002735	109.997246	109.997246	105.780914	104.763763
25.012114	109.997246	109.997246	105.790985	104.763763
25.021494	109.997246	109.997246	105.797691	104.763763
25.030874	109.997246	109.997246	105.801064	104.760391
25.040253	109.997246	109.997246	105.801064	104.760391
25.049633	109.997246	109.997246	105.801064	104.757042
25.059013	109.997246	109.997246	105.794342	104.757042
25.068392	109.997246	109.997246	105.784264	104.757042
25.077772	109.997246	109.997246	105.774193	104.757042
25.087152	109.997246	109.997246	105.754059	104.763763
25.096531	109.997246	109.997246	105.740639	104.767113
25.105911	109.997246	109.997246	105.730560	104.767113
25.115292	109.997246	109.997246	105.723846	104.763763
25.124670	109.997246	109.997246	105.723846	104.760391
25.134050	109.997246	109.997246	105.727196	104.757042
25.143431	109.997246	109.997246	105.733917	104.753685
25.152811	109.997246	109.997246	105.737267	104.750336
25.162189	109.997246	109.997246	105.740639	104.750336
25.171570	109.997246	109.997246	105.740639	104.743614
25.180950	109.997246	109.997246	105.740639	104.736908
25.190329	109.997246	109.997246	105.737267	104.733543
25.199709	109.997246	109.997246	105.733917	104.733543
25.209089	109.997246	109.997246	105.727196	104.736908
25.218468	109.997246	109.997246	105.717140	104.743614
25.227848	109.997246	109.997246	105.703712	104.746971
25.237228	109.997246	109.997246	105.693642	104.746971
25.246607	109.997246	109.997246	105.683563	104.746971
25.255987	109.997246	109.997246	105.680214	104.750336
25.265368	109.997246	109.997246	105.680214	104.757042
25.274746	109.997246	109.997246	105.683563	104.760391
25.284126	109.997246	109.997246	105.686920	104.760391
25.293507	109.997246	109.997246	105.693642	104.760391
25.302885	109.997246	109.997246	105.696991	104.757042
25.312265	109.997246	109.997246	105.703712	104.753685
25.321646	109.997246	109.997246	105.707062	104.753685
25.331024	109.997246	109.997246	105.707062	104.760391
25.340405	109.997246	109.997246	105.703712	104.763763
25.349785	109.997246	109.997246	105.693642	104.767113
25.359163	109.997246	109.997246	105.683563	104.767113
25.368544	109.997246	109.997246	105.670135	104.763763
25.377924	109.997246	109.997246	105.660065	104.760391
25.387302	109.997246	109.997246	105.653343	104.760391
25.396683	109.997246	109.997246	105.643272	104.760391
25.406063	109.997246	109.997246	105.639923	104.760391
25.415442	109.997246	109.997246	105.643272	104.763763
25.424822	109.997246	109.997246	105.649994	104.767113
25.434202	109.997246	109.997246	105.653343	104.767113
25.443581	109.997246	109.997246	105.660065	104.767113
25.452961	109.997246	109.997246	105.666771	104.767113
25.462341	109.997246	109.997246	105.673492	104.763763
25.471720	109.997246	109.997246	105.676842	104.763763
25.481100	109.997246	109.997246	105.676842	104.763763
25.490480	109.997246	109.997246	105.670135	104.760391
25.499859	109.997246	109.997246	105.666771	104.757042
25.509239	109.997246	109.997246	105.666771	104.757042
25.518620	109.997246	109.997246	105.663422	104.760391
25.527998	109.997246	109.997246	105.653343	104.760391
25.537378	109.997246	109.997246	105.646637	104.760391
25.546759	109.997246	109.997246	105.636566	104.763763
25.556137	109.997246	109.997246	105.633217	104.763763
25.565517	109.997246	109.997246	105.629845	104.763763
25.574898	109.997246	109.997246	105.629845	104.763763
25.584276	109.997246	109.997246	105.636566	104.767113
25.593657	109.997246	109.997246	105.643272	104.767113
25.603037	109.997246	109.997246	105.646637	104.760391
25.612415	109.997246	109.997246	105.653343	104.750336
25.621796	109.997246	109.997246	105.649994	104.743614
25.631176	109.997246	109.997246	105.643272	104.740265
25.640554	109.997246	109.997246	105.633217	104.740265
25.649935	109.997246	109.997246	105.623138	104.740265
25.659315	109.997246	109.997246	105.613068	104.746971
25.668694	109.997246	109.997246	105.606346	104.750336
25.678074	109.997246	109.997246	105.599640	104.750336
25.687454	109.997246	109.997246	105.592918	104.746971
25.696833	109.997246	109.997246	105.589569	104.743614
25.706213	109.997246	109.997246	105.582848	104.740265
25.715593	109.997246	109.997246	105.586212	104.736908
25.724972	109.997246	109.997246	105.589569	104.736908
25.734352	109.997246	109.997246	105.592918	104.740265
25.743732	109.997246	109.997246	105.596291	104.740265
25.753111	109.997246	109.997246	105.596291	104.740265
25.762491	109.997246	109.997246	105.599640	104.740265
25.771872	109.997246	109.997246	105.599640	104.740265
25.781250	109.997246	109.997246	105.602997	104.740265
25.790630	109.997246	109.997246	105.606346	104.743614
25.800011	109.997246	109.997246	105.606346	104.750336
25.809389	109.997246	109.997246	105.606346	104.753685
25.818769	109.997246	109.997246	105.602997	104.760391
25.828150	109.997246	109.997246	105.592918	104.763763
25.837528	109.997246	109.997246	105.589569	104.767113
25.846909	109.997246	109.997246	105.582848	104.767113
25.856289	109.997246	109.997246	105.579498	104.767113
25.865667	109.997246	109.997246	105.576141	104.763763
25.875048	109.997246	109.997246	105.579498	104.760391
25.884428	109.997246	109.997246	105.579498	104.753685
25.893806	109.997246	109.997246	105.579498	104.746971
25.903187	109.997246	109.997246	105.579498	104.740265
25.912567	109.997246	109.997246	105.586212	104.740265
25.921946	109.997246	109.997246	105.589569	104.740265
25.931326	109.997246	109.997246	105.589569	104.743614
25.940706	109.997246	109.997246	105.589569	104.743614
25.950087	109.997246	109.997246	105.582848	104.743614
25.959465	109.997246	109.997246	105.576141	104.750336
25.968845	109.997246	109.997246	105.569420	104.750336
25.978226	109.997246	109.997246	105.562714	104.750336
25.987604	109.997246	109.997246	105.556000	104.743614
25.996984	109.997246	109.997246	105.556000	104.743614
26.006365	109.997246	109.997246	105.562714	104.746971
26.015743	109.997246	109.997246	105.569420	104.746971
26.025124	109.997246	109.997246	105.576141	104.753685
26.034504	109.997246	109.997246	105.586212	104.757042
26.043882	109.997246	109.997246	105.596291	104.760391
26.053263	109.997246	109.997246	105.599640	104.757042
26.062643	109.997246	109.997246	105.602997	104.750336
26.072021	109.997246	109.997246	105.602997	104.740265
26.081402	109.997246	109.997246	105.596291	104.736908
26.090782	109.997246	109.997246	105.592918	104.736908
26.100161	109.997246	109.997246	105.586212	104.736908
26.109541	109.997246	109.997246	105.579498	104.736908
26.118921	109.997246	109.997246	105.566071	104.736908
26.128300	109.997246	109.997246	105.556000	104.736908
26.137680	109.997246	109.997246	105.549294	104.736908
26.147060	109.997246	109.997246	105.542572	104.733543
26.156439	109.997246	109.997246	105.545921	104.730186
26.165819	109.997246	109.997246	105.549294	104.726837
26.175200	109.997246	109.997246	105.549294	104.723465
26.184578	109.997246	109.997246	105.549294	104.720116
26.193958	109.997246	109.997246	105.552643	104.716766
26.203339	109.997246	109.997246	105.552643	104.713409
26.212717	109.997246	109.997246	105.549294	104.720116
26.222097	109.997246	109.997246	105.545921	104.726837
26.231478	109.997246	109.997246	105.545921	104.733543
26.240856	109.997246	109.997246	105.539215	104.733543
26.250237	109.997246	109.997246	105.539215	104.733543
26.259617	109.997246	109.997246	105.535851	104.736908
26.268995	109.997246	109.997246	105.532494	104.736908
26.278376	109.997246	109.997246	105.532494	104.736908
26.287756	109.997246	109.997246	105.532494	104.733543
26.297134	109.997246	109.997246	105.532494	104.726837
26.306515	109.997246	109.997246	105.532494	104.720116
26.315895	109.997246	109.997246	105.535851	104.720116
26.325274	109.997246	109.997246	105.535851	104.723465
26.334654	109.997246	109.997246	105.539215	104.716766
26.344034	109.997246	109.997246	105.535851	104.716766
26.353413	109.997246	109.997246	105.532494	104.716766
26.362793	109.997246	109.997246	105.525795	104.713409
26.372173	109.997246	109.997246	105.515717	104.716766
26.381552	109.997246	109.997246	105.505646	104.720116
26.390932	109.997246	109.997246	105.498924	104.723465
26.400312	109.997246	109.997246	105.492218	104.726837
26.409691	109.997246	109.997246	105.485497	104.730186
26.419071	109.997246	109.997246	105.485497	104.736908
26.428452	109.997246	109.997246	105.488869	104.740265
26.437830	109.997246	109.997246	105.488869	104.746971
26.447210	109.997246	109.997246	105.488869	104.753685
26.456591	109.997246	109.997246	105.488869	104.760391
26.465969	109.997246	109.997246	105.492218	104.757042
26.475349	109.997246	109.997246	105.495575	104.750336
26.484730	109.997246	109.997246	105.498924	104.743614
26.494108	109.997246	109.997246	105.498924	104.736908
26.503489	109.997246	109.997246	105.498924	104.730186
26.512869	109.997246	109.997246	105.492218	104.720116
26.522247	109.997246	109.997246	105.488869	104.716766
26.531628	109.997246	109.997246	105.485497	104.716766
26.541008	109.997246	109.997246	105.482147	104.723465
26.550386	109.997246	109.997246	105.478790	104.726837
26.559767	109.997246	109.997246	105.475426	104.733543
26.569147	109.997246	109.997246	105.472076	104.736908
26.578526	109.997246	109.997246	105.468719	104.736908
26.587906	109.997246	109.997246	105.468719	104.730186
26.597286	109.997246	109.997246	105.472076	104.730186
26.606665	109.997246	109.997246	105.478790	104.730186
26.616045	109.997246	109.997246	105.485497	104.733543
26.625425	109.997246	109.997246	105.488869	104.733543
26.634804	109.997246	109.997246	105.495575	104.736908
26.644184	109.997246	109.997246	105.495575	104.733543
26.653564	109.997246	109.997246	105.495575	104.733543
26.662943	109.997246	109.997246	105.492218	104.730186
26.672323	109.997246	109.997246	105.492218	104.730186
26.681704	109.997246	109.997246	105.488869	104.733543
26.691082	109.997246	109.997246	105.485497	104.736908
26.700462	109.997246	109.997246	105.482147	104.736908
26.709843	109.997246	109.997246	105.482147	104.733543
26.719221	109.997246	109.997246	105.482147	104.730186
26.728601	109.997246	109.997246	105.485497	104.726837
26.737982	109.997246	109.997246	105.485497	104.723465
26.747360	109.997246	109.997246	105.485497	104.723465
26.756741	109.997246	109.997246	105.482147	104.723465
26.766121	109.997246	109.997246	105.482147	104.723465
26.775501	109.997246	109.997246	105.475426	104.720116
26.784880	109.997246	109.997246	105.475426	104.720116
26.794260	109.997246	109.997246	105.475426	104.723465
26.803640	109.997246	109.997246	105.475426	104.726837
26.813019	109.997246	109.997246	105.472076	104.730186
26.822399	109.997246	109.997246	105.468719	104.730186
26.831779	109.997246	109.997246	105.465370	104.733543
26.841158	109.997246	109.997246	105.461998	104.733543
26.850538	109.997246	109.997246	105.461998	104.733543
26.859919	109.997246	109.997246	105.461998	104.736908
26.869297	109.997246	109.997246	105.465370	104.736908
26.878677	109.997246	109.997246	105.465370	104.736908
26.888058	109.997246	109.997246	105.461998	104.730186
26.897436	109.997246	109.997246	105.458649	104.726837
26.906816	109.997246	109.997246	105.455292	104.720116
26.916197	109.997246	109.997246	105.455292	104.720116
26.925575	109.997246	109.997246	105.458649	104.713409
26.934956	109.997246	109.997246	105.458649	104.710045
26.944336	109.997246	109.997246	105.455292	104.706688
26.953714	109.997246	109.997246	105.448570	104.703339
26.963095	109.997246	109.997246	105.445221	104.703339
26.972475	109.997246	109.997246	105.441872	104.706688
26.981853	109.997246	109.997246	105.441872	104.713409
26.991234	109.997246	109.997246	105.441872	104.713409
27.000614	109.997246	109.997246	105.438499	104.713409
27.009993	109.997246	109.997246	105.435150	104.713409
27.019373	109.997246	109.997246	105.428429	104.716766
27.028753	109.997246	109.997246	105.425072	104.723465
27.038132	109.997246	109.997246	105.425072	104.723465
27.047512	109.997246	109.997246	105.425072	104.726837
27.056892	109.997246	109.997246	105.421722	104.726837
27.066271	109.997246	109.997246	105.421722	104.726837
27.075651	109.997246	109.997246	105.418365	104.723465
27.085032	109.997246	109.997246	105.415001	104.720116
27.094410	109.997246	109.997246	105.411652	104.720116
27.103790	109.997246	109.997246	105.411652	104.720116
27.113171	109.997246	109.997246	105.415001	104.720116
27.122549	109.997246	109.997246	105.421722	104.730186
27.131929	109.997246	109.997246	105.425072	104.736908
27.141310	109.997246	109.997246	105.425072	104.746971
27.150688	109.997246	109.997246	105.421722	104.753685
27.160069	109.997246	109.997246	105.418365	104.760391
27.169449	109.997246	109.997246	105.411652	104.767113
27.178827	109.997246	109.997246	105.404930	104.770470
27.188208	109.997246	109.997246	105.401573	104.773834
27.197588	109.997246	109.997246	105.401573	104.773834
27.206966	109.997246	109.997246	105.401573	104.770470
27.216347	109.997246	109.997246	105.398224	104.763763
27.225727	109.997246	109.997246	105.391502	104.760391
27.235106	109.997246	109.997246	105.388153	104.760391
27.244486	109.997246	109.997246	105.384796	104.763763
27.253866	109.997246	109.997246	105.384796	104.767113
27.263245	109.997246	109.997246	105.384796	104.767113
27.272625	109.997246	109.997246	105.388153	104.767113
27.282005	109.997246	109.997246	105.391502	104.773834
27.291384	109.997246	109.997246	105.394867	104.783890
27.300764	109.997246	109.997246	105.394867	104.790611
27.310144	109.997246	109.997246	105.401573	104.800690
27.319523	109.997246	109.997246	105.408295	104.807388
27.328903	109.997246	109.997246	105.408295	104.807388
27.338284	109.997246	109.997246	105.404930	104.804039
27.347662	109.997246	109.997246	105.398224	104.797333
27.357042	109.997246	109.997246	105.391502	104.793968
27.366423	109.997246	109.997246	105.381447	104.790611
27.375801	109.997246	109.997246	105.378075	104.790611
27.385181	109.997246	109.997246	105.378075	104.790611
27.394562	109.997246	109.997246	105.374725	104.787262
27.403940	109.997246	109.997246	105.371368	104.790611
27.413321	109.997246	109.997246	105.371368	104.793968
27.422701	109.997246	109.997246	105.368004	104.793968
27.432079	109.997246	109.997246	105.364647	104.797333
27.441460	109.997246	109.997246	105.357948	104.800690
27.450840	109.997246	109.997246	105.354576	104.800690
27.460218	109.997246	109.997246	105.347870	104.800690
27.469599	109.997246	109.997246	105.344505	104.804039
27.478979	109.997246	109.997246	105.344505	104.804039
27.488358	109.997246	109.997246	105.341148	104.804039
27.497738	109.997246	109.997246	105.337799	104.800690
27.507118	109.997246	109.997246	105.337799	104.797333
27.516497	109.997246	109.997246	105.337799	104.797333
27.525877	109.997246	109.997246	105.341148	104.793968
27.535257	109.997246	109.997246	105.344505	104.790611
27.544636	109.997246	109.997246	105.341148	104.787262
27.554016	109.997246	109.997246	105.337799	104.783890
27.563396	109.997246	109.997246	105.334442	104.783890
27.572777	109.997246	109.997246	105.327728	104.787262
27.582155	109.997246	109.997246	105.321007	104.790611
27.591536	109.997246	109.997246	105.314301	104.790611
27.600916	109.997246	109.997246	105.310944	104.787262
27.610294	109.997246	109.997246	105.310944	104.780540
27.619675	109.997246	109.997246	105.310944	104.777184
27.629055	109.997246	109.997246	105.314301	104.777184
27.638433	109.997246	109.997246	105.317650	104.783890
27.647814	109.997246	109.997246	105.321007	104.787262
27.657194	109.997246	109.997246	105.327728	104.790611
27.666573	109.997246	109.997246	105.331078	104.793968
27.675953	109.997246	109.997246	105.334442	104.793968
27.685333	109.997246	109.997246	105.341148	104.793968
27.694712	109.997246	109.997246	105.341148	104.790611
27.704092	109.997246	109.997246	105.341148	104.787262
27.713472	109.997246	109.997246	105.334442	104.787262
27.722851	109.997246	109.997246	105.331078	104.787262
27.732231	109.997246	109.997246	105.321007	104.787262
27.741611	109.997246	109.997246	105.314301	104.787262
27.750990	109.997246	109.997246	105.307579	104.783890
27.760370	109.997246	109.997246	105.307579	104.783890
27.769751	109.997246	109.997246	105.310944	104.787262
27.779129	109.997246	109.997246	105.317650	104.790611
27.788509	109.997246	109.997246	105.324371	104.797333
27.797890	109.997246	109.997246	105.331078	104.797333
27.807268	109.997246	109.997246	105.331078	104.797333
27.816648	109.997246	109.997246	105.331078	104.797333
27.826029	109.997246	109.997246	105.331078	104.797333
27.835407	109.997246	109.997246	105.331078	104.804039
27.844788	109.997246	109.997246	105.331078	104.810760
27.854168	109.997246	109.997246	105.331078	104.814110
27.863546	109.997246	109.997246	105.327728	104.817467
27.872927	109.997246	109.997246	105.324371	104.820831
27.882307	109.997246	109.997246	105.321007	104.820831
27.891685	109.997246	109.997246	105.324371	104.824188
27.901066	109.997246	109.997246	105.321007	104.824188
27.910446	109.997246	109.997246	105.314301	104.827538
27.919825	109.997246	109.997246	105.310944	104.827538
27.929205	109.997246	109.997246	105.310944	104.827538
27.938585	109.997246	109.997246	105.307579	104.824188
27.947964	109.997246	109.997246	105.307579	104.817467
27.957344	109.997246	109.997246	105.304230	104.814110
27.966724	109.997246	109.997246	105.304230	104.810760
27.976103	109.997246	109.997246	105.307579	104.807388
27.985483	109.997246	109.997246	105.304230	104.804039
27.994864	109.997246	109.997246	105.300873	104.804039
28.004242	109.997246	109.997246	105.294151	104.804039
28.013622	109.997246	109.997246	105.287445	104.804039
28.023003	109.997246	109.997246	105.284081	104.807388
28.032381	109.997246	109.997246	105.277374	104.814110
28.041761	109.997246	109.997246	105.270653	104.820831
28.051142	109.997246	109.997246	105.267303	104.824188
28.060520	109.997246	109.997246	105.267303	104.827538
28.069901	109.997246	109.997246	105.270653	104.834259
28.079281	109.997246	109.997246	105.270653	104.840965
28.088659	109.997246	109.997246	105.270653	104.844330
28.098040	109.997246	109.997246	105.267303	104.844330
28.107420	109.997246	109.997246	105.263947	104.840965
28.116798	109.997246	109.997246	105.257225	104.837608
28.126179	109.997246	109.997246	105.247154	104.830894
28.135559	109.997246	109.997246	105.233727	104.827538
28.144938	109.997246	109.997246	105.223656	104.824188
28.154318	109.997246	109.997246	105.213585	104.824188
28.163698	109.997246	109.997246	105.210228	104.827538
28.173077	109.997246	109.997246	105.206879	104.830894
28.182457	109.997246	109.997246	105.210228	104.834259
28.191837	109.997246	109.997246	105.216949	104.834259
28.201216	109.997246	109.997246	105.227020	104.830894
28.210596	109.997246	109.997246	105.233727	104.824188
28.219976	109.997246	109.997246	105.237083	104.820831
28.229355	109.997246	109.997246	105.240448	104.814110
28.238735	109.997246	109.997246	105.240448	104.807388
28.248116	109.997246	109.997246	105.233727	104.807388
28.257494	109.997246	109.997246	105.227020	104.804039
28.266874	109.997246	109.997246	105.223656	104.804039
28.276255	109.997246	109.997246	105.216949	104.804039
28.285633	109.997246	109.997246	105.210228	104.807388
28.295013	109.997246	109.997246	105.210228	104.807388
28.304394	109.997246	109.997246	105.210228	104.807388
28.313772	109.997246	109.997246	105.213585	104.810760
28.323153	109.997246	109.997246	105.213585	104.814110
28.332533	109.997246	109.997246	105.213585	104.820831
28.341911	109.997246	109.997246	105.216949	104.820831
28.351292	109.997246	109.997246	105.216949	104.827538
28.360672	109.997246	109.997246	105.213585	104.830894
28.370052	109.997246	109.997246	105.213585	104.830894
28.379431	109.997246	109.997246	105.213585	104.834259
28.388811	109.997246	109.997246	105.213585	104.837608
28.398191	109.997246	109.997246	105.213585	104.840965
28.407570	109.997246	109.997246	105.213585	104.840965
28.416950	109.997246	109.997246	105.213585	104.840965
28.426331	109.997246	109.997246	105.213585	104.837608
28.435709	109.997246	109.997246	105.210228	104.830894
28.445089	109.997246	109.997246	105.203522	104.824188
28.454470	109.997246	109.997246	105.196800	104.820831
28.463848	109.997246	109.997246	105.186729	104.820831
28.473228	109.997246	109.997246	105.180023	104.824188
28.482609	109.997246	109.997246	105.176659	104.827538
28.491987	109.997246	109.997246	105.176659	104.834259
28.501368	109.997246	109.997246	105.183380	104.840965
28.510748	109.997246	109.997246	105.190086	104.847687
28.520126	109.997246	109.997246	105.190086	104.851036
28.529507	109.997246	109.997246	105.186729	104.854393
28.538887	109.997246	109.997246	105.183380	104.851036
28.548265	109.997246	109.997246	105.176659	104.851036
28.557646	109.997246	109.997246	105.169952	104.851036
28.567026	109.997246	109.997246	105.159882	104.851036
28.576405	109.997246	109.997246	105.146454	104.854393
28.585785	109.997246	109.997246	105.133026	104.854393
28.595165	109.997246	109.997246	105.119598	104.851036
28.604544	109.997246	109.997246	105.109528	104.851036
28.613924	109.997246	109.997246	105.106163	104.851036
28.623304	109.997246	109.997246	105.112877	104.847687
28.632683	109.997246	109.997246	105.122955	104.844330
28.642063	109.997246	109.997246	105.136383	104.844330
28.651443	109.997246	109.997246	105.149803	104.840965
28.660822	109.997246	109.997246	105.156525	104.837608
28.670202	109.997246	109.997246	105.159882	104.834259
28.679583	109.997246	109.997246	105.163231	104.834259
28.688961	109.997246	109.997246	105.163231	104.834259
28.698341	109.997246	109.997246	105.163231	104.837608
28.707722	109.997246	109.997246	105.163231	104.844330
28.717100	109.997246	109.997246	105.163231	104.844330
28.726480	109.997246	109.997246	105.163231	104.840965
28.735861	109.997246	109.997246	105.166595	104.837608
28.745239	109.997246	109.997246	105.169952	104.837608
28.754620	109.997246	109.997246	105.166595	104.840965
28.764000	109.997246	109.997246	105.166595	104.844330
28.773378	109.997246	109.997246	105.163231	104.844330
28.782759	109.997246	109.997246	105.159882	104.844330
28.792139	109.997246	109.997246	105.159882	104.840965
28.801517	109.997246	109.997246	105.156525	104.840965
28.810898	109.997246	109.997246	105.153160	104.840965
28.820278	109.997246	109.997246	105.146454	104.840965
28.829657	109.997246	109.997246	105.143097	104.840965
28.839037	109.997246	109.997246	105.143097	104.840965
28.848417	109.997246	109.997246	105.139732	104.837608
28.857796	109.997246	109.997246	105.133026	104.834259
28.867176	109.997246	109.997246	105.126305	104.830894
28.876556	109.997246	109.997246	105.119598	104.824188
28.885935	109.997246	109.997246	105.116234	104.820831
28.895315	109.997246	109.997246	105.116234	104.814110
28.904696	109.997246	109.997246	105.116234	104.807388
28.914074	109.997246	109.997246	105.112877	104.807388
28.923454	109.997246	109.997246	105.109528	104.807388
28.932835	109.997246	109.997246	105.102806	104.810760
28.942213	109.997246	109.997246	105.102806	104.814110
28.951593	109.997246	109.997246	105.109528	104.817467
28.960974	109.997246	109.997246	105.112877	104.820831
28.970352	109.997246	109.997246	105.112877	104.820831
28.979733	109.997246	109.997246	105.112877	104.820831
28.989113	109.997246	109.997246	105.109528	104.824188
28.998491	109.997246	109.997246	105.109528	104.827538
29.007872	109.997246	109.997246	105.112877	104.830894
29.017252	109.997246	109.997246	105.112877	104.834259
29.026630	109.997246	109.997246	105.109528	104.840965
29.036011	109.997246	109.997246	105.106163	104.844330
29.045391	109.997246	109.997246	105.102806	104.847687
29.054770	109.997246	109.997246	105.096100	104.851036
29.064150	109.997246	109.997246	105.096100	104.854393
29.073530	109.997246	109.997246	105.092735	104.857758
29.082909	109.997246	109.997246	105.096100	104.857758
29.092289	109.997246	109.997246	105.096100	104.857758
29.101669	109.997246	109.997246	105.096100	104.857758
29.111048	109.997246	109.997246	105.102806	104.861107
29.120428	109.997246	109.997246	105.112877	104.867813
29.129808	109.997246	109.997246	105.119598	104.874535
29.139187	109.997246	109.997246	105.122955	104.881256
29.148567	109.997246	109.997246	105.122955	104.887962
29.157948	109.997246	109.997246	105.126305	104.894684
29.167326	109.997246	109.997246	105.122955	104.901390
29.176706	109.997246	109.997246	105.119598	104.904755
29.186087	109.997246	109.997246	105.112877	104.908112
29.195467	109.997246	109.997246	105.109528	104.908112
29.204845	109.997246	109.997246	105.109528	104.911461
29.214226	109.997246	109.997246	105.112877	104.914818
29.223606	109.997246	109.997246	105.116234	104.921532
29.232985	109.997246	109.997246	105.112877	104.931610
29.242365	109.997246	109.997246	105.109528	104.941681
29.251745	109.997246	109.997246	105.102806	104.951752
29.261124	109.997246	109.997246	105.096100	104.965179
29.270504	109.997246	109.997246	105.092735	104.975235
29.279884	109.997246	109.997246	105.096100	104.988678
29.289263	109.997246	109.997246	105.106163	105.002106
29.298643	109.997246	109.997246	105.112877	105.012177
29.308023	109.997246	109.997246	105.116234	105.015533
29.317402	109.997246	109.997246	105.119598	105.018883
29.326782	109.997246	109.997246	105.116234	105.015533
29.336163	109.997246	109.997246	105.119598	105.012177
29.345541	109.997246	109.997246	105.119598	105.008812
29.354921	109.997246	109.997246	105.119598	104.998741
29.364302	109.997246	109.997246	105.119598	104.985313
29.373680	109.997246	109.997246	105.119598	104.971886
29.383060	109.997246	109.997246	105.122955	104.958458
29.392441	109.997246	109.997246	105.126305	104.945030
29.401819	109.997246	109.997246	105.126305	104.931610
29.411200	109.997246	109.997246	105.133026	104.918182
29.420580	109.997246	109.997246	105.143097	104.904755
29.429958	109.997246	109.997246	105.149803	104.894684
29.439339	109.997246	109.997246	105.156525	104.881256
29.448719	109.997246	109.997246	105.159882	104.874535
29.458097	109.997246	109.997246	105.166595	104.871185
29.467478	109.997246	109.997246	105.173302	104.864464
29.476858	109.997246	109.997246	105.180023	104.861107
29.486237	109.997246	109.997246	105.186729	104.854393
29.495617	109.997246	109.997246	105.190086	104.844330
29.504997	109.997246	109.997246	105.196800	104.834259
29.514376	109.997246	109.997246	105.203522	104.827538
29.523756	109.997246	109.997246	105.206879	104.824188
29.533136	109.997246	109.997246	105.206879	104.817467
29.542515	109.997246	109.997246	105.200157	104.817467
29.551895	109.997246	109.997246	105.193451	104.814110
29.561275	109.997246	109.997246	105.183380	104.814110
29.570654	109.997246	109.997246	105.173302	104.814110
29.580034	109.997246	109.997246	105.159882	104.814110
29.589415	109.997246	109.997246	105.149803	104.814110
29.598793	109.997246	109.997246	105.143097	104.817467
29.608173	109.997246	109.997246	105.133026	104.824188
29.617554	109.997246	109.997246	105.129662	104.830894
29.626932	109.997246	109.997246	105.126305	104.830894
29.636312	109.997246	109.997246	105.122955	104.830894
29.645693	109.997246	109.997246	105.109528	104.827538
29.655071	109.997246	109.997246	105.099457	104.824188
29.664452	109.997246	109.997246	105.089378	104.824188
29.673832	109.997246	109.997246	105.079308	104.824188
29.683210	109.997246	109.997246	105.079308	104.827538
29.692591	109.997246	109.997246	105.079308	104.830894
29.701971	109.997246	109.997246	105.075958	104.830894
29.711349	109.997246	109.997246	105.072601	104.834259
29.720730	109.997246	109.997246	105.069237	104.837608
29.730110	109.997246	109.997246	105.062531	104.840965
29.739489	109.997246	109.997246	105.055809	104.837608
29.748869	109.997246	109.997246	105.049103	104.834259
29.758249	109.997246	109.997246	105.039032	104.824188
29.767628	109.997246	109.997246	105.032310	104.817467
29.777008	109.997246	109.997246	105.028954	104.814110
29.786388	109.997246	109.997246	105.028954	104.810760
29.795767	109.997246	109.997246	105.025604	104.814110
29.805147	109.997246	109.997246	105.028954	104.814110
29.814528	109.997246	109.997246	105.035675	104.810760
29.823906	109.997246	109.997246	105.042381	104.810760
29.833286	109.997246	109.997246	105.042381	104.814110
29.842667	109.997246	109.997246	105.035675	104.814110
29.852045	109.997246	109.997246	105.028954	104.817467
29.861425	109.997246	109.997246	105.025604	104.820831
29.870806	109.997246	109.997246	105.022240	104.824188
29.880184	109.997246	109.997246	105.022240	104.824188
29.889565	109.997246	109.997246	105.018883	104.817467
29.898945	109.997246	109.997246	105.018883	104.810760
29.908323	109.997246	109.997246	105.015533	104.807388
29.917704	109.997246	109.997246	105.012177	104.804039
29.927084	109.997246	109.997246	105.005455	104.800690
29.936462	109.997246	109.997246	105.005455	104.800690
29.945843	109.997246	109.997246	105.005455	104.804039
29.955223	109.997246	109.997246	105.005455	104.807388
29.964602	109.997246	109.997246	105.002106	104.814110
29.973982	109.997246	109.997246	105.002106	104.820831
29.983362	109.997246	109.997246	105.002106	104.830894
29.992743	109.997246	109.997246	105.005455	104.840965
30.002121	109.997246	109.997246	105.008812	104.847687
30.011501	109.997246	109.997246	105.015533	104.851036
30.020882	109.997246	109.997246	105.018883	104.847687
30.030260	109.997246	109.997246	105.018883	104.840965
30.039640	109.997246	109.997246	105.015533	104.837608
30.049021	109.997246	109.997246	105.005455	104.830894
30.058399	109.997246	109.997246	104.998741	104.827538
30.067780	109.997246	109.997246	104.995384	104.824188
30.077160	109.997246	109.997246	104.988678	104.824188
30.086538	109.997246	109.997246	104.981956	104.824188
30.095919	109.997246	109.997246	104.981956	104.827538
30.105299	109.997246	109.997246	104.985313	104.830894
30.114677	109.997246	109.997246	104.985313	104.834259
30.124058	109.997246	109.997246	104.985313	104.840965
30.133438	109.997246	109.997246	104.985313	104.847687
30.142817	109.997246	109.997246	104.981956	104.851036
30.152197	109.997246	109.997246	104.981956	104.854393
30.161577	109.997246	109.997246	104.981956	104.854393
30.170956	109.997246	109.997246	104.985313	104.854393
30.180336	109.997246	109.997246	104.981956	104.851036
30.189716	109.997246	109.997246	104.981956	104.851036
30.199095	109.997246	109.997246	104.978607	104.847687
30.208475	109.997246	109.997246	104.975235	104.840965
30.217855	109.997246	109.997246	104.975235	104.834259
30.227234	109.997246	109.997246	104.978607	104.830894
30.236614	109.997246	109.997246	104.985313	104.827538
30.245995	109.997246	109.997246	104.988678	104.827538
30.255373	109.997246	109.997246	104.985313	104.830894
30.264753	109.997246	109.997246	104.985313	104.834259
30.274134	109.997246	109.997246	104.985313	104.834259
30.283512	109.997246	109.997246	104.985313	104.837608
30.292892	109.997246	109.997246	104.992035	104.837608
30.302273	109.997246	109.997246	104.995384	104.840965
30.311651	109.997246	109.997246	105.005455	104.840965
30.321032	109.997246	109.997246	105.008812	104.840965
30.330412	109.997246	109.997246	105.012177	104.840965
30.339790	109.997246	109.997246	105.015533	104.837608
30.349171	109.997246	109.997246	105.012177	104.837608
30.358551	109.997246	109.997246	105.008812	104.837608
30.367929	109.997246	109.997246	105.005455	104.837608
30.377310	109.997246	109.997246	105.002106	104.840965
30.386690	109.997246	109.997246	104.998741	104.840965
30.396069	109.997246	109.997246	104.998741	104.844330
30.405449	109.997246	109.997246	104.995384	104.847687
30.414829	109.997246	109.997246	104.995384	104.851036
30.424208	109.997246	109.997246	104.998741	104.854393
30.433588	109.997246	109.997246	104.998741	104.854393
30.442968	109.997246	109.997246	104.998741	104.854393
30.452347	109.997246	109.997246	104.995384	104.854393
30.461727	109.997246	109.997246	104.988678	104.851036
30.471107	109.997246	109.997246	104.981956	104.851036
30.480486	109.997246	109.997246	104.978607	104.851036
30.489866	109.997246	109.997246	104.975235	104.847687
30.499247	109.997246	109.997246	104.971886	104.844330
30.508625	109.997246	109.997246	104.968536	104.840965
30.518005	109.997246	109.997246	104.961815	104.840965
30.527386	109.997246	109.997246	104.961815	104.840965
30.536764	109.997246	109.997246	104.961815	104.840965
30.546144	109.997246	109.997246	104.965179	104.844330
30.555525	109.997246	109.997246	104.971886	104.844330
30.564903	109.997246	109.997246	104.975235	104.844330
30.574284	109.997246	109.997246	104.978607	104.844330
30.583664	109.997246	109.997246	104.985313	104.840965
30.593042	109.997246	109.997246	104.988678	104.837608
30.602423	109.997246	109.997246	104.988678	104.837608
30.611803	109.997246	109.997246	104.985313	104.837608
30.621181	109.997246	109.997246	104.981956	104.837608
30.630562	109.997246	109.997246	104.978607	104.834259
30.639942	109.997246	109.997246	104.971886	104.830894
30.649321	109.997246	109.997246	104.971886	104.830894
30.658701	109.997246	109.997246	104.971886	104.834259
30.668081	109.997246	109.997246	104.971886	104.834259
30.677460	109.997246	109.997246	104.968536	104.837608
30.686840	109.997246	109.997246	104.965179	104.840965
30.696220	109.997246	109.997246	104.961815	104.840965
30.705599	109.997246	109.997246	104.955109	104.844330
30.714979	109.997246	109.997246	104.951752	104.847687
30.724360	109.997246	109.997246	104.955109	104.854393
30.733738	109.997246	109.997246	104.961815	104.857758
30.743118	109.997246	109.997246	104.965179	104.854393
30.752499	109.997246	109.997246	104.968536	104.851036
30.761877	109.997246	109.997246	104.971886	104.844330
30.771257	109.997246	109.997246	104.971886	104.840965
30.780638	109.997246	109.997246	104.971886	104.837608
30.790018	109.997246	109.997246	104.971886	104.834259
30.799397	109.997246	109.997246	104.975235	104.837608
30.808777	109.997246	109.997246	104.978607	104.837608
30.818157	109.997246	109.997246	104.978607	104.840965
30.827536	109.997246	109.997246	104.978607	104.837608
30.836916	109.997246	109.997246	104.975235	104.837608
30.846296	109.997246	109.997246	104.975235	104.837608
30.855675	109.997246	109.997246	104.978607	104.840965
30.865055	109.997246	109.997246	104.981956	104.837608
30.874435	109.997246	109.997246	104.988678	104.834259
30.883814	109.997246	109.997246	104.988678	104.830894
30.893194	109.997246	109.997246	104.988678	104.827538
30.902575	109.997246	109.997246	104.981956	104.824188
30.911953	109.997246	109.997246	104.975235	104.824188
30.921333	109.997246	109.997246	104.971886	104.824188
30.930714	109.997246	109.997246	104.968536	104.827538
30.940092	109.997246	109.997246	104.965179	104.830894
30.949472	109.997246	109.997246	104.958458	104.834259
30.958853	109.997246	109.997246	104.951752	104.834259
30.968231	109.997246	109.997246	104.948387	104.834259
30.977612	109.997246	109.997246	104.948387	104.834259
30.986992	109.997246	109.997246	104.951752	104.837608
30.996370	109.997246	109.997246	104.955109	104.844330
31.005751	109.997246	109.997246	104.965179	104.851036
31.015131	109.997246	109.997246	104.971886	104.851036
31.024509	109.997246	109.997246	104.971886	104.847687
31.033890	109.997246	109.997246	104.971886	104.844330
31.043270	109.997246	109.997246	104.968536	104.840965
31.052649	109.997246	109.997246	104.961815	104.834259
31.062029	109.997246	109.997246	104.955109	104.827538
31.071409	109.997246	109.997246	104.951752	104.820831
31.080788	109.997246	109.997246	104.945030	104.814110
31.090168	109.997246	109.997246	104.941681	104.807388
31.099548	109.997246	109.997246	104.941681	104.807388
31.108927	109.997246	109.997246	104.945030	104.814110
31.118307	109.997246	109.997246	104.948387	104.824188
31.127687	109.997246	109.997246	104.955109	104.834259
31.137066	109.997246	109.997246	104.961815	104.844330
31.146446	109.997246	109.997246	104.965179	104.851036
31.155827	109.997246	109.997246	104.971886	104.857758
31.165205	109.997246	109.997246	104.975235	104.857758
31.174585	109.997246	109.997246	104.975235	104.864464
31.183966	109.997246	109.997246	104.975235	104.864464
31.193344	109.997246	109.997246	104.971886	104.867813
31.202724	109.997246	109.997246	104.965179	104.867813
31.212105	109.997246	109.997246	104.958458	104.867813
31.221483	109.997246	109.997246	104.951752	104.864464
31.230864	109.997246	109.997246	104.948387	104.861107
31.240244	109.997246	109.997246	104.945030	104.861107
31.249622	109.997246	109.997246	104.941681	104.861107
31.259003	109.997246	109.997246	104.941681	104.864464
31.268383	109.997246	109.997246	104.941681	104.871185
31.277761	109.997246	109.997246	104.945030	104.881256
31.287142	109.997246	109.997246	104.945030	104.891312
31.296522	109.997246	109.997246	104.945030	104.894684
31.305901	109.997246	109.997246	104.941681	104.894684
31.315281	109.997246	109.997246	104.941681	104.891312
31.324661	109.997246	109.997246	104.948387	104.887962
31.334040	109.997246	109.997246	104.951752	104.887962
31.343420	109.997246	109.997246	104.951752	104.887962
31.352800	109.997246	109.997246	104.951752	104.887962
31.362179	109.997246	109.997246	104.948387	104.884613
31.371559	109.997246	109.997246	104.938316	104.881256
31.380939	109.997246	109.997246	104.928253	104.881256
31.390318	109.997246	109.997246	104.918182	104.884613
31.399698	109.997246	109.997246	104.914818	104.884613
31.409079	109.997246	109.997246	104.911461	104.884613
31.418457	109.997246	109.997246	104.908112	104.884613
31.427837	109.997246	109.997246	104.904755	104.887962
31.437218	109.997246	109.997246	104.901390	104.894684
31.446596	109.997246	109.997246	104.898033	104.894684
31.455976	109.997246	109.997246	104.894684	104.894684
31.465357	109.997246	109.997246	104.894684	104.891312
31.474735	109.997246	109.997246	104.894684	104.887962
31.484116	109.997246	109.997246	104.898033	104.884613
31.493496	109.997246	109.997246	104.898033	104.877892
31.502874	109.997246	109.997246	104.894684	104.877892
31.512255	109.997246	109.997246	104.891312	104.874535
31.521635	109.997246	109.997246	104.891312	104.871185
31.531013	109.997246	109.997246	104.887962	104.864464
31.540394	109.997246	109.997246	104.887962	104.864464
31.549774	109.997246	109.997246	104.891312	104.874535
31.559153	109.997246	109.997246	104.887962	104.881256
31.568533	109.997246	109.997246	104.887962	104.891312
31.577913	109.997246	109.997246	104.891312	104.894684
31.587292	109.997246	109.997246	104.894684	104.898033
31.596672	109.997246	109.997246	104.898033	104.904755
31.606052	109.997246	109.997246	104.904755	104.904755
31.615433	109.997246	109.997246	104.908112	104.904755
31.624811	109.997246	109.997246	104.908112	104.904755
31.634192	109.997246	109.997246	104.904755	104.898033
31.643572	109.997246	109.997246	104.901390	104.891312
31.652950	109.997246	109.997246	104.891312	104.891312
31.662331	109.997246	109.997246	104.884613	104.887962
31.671711	109.997246	109.997246	104.881256	104.887962
31.681089	109.997246	109.997246	104.874535	104.887962
31.690470	109.997246	109.997246	104.864464	104.884613
31.699850	109.997246	109.997246	104.861107	104.884613
31.709229	109.997246	109.997246	104.857758	104.881256
31.718609	109.997246	109.997246	104.857758	104.877892
31.727989	109.997246	109.997246	104.861107	104.874535
31.737368	109.997246	109.997246	104.861107	104.874535
31.746748	109.997246	109.997246	104.864464	104.874535
31.756128	109.997246	109.997246	104.864464	104.877892
31.765507	109.997246	109.997246	104.871185	104.877892
31.774887	109.997246	109.997246	104.874535	104.877892
31.784267	109.997246	109.997246	104.874535	104.877892
31.793646	109.997246	109.997246	104.874535	104.874535
31.803026	109.997246	109.997246	104.871185	104.871185
31.812407	109.997246	109.997246	104.867813	104.864464
31.821785	109.997246	109.997246	104.864464	104.861107
31.831165	109.997246	109.997246	104.861107	104.861107
31.840546	109.997246	109.997246	104.857758	104.867813
31.849924	109.997246	109.997246	104.857758	104.874535
31.859304	109.997246	109.997246	104.857758	104.884613
31.868685	109.997246	109.997246	104.861107	104.891312
31.878063	109.997246	109.997246	104.864464	104.898033
31.887444	109.997246	109.997246	104.867813	104.898033
31.896824	109.997246	109.997246	104.871185	104.901390
31.906202	109.997246	109.997246	104.874535	104.901390
31.915583	109.997246	109.997246	104.877892	104.898033
31.924963	109.997246	109.997246	104.881256	104.891312
31.934341	109.997246	109.997246	104.887962	104.881256
31.943722	109.997246	109.997246	104.887962	104.871185
31.953102	109.997246	109.997246	104.887962	104.864464
31.962481	109.997246	109.997246	104.887962	104.861107
31.971861	109.997246	109.997246	104.884613	104.854393
31.981241	109.997246	109.997246	104.877892	104.854393
31.990620	109.997246	109.997246	104.867813	104.861107
