20.958424	0.060380	0.241697	0.080526	0.281930
20.989719	0.050306	0.241697	0.080526	0.281930
21.021015	0.050306	0.241697	0.080526	0.292003
21.052311	0.050306	0.241697	0.080526	0.302076
21.083607	0.060380	0.241697	0.080526	0.312150
21.114902	0.060380	0.241697	0.090599	0.322223
21.146198	0.070453	0.251770	0.090599	0.332296
21.177494	0.070453	0.261784	0.090599	0.342369
21.208790	0.070453	0.271857	0.090599	0.352442
21.240086	0.060380	0.271857	0.090599	0.362515
21.271381	0.060380	0.281930	0.100672	0.372589
21.302677	0.050306	0.281930	0.100672	0.382662
21.333973	0.050306	0.292003	0.110745	0.392735
21.365271	0.060380	0.292003	0.120819	0.402808
21.396566	0.070453	0.302076	0.130892	0.412881
21.427862	0.080526	0.302076	0.130892	0.422955
21.459158	0.080526	0.312150	0.130892	0.443101
21.490454	0.090599	0.322223	0.130892	0.463247
21.521749	0.090599	0.322223	0.140965	0.473320
21.553045	0.090599	0.322223	0.151038	0.493467
21.584341	0.090599	0.332296	0.161111	0.513613
21.615637	0.090599	0.332296	0.161111	0.523627
21.646933	0.090599	0.342369	0.171185	0.543773
21.678228	0.100672	0.352442	0.181258	0.563920
21.709524	0.100672	0.362515	0.181258	0.573993
21.740820	0.110745	0.372589	0.191331	0.594139
21.772116	0.110745	0.382662	0.191331	0.624359
21.803411	0.110745	0.392735	0.191331	0.644505
21.834707	0.110745	0.402808	0.201404	0.664651
21.866005	0.120819	0.402808	0.211477	0.684798
21.897301	0.130892	0.412881	0.221550	0.704944
21.928596	0.140965	0.412881	0.231624	0.735164
21.959892	0.140965	0.422955	0.241697	0.755310
21.991188	0.140965	0.433028	0.251770	0.775397
22.022484	0.140965	0.443101	0.261784	0.795543
22.053780	0.140965	0.453174	0.271857	0.815690
22.085075	0.140965	0.463247	0.281930	0.835836
22.116371	0.151038	0.473320	0.292003	0.866055
22.147667	0.161111	0.483394	0.302076	0.886202
22.178963	0.161111	0.493467	0.312150	0.916421
22.210258	0.171185	0.503540	0.312150	0.946641
22.241554	0.171185	0.513613	0.322223	0.986934
22.272850	0.171185	0.523627	0.332296	1.027226
22.304146	0.171185	0.543773	0.342369	1.067460
22.335442	0.171185	0.553846	0.352442	1.107752
22.366739	0.171185	0.584066	0.362515	1.158118
22.398035	0.181258	0.594139	0.382662	1.198411
22.429331	0.191331	0.614285	0.392735	1.248777
22.460627	0.211477	0.624359	0.402808	1.289070
22.491922	0.221550	0.644505	0.422955	1.339376
22.523218	0.231624	0.654578	0.443101	1.389742
22.554514	0.231624	0.674725	0.453174	1.440108
22.585810	0.231624	0.684798	0.473320	1.500547
22.617105	0.231624	0.704944	0.483394	1.560926
22.648401	0.241697	0.725091	0.493467	1.621366
22.679697	0.251770	0.745237	0.513613	1.691878
22.710993	0.261784	0.775397	0.533700	1.762390
22.742289	0.271857	0.805616	0.553846	1.842916
22.773584	0.271857	0.825763	0.573993	1.933575
22.804880	0.281930	0.855982	0.594139	2.034307
22.836176	0.281930	0.876129	0.614285	2.134979
22.867474	0.292003	0.896275	0.634432	2.245784
22.898769	0.302076	0.926495	0.644505	2.356529
22.930065	0.302076	0.956714	0.664651	2.477407
22.961361	0.312150	0.986934	0.684798	2.608299
22.992657	0.322223	1.027226	0.704944	2.749324
23.023952	0.332296	1.067460	0.735164	2.910435
23.055248	0.342369	1.117826	0.755310	3.091753
23.086544	0.352442	1.168191	0.775397	3.283083
23.117840	0.362515	1.198411	0.795543	3.514707
23.149136	0.372589	1.238704	0.825763	3.766477
23.180431	0.382662	1.278996	0.855982	4.068613
23.211727	0.402808	1.319230	0.886202	4.410982
23.243023	0.422955	1.369596	0.916421	4.823923
23.274319	0.433028	1.409888	0.946641	5.307317
23.305614	0.443101	1.470327	0.976861	5.891442
23.336912	0.443101	1.530766	1.007080	6.606460
23.368208	0.443101	1.601219	1.047313	7.502735
23.399504	0.453174	1.701951	1.087606	8.610546
23.430799	0.463247	1.842916	1.127899	9.980202
23.462095	0.483394	2.044380	1.178265	11.692226
23.493391	0.503540	2.356529	1.218557	13.817191
23.524687	0.523627	2.839923	1.268923	16.344965
23.555983	0.543773	3.555000	1.319230	19.305824
23.587278	0.563920	4.562080	1.359522	22.548616
23.618574	0.573993	5.931675	1.409888	25.821627
23.649870	0.594139	7.653832	1.450181	28.792561
23.681166	0.614285	9.607553	1.510620	31.038343
23.712461	0.644505	11.621714	1.560926	32.256901
23.743757	0.664651	13.434469	1.631439	32.387852
23.775053	0.684798	14.864564	1.701951	31.612396
23.806349	0.704944	15.851498	1.782537	30.232668
23.837646	0.735164	16.425550	1.852989	28.429985
23.868942	0.755310	16.687393	1.943648	26.295006
23.900238	0.775397	16.707539	2.024233	23.847759
23.931534	0.805616	16.576588	2.114832	21.048069
23.962830	0.835836	16.324818	2.215564	17.895878
23.994125	0.866055	15.952229	2.326310	14.431536
24.025421	0.906348	15.438616	2.447188	10.755658
24.056717	0.936568	14.743686	2.578139	7.120073
24.088013	0.976861	13.817191	2.709031	3.877223
24.119308	1.017153	12.648940	2.870142	1.359522
24.150604	1.057386	11.319637	3.031313	-0.201464
24.181900	1.087606	9.919763	3.212571	-0.825822
24.213196	1.117826	8.570253	3.413975	-0.785530
24.244492	1.148045	7.381916	3.645599	-0.412941
24.275787	1.188338	6.364763	3.907442	0.030160
24.307083	1.238704	5.538940	4.209578	0.433028
24.338381	1.278996	4.864216	4.562080	0.755310
24.369677	1.309156	4.320383	4.964888	0.997007
24.400972	1.339376	3.877223	5.438209	1.158118
24.432268	1.369596	3.494561	5.992115	1.278996
24.463564	1.379669	3.172278	6.687045	1.349449
24.494860	1.379669	2.900362	7.543027	1.389742
24.526155	1.339376	2.668738	8.630693	1.409888
24.557451	1.258850	2.477407	10.060728	1.419961
24.588747	1.097679	2.306223	11.933923	1.419961
24.620043	0.855982	2.155125	14.371098	1.409888
24.651339	0.584066	2.024233	17.452776	1.389742
24.682634	0.473320	1.903355	21.037996	1.359522
24.713930	0.745237	1.802683	24.754107	1.329303
24.745226	1.530766	1.712024	28.208435	1.299083
24.776522	2.809763	1.621366	30.998051	1.268923
24.807819	4.380822	1.540840	32.901466	1.238704
24.839115	6.012261	1.460254	33.908546	1.198411
24.870411	7.543027	1.389742	34.089806	1.168191
24.901707	8.842171	1.329303	33.556046	1.137972
24.933002	9.879470	1.258850	32.428146	1.107752
24.964298	10.695219	1.208484	30.786573	1.077533
24.995594	11.380016	1.158118	28.671682	1.047313
25.026890	12.034655	1.117826	26.053249	1.017153
25.058186	12.759745	1.077533	22.891045	0.997007
25.089481	13.565421	1.037240	19.265533	0.976861
25.120777	14.330805	0.997007	15.347958	0.956714
25.152073	14.783978	0.966787	11.490822	0.936568
25.183369	14.723539	0.936568	8.107006	0.906348
25.214664	14.119328	0.906348	5.387902	0.886202
25.245960	13.061881	0.886202	3.434122	0.866055
25.277256	11.762738	0.855982	2.175272	0.835836
25.308554	10.362864	0.835836	1.450181	0.815690
25.339849	9.013414	0.805616	1.107752	0.785470
25.371145	7.794797	0.785470	1.007080	0.765383
25.402441	6.737351	0.765383	1.027226	0.745237
25.433737	5.841076	0.755310	1.117826	0.725091
25.465033	5.105913	0.735164	1.218557	0.694871
25.496328	4.481494	0.704944	1.309156	0.674725
25.527624	3.967881	0.674725	1.379669	0.654578
25.558920	3.544927	0.644505	1.430035	0.634432
25.590216	3.202498	0.624359	1.470327	0.614285
25.621511	2.910435	0.614285	1.490474	0.604212
25.652807	2.668738	0.604212	1.500547	0.584066
25.684103	2.457261	0.604212	1.490474	0.573993
25.715399	2.286077	0.584066	1.470327	0.553846
25.746695	2.124906	0.573993	1.450181	0.543773
25.777990	1.973867	0.553846	1.419961	0.523627
25.809288	1.852989	0.543773	1.389742	0.513613
25.840584	1.742244	0.533700	1.359522	0.493467
25.871880	1.651585	0.513613	1.329303	0.483394
25.903175	1.571000	0.503540	1.299083	0.463247
25.934471	1.500547	0.483394	1.258850	0.433028
25.965767	1.430035	0.473320	1.218557	0.422955
25.997063	1.369596	0.463247	1.178265	0.402808
26.028358	1.309156	0.453174	1.148045	0.392735
26.059654	1.248777	0.443101	1.117826	0.382662
26.090950	1.198411	0.433028	1.087606	0.362515
26.122246	1.158118	0.422955	1.057386	0.352442
26.153542	1.117826	0.412881	1.027226	0.332296
26.184837	1.077533	0.412881	1.007080	0.322223
26.216133	1.027226	0.412881	0.976861	0.312150
26.247429	0.986934	0.422955	0.946641	0.312150
26.278725	0.936568	0.422955	0.916421	0.302076
26.310022	0.906348	0.412881	0.886202	0.302076
26.341318	0.866055	0.402808	0.855982	0.292003
26.372614	0.845909	0.382662	0.835836	0.292003
26.403910	0.815690	0.372589	0.815690	0.292003
26.435205	0.785470	0.352442	0.795543	0.292003
26.466501	0.765383	0.342369	0.765383	0.302076
26.497797	0.745237	0.332296	0.745237	0.292003
26.529093	0.725091	0.332296	0.715017	0.292003
26.560389	0.704944	0.322223	0.694871	0.271857
26.591684	0.684798	0.312150	0.674725	0.261784
26.622980	0.664651	0.312150	0.654578	0.241697
26.654276	0.654578	0.312150	0.634432	0.231624
26.685572	0.624359	0.312150	0.614285	0.231624
26.716867	0.604212	0.312150	0.604212	0.221550
26.748163	0.584066	0.312150	0.594139	0.211477
26.779461	0.563920	0.312150	0.573993	0.211477
26.810757	0.543773	0.312150	0.553846	0.211477
26.842052	0.533700	0.312150	0.533700	0.201404
26.873348	0.513613	0.302076	0.513613	0.191331
26.904644	0.503540	0.292003	0.503540	0.181258
26.935940	0.493467	0.281930	0.483394	0.181258
26.967236	0.483394	0.271857	0.473320	0.171185
26.998531	0.473320	0.271857	0.453174	0.171185
27.029827	0.453174	0.261784	0.443101	0.161111
27.061123	0.443101	0.261784	0.422955	0.161111
27.092419	0.422955	0.251770	0.412881	0.171185
27.123714	0.412881	0.241697	0.402808	0.171185
27.155010	0.402808	0.241697	0.392735	0.161111
27.186306	0.392735	0.231624	0.382662	0.161111
27.217602	0.392735	0.231624	0.362515	0.151038
27.248898	0.382662	0.221550	0.352442	0.151038
27.280195	0.372589	0.221550	0.342369	0.151038
27.311491	0.362515	0.221550	0.332296	0.140965
27.342787	0.352442	0.221550	0.312150	0.140965
27.374083	0.342369	0.221550	0.302076	0.140965
27.405378	0.332296	0.221550	0.281930	0.140965
27.436674	0.322223	0.221550	0.271857	0.130892
27.467970	0.322223	0.211477	0.271857	0.130892
27.499266	0.322223	0.221550	0.261784	0.120819
27.530561	0.312150	0.221550	0.251770	0.120819
27.561857	0.302076	0.221550	0.241697	0.120819
27.593153	0.302076	0.221550	0.231624	0.120819
27.624449	0.292003	0.221550	0.221550	0.120819
27.655745	0.271857	0.221550	0.211477	0.120819
27.687040	0.261784	0.221550	0.201404	0.120819
27.718336	0.261784	0.221550	0.191331	0.120819
27.749632	0.261784	0.221550	0.191331	0.130892
27.780930	0.261784	0.221550	0.181258	0.130892
27.812225	0.251770	0.221550	0.171185	0.130892
27.843521	0.241697	0.221550	0.161111	0.130892
27.874817	0.231624	0.221550	0.151038	0.130892
27.906113	0.231624	0.221550	0.151038	0.140965
27.937408	0.221550	0.221550	0.140965	0.130892
27.968704	0.221550	0.221550	0.140965	0.130892
