21.940655	-0.174567	-0.600904	5.784020	6.217062
21.950029	-0.174567	-0.600904	5.780667	6.217062
21.959404	-0.174567	-0.604257	5.780667	6.220430
21.968779	-0.174567	-0.604257	5.780667	6.220430
21.978153	-0.174567	-0.600904	5.784020	6.220430
21.987530	-0.174567	-0.597551	5.784020	6.223783
21.996904	-0.174567	-0.597551	5.787373	6.227136
22.006279	-0.171214	-0.594184	5.787373	6.227136
22.015654	-0.171214	-0.594184	5.787373	6.220430
22.025028	-0.174567	-0.594184	5.790740	6.220430
22.034403	-0.174567	-0.597551	5.790740	6.220430
22.043779	-0.177920	-0.597551	5.794093	6.223783
22.053154	-0.181288	-0.597551	5.794093	6.227136
22.062529	-0.181288	-0.597551	5.797446	6.223783
22.071903	-0.181288	-0.594184	5.804166	6.223783
22.081278	-0.181288	-0.594184	5.807519	6.220430
22.090654	-0.181288	-0.594184	5.807519	6.220430
22.100029	-0.181288	-0.590831	5.804166	6.220430
22.109404	-0.184640	-0.587478	5.804166	6.223783
22.118778	-0.184640	-0.584111	5.800814	6.223783
22.128153	-0.184640	-0.587478	5.800814	6.220430
22.137529	-0.187993	-0.587478	5.804166	6.220430
22.146904	-0.187993	-0.590831	5.804166	6.223783
22.156279	-0.187993	-0.590831	5.804166	6.230503
22.165653	-0.187993	-0.590831	5.804166	6.233856
22.175028	-0.187993	-0.590831	5.804166	6.233856
22.184402	-0.191361	-0.587478	5.797446	6.233856
22.193779	-0.191361	-0.587478	5.794093	6.233856
22.203154	-0.191361	-0.584111	5.794093	6.237209
22.212528	-0.191361	-0.580758	5.800814	6.240561
22.221903	-0.191361	-0.580758	5.804166	6.243929
22.231277	-0.191361	-0.580758	5.804166	6.240561
22.240654	-0.194713	-0.580758	5.804166	6.237209
22.250029	-0.194713	-0.580758	5.804166	6.237209
22.259403	-0.194713	-0.580758	5.800814	6.240561
22.268778	-0.194713	-0.580758	5.797446	6.240561
22.278152	-0.191361	-0.580758	5.794093	6.233856
22.287527	-0.191361	-0.580758	5.794093	6.230503
22.296904	-0.191361	-0.584111	5.794093	6.230503
22.306278	-0.194713	-0.584111	5.794093	6.230503
22.315653	-0.194713	-0.587478	5.790740	6.223783
22.325027	-0.198066	-0.587478	5.794093	6.220430
22.334402	-0.198066	-0.587478	5.797446	6.217062
22.343779	-0.201419	-0.587478	5.797446	6.217062
22.353153	-0.201419	-0.587478	5.797446	6.220430
22.362528	-0.204787	-0.587478	5.797446	6.227136
22.371902	-0.204787	-0.587478	5.797446	6.227136
22.381277	-0.201419	-0.587478	5.797446	6.227136
22.390654	-0.201419	-0.587478	5.800814	6.223783
22.400028	-0.201419	-0.584111	5.807519	6.223783
22.409403	-0.201419	-0.584111	5.810872	6.223783
22.418777	-0.201419	-0.584111	5.810872	6.227136
22.428152	-0.201419	-0.584111	5.807519	6.230503
22.437527	-0.201419	-0.580758	5.800814	6.230503
22.446903	-0.201419	-0.580758	5.797446	6.227136
22.456278	-0.204787	-0.580758	5.800814	6.223783
22.465652	-0.204787	-0.584111	5.807519	6.227136
22.475027	-0.204787	-0.584111	5.807519	6.230503
22.484402	-0.204787	-0.584111	5.810872	6.230503
22.493778	-0.204787	-0.584111	5.810872	6.227136
22.503153	-0.208139	-0.584111	5.814240	6.227136
22.512527	-0.208139	-0.584111	5.814240	6.230503
22.521902	-0.211492	-0.584111	5.810872	6.230503
22.531277	-0.211492	-0.580758	5.810872	6.230503
22.540651	-0.214845	-0.577405	5.810872	6.227136
22.550028	-0.214845	-0.577405	5.814240	6.230503
22.559402	-0.214845	-0.574052	5.817592	6.233856
22.568777	-0.214845	-0.574052	5.817592	6.230503
22.578152	-0.214845	-0.574052	5.814240	6.227136
22.587526	-0.211492	-0.574052	5.817592	6.223783
22.596903	-0.211492	-0.574052	5.820945	6.223783
22.606277	-0.211492	-0.574052	5.820945	6.223783
22.615652	-0.211492	-0.577405	5.814240	6.227136
22.625027	-0.211492	-0.577405	5.810872	6.227136
22.634401	-0.211492	-0.574052	5.814240	6.227136
22.643778	-0.211492	-0.570685	5.820945	6.227136
22.653152	-0.214845	-0.567332	5.824298	6.223783
22.662527	-0.214845	-0.560611	5.824298	6.223783
22.671902	-0.214845	-0.553906	5.824298	6.220430
22.681276	-0.214845	-0.553906	5.824298	6.217062
22.690651	-0.214845	-0.557259	5.824298	6.220430
22.700027	-0.214845	-0.567332	5.824298	6.220430
22.709402	-0.214845	-0.574052	5.824298	6.217062
22.718777	-0.218213	-0.574052	5.824298	6.217062
22.728151	-0.218213	-0.574052	5.820945	6.217062
22.737526	-0.218213	-0.574052	5.820945	6.217062
22.746902	-0.218213	-0.574052	5.824298	6.220430
22.756277	-0.218213	-0.570685	5.827665	6.220430
22.765652	-0.218213	-0.570685	5.824298	6.223783
22.775026	-0.218213	-0.567332	5.817592	6.223783
22.784401	-0.218213	-0.563979	5.817592	6.223783
22.793777	-0.218213	-0.563979	5.817592	6.223783
22.803152	-0.218213	-0.563979	5.820945	6.223783
22.812527	-0.218213	-0.563979	5.824298	6.227136
22.821901	-0.221565	-0.563979	5.831018	6.230503
22.831276	-0.221565	-0.563979	5.831018	6.230503
22.840651	-0.224918	-0.563979	5.827665	6.230503
22.850027	-0.224918	-0.567332	5.824298	6.223783
22.859402	-0.221565	-0.563979	5.824298	6.223783
22.868776	-0.221565	-0.567332	5.824298	6.227136
22.878151	-0.221565	-0.567332	5.820945	6.227136
22.887526	-0.221565	-0.570685	5.817592	6.227136
22.896902	-0.224918	-0.570685	5.824298	6.227136
22.906277	-0.224918	-0.570685	5.827665	6.227136
22.915651	-0.224918	-0.570685	5.827665	6.227136
22.925026	-0.224918	-0.570685	5.824298	6.220430
22.934401	-0.221565	-0.570685	5.820945	6.217062
22.943775	-0.221565	-0.570685	5.820945	6.220430
22.953152	-0.224918	-0.567332	5.824298	6.220430
22.962526	-0.224918	-0.567332	5.827665	6.220430
22.971901	-0.224918	-0.567332	5.831018	6.217062
22.981276	-0.224918	-0.567332	5.831018	6.217062
22.990650	-0.224918	-0.567332	5.834371	6.223783
23.000027	-0.224918	-0.567332	5.837739	6.227136
23.009401	-0.224918	-0.563979	5.837739	6.230503
23.018776	-0.224918	-0.560611	5.834371	6.230503
23.028151	-0.221565	-0.560611	5.834371	6.233856
23.037525	-0.221565	-0.560611	5.834371	6.237209
23.046902	-0.221565	-0.557259	5.834371	6.237209
23.056276	-0.221565	-0.557259	5.837739	6.233856
23.065651	-0.221565	-0.560611	5.841091	6.233856
23.075026	-0.221565	-0.560611	5.844444	6.237209
23.084400	-0.221565	-0.560611	5.847797	6.237209
23.093775	-0.221565	-0.557259	5.844444	6.233856
23.103151	-0.221565	-0.557259	5.844444	6.230503
23.112526	-0.221565	-0.553906	5.847797	6.230503
23.121901	-0.221565	-0.553906	5.854517	6.230503
23.131275	-0.221565	-0.550553	5.857870	6.230503
23.140650	-0.221565	-0.550553	5.861238	6.230503
23.150026	-0.218213	-0.550553	5.864591	6.227136
23.159401	-0.218213	-0.553906	5.864591	6.227136
23.168776	-0.218213	-0.557259	5.861238	6.223783
23.178150	-0.221565	-0.557259	5.857870	6.220430
23.187525	-0.221565	-0.557259	5.854517	6.217062
23.196901	-0.221565	-0.557259	5.854517	6.213710
23.206276	-0.224918	-0.553906	5.854517	6.210357
23.215651	-0.224918	-0.550553	5.857870	6.207004
23.225025	-0.228286	-0.550553	5.857870	6.203637
23.234400	-0.231639	-0.550553	5.861238	6.203637
23.243774	-0.231639	-0.550553	5.861238	6.207004
23.253151	-0.234991	-0.550553	5.861238	6.210357
23.262526	-0.231639	-0.550553	5.857870	6.210357
23.271900	-0.228286	-0.547186	5.854517	6.210357
23.281275	-0.224918	-0.543833	5.851164	6.210357
23.290649	-0.221565	-0.543833	5.854517	6.213710
23.300026	-0.221565	-0.543833	5.861238	6.213710
23.309401	-0.221565	-0.543833	5.864591	6.210357
23.318775	-0.221565	-0.543833	5.861238	6.210357
23.328150	-0.221565	-0.543833	5.861238	6.207004
23.337524	-0.221565	-0.543833	5.864591	6.207004
23.346899	-0.221565	-0.540480	5.871296	6.210357
23.356276	-0.221565	-0.537112	5.871296	6.210357
23.365650	-0.221565	-0.537112	5.874663	6.210357
23.375025	-0.221565	-0.537112	5.874663	6.210357
23.384399	-0.218213	-0.533760	5.878016	6.210357
23.393774	-0.214845	-0.533760	5.881369	6.213710
23.403151	-0.214845	-0.530407	5.878016	6.213710
23.412525	-0.214845	-0.530407	5.878016	6.210357
23.421900	-0.214845	-0.533760	5.881369	6.207004
23.431274	-0.218213	-0.533760	5.884737	6.210357
23.440649	-0.218213	-0.533760	5.881369	6.210357
23.450026	-0.218213	-0.530407	5.878016	6.203637
23.459400	-0.218213	-0.530407	5.878016	6.203637
23.468775	-0.221565	-0.527054	5.881369	6.203637
23.478149	-0.221565	-0.527054	5.888090	6.207004
23.487524	-0.221565	-0.523686	5.891442	6.203637
23.496899	-0.221565	-0.523686	5.884737	6.200284
23.506275	-0.224918	-0.523686	5.878016	6.203637
23.515650	-0.224918	-0.523686	5.874663	6.210357
23.525024	-0.224918	-0.523686	5.874663	6.207004
23.534399	-0.224918	-0.523686	5.878016	6.203637
23.543774	-0.221565	-0.523686	5.884737	6.203637
23.553150	-0.224918	-0.520334	5.891442	6.207004
23.562525	-0.224918	-0.520334	5.894795	6.213710
23.571899	-0.224918	-0.516981	5.894795	6.213710
23.581274	-0.228286	-0.513628	5.894795	6.210357
23.590649	-0.228286	-0.513628	5.898163	6.203637
23.600023	-0.224918	-0.510260	5.898163	6.203637
23.609400	-0.228286	-0.510260	5.898163	6.203637
23.618774	-0.228286	-0.506908	5.898163	6.207004
23.628149	-0.228286	-0.506908	5.901515	6.207004
23.637524	-0.228286	-0.503555	5.904868	6.203637
23.646898	-0.224918	-0.503555	5.904868	6.203637
23.656275	-0.224918	-0.503555	5.904868	6.203637
23.665649	-0.221565	-0.503555	5.901515	6.203637
23.675024	-0.221565	-0.503555	5.898163	6.207004
23.684399	-0.218213	-0.500187	5.901515	6.210357
23.693773	-0.218213	-0.500187	5.904868	6.210357
23.703150	-0.214845	-0.500187	5.904868	6.210357
23.712524	-0.214845	-0.500187	5.908236	6.207004
23.721899	-0.214845	-0.496835	5.908236	6.207004
23.731274	-0.218213	-0.496835	5.911589	6.203637
23.740648	-0.221565	-0.493482	5.911589	6.203637
23.750023	-0.221565	-0.493482	5.908236	6.200284
23.759399	-0.218213	-0.493482	5.908236	6.203637
23.768774	-0.218213	-0.493482	5.908236	6.207004
23.778149	-0.214845	-0.493482	5.908236	6.207004
23.787523	-0.214845	-0.493482	5.904868	6.207004
23.796898	-0.214845	-0.490129	5.901515	6.207004
23.806274	-0.214845	-0.490129	5.901515	6.207004
23.815649	-0.214845	-0.486761	5.904868	6.207004
23.825024	-0.214845	-0.483409	5.904868	6.207004
23.834398	-0.214845	-0.483409	5.904868	6.203637
23.843773	-0.214845	-0.480056	5.898163	6.203637
23.853149	-0.214845	-0.476688	5.891442	6.200284
23.862524	-0.214845	-0.473335	5.891442	6.196931
23.871899	-0.211492	-0.469983	5.894795	6.193563
23.881273	-0.211492	-0.469983	5.898163	6.190210
23.890648	-0.208139	-0.469983	5.894795	6.186858
23.900023	-0.208139	-0.469983	5.894795	6.190210
23.909399	-0.208139	-0.466630	5.891442	6.193563
23.918774	-0.208139	-0.466630	5.888090	6.193563
23.928148	-0.204787	-0.463262	5.884737	6.190210
23.937523	-0.204787	-0.463262	5.884737	6.186858
23.946898	-0.201419	-0.459909	5.891442	6.193563
23.956274	-0.201419	-0.456557	5.901515	6.200284
23.965649	-0.201419	-0.453189	5.908236	6.200284
23.975023	-0.201419	-0.453189	5.911589	6.196931
23.984398	-0.201419	-0.449836	5.914941	6.196931
23.993773	-0.201419	-0.449836	5.914941	6.200284
24.003147	-0.201419	-0.449836	5.911589	6.200284
24.012524	-0.201419	-0.446483	5.908236	6.200284
24.021898	-0.201419	-0.446483	5.911589	6.196931
24.031273	-0.204787	-0.443131	5.918294	6.196931
24.040648	-0.204787	-0.443131	5.925014	6.200284
24.050022	-0.204787	-0.443131	5.921662	6.203637
24.059399	-0.208139	-0.443131	5.918294	6.200284
24.068773	-0.208139	-0.439763	5.914941	6.200284
24.078148	-0.204787	-0.436410	5.918294	6.200284
24.087523	-0.204787	-0.436410	5.918294	6.203637
24.096897	-0.204787	-0.433058	5.914941	6.207004
24.106274	-0.204787	-0.433058	5.908236	6.210357
24.115648	-0.204787	-0.429690	5.904868	6.210357
24.125023	-0.208139	-0.429690	5.908236	6.210357
24.134398	-0.208139	-0.429690	5.911589	6.207004
24.143772	-0.204787	-0.426337	5.911589	6.203637
24.153147	-0.204787	-0.426337	5.914941	6.203637
24.162523	-0.201419	-0.426337	5.918294	6.207004
24.171898	-0.198066	-0.426337	5.918294	6.203637
24.181273	-0.198066	-0.422984	5.918294	6.196931
24.190647	-0.194713	-0.419632	5.918294	6.190210
24.200022	-0.194713	-0.416264	5.921662	6.190210
24.209398	-0.191361	-0.412911	5.921662	6.190210
24.218773	-0.191361	-0.409558	5.918294	6.186858
24.228148	-0.191361	-0.406206	5.918294	6.186858
24.237522	-0.187993	-0.402838	5.918294	6.193563
24.246897	-0.184640	-0.402838	5.918294	6.196931
24.256273	-0.184640	-0.399485	5.911589	6.193563
24.265648	-0.181288	-0.399485	5.908236	6.186858
24.275023	-0.184640	-0.396132	5.904868	6.186858
24.284397	-0.184640	-0.396132	5.908236	6.186858
24.293772	-0.184640	-0.396132	5.918294	6.183505
24.303146	-0.184640	-0.396132	5.925014	6.183505
24.312523	-0.184640	-0.392765	5.928368	6.183505
24.321898	-0.184640	-0.389412	5.925014	6.176785
24.331272	-0.184640	-0.389412	5.921662	6.176785
24.340647	-0.181288	-0.389412	5.921662	6.180138
24.350021	-0.181288	-0.386059	5.925014	6.186858
24.359398	-0.177920	-0.386059	5.925014	6.190210
24.368773	-0.177920	-0.386059	5.925014	6.190210
24.378147	-0.174567	-0.386059	5.928368	6.186858
24.387522	-0.171214	-0.386059	5.928368	6.183505
24.396896	-0.167862	-0.382707	5.928368	6.180138
24.406271	-0.164494	-0.382707	5.921662	6.180138
24.415648	-0.164494	-0.379339	5.914941	6.183505
24.425022	-0.161141	-0.379339	5.914941	6.183505
24.434397	-0.161141	-0.379339	5.914941	6.183505
24.443771	-0.161141	-0.375986	5.918294	6.180138
24.453146	-0.161141	-0.372633	5.921662	6.176785
24.462523	-0.157788	-0.369266	5.921662	6.176785
24.471897	-0.157788	-0.369266	5.918294	6.176785
24.481272	-0.154421	-0.365913	5.914941	6.180138
24.490646	-0.154421	-0.365913	5.914941	6.180138
24.500021	-0.154421	-0.365913	5.914941	6.180138
24.509398	-0.154421	-0.365913	5.914941	6.183505
24.518772	-0.154421	-0.362560	5.921662	6.183505
24.528147	-0.154421	-0.359207	5.921662	6.183505
24.537521	-0.154421	-0.359207	5.918294	6.180138
24.546896	-0.151068	-0.359207	5.914941	6.180138
24.556271	-0.151068	-0.359207	5.914941	6.176785
24.565647	-0.147715	-0.359207	5.918294	6.176785
24.575022	-0.144362	-0.359207	5.918294	6.176785
24.584396	-0.140995	-0.355840	5.914941	6.180138
24.593771	-0.140995	-0.355840	5.911589	6.183505
24.603146	-0.137642	-0.352487	5.911589	6.183505
24.612522	-0.137642	-0.352487	5.911589	6.176785
24.621897	-0.134289	-0.352487	5.914941	6.170064
24.631271	-0.130922	-0.352487	5.918294	6.166711
24.640646	-0.130922	-0.352487	5.921662	6.166711
24.650021	-0.130922	-0.355840	5.925014	6.163359
24.659395	-0.127569	-0.359207	5.921662	6.160006
24.668772	-0.127569	-0.359207	5.914941	6.153286
24.678146	-0.124216	-0.362560	5.911589	6.156638
24.687521	-0.120863	-0.365913	5.911589	6.156638
24.696896	-0.120863	-0.372633	5.911589	6.160006
24.706270	-0.120863	-0.375986	5.914941	6.156638
24.715647	-0.117496	-0.382707	5.914941	6.156638
24.725021	-0.117496	-0.389412	5.911589	6.156638
24.734396	-0.114143	-0.392765	5.911589	6.149933
24.743771	-0.114143	-0.396132	5.908236	6.146565
24.753145	-0.114143	-0.399485	5.904868	6.143212
24.762522	-0.114143	-0.402838	5.908236	6.143212
24.771896	-0.114143	-0.406206	5.911589	6.146565
24.781271	-0.114143	-0.412911	5.918294	6.146565
24.790646	-0.110790	-0.419632	5.918294	6.143212
24.800020	-0.110790	-0.426337	5.914941	6.139860
24.809395	-0.110790	-0.433058	5.914941	6.139860
24.818771	-0.110790	-0.443131	5.914941	6.143212
24.828146	-0.110790	-0.449836	5.914941	6.143212
24.837521	-0.110790	-0.456557	5.911589	6.143212
24.846895	-0.110790	-0.463262	5.914941	6.139860
24.856270	-0.110790	-0.469983	5.918294	6.133139
24.865646	-0.110790	-0.476688	5.918294	6.126433
24.875021	-0.110790	-0.486761	5.918294	6.123081
24.884396	-0.110790	-0.493482	5.918294	6.123081
24.893770	-0.110790	-0.503555	5.914941	6.123081
24.903145	-0.110790	-0.506908	5.911589	6.123081
24.912521	-0.110790	-0.510260	5.911589	6.119713
24.921896	-0.110790	-0.510260	5.911589	6.116361
24.931271	-0.110790	-0.510260	5.911589	6.113008
24.940645	-0.110790	-0.503555	5.908236	6.113008
24.950020	-0.110790	-0.493482	5.908236	6.113008
24.959394	-0.110790	-0.473335	5.908236	6.109640
24.968771	-0.110790	-0.443131	5.908236	6.106287
24.978146	-0.114143	-0.399485	5.904868	6.102934
24.987520	-0.117496	-0.345767	5.904868	6.099582
24.996895	-0.120863	-0.255138	5.904868	6.092861
25.006269	-0.124216	-0.161141	5.901515	6.086141
25.015646	-0.127569	-0.046998	5.894795	6.079435
25.025021	-0.134289	0.090629	5.891442	6.072715
25.034395	-0.137642	0.245050	5.888090	6.062642
25.043770	-0.140995	0.429690	5.891442	6.049216
25.053144	-0.144362	0.634462	5.888090	6.032437
25.062519	-0.147715	0.869438	5.884737	6.012291
25.071896	-0.151068	1.131281	5.881369	5.995512
25.081270	-0.154421	1.423344	5.874663	5.985439
25.090645	-0.161141	1.738891	5.871296	5.975366
25.100019	-0.167862	2.081305	5.871296	5.968660
25.109394	-0.174567	2.433777	5.874663	5.968660
25.118771	-0.181288	2.796337	5.878016	5.975366
25.128145	-0.191361	3.162235	5.874663	5.988791
25.137520	-0.198066	3.528148	5.871296	5.998865
25.146894	-0.208139	3.887341	5.861238	6.015658
25.156269	-0.214845	4.243180	5.854517	6.039143
25.165646	-0.221565	4.595667	5.851164	6.066010
25.175020	-0.231639	4.938066	5.851164	6.092861
25.184395	-0.241712	5.280480	5.851164	6.119713
25.193769	-0.251785	5.619526	5.847797	6.149933
25.203144	-0.265211	5.951867	5.841091	6.183505
25.212519	-0.275284	6.280854	5.837739	6.217062
25.221895	-0.281990	6.606474	5.831018	6.250635
25.231270	-0.292063	7.009313	5.824298	6.297633
25.240644	-0.302136	7.318154	5.820945	6.337926
25.250019	-0.308841	7.620275	5.817592	6.371483
25.259394	-0.315562	7.905617	5.814240	6.398350
25.268770	-0.315562	8.160740	5.800814	6.418481
25.278145	-0.312209	8.378953	5.787373	6.441980
25.287519	-0.305489	8.536726	5.780667	6.465480
25.296894	-0.292063	8.624002	5.770594	6.485626
25.306269	-0.265211	8.617282	5.763874	6.499052
25.315645	-0.228286	8.506507	5.753815	6.505773
25.325020	-0.177920	8.278235	5.747095	6.509125
25.334394	-0.110790	7.932469	5.740375	6.509125
25.343769	-0.026867	7.479280	5.737021	6.505773
25.353144	0.073850	6.942168	5.730316	6.499052
25.362518	0.194699	6.347984	5.723596	6.492332
25.371895	0.342399	5.740375	5.716875	6.485626
25.381269	0.513613	5.149558	5.713522	6.475553
25.390644	0.715017	4.599020	5.713522	6.455407
25.400019	0.943303	4.098833	5.713522	6.435275
25.409393	1.205131	3.662422	5.716875	6.415129
25.418770	1.490474	3.283098	5.723596	6.398350
25.428144	1.802683	2.957463	5.743742	6.378203
25.437519	2.135009	2.678841	5.767241	6.361410
25.446894	2.477422	2.437145	5.797446	6.344631
25.456268	2.833262	2.229005	5.834371	6.334558
25.465643	3.192455	2.047732	5.874663	6.321132
25.475019	3.551647	1.883239	5.918294	6.311059
25.484394	3.910840	1.742244	5.961940	6.304354
25.493769	4.270032	1.614690	6.005585	6.297633
25.503143	4.622519	1.500547	6.049216	6.290927
25.512518	4.968286	1.393124	6.096214	6.287560
25.521894	5.310684	1.302496	6.153286	6.284207
25.531269	5.646393	1.215205	6.213710	6.280854
25.540644	5.978718	1.138002	6.274134	6.277487
25.550018	6.311059	1.064152	6.331205	6.274134
25.559393	6.640047	1.000360	6.388277	6.267428
25.568769	6.965667	0.936583	6.448701	6.264061
25.578144	7.291287	0.879511	6.512478	6.260708
25.587519	7.610202	0.825807	6.576255	6.260708
25.596893	7.919044	0.775442	6.646752	6.260708
25.606268	8.207739	0.728458	6.713897	6.257355
25.615643	8.469582	0.684813	6.781042	6.247282
25.625019	8.687779	0.644535	6.838098	6.240561
25.634394	8.842200	0.607595	6.885097	6.243929
25.643768	8.912698	0.570670	6.922021	6.250635
25.653143	8.879126	0.533745	6.942168	6.253987
25.662518	8.724705	0.500172	6.942168	6.247282
25.671894	8.442730	0.469968	6.915316	6.240561
25.681269	8.039892	0.439748	6.861597	6.233856
25.690643	7.546425	0.412896	6.794467	6.233856
25.700018	6.995887	0.382692	6.717250	6.230503
25.709393	6.415129	0.355825	6.633327	6.230503
25.718767	5.831018	0.332326	6.552771	6.230503
25.728144	5.273759	0.305474	6.482273	6.227136
25.737518	4.750073	0.281975	6.418481	6.220430
25.746893	4.276752	0.261828	6.358057	6.213710
25.756268	3.860488	0.241697	6.304354	6.213710
25.765642	3.494576	0.221550	6.260708	6.217062
25.775019	3.172308	0.204772	6.227136	6.220430
25.784393	2.897039	0.187978	6.200284	6.223783
25.793768	2.655342	0.171199	6.180138	6.223783
25.803143	2.443850	0.151053	6.160006	6.227136
25.812517	2.262578	0.134274	6.146565	6.227136
25.821894	2.101451	0.117481	6.133139	6.227136
25.831268	1.957089	0.100702	6.123081	6.223783
25.840643	1.826182	0.087276	6.109640	6.220430
25.850018	1.712039	0.070482	6.099582	6.220430
25.859392	1.604617	0.057057	6.092861	6.220430
25.868767	1.507267	0.046983	6.089509	6.217062
25.878143	1.419976	0.033557	6.086141	6.213710
25.887518	1.342773	0.023484	6.082788	6.217062
25.896893	1.268923	0.013426	6.072715	6.223783
25.906267	1.198426	0.003353	6.066010	6.230503
25.915642	1.138002	-0.006720	6.059289	6.227136
25.925018	1.080930	-0.016794	6.059289	6.223783
25.934393	1.023859	-0.030220	6.055936	6.217062
25.943768	0.973508	-0.040293	6.055936	6.213710
25.953142	0.923157	-0.050366	6.055936	6.210357
25.962517	0.876158	-0.060439	6.059289	6.210357
25.971893	0.835881	-0.067145	6.059289	6.210357
25.981268	0.798941	-0.073865	6.055936	6.213710
25.990643	0.762016	-0.083938	6.052584	6.213710
26.000017	0.725091	-0.093997	6.052584	6.213710
26.009392	0.694886	-0.100717	6.049216	6.210357
26.018766	0.661314	-0.110790	6.049216	6.207004
26.028143	0.631094	-0.117496	6.049216	6.203637
26.037518	0.604242	-0.127569	6.045863	6.203637
26.046892	0.577390	-0.137642	6.045863	6.203637
26.056267	0.550538	-0.147715	6.042510	6.200284
26.065641	0.527039	-0.154421	6.042510	6.203637
26.075018	0.503540	-0.161141	6.039143	6.207004
26.084393	0.480041	-0.167862	6.035790	6.203637
26.093767	0.456542	-0.171214	6.032437	6.200284
26.103142	0.436395	-0.177920	6.032437	6.196931
26.112516	0.416249	-0.181288	6.035790	6.196931
26.121891	0.396118	-0.184640	6.039143	6.203637
26.131268	0.379324	-0.191361	6.039143	6.210357
26.140642	0.359192	-0.194713	6.035790	6.213710
26.150017	0.342399	-0.198066	6.035790	6.210357
26.159391	0.325620	-0.201419	6.029084	6.210357
26.168766	0.308827	-0.208139	6.029084	6.207004
26.178143	0.295401	-0.211492	6.029084	6.203637
26.187517	0.281975	-0.214845	6.029084	6.207004
26.196892	0.268549	-0.221565	6.025717	6.210357
26.206266	0.255123	-0.228286	6.022364	6.210357
26.215641	0.238329	-0.238344	6.022364	6.213710
26.225018	0.228271	-0.241712	6.022364	6.210357
26.234392	0.214845	-0.245064	6.019011	6.210357
26.243767	0.201404	-0.248417	6.012291	6.207004
26.253141	0.187978	-0.255138	6.015658	6.210357
26.262516	0.177905	-0.258490	6.019011	6.207004
26.271891	0.164479	-0.265211	6.022364	6.203637
26.281267	0.154406	-0.271916	6.022364	6.200284
26.290642	0.144348	-0.275284	6.022364	6.200284
26.300016	0.130907	-0.281990	6.025717	6.207004
26.309391	0.120848	-0.285342	6.025717	6.207004
26.318766	0.107422	-0.292063	6.022364	6.207004
26.328142	0.097349	-0.295416	6.019011	6.207004
26.337517	0.087276	-0.298783	6.012291	6.207004
26.346891	0.080556	-0.298783	6.012291	6.203637
26.356266	0.070482	-0.302136	6.015658	6.196931
26.365641	0.057057	-0.305489	6.022364	6.196931
26.375017	0.050351	-0.308841	6.029084	6.203637
26.384392	0.040278	-0.312209	6.029084	6.207004
26.393766	0.033557	-0.318915	6.029084	6.207004
26.403141	0.026852	-0.322267	6.025717	6.207004
26.412516	0.020131	-0.325635	6.022364	6.203637
26.421890	0.013426	-0.325635	6.022364	6.203637
26.431267	0.006706	-0.328988	6.025717	6.203637
26.440641	0.000000	-0.328988	6.029084	6.207004
26.450016	-0.006720	-0.328988	6.029084	6.210357
26.459391	-0.016794	-0.332341	6.029084	6.213710
26.468765	-0.023499	-0.335708	6.032437	6.217062
26.478142	-0.030220	-0.339061	6.035790	6.213710
26.487516	-0.036940	-0.342414	6.035790	6.213710
26.496891	-0.043646	-0.342414	6.032437	6.213710
26.506266	-0.046998	-0.345767	6.032437	6.213710
26.515640	-0.053719	-0.349134	6.039143	6.210357
26.525015	-0.057071	-0.349134	6.039143	6.207004
26.534391	-0.063792	-0.349134	6.039143	6.207004
26.543766	-0.070497	-0.349134	6.039143	6.210357
26.553141	-0.073865	-0.349134	6.035790	6.217062
26.562515	-0.080571	-0.352487	6.032437	6.223783
26.571890	-0.083938	-0.355840	6.029084	6.223783
26.581266	-0.090644	-0.359207	6.029084	6.220430
26.590641	-0.093997	-0.362560	6.029084	6.220430
26.600016	-0.100717	-0.365913	6.029084	6.223783
26.609390	-0.104070	-0.372633	6.029084	6.223783
26.618765	-0.110790	-0.375986	6.035790	6.220430
26.628141	-0.114143	-0.379339	6.039143	6.220430
26.637516	-0.117496	-0.382707	6.035790	6.220430
26.646891	-0.120863	-0.386059	6.035790	6.220430
26.656265	-0.124216	-0.389412	6.039143	6.223783
26.665640	-0.130922	-0.392765	6.042510	6.223783
26.675014	-0.134289	-0.392765	6.039143	6.223783
26.684391	-0.140995	-0.396132	6.035790	6.220430
26.693766	-0.144362	-0.396132	6.032437	6.217062
26.703140	-0.151068	-0.396132	6.032437	6.213710
26.712515	-0.157788	-0.399485	6.032437	6.213710
26.721889	-0.164494	-0.399485	6.032437	6.217062
26.731266	-0.167862	-0.402838	6.032437	6.223783
26.740641	-0.167862	-0.402838	6.025717	6.227136
26.750015	-0.171214	-0.402838	6.022364	6.220430
26.759390	-0.174567	-0.402838	6.022364	6.213710
26.768764	-0.177920	-0.406206	6.025717	6.210357
26.778139	-0.181288	-0.406206	6.029084	6.217062
26.787516	-0.181288	-0.409558	6.029084	6.223783
26.796890	-0.184640	-0.409558	6.029084	6.230503
26.806265	-0.184640	-0.412911	6.025717	6.233856
26.815639	-0.187993	-0.412911	6.022364	6.233856
26.825014	-0.191361	-0.412911	6.019011	6.233856
26.834391	-0.198066	-0.412911	6.022364	6.230503
26.843765	-0.201419	-0.412911	6.022364	6.230503
26.853140	-0.201419	-0.412911	6.022364	6.233856
26.862514	-0.204787	-0.412911	6.025717	6.233856
26.871889	-0.208139	-0.416264	6.029084	6.233856
26.881266	-0.211492	-0.419632	6.029084	6.230503
26.890640	-0.211492	-0.419632	6.025717	6.230503
26.900015	-0.214845	-0.422984	6.022364	6.230503
26.909389	-0.214845	-0.426337	6.025717	6.230503
26.918764	-0.218213	-0.429690	6.035790	6.227136
26.928139	-0.221565	-0.429690	6.035790	6.223783
26.937515	-0.224918	-0.429690	6.035790	6.223783
26.946890	-0.231639	-0.433058	6.032437	6.227136
26.956264	-0.234991	-0.433058	6.032437	6.223783
26.965639	-0.238344	-0.433058	6.035790	6.223783
26.975014	-0.241712	-0.433058	6.039143	6.227136
26.984390	-0.245064	-0.436410	6.039143	6.227136
26.993765	-0.245064	-0.436410	6.035790	6.227136
27.003139	-0.248417	-0.439763	6.032437	6.223783
27.012514	-0.251785	-0.439763	6.032437	6.220430
27.021889	-0.255138	-0.439763	6.029084	6.220430
27.031265	-0.261843	-0.439763	6.032437	6.227136
27.040640	-0.265211	-0.439763	6.032437	6.230503
27.050014	-0.265211	-0.436410	6.039143	6.227136
27.059389	-0.268564	-0.436410	6.039143	6.223783
27.068764	-0.271916	-0.439763	6.039143	6.227136
27.078138	-0.271916	-0.443131	6.039143	6.230503
27.087515	-0.275284	-0.446483	6.039143	6.230503
27.096889	-0.275284	-0.449836	6.042510	6.227136
27.106264	-0.275284	-0.449836	6.039143	6.227136
27.115639	-0.275284	-0.453189	6.039143	6.230503
27.125013	-0.278637	-0.453189	6.042510	6.230503
27.134390	-0.281990	-0.453189	6.045863	6.230503
27.143764	-0.285342	-0.453189	6.045863	6.230503
27.153139	-0.288710	-0.456557	6.042510	6.230503
27.162514	-0.288710	-0.456557	6.042510	6.227136
27.171888	-0.292063	-0.459909	6.045863	6.220430
27.181263	-0.295416	-0.459909	6.045863	6.213710
27.190639	-0.298783	-0.459909	6.049216	6.207004
27.200014	-0.302136	-0.459909	6.052584	6.207004
27.209389	-0.302136	-0.463262	6.055936	6.210357
27.218763	-0.305489	-0.463262	6.052584	6.217062
27.228138	-0.305489	-0.466630	6.052584	6.220430
27.237514	-0.308841	-0.466630	6.049216	6.217062
27.246889	-0.308841	-0.466630	6.045863	6.213710
27.256264	-0.312209	-0.466630	6.045863	6.207004
27.265638	-0.312209	-0.469983	6.045863	6.207004
27.275013	-0.315562	-0.469983	6.045863	6.207004
27.284389	-0.315562	-0.473335	6.042510	6.207004
27.293764	-0.318915	-0.473335	6.039143	6.210357
27.303139	-0.318915	-0.476688	6.042510	6.210357
27.312513	-0.322267	-0.476688	6.049216	6.210357
27.321888	-0.325635	-0.480056	6.052584	6.210357
27.331263	-0.328988	-0.483409	6.052584	6.213710
27.340639	-0.332341	-0.483409	6.052584	6.217062
27.350014	-0.332341	-0.483409	6.055936	6.213710
27.359388	-0.332341	-0.483409	6.055936	6.210357
27.368763	-0.335708	-0.486761	6.052584	6.207004
27.378138	-0.335708	-0.486761	6.049216	6.210357
27.387514	-0.335708	-0.490129	6.049216	6.210357
27.396889	-0.339061	-0.490129	6.052584	6.210357
27.406263	-0.339061	-0.493482	6.055936	6.207004
27.415638	-0.339061	-0.493482	6.052584	6.203637
27.425013	-0.342414	-0.493482	6.049216	6.203637
27.434389	-0.342414	-0.496835	6.045863	6.203637
27.443764	-0.345767	-0.496835	6.049216	6.203637
27.453138	-0.345767	-0.500187	6.052584	6.200284
27.462513	-0.345767	-0.500187	6.052584	6.200284
27.471888	-0.345767	-0.503555	6.049216	6.200284
27.481262	-0.345767	-0.503555	6.049216	6.203637
27.490639	-0.349134	-0.503555	6.052584	6.203637
27.500013	-0.349134	-0.503555	6.055936	6.203637
27.509388	-0.349134	-0.506908	6.055936	6.203637
27.518763	-0.352487	-0.506908	6.059289	6.207004
27.528137	-0.352487	-0.510260	6.062642	6.203637
27.537514	-0.355840	-0.510260	6.066010	6.200284
27.546888	-0.355840	-0.513628	6.062642	6.203637
27.556263	-0.355840	-0.513628	6.059289	6.207004
27.565638	-0.355840	-0.513628	6.059289	6.210357
27.575012	-0.355840	-0.513628	6.055936	6.207004
27.584387	-0.359207	-0.513628	6.059289	6.203637
27.593763	-0.362560	-0.513628	6.059289	6.203637
27.603138	-0.362560	-0.510260	6.062642	6.200284
27.612513	-0.365913	-0.513628	6.059289	6.200284
27.621887	-0.369266	-0.516981	6.055936	6.207004
27.631262	-0.372633	-0.520334	6.052584	6.217062
27.640638	-0.372633	-0.520334	6.052584	6.217062
27.650013	-0.372633	-0.523686	6.055936	6.213710
27.659388	-0.372633	-0.523686	6.059289	6.207004
27.668762	-0.375986	-0.527054	6.059289	6.203637
27.678137	-0.375986	-0.527054	6.055936	6.207004
27.687513	-0.375986	-0.527054	6.052584	6.213710
27.696888	-0.379339	-0.530407	6.055936	6.223783
27.706263	-0.379339	-0.530407	6.062642	6.223783
27.715637	-0.379339	-0.530407	6.059289	6.223783
27.725012	-0.379339	-0.530407	6.055936	6.223783
27.734386	-0.379339	-0.527054	6.059289	6.223783
27.743763	-0.379339	-0.527054	6.062642	6.220430
27.753138	-0.379339	-0.527054	6.062642	6.220430
27.762512	-0.379339	-0.530407	6.062642	6.223783
27.771887	-0.379339	-0.530407	6.062642	6.227136
27.781261	-0.382707	-0.533760	6.062642	6.223783
27.790638	-0.382707	-0.537112	6.066010	6.217062
27.800013	-0.386059	-0.537112	6.069362	6.213710
27.809387	-0.386059	-0.540480	6.072715	6.213710
27.818762	-0.389412	-0.540480	6.069362	6.217062
27.828136	-0.392765	-0.543833	6.069362	6.217062
27.837511	-0.392765	-0.543833	6.072715	6.217062
27.846888	-0.392765	-0.543833	6.079435	6.217062
27.856262	-0.392765	-0.543833	6.076083	6.213710
27.865637	-0.396132	-0.543833	6.069362	6.213710
27.875011	-0.396132	-0.547186	6.069362	6.217062
27.884386	-0.396132	-0.547186	6.069362	6.217062
27.893763	-0.396132	-0.550553	6.066010	6.213710
27.903137	-0.392765	-0.553906	6.066010	6.210357
27.912512	-0.392765	-0.557259	6.066010	6.213710
27.921886	-0.392765	-0.557259	6.066010	6.213710
27.931261	-0.396132	-0.557259	6.062642	6.210357
27.940638	-0.396132	-0.557259	6.059289	6.210357
27.950012	-0.399485	-0.560611	6.059289	6.213710
27.959387	-0.402838	-0.560611	6.062642	6.217062
27.968761	-0.406206	-0.563979	6.066010	6.217062
27.978136	-0.406206	-0.563979	6.069362	6.213710
27.987511	-0.406206	-0.563979	6.066010	6.213710
27.996887	-0.409558	-0.563979	6.066010	6.210357
28.006262	-0.409558	-0.563979	6.066010	6.207004
28.015636	-0.409558	-0.560611	6.069362	6.203637
28.025011	-0.409558	-0.560611	6.069362	6.207004
28.034386	-0.406206	-0.560611	6.066010	6.213710
28.043762	-0.406206	-0.560611	6.062642	6.213710
28.053137	-0.406206	-0.560611	6.062642	6.207004
28.062511	-0.409558	-0.557259	6.066010	6.200284
28.071886	-0.412911	-0.557259	6.066010	6.200284
28.081261	-0.412911	-0.557259	6.066010	6.200284
28.090637	-0.416264	-0.557259	6.069362	6.200284
28.100012	-0.416264	-0.557259	6.072715	6.200284
28.109386	-0.419632	-0.560611	6.072715	6.200284
28.118761	-0.419632	-0.560611	6.072715	6.207004
28.128136	-0.419632	-0.563979	6.072715	6.210357
28.137510	-0.419632	-0.570685	6.076083	6.210357
28.146887	-0.422984	-0.574052	6.069362	6.210357
28.156261	-0.422984	-0.574052	6.066010	6.210357
28.165636	-0.426337	-0.574052	6.066010	6.210357
28.175011	-0.426337	-0.574052	6.072715	6.207004
28.184385	-0.426337	-0.570685	6.072715	6.203637
28.193762	-0.426337	-0.570685	6.076083	6.200284
28.203136	-0.426337	-0.570685	6.076083	6.200284
28.212511	-0.426337	-0.570685	6.076083	6.200284
28.221886	-0.426337	-0.570685	6.076083	6.200284
28.231260	-0.426337	-0.570685	6.072715	6.196931
28.240635	-0.429690	-0.570685	6.072715	6.196931
28.250011	-0.429690	-0.570685	6.076083	6.196931
28.259386	-0.433058	-0.570685	6.076083	6.200284
28.268761	-0.433058	-0.570685	6.076083	6.200284
28.278135	-0.433058	-0.570685	6.079435	6.200284
28.287510	-0.433058	-0.570685	6.076083	6.200284
28.296886	-0.433058	-0.570685	6.072715	6.203637
28.306261	-0.433058	-0.574052	6.072715	6.207004
28.315636	-0.433058	-0.574052	6.076083	6.207004
28.325010	-0.433058	-0.574052	6.076083	6.203637
28.334385	-0.433058	-0.574052	6.072715	6.200284
28.343761	-0.433058	-0.574052	6.069362	6.200284
28.353136	-0.433058	-0.577405	6.072715	6.196931
28.362511	-0.433058	-0.577405	6.076083	6.200284
28.371885	-0.433058	-0.577405	6.076083	6.203637
28.381260	-0.433058	-0.580758	6.076083	6.207004
28.390635	-0.436410	-0.580758	6.079435	6.207004
28.400011	-0.436410	-0.580758	6.079435	6.207004
28.409386	-0.439763	-0.580758	6.079435	6.203637
28.418760	-0.443131	-0.580758	6.079435	6.200284
28.428135	-0.446483	-0.580758	6.082788	6.196931
28.437510	-0.449836	-0.577405	6.082788	6.200284
28.446886	-0.449836	-0.577405	6.089509	6.203637
28.456261	-0.449836	-0.577405	6.092861	6.207004
28.465635	-0.449836	-0.577405	6.092861	6.207004
28.475010	-0.449836	-0.580758	6.089509	6.207004
28.484385	-0.449836	-0.580758	6.086141	6.203637
28.493759	-0.449836	-0.584111	6.089509	6.193563
28.503136	-0.449836	-0.584111	6.096214	6.186858
28.512510	-0.453189	-0.584111	6.092861	6.193563
28.521885	-0.453189	-0.584111	6.092861	6.203637
28.531260	-0.456557	-0.584111	6.096214	6.203637
28.540634	-0.456557	-0.584111	6.096214	6.196931
28.550011	-0.459909	-0.584111	6.092861	6.193563
28.559385	-0.463262	-0.584111	6.089509	6.193563
28.568760	-0.463262	-0.584111	6.089509	6.196931
28.578135	-0.463262	-0.587478	6.089509	6.200284
28.587509	-0.463262	-0.590831	6.089509	6.203637
28.596886	-0.466630	-0.590831	6.089509	6.203637
28.606260	-0.466630	-0.590831	6.092861	6.200284
28.615635	-0.466630	-0.590831	6.096214	6.196931
28.625010	-0.466630	-0.594184	6.092861	6.196931
28.634384	-0.463262	-0.594184	6.089509	6.200284
28.643759	-0.463262	-0.590831	6.089509	6.203637
28.653135	-0.459909	-0.590831	6.092861	6.203637
28.662510	-0.459909	-0.587478	6.092861	6.200284
28.671885	-0.463262	-0.587478	6.096214	6.196931
28.681259	-0.463262	-0.590831	6.096214	6.196931
28.690634	-0.466630	-0.594184	6.096214	6.200284
28.700010	-0.469983	-0.594184	6.092861	6.203637
28.709385	-0.469983	-0.594184	6.092861	6.200284
28.718760	-0.469983	-0.594184	6.092861	6.200284
28.728134	-0.469983	-0.594184	6.092861	6.203637
28.737509	-0.473335	-0.594184	6.096214	6.207004
28.746885	-0.473335	-0.590831	6.099582	6.200284
28.756260	-0.469983	-0.590831	6.099582	6.193563
28.765635	-0.469983	-0.594184	6.099582	6.190210
28.775009	-0.469983	-0.594184	6.102934	6.193563
28.784384	-0.469983	-0.594184	6.106287	6.196931
28.793758	-0.469983	-0.594184	6.106287	6.196931
28.803135	-0.469983	-0.594184	6.099582	6.200284
28.812510	-0.473335	-0.590831	6.096214	6.200284
28.821884	-0.473335	-0.590831	6.092861	6.196931
28.831259	-0.476688	-0.594184	6.099582	6.190210
28.840633	-0.480056	-0.594184	6.102934	6.190210
28.850010	-0.483409	-0.594184	6.109640	6.193563
28.859385	-0.486761	-0.597551	6.109640	6.196931
28.868759	-0.490129	-0.597551	6.106287	6.196931
28.878134	-0.493482	-0.597551	6.099582	6.200284
28.887508	-0.493482	-0.597551	6.096214	6.196931
28.896883	-0.493482	-0.597551	6.092861	6.193563
28.906260	-0.493482	-0.600904	6.089509	6.193563
28.915634	-0.493482	-0.600904	6.089509	6.193563
28.925009	-0.493482	-0.600904	6.089509	6.193563
28.934383	-0.493482	-0.600904	6.089509	6.196931
28.943758	-0.490129	-0.600904	6.089509	6.203637
28.953135	-0.490129	-0.600904	6.086141	6.207004
28.962509	-0.486761	-0.600904	6.089509	6.207004
28.971884	-0.486761	-0.597551	6.092861	6.200284
28.981258	-0.490129	-0.597551	6.096214	6.200284
28.990633	-0.490129	-0.597551	6.099582	6.207004
29.000010	-0.493482	-0.597551	6.096214	6.210357
29.009384	-0.496835	-0.597551	6.096214	6.207004
29.018759	-0.500187	-0.597551	6.096214	6.200284
29.028133	-0.503555	-0.594184	6.099582	6.193563
29.037508	-0.503555	-0.594184	6.102934	6.193563
29.046883	-0.506908	-0.597551	6.102934	6.196931
29.056259	-0.503555	-0.600904	6.099582	6.196931
29.065634	-0.503555	-0.600904	6.096214	6.196931
29.075008	-0.503555	-0.600904	6.096214	6.190210
29.084383	-0.503555	-0.600904	6.096214	6.190210
29.093758	-0.503555	-0.597551	6.099582	6.190210
29.103134	-0.506908	-0.594184	6.102934	6.193563
29.112509	-0.503555	-0.594184	6.102934	6.196931
29.121883	-0.506908	-0.590831	6.099582	6.203637
29.131258	-0.506908	-0.590831	6.099582	6.210357
29.140633	-0.506908	-0.590831	6.102934	6.207004
29.150009	-0.510260	-0.594184	6.102934	6.196931
29.159384	-0.510260	-0.594184	6.099582	6.193563
29.168758	-0.510260	-0.597551	6.099582	6.193563
29.178133	-0.510260	-0.597551	6.106287	6.193563
29.187508	-0.510260	-0.597551	6.109640	6.193563
29.196882	-0.510260	-0.594184	6.113008	6.200284
29.206259	-0.510260	-0.594184	6.113008	6.207004
29.215633	-0.510260	-0.594184	6.113008	6.210357
29.225008	-0.513628	-0.594184	6.113008	6.207004
29.234383	-0.513628	-0.594184	6.109640	6.200284
29.243757	-0.513628	-0.594184	6.106287	6.193563
29.253134	-0.513628	-0.590831	6.106287	6.190210
29.262508	-0.513628	-0.587478	6.109640	6.186858
29.271883	-0.513628	-0.587478	6.116361	6.190210
29.281258	-0.513628	-0.590831	6.119713	6.196931
29.290632	-0.513628	-0.590831	6.119713	6.196931
29.300007	-0.516981	-0.590831	6.116361	6.190210
29.309383	-0.516981	-0.594184	6.116361	6.183505
29.318758	-0.516981	-0.590831	6.119713	6.183505
29.328133	-0.516981	-0.590831	6.119713	6.183505
29.337507	-0.516981	-0.590831	6.123081	6.190210
29.346882	-0.520334	-0.590831	6.123081	6.193563
29.356258	-0.520334	-0.587478	6.123081	6.190210
29.365633	-0.523686	-0.587478	6.123081	6.186858
29.375008	-0.527054	-0.587478	6.119713	6.183505
29.384382	-0.527054	-0.587478	6.119713	6.186858
29.393757	-0.527054	-0.590831	6.119713	6.190210
29.403133	-0.527054	-0.594184	6.119713	6.186858
29.412508	-0.527054	-0.594184	6.116361	6.183505
29.421883	-0.523686	-0.597551	6.113008	6.186858
29.431257	-0.523686	-0.597551	6.116361	6.190210
29.440632	-0.527054	-0.597551	6.119713	6.190210
29.450006	-0.527054	-0.600904	6.119713	6.190210
29.459383	-0.530407	-0.600904	6.123081	6.186858
29.468758	-0.530407	-0.600904	6.123081	6.183505
29.478132	-0.530407	-0.600904	6.119713	6.180138
29.487507	-0.530407	-0.600904	6.116361	6.180138
29.496881	-0.533760	-0.604257	6.119713	6.183505
29.506258	-0.533760	-0.604257	6.119713	6.183505
29.515633	-0.533760	-0.604257	6.119713	6.180138
29.525007	-0.530407	-0.604257	6.119713	6.183505
29.534382	-0.530407	-0.600904	6.119713	6.190210
29.543756	-0.530407	-0.597551	6.116361	6.193563
29.553131	-0.530407	-0.597551	6.113008	6.190210
29.562508	-0.530407	-0.597551	6.113008	6.186858
29.571882	-0.530407	-0.597551	6.119713	6.180138
29.581257	-0.533760	-0.597551	6.123081	6.176785
29.590631	-0.533760	-0.597551	6.123081	6.176785
29.600006	-0.533760	-0.597551	6.123081	6.183505
29.609383	-0.533760	-0.597551	6.126433	6.190210
29.618757	-0.533760	-0.600904	6.129786	6.193563
29.628132	-0.537112	-0.597551	6.126433	6.193563
29.637506	-0.537112	-0.597551	6.123081	6.190210
29.646881	-0.537112	-0.597551	6.119713	6.186858
29.656258	-0.537112	-0.597551	6.123081	6.186858
29.665632	-0.537112	-0.597551	6.123081	6.183505
29.675007	-0.537112	-0.597551	6.123081	6.183505
29.684381	-0.540480	-0.597551	6.126433	6.186858
29.693756	-0.540480	-0.597551	6.126433	6.186858
29.703131	-0.543833	-0.600904	6.126433	6.183505
29.712507	-0.547186	-0.600904	6.126433	6.180138
29.721882	-0.547186	-0.600904	6.123081	6.173432
29.731256	-0.547186	-0.600904	6.119713	6.170064
29.740631	-0.547186	-0.600904	6.123081	6.170064
29.750006	-0.547186	-0.604257	6.126433	6.173432
29.759382	-0.547186	-0.604257	6.129786	6.176785
29.768757	-0.547186	-0.604257	6.126433	6.173432
29.778131	-0.547186	-0.607610	6.126433	6.173432
29.787506	-0.547186	-0.607610	6.133139	6.176785
29.796881	-0.547186	-0.610977	6.136507	6.176785
29.806257	-0.550553	-0.610977	6.133139	6.180138
29.815632	-0.550553	-0.610977	6.129786	6.183505
29.825006	-0.550553	-0.610977	6.129786	6.183505
29.834381	-0.550553	-0.614330	6.133139	6.180138
29.843756	-0.550553	-0.614330	6.133139	6.176785
29.853130	-0.550553	-0.614330	6.129786	6.180138
29.862507	-0.553906	-0.610977	6.129786	6.186858
29.871881	-0.553906	-0.610977	6.129786	6.190210
29.881256	-0.557259	-0.607610	6.129786	6.183505
29.890631	-0.557259	-0.604257	6.126433	6.180138
29.900005	-0.553906	-0.604257	6.123081	6.176785
29.909382	-0.553906	-0.604257	6.123081	6.180138
29.918756	-0.553906	-0.604257	6.126433	6.183505
29.928131	-0.553906	-0.604257	6.126433	6.190210
29.937506	-0.553906	-0.604257	6.126433	6.193563
29.946880	-0.553906	-0.604257	6.123081	6.193563
29.956255	-0.553906	-0.607610	6.116361	6.196931
29.965631	-0.553906	-0.607610	6.113008	6.193563
29.975006	-0.553906	-0.610977	6.116361	6.193563
29.984381	-0.553906	-0.614330	6.116361	6.193563
29.993755	-0.553906	-0.617683	6.116361	6.193563
30.003130	-0.553906	-0.621051	6.119713	6.193563
30.012506	-0.553906	-0.621051	6.123081	6.190210
30.021881	-0.553906	-0.621051	6.123081	6.190210
30.031256	-0.553906	-0.617683	6.119713	6.193563
30.040630	-0.557259	-0.617683	6.119713	6.196931
30.050005	-0.557259	-0.614330	6.119713	6.196931
30.059381	-0.560611	-0.614330	6.123081	6.190210
30.068756	-0.563979	-0.614330	6.123081	6.183505
30.078131	-0.563979	-0.617683	6.126433	6.180138
30.087505	-0.567332	-0.617683	6.126433	6.183505
30.096880	-0.567332	-0.614330	6.129786	6.186858
30.106255	-0.570685	-0.610977	6.129786	6.190210
30.115631	-0.570685	-0.607610	6.129786	6.186858
30.125006	-0.574052	-0.607610	6.129786	6.183505
30.134380	-0.574052	-0.604257	6.123081	6.176785
30.143755	-0.574052	-0.604257	6.119713	6.176785
30.153130	-0.574052	-0.604257	6.119713	6.176785
30.162506	-0.574052	-0.604257	6.116361	6.176785
30.171881	-0.574052	-0.604257	6.116361	6.176785
30.181255	-0.574052	-0.604257	6.116361	6.180138
30.190630	-0.574052	-0.607610	6.116361	6.180138
30.200005	-0.574052	-0.607610	6.116361	6.176785
30.209381	-0.574052	-0.610977	6.113008	6.176785
30.218756	-0.574052	-0.610977	6.113008	6.176785
30.228130	-0.574052	-0.610977	6.119713	6.173432
30.237505	-0.574052	-0.607610	6.126433	6.173432
30.246880	-0.574052	-0.607610	6.126433	6.176785
30.256254	-0.574052	-0.607610	6.126433	6.183505
30.265631	-0.577405	-0.607610	6.133139	6.180138
30.275005	-0.577405	-0.607610	6.133139	6.173432
30.284380	-0.577405	-0.607610	6.133139	6.173432
30.293755	-0.580758	-0.607610	6.129786	6.173432
30.303129	-0.577405	-0.607610	6.129786	6.176785
30.312506	-0.577405	-0.610977	6.129786	6.176785
30.321880	-0.574052	-0.607610	6.129786	6.176785
30.331255	-0.574052	-0.607610	6.129786	6.176785
30.340630	-0.574052	-0.607610	6.126433	6.176785
30.350004	-0.574052	-0.607610	6.126433	6.176785
30.359379	-0.574052	-0.607610	6.129786	6.176785
30.368755	-0.570685	-0.607610	6.129786	6.173432
30.378130	-0.570685	-0.607610	6.126433	6.170064
30.387505	-0.570685	-0.610977	6.123081	6.173432
30.396879	-0.570685	-0.610977	6.123081	6.173432
30.406254	-0.574052	-0.610977	6.126433	6.170064
30.415630	-0.574052	-0.610977	6.129786	6.166711
30.425005	-0.574052	-0.610977	6.126433	6.170064
30.434380	-0.574052	-0.610977	6.123081	6.176785
30.443754	-0.577405	-0.607610	6.123081	6.180138
30.453129	-0.577405	-0.607610	6.123081	6.173432
30.462505	-0.577405	-0.607610	6.123081	6.170064
30.471880	-0.574052	-0.604257	6.123081	6.170064
30.481255	-0.574052	-0.604257	6.126433	6.166711
30.490629	-0.577405	-0.607610	6.126433	6.166711
30.500004	-0.577405	-0.607610	6.126433	6.173432
30.509378	-0.577405	-0.607610	6.129786	6.176785
30.518755	-0.580758	-0.607610	6.133139	6.173432
30.528130	-0.580758	-0.607610	6.136507	6.170064
30.537504	-0.580758	-0.607610	6.136507	6.166711
30.546879	-0.580758	-0.607610	6.133139	6.166711
30.556253	-0.580758	-0.607610	6.129786	6.170064
30.565630	-0.580758	-0.610977	6.129786	6.170064
30.575005	-0.580758	-0.610977	6.129786	6.176785
30.584379	-0.580758	-0.614330	6.133139	6.176785
30.593754	-0.580758	-0.614330	6.133139	6.176785
30.603128	-0.577405	-0.614330	6.129786	6.180138
30.612503	-0.577405	-0.610977	6.126433	6.180138
30.621880	-0.577405	-0.610977	6.126433	6.176785
30.631254	-0.577405	-0.607610	6.126433	6.170064
30.640629	-0.577405	-0.607610	6.126433	6.170064
30.650003	-0.577405	-0.610977	6.129786	6.170064
30.659378	-0.580758	-0.610977	6.129786	6.173432
30.668755	-0.580758	-0.610977	6.133139	6.170064
30.678129	-0.580758	-0.610977	6.129786	6.170064
30.687504	-0.584111	-0.607610	6.129786	6.173432
30.696878	-0.584111	-0.604257	6.129786	6.176785
30.706253	-0.584111	-0.604257	6.129786	6.173432
30.715630	-0.584111	-0.604257	6.129786	6.170064
30.725004	-0.584111	-0.604257	6.129786	6.170064
30.734379	-0.584111	-0.604257	6.133139	6.170064
30.743753	-0.584111	-0.607610	6.136507	6.170064
30.753128	-0.584111	-0.607610	6.139860	6.173432
30.762503	-0.584111	-0.607610	6.143212	6.173432
30.771879	-0.584111	-0.607610	6.136507	6.170064
30.781254	-0.584111	-0.607610	6.133139	6.170064
30.790628	-0.584111	-0.607610	6.136507	6.170064
30.800003	-0.584111	-0.610977	6.143212	6.166711
30.809378	-0.587478	-0.610977	6.146565	6.163359
30.818754	-0.590831	-0.614330	6.143212	6.163359
30.828129	-0.590831	-0.614330	6.146565	6.170064
30.837503	-0.590831	-0.614330	6.149933	6.173432
30.846878	-0.594184	-0.617683	6.153286	6.173432
30.856253	-0.594184	-0.621051	6.146565	6.166711
30.865629	-0.597551	-0.621051	6.139860	6.166711
30.875004	-0.597551	-0.621051	6.139860	6.166711
30.884378	-0.597551	-0.617683	6.143212	6.160006
30.893753	-0.600904	-0.617683	6.146565	6.153286
30.903128	-0.600904	-0.621051	6.149933	6.156638
30.912502	-0.600904	-0.617683	6.149933	6.160006
30.921879	-0.600904	-0.617683	6.149933	6.160006
30.931253	-0.600904	-0.617683	6.146565	6.156638
30.940628	-0.600904	-0.617683	6.146565	6.156638
30.950003	-0.604257	-0.614330	6.146565	6.156638
30.959377	-0.604257	-0.614330	6.143212	6.153286
30.968754	-0.604257	-0.610977	6.143212	6.153286
30.978128	-0.604257	-0.610977	6.143212	6.153286
30.987503	-0.604257	-0.614330	6.146565	6.156638
30.996878	-0.600904	-0.614330	6.149933	6.160006
31.006252	-0.597551	-0.617683	6.149933	6.166711
31.015627	-0.597551	-0.617683	6.149933	6.166711
31.025003	-0.597551	-0.617683	6.149933	6.166711
31.034378	-0.597551	-0.621051	6.146565	6.160006
31.043753	-0.597551	-0.621051	6.146565	6.156638
31.053127	-0.600904	-0.617683	6.149933	6.156638
31.062502	-0.600904	-0.614330	6.149933	6.153286
31.071878	-0.600904	-0.614330	6.149933	6.149933
31.081253	-0.604257	-0.614330	6.149933	6.153286
31.090628	-0.607610	-0.614330	6.149933	6.153286
31.100002	-0.607610	-0.610977	6.153286	6.153286
31.109377	-0.607610	-0.614330	6.153286	6.153286
31.118753	-0.604257	-0.614330	6.153286	6.153286
31.128128	-0.600904	-0.614330	6.153286	6.149933
31.137503	-0.600904	-0.614330	6.153286	6.149933
31.146877	-0.600904	-0.614330	6.153286	6.146565
31.156252	-0.600904	-0.617683	6.153286	6.149933
31.165627	-0.600904	-0.621051	6.153286	6.153286
31.175003	-0.600904	-0.621051	6.153286	6.149933
31.184378	-0.600904	-0.621051	6.156638	6.146565
31.193752	-0.600904	-0.621051	6.160006	6.146565
31.203127	-0.604257	-0.624403	6.160006	6.146565
31.212502	-0.604257	-0.624403	6.160006	6.143212
31.221878	-0.604257	-0.621051	6.156638	6.139860
31.231253	-0.604257	-0.621051	6.163359	6.139860
31.240627	-0.604257	-0.621051	6.170064	6.139860
31.250002	-0.607610	-0.624403	6.173432	6.143212
31.259377	-0.607610	-0.624403	6.170064	6.146565
31.268753	-0.607610	-0.621051	6.170064	6.149933
31.278128	-0.604257	-0.621051	6.170064	6.149933
31.287502	-0.604257	-0.621051	6.166711	6.146565
31.296877	-0.600904	-0.621051	6.163359	6.146565
31.306252	-0.600904	-0.621051	6.166711	6.149933
31.315626	-0.600904	-0.617683	6.170064	6.153286
31.325003	-0.600904	-0.621051	6.170064	6.153286
31.334377	-0.600904	-0.621051	6.170064	6.156638
31.343752	-0.597551	-0.621051	6.170064	6.160006
31.353127	-0.597551	-0.624403	6.170064	6.156638
31.362501	-0.597551	-0.624403	6.166711	6.153286
31.371878	-0.600904	-0.624403	6.163359	6.149933
31.381252	-0.600904	-0.621051	6.163359	6.149933
31.390627	-0.600904	-0.621051	6.163359	6.153286
31.400002	-0.604257	-0.617683	6.163359	6.156638
31.409376	-0.604257	-0.617683	6.166711	6.156638
31.418751	-0.604257	-0.617683	6.166711	6.156638
31.428127	-0.604257	-0.617683	6.163359	6.156638
31.437502	-0.604257	-0.617683	6.156638	6.156638
31.446877	-0.607610	-0.617683	6.153286	6.156638
31.456251	-0.607610	-0.621051	6.153286	6.153286
31.465626	-0.607610	-0.621051	6.153286	6.149933
31.475002	-0.607610	-0.621051	6.153286	6.153286
31.484377	-0.607610	-0.621051	6.156638	6.160006
31.493752	-0.610977	-0.621051	6.160006	6.160006
31.503126	-0.610977	-0.624403	6.160006	6.163359
31.512501	-0.610977	-0.624403	6.160006	6.166711
31.521877	-0.610977	-0.627756	6.156638	6.170064
31.531252	-0.614330	-0.627756	6.160006	6.163359
31.540627	-0.614330	-0.627756	6.160006	6.153286
31.550001	-0.614330	-0.631109	6.160006	6.149933
31.559376	-0.614330	-0.631109	6.163359	6.153286
31.568750	-0.617683	-0.631109	6.170064	6.160006
31.578127	-0.617683	-0.631109	6.170064	6.163359
31.587502	-0.617683	-0.634477	6.166711	6.163359
31.596876	-0.617683	-0.634477	6.166711	6.163359
31.606251	-0.617683	-0.634477	6.163359	6.166711
31.615625	-0.617683	-0.634477	6.160006	6.166711
31.625002	-0.621051	-0.634477	6.160006	6.166711
31.634377	-0.617683	-0.631109	6.163359	6.160006
31.643751	-0.617683	-0.631109	6.166711	6.160006
31.653126	-0.617683	-0.631109	6.163359	6.160006
31.662500	-0.617683	-0.631109	6.163359	6.163359
31.671875	-0.617683	-0.631109	6.163359	6.163359
31.681252	-0.617683	-0.631109	6.163359	6.160006
31.690626	-0.621051	-0.631109	6.160006	6.156638
31.700001	-0.621051	-0.631109	6.156638	6.156638
31.709375	-0.621051	-0.627756	6.160006	6.153286
31.718750	-0.621051	-0.627756	6.160006	6.156638
31.728127	-0.624403	-0.627756	6.163359	6.163359
31.737501	-0.624403	-0.627756	6.163359	6.170064
31.746876	-0.627756	-0.627756	6.166711	6.170064
31.756250	-0.627756	-0.624403	6.166711	6.166711
31.765625	-0.627756	-0.624403	6.166711	6.163359
31.775002	-0.627756	-0.624403	6.166711	6.160006
31.784376	-0.624403	-0.624403	6.166711	6.156638
31.793751	-0.624403	-0.627756	6.166711	6.156638
31.803125	-0.624403	-0.627756	6.166711	6.160006
31.812500	-0.624403	-0.627756	6.170064	6.160006
31.821875	-0.627756	-0.627756	6.170064	6.163359
31.831251	-0.627756	-0.627756	6.166711	6.166711
31.840626	-0.624403	-0.631109	6.163359	6.170064
31.850000	-0.624403	-0.631109	6.163359	6.173432
31.859375	-0.624403	-0.634477	6.163359	6.170064
31.868750	-0.624403	-0.634477	6.160006	6.170064
31.878126	-0.624403	-0.634477	6.160006	6.173432
31.887501	-0.624403	-0.634477	6.166711	6.170064
31.896875	-0.621051	-0.631109	6.173432	6.163359
31.906250	-0.624403	-0.631109	6.173432	6.163359
31.915625	-0.624403	-0.631109	6.173432	6.170064
31.925001	-0.624403	-0.627756	6.176785	6.173432
31.934376	-0.627756	-0.627756	6.180138	6.170064
31.943750	-0.627756	-0.624403	6.176785	6.170064
31.953125	-0.627756	-0.624403	6.173432	6.170064
31.962500	-0.624403	-0.624403	6.173432	6.166711
31.971874	-0.624403	-0.624403	6.176785	6.170064
31.981251	-0.624403	-0.627756	6.176785	6.173432
31.990625	-0.624403	-0.627756	6.176785	6.176785
