20.958424	-0.010073	-0.030220	0.090599	0.171185
20.989719	-0.010073	-0.030220	0.090599	0.161111
21.021015	-0.010073	-0.020146	0.090599	0.161111
21.052311	-0.010073	-0.020146	0.090599	0.161111
21.083607	-0.010073	-0.020146	0.090599	0.161111
21.114902	-0.010073	-0.020146	0.100672	0.171185
21.146198	-0.020146	-0.020146	0.100672	0.171185
21.177494	-0.020146	-0.010073	0.100672	0.181258
21.208790	-0.020146	-0.010073	0.090599	0.191331
21.240086	-0.020146	-0.010073	0.090599	0.191331
21.271381	-0.020146	-0.010073	0.100672	0.191331
21.302677	-0.020146	0.000000	0.100672	0.191331
21.333973	-0.020146	0.000000	0.100672	0.201404
21.365271	-0.020146	0.000000	0.100672	0.201404
21.396566	-0.020146	0.000000	0.100672	0.211477
21.427862	-0.020146	0.010014	0.100672	0.211477
21.459158	-0.010073	0.010014	0.110745	0.221550
21.490454	-0.010073	0.010014	0.110745	0.231624
21.521749	-0.010073	0.010014	0.110745	0.231624
21.553045	-0.020146	0.010014	0.110745	0.231624
21.584341	-0.020146	0.010014	0.110745	0.231624
21.615637	-0.020146	0.020087	0.120819	0.231624
21.646933	-0.020146	0.020087	0.120819	0.241697
21.678228	-0.020146	0.010014	0.120819	0.241697
21.709524	-0.010073	0.020087	0.120819	0.251770
21.740820	-0.010073	0.020087	0.120819	0.251770
21.772116	-0.010073	0.030160	0.120819	0.261784
21.803411	-0.010073	0.030160	0.120819	0.271857
21.834707	0.000000	0.030160	0.130892	0.281930
21.866005	0.000000	0.020087	0.130892	0.292003
21.897301	0.010014	0.020087	0.130892	0.302076
21.928596	0.010014	0.030160	0.130892	0.302076
21.959892	0.010014	0.040233	0.130892	0.322223
21.991188	0.020087	0.050306	0.140965	0.332296
22.022484	0.020087	0.060380	0.140965	0.332296
22.053780	0.020087	0.060380	0.151038	0.342369
22.085075	0.010014	0.060380	0.151038	0.342369
22.116371	0.010014	0.060380	0.151038	0.342369
22.147667	0.000000	0.060380	0.151038	0.352442
22.178963	0.000000	0.060380	0.161111	0.362515
22.210258	0.000000	0.060380	0.161111	0.372589
22.241554	0.000000	0.060380	0.161111	0.382662
22.272850	0.000000	0.060380	0.161111	0.392735
22.304146	0.000000	0.070453	0.171185	0.412881
22.335442	0.000000	0.070453	0.171185	0.433028
22.366739	0.010014	0.080526	0.181258	0.453174
22.398035	0.020087	0.080526	0.191331	0.463247
22.429331	0.020087	0.080526	0.201404	0.473320
22.460627	0.030160	0.080526	0.211477	0.483394
22.491922	0.030160	0.090599	0.211477	0.493467
22.523218	0.040233	0.100672	0.221550	0.503540
22.554514	0.040233	0.100672	0.221550	0.523627
22.585810	0.040233	0.110745	0.221550	0.533700
22.617105	0.040233	0.110745	0.221550	0.553846
22.648401	0.040233	0.120819	0.231624	0.563920
22.679697	0.030160	0.120819	0.231624	0.584066
22.710993	0.030160	0.130892	0.231624	0.604212
22.742289	0.030160	0.130892	0.241697	0.624359
22.773584	0.030160	0.140965	0.251770	0.644505
22.804880	0.040233	0.140965	0.261784	0.674725
22.836176	0.040233	0.151038	0.271857	0.704944
22.867474	0.040233	0.171185	0.271857	0.735164
22.898769	0.040233	0.181258	0.281930	0.765383
22.930065	0.050306	0.181258	0.292003	0.795543
22.961361	0.050306	0.191331	0.292003	0.825763
22.992657	0.050306	0.191331	0.302076	0.855982
23.023952	0.060380	0.201404	0.302076	0.906348
23.055248	0.070453	0.211477	0.302076	0.956714
23.086544	0.070453	0.221550	0.302076	1.017153
23.117840	0.070453	0.231624	0.312150	1.067460
23.149136	0.070453	0.251770	0.332296	1.137972
23.180431	0.070453	0.261784	0.342369	1.208484
23.211727	0.080526	0.271857	0.362515	1.278996
23.243023	0.080526	0.271857	0.382662	1.369596
23.274319	0.090599	0.281930	0.392735	1.480401
23.305614	0.090599	0.292003	0.392735	1.631439
23.336912	0.090599	0.312150	0.402808	1.792610
23.368208	0.090599	0.322223	0.412881	1.973867
23.399504	0.100672	0.342369	0.422955	2.185345
23.430799	0.100672	0.352442	0.443101	2.447188
23.462095	0.110745	0.362515	0.463247	2.779543
23.493391	0.120819	0.382662	0.483394	3.182352
23.524687	0.130892	0.412881	0.493467	3.685892
23.555983	0.130892	0.473320	0.513613	4.320383
23.587278	0.130892	0.573993	0.523627	5.095840
23.618574	0.130892	0.735164	0.543773	6.022334
23.649870	0.140965	0.966787	0.563920	7.069707
23.681166	0.140965	1.309156	0.584066	8.177519
23.712461	0.151038	1.772463	0.604212	9.275257
23.743757	0.161111	2.326310	0.624359	10.221899
23.775053	0.181258	2.960801	0.654578	10.886550
23.806349	0.181258	3.595293	0.674725	11.198759
23.837646	0.191331	4.159212	0.704944	11.138320
23.868942	0.191331	4.602373	0.735164	10.806025
23.900238	0.201404	4.914522	0.775397	10.262192
23.931534	0.211477	5.095840	0.815690	9.587407
23.962830	0.221550	5.186439	0.855982	8.801878
23.994125	0.231624	5.206585	0.896275	7.885456
24.025421	0.241697	5.176365	0.946641	6.848156
24.056717	0.241697	5.105913	0.986934	5.700052
24.088013	0.251770	4.964888	1.037240	4.139066
24.119308	0.261784	4.783630	1.087606	2.870142
24.150604	0.281930	4.541934	1.158118	1.701951
24.181900	0.292003	4.219651	1.228631	0.745237
24.213196	0.302076	3.826916	1.309156	0.080526
24.244492	0.322223	3.383756	1.389742	-0.251830
24.275787	0.332296	2.930582	1.500547	-0.312209
24.307083	0.332296	2.517700	1.621366	-0.221610
24.338381	0.332296	2.165198	1.762390	-0.070512
24.369677	0.342369	1.863062	1.933575	0.080526
24.400972	0.332296	1.621366	2.124906	0.201404
24.432268	0.322223	1.430035	2.366602	0.312150
24.463564	0.302076	1.258850	2.678812	0.382662
24.494860	0.271857	1.127899	3.071606	0.433028
24.526155	0.211477	1.017153	3.736258	0.463247
24.557451	0.120819	0.926495	4.451275	0.483394
24.588747	-0.030220	0.835836	5.619526	0.503540
24.620043	-0.130951	0.765383	6.767571	0.513613
24.651339	-0.130951	0.704944	8.026421	0.523627
24.682634	0.020087	0.654578	9.255112	0.523627
24.713930	0.352442	0.614285	10.292411	0.533700
24.745226	0.815690	0.573993	11.057795	0.533700
24.776522	1.480401	0.543773	11.581480	0.533700
24.807819	1.994014	0.503540	11.672079	0.523627
24.839115	2.437115	0.463247	11.490822	0.513613
24.870411	2.809763	0.433028	11.108101	0.493467
24.901707	3.121912	0.402808	10.544181	0.483394
24.933002	3.383756	0.382662	9.808958	0.473320
24.964298	3.645599	0.362515	8.902609	0.473320
24.995594	3.937662	0.352442	7.804871	0.463247
25.026890	4.259944	0.332296	6.556094	0.453174
25.058186	4.562080	0.322223	5.216658	0.433028
25.089481	4.753411	0.302076	3.907442	0.422955
25.120777	4.783630	0.281930	2.749324	0.412881
25.152073	4.622519	0.271857	1.812696	0.402808
25.183369	4.310310	0.251770	1.137972	0.392735
25.214664	3.897369	0.251770	0.704944	0.382662
25.245960	3.444195	0.241697	0.453174	0.382662
25.277256	2.991021	0.231624	0.342369	0.382662
25.308554	2.588153	0.221550	0.312150	0.372589
25.339849	2.225637	0.221550	0.322223	0.372589
25.371145	1.923501	0.211477	0.362515	0.362515
25.402441	1.671731	0.201404	0.402808	0.352442
25.433737	1.450181	0.181258	0.433028	0.342369
25.465033	1.278996	0.171185	0.473320	0.342369
25.496328	1.127899	0.171185	0.493467	0.332296
25.527624	1.007080	0.161111	0.513613	0.332296
25.558920	0.906348	0.161111	0.523627	0.322223
25.590216	0.825763	0.151038	0.533700	0.322223
25.621511	0.755310	0.140965	0.533700	0.312150
25.652807	0.694871	0.130892	0.533700	0.302076
25.684103	0.644505	0.110745	0.523627	0.292003
25.715399	0.594139	0.110745	0.523627	0.292003
25.746695	0.553846	0.110745	0.513613	0.292003
25.777990	0.513613	0.110745	0.513613	0.292003
25.809288	0.493467	0.110745	0.503540	0.292003
25.840584	0.473320	0.110745	0.493467	0.281930
25.871880	0.443101	0.100672	0.483394	0.261784
25.903175	0.422955	0.090599	0.473320	0.251770
25.934471	0.392735	0.090599	0.463247	0.241697
25.965767	0.362515	0.080526	0.453174	0.231624
25.997063	0.342369	0.080526	0.433028	0.231624
26.028358	0.322223	0.080526	0.422955	0.231624
26.059654	0.302076	0.070453	0.412881	0.231624
26.090950	0.292003	0.060380	0.412881	0.221550
26.122246	0.271857	0.050306	0.402808	0.211477
26.153542	0.261784	0.050306	0.392735	0.201404
26.184837	0.251770	0.050306	0.392735	0.201404
26.216133	0.241697	0.050306	0.382662	0.201404
26.247429	0.221550	0.050306	0.372589	0.201404
26.278725	0.221550	0.050306	0.362515	0.201404
26.310022	0.211477	0.050306	0.352442	0.201404
26.341318	0.211477	0.050306	0.332296	0.201404
26.372614	0.201404	0.040233	0.322223	0.191331
26.403910	0.191331	0.040233	0.322223	0.191331
26.435205	0.181258	0.030160	0.312150	0.191331
26.466501	0.171185	0.030160	0.312150	0.181258
26.497797	0.151038	0.030160	0.302076	0.171185
26.529093	0.151038	0.030160	0.302076	0.171185
26.560389	0.151038	0.030160	0.292003	0.161111
26.591684	0.151038	0.020087	0.281930	0.161111
26.622980	0.140965	0.020087	0.271857	0.161111
26.654276	0.140965	0.030160	0.271857	0.161111
26.685572	0.130892	0.020087	0.261784	0.161111
26.716867	0.120819	0.020087	0.261784	0.151038
26.748163	0.110745	0.020087	0.261784	0.140965
26.779461	0.100672	0.020087	0.251770	0.140965
26.810757	0.100672	0.030160	0.251770	0.140965
26.842052	0.100672	0.030160	0.241697	0.140965
26.873348	0.100672	0.020087	0.231624	0.140965
26.904644	0.100672	0.020087	0.221550	0.140965
26.935940	0.100672	0.020087	0.221550	0.140965
26.967236	0.100672	0.010014	0.221550	0.130892
26.998531	0.100672	0.010014	0.221550	0.130892
27.029827	0.090599	0.010014	0.211477	0.130892
27.061123	0.090599	0.020087	0.211477	0.130892
27.092419	0.080526	0.020087	0.201404	0.130892
27.123714	0.080526	0.020087	0.201404	0.130892
27.155010	0.080526	0.020087	0.201404	0.130892
27.186306	0.070453	0.010014	0.201404	0.120819
27.217602	0.070453	0.010014	0.201404	0.120819
27.248898	0.060380	0.010014	0.201404	0.110745
27.280195	0.050306	0.000000	0.191331	0.100672
27.311491	0.040233	0.000000	0.181258	0.100672
27.342787	0.040233	0.000000	0.171185	0.100672
27.374083	0.040233	0.000000	0.161111	0.110745
27.405378	0.040233	0.000000	0.161111	0.110745
27.436674	0.030160	0.000000	0.171185	0.110745
27.467970	0.030160	-0.010073	0.171185	0.100672
27.499266	0.030160	-0.010073	0.171185	0.100672
27.530561	0.030160	-0.010073	0.171185	0.100672
27.561857	0.030160	-0.010073	0.171185	0.100672
27.593153	0.030160	-0.010073	0.161111	0.100672
27.624449	0.030160	-0.010073	0.151038	0.100672
27.655745	0.030160	-0.010073	0.151038	0.100672
27.687040	0.030160	0.000000	0.140965	0.110745
27.718336	0.030160	0.000000	0.140965	0.110745
27.749632	0.030160	-0.010073	0.140965	0.110745
27.780930	0.020087	-0.020146	0.130892	0.110745
27.812225	0.020087	-0.020146	0.130892	0.110745
27.843521	0.010014	-0.020146	0.130892	0.110745
27.874817	0.010014	-0.020146	0.130892	0.120819
27.906113	0.010014	-0.020146	0.130892	0.120819
27.937408	0.010014	-0.010073	0.130892	0.120819
27.968704	0.000000	0.000000	0.120819	0.120819
