21.452927	0.020131	0.083923	-62.264755	-62.425896
21.492014	0.023484	0.090629	-62.271477	-62.422527
21.531101	0.026852	0.093982	-62.281548	-62.425896
21.570189	0.030205	0.097349	-62.288254	-62.446030
21.609276	0.033557	0.104055	-62.291607	-62.459454
21.648363	0.036925	0.107422	-62.291607	-62.459454
21.687450	0.036925	0.114128	-62.298328	-62.459454
21.726538	0.040278	0.117481	-62.301682	-62.472897
21.765625	0.040278	0.120848	-62.305035	-62.496395
21.804712	0.040278	0.127554	-62.308399	-62.506451
21.843801	0.040278	0.130907	-62.315105	-62.509819
21.882889	0.040278	0.134274	-62.321827	-62.516525
21.921976	0.043631	0.137627	-62.318474	-62.540024
21.961063	0.043631	0.144348	-62.318474	-62.553452
22.000151	0.043631	0.151053	-62.325180	-62.560169
22.039238	0.043631	0.161126	-62.335251	-62.566875
22.078325	0.043631	0.171199	-62.338604	-62.587021
22.117413	0.046983	0.181273	-62.331902	-62.613876
22.156500	0.050351	0.187978	-62.335251	-62.627300
22.195587	0.057057	0.194699	-62.348679	-62.634022
22.234674	0.060424	0.201404	-62.358753	-62.650799
22.273762	0.063777	0.208125	-62.362106	-62.674297
22.312851	0.067130	0.218198	-62.365471	-62.691093
22.351938	0.070482	0.228271	-62.382252	-62.697800
22.391026	0.070482	0.238329	-62.395676	-62.711239
22.430113	0.073850	0.248402	-62.395676	-62.731369
22.469200	0.077203	0.258476	-62.395676	-62.754868
22.508287	0.080556	0.268549	-62.405750	-62.775017
22.547375	0.083923	0.281975	-62.422527	-62.791794
22.586462	0.087276	0.292048	-62.435955	-62.815292
22.625549	0.093982	0.305474	-62.432602	-62.842144
22.664637	0.097349	0.318900	-62.435955	-62.869011
22.703724	0.104055	0.332326	-62.449394	-62.892513
22.742811	0.107422	0.349119	-62.462822	-62.919365
22.781900	0.110775	0.365898	-62.466175	-62.949570
22.820988	0.114128	0.386044	-62.469528	-62.979786
22.860075	0.117481	0.406191	-62.479599	-63.010006
22.899162	0.120848	0.433043	-62.496395	-63.043564
22.938250	0.127554	0.459895	-62.506451	-63.080490
22.977337	0.134274	0.490114	-62.509819	-63.114063
23.016424	0.137627	0.530392	-62.523247	-63.161060
23.055511	0.144348	0.567317	-62.546745	-63.204704
23.094599	0.147700	0.607595	-62.563522	-63.251705
23.133686	0.154406	0.651240	-62.570244	-63.298702
23.172773	0.157773	0.701591	-62.573597	-63.349052
23.211861	0.164479	0.751957	-62.590374	-63.406124
23.250950	0.171199	0.812382	-62.613876	-63.469902
23.290037	0.181273	0.872806	-62.627300	-63.530327
23.329124	0.187978	0.946656	-62.634022	-63.594101
23.368212	0.194699	1.023859	-62.647446	-63.664600
23.407299	0.204772	1.114503	-62.670944	-63.748524
23.446386	0.214845	1.215205	-62.691093	-63.835815
23.485474	0.224903	1.332700	-62.704517	-63.919739
23.524561	0.231624	1.466975	-62.717945	-64.013733
23.563648	0.238329	1.631469	-62.741444	-64.131218
23.602736	0.248402	1.832888	-62.761589	-64.262138
23.641823	0.258476	2.084658	-62.775017	-64.399780
23.680912	0.268549	2.393499	-62.791794	-64.560905
23.719999	0.278622	2.786264	-62.815292	-64.765694
23.759087	0.288695	3.273025	-62.842144	-65.020813
23.798174	0.305474	3.887341	-62.865646	-65.322937
23.837261	0.322267	4.659444	-62.885792	-65.698921
23.876348	0.342399	5.629599	-62.912643	-66.195740
23.915436	0.362545	6.824672	-62.942863	-66.863777
23.954523	0.382692	8.288309	-62.973068	-67.733231
23.993610	0.402823	10.007069	-62.999935	-68.844376
24.032698	0.426322	11.907101	-63.033504	-70.237518
24.071785	0.453174	13.857499	-63.063709	-71.973053
24.110872	0.480041	15.579611	-63.093929	-74.027527
24.149961	0.513613	16.694113	-63.124134	-76.263252
24.189049	0.547171	16.794830	-63.164413	-78.529198
24.228136	0.580743	15.546039	-63.204704	-80.610497
24.267223	0.617668	12.924253	-63.248352	-82.309113
24.306311	0.657961	9.288684	-63.291981	-83.594826
24.345398	0.704959	5.220056	-63.342331	-84.484428
24.384485	0.751957	1.084283	-63.399403	-84.947693
24.423573	0.805661	-3.041401	-63.453121	-84.860397
24.462660	0.862733	-7.073104	-63.503475	-84.064812
24.501747	0.929862	-10.812744	-63.560547	-82.476974
24.540834	1.003727	-13.971642	-63.634396	-80.133812
24.579922	1.084283	-16.052946	-63.714966	-77.280403
24.619011	1.178280	-16.613558	-63.792168	-74.333000
24.658098	1.282349	-15.535980	-63.869389	-71.717934
24.697186	1.399845	-13.216331	-63.966736	-69.760826
24.736273	1.537472	-10.480419	-64.074158	-68.471756
24.775360	1.701966	-8.019760	-64.181580	-67.605675
24.814447	1.903385	-6.129801	-64.285637	-66.967842
24.853535	2.148449	-4.760161	-64.403130	-66.471024
24.892622	2.447218	-3.753081	-64.547478	-66.061470
24.931709	2.823189	-3.004477	-64.711975	-65.729126
24.970797	3.296524	-2.430439	-64.886543	-65.453857
25.009884	3.904134	-1.980603	-65.084595	-65.212158
25.048973	4.703090	-1.634836	-65.329659	-65.000671
25.088060	5.760521	-1.376361	-65.621704	-64.812691
25.127148	7.157013	-1.178294	-65.950691	-64.644844
25.166235	8.989915	-1.023874	-66.336739	-64.490425
25.205322	11.339784	-0.899673	-66.810074	-64.346062
25.244410	14.105901	-0.792250	-67.400887	-64.221863
25.283497	16.861959	-0.701606	-68.283768	-64.111084
25.322584	18.939913	-0.610977	-69.643333	-63.983517
25.361671	19.883215	-0.550553	-71.516510	-63.892887
25.400759	19.607946	-0.493482	-73.819382	-63.812317
25.439846	18.292025	-0.449836	-76.343819	-63.741817
25.478933	16.207352	-0.409558	-78.854813	-63.667969
25.518023	13.515085	-0.372633	-81.204681	-63.594101
25.557110	10.265559	-0.339061	-83.262489	-63.533680
25.596197	6.425202	-0.312209	-84.927544	-63.483326
25.635284	1.913458	-0.288710	-86.078972	-63.432976
25.674372	-2.987698	-0.265211	-86.451607	-63.379257
25.713459	-7.536366	-0.245064	-85.786926	-63.325554
25.752546	-10.943666	-0.228286	-84.037941	-63.285275
25.791634	-12.739643	-0.214845	-81.493378	-63.248352
25.830721	-13.011559	-0.201419	-78.626541	-63.208057
25.869808	-12.189105	-0.187993	-75.813416	-63.164413
25.908895	-10.765746	-0.174567	-73.335991	-63.134209
25.947983	-9.154409	-0.164494	-71.311745	-63.110710
25.987072	-7.586718	-0.157788	-69.700401	-63.073784
26.026159	-6.193578	-0.151068	-68.458336	-63.033504
26.065247	-5.022004	-0.144362	-67.511681	-63.006638
26.104334	-4.048496	-0.137642	-66.783218	-62.993214
26.143421	-3.266320	-0.130922	-66.225960	-62.976437
26.182508	-2.648637	-0.127569	-65.789551	-62.942863
26.221596	-2.165243	-0.120863	-65.443787	-62.905937
26.260683	-1.792625	-0.117496	-65.161812	-62.885792
26.299770	-1.507282	-0.114143	-64.930168	-62.875717
26.338858	-1.282364	-0.114143	-64.728767	-62.855587
26.377945	-1.104444	-0.110790	-64.557556	-62.818661
26.417032	-0.963449	-0.107422	-64.406502	-62.791794
26.456121	-0.845954	-0.100717	-64.272209	-62.778370
26.495209	-0.751957	-0.097364	-64.144653	-62.768295
26.534296	-0.668034	-0.097364	-64.037231	-62.741444
26.573383	-0.597551	-0.093997	-63.943237	-62.714592
26.612471	-0.537112	-0.093997	-63.855946	-62.701164
26.651558	-0.483409	-0.093997	-63.768669	-62.697800
26.690645	-0.436410	-0.090644	-63.688099	-62.677666
26.729733	-0.399485	-0.090644	-63.624321	-62.647446
26.768820	-0.365913	-0.090644	-63.567249	-62.627300
26.807907	-0.339061	-0.090644	-63.510178	-62.623947
26.846994	-0.312209	-0.087291	-63.446404	-62.620594
26.886084	-0.288710	-0.087291	-63.392700	-62.607170
26.925171	-0.271916	-0.087291	-63.352406	-62.590374
26.964258	-0.251785	-0.083938	-63.308777	-62.583672
27.003345	-0.234991	-0.083938	-63.255058	-62.576950
27.042433	-0.221565	-0.083938	-63.208057	-62.566875
27.081520	-0.208139	-0.083938	-63.177853	-62.556820
27.120607	-0.194713	-0.083938	-63.150986	-62.553452
27.159695	-0.184640	-0.083938	-63.110710	-62.543377
27.198782	-0.181288	-0.083938	-63.067062	-62.529953
27.237869	-0.174567	-0.080571	-63.033504	-62.513172
27.276957	-0.171214	-0.080571	-63.016712	-62.506451
27.316044	-0.167862	-0.080571	-62.989861	-62.503098
27.355133	-0.164494	-0.083938	-62.949570	-62.493027
27.394220	-0.157788	-0.087291	-62.916012	-62.479599
27.433308	-0.151068	-0.090644	-62.895863	-62.466175
27.472395	-0.144362	-0.090644	-62.882439	-62.459454
27.511482	-0.140995	-0.090644	-62.852219	-62.446030
27.550570	-0.134289	-0.090644	-62.822014	-62.429249
27.589657	-0.130922	-0.090644	-62.805222	-62.419174
27.628744	-0.127569	-0.090644	-62.798515	-62.415825
27.667831	-0.127569	-0.090644	-62.781723	-62.405750
27.706919	-0.124216	-0.087291	-62.751518	-62.395676
27.746006	-0.120863	-0.087291	-62.728016	-62.388973
27.785093	-0.117496	-0.083938	-62.721298	-62.388973
27.824183	-0.117496	-0.083938	-62.714592	-62.388973
27.863270	-0.114143	-0.083938	-62.694447	-62.378899
27.902357	-0.114143	-0.087291	-62.670944	-62.368824
27.941444	-0.114143	-0.087291	-62.657520	-62.358753
27.980532	-0.110790	-0.087291	-62.650799	-62.355400
28.019619	-0.110790	-0.087291	-62.640743	-62.348679
28.058706	-0.107422	-0.087291	-62.620594	-62.341972
28.097794	-0.107422	-0.083938	-62.603817	-62.341972
28.136881	-0.107422	-0.083938	-62.597095	-62.345325
28.175968	-0.107422	-0.080571	-62.587021	-62.338604
28.215055	-0.110790	-0.080571	-62.573597	-62.325180
28.254143	-0.107422	-0.077218	-62.560169	-62.321827
28.293232	-0.107422	-0.077218	-62.550098	-62.325180
28.332319	-0.107422	-0.080571	-62.540024	-62.325180
28.371407	-0.104070	-0.080571	-62.526600	-62.311752
28.410494	-0.104070	-0.080571	-62.513172	-62.298328
28.449581	-0.100717	-0.080571	-62.499748	-62.298328
28.488668	-0.100717	-0.080571	-62.489674	-62.301682
28.527756	-0.097364	-0.080571	-62.476246	-62.294975
28.566843	-0.097364	-0.080571	-62.466175	-62.281548
28.605930	-0.097364	-0.080571	-62.456100	-62.278183
28.645018	-0.093997	-0.080571	-62.449394	-62.284901
28.684105	-0.093997	-0.080571	-62.439323	-62.284901
28.723194	-0.093997	-0.080571	-62.432602	-62.268108
28.762281	-0.093997	-0.080571	-62.429249	-62.254681
28.801369	-0.093997	-0.080571	-62.425896	-62.258049
28.840456	-0.097364	-0.080571	-62.415825	-62.264755
28.879543	-0.097364	-0.077218	-62.405750	-62.258049
28.918631	-0.093997	-0.077218	-62.402397	-62.241257
28.957718	-0.093997	-0.077218	-62.399029	-62.237904
28.996805	-0.093997	-0.077218	-62.388973	-62.247978
29.035892	-0.093997	-0.077218	-62.375530	-62.247978
29.074980	-0.090644	-0.077218	-62.368824	-62.237904
29.114067	-0.090644	-0.077218	-62.365471	-62.227829
29.153154	-0.090644	-0.080571	-62.362106	-62.231182
29.192244	-0.087291	-0.080571	-62.348679	-62.231182
29.231331	-0.090644	-0.080571	-62.338604	-62.224476
29.270418	-0.090644	-0.080571	-62.341972	-62.217758
29.309505	-0.090644	-0.080571	-62.341972	-62.214405
29.348593	-0.090644	-0.080571	-62.331902	-62.217758
29.387680	-0.090644	-0.080571	-62.318474	-62.217758
29.426767	-0.090644	-0.077218	-62.315105	-62.211052
29.465855	-0.087291	-0.077218	-62.321827	-62.207684
29.504942	-0.087291	-0.077218	-62.318474	-62.211052
29.544029	-0.087291	-0.077218	-62.301682	-62.204330
29.583117	-0.083938	-0.080571	-62.294975	-62.197609
29.622204	-0.087291	-0.083938	-62.305035	-62.190907
29.661293	-0.087291	-0.083938	-62.305035	-62.187553
29.700380	-0.087291	-0.083938	-62.291607	-62.184185
29.739468	-0.087291	-0.083938	-62.271477	-62.177479
29.778555	-0.087291	-0.083938	-62.271477	-62.174126
29.817642	-0.087291	-0.083938	-62.278183	-62.177479
29.856730	-0.087291	-0.083938	-62.274830	-62.180832
29.895817	-0.083938	-0.083938	-62.258049	-62.177479
29.934904	-0.083938	-0.087291	-62.251328	-62.170757
29.973991	-0.083938	-0.087291	-62.254681	-62.167404
30.013079	-0.080571	-0.087291	-62.258049	-62.170757
30.052166	-0.080571	-0.087291	-62.247978	-62.170757
30.091253	-0.080571	-0.087291	-62.237904	-62.167404
30.130342	-0.080571	-0.083938	-62.237904	-62.170757
30.169430	-0.080571	-0.083938	-62.241257	-62.174126
30.208517	-0.080571	-0.080571	-62.234550	-62.167404
30.247604	-0.080571	-0.083938	-62.224476	-62.157333
30.286692	-0.080571	-0.083938	-62.221111	-62.150627
30.325779	-0.080571	-0.087291	-62.227829	-62.150627
30.364866	-0.080571	-0.087291	-62.227829	-62.147259
30.403954	-0.080571	-0.087291	-62.217758	-62.137188
30.443041	-0.080571	-0.087291	-62.207684	-62.127129
30.482128	-0.083938	-0.087291	-62.200977	-62.127129
30.521215	-0.083938	-0.087291	-62.194260	-62.130482
30.560305	-0.083938	-0.087291	-62.187553	-62.127129
30.599392	-0.083938	-0.083938	-62.180832	-62.123760
30.638479	-0.087291	-0.083938	-62.180832	-62.127129
30.677567	-0.083938	-0.083938	-62.180832	-62.130482
30.716654	-0.083938	-0.087291	-62.180832	-62.127129
30.755741	-0.080571	-0.087291	-62.180832	-62.117054
30.794828	-0.080571	-0.087291	-62.184185	-62.117054
30.833916	-0.080571	-0.090644	-62.184185	-62.123760
30.873003	-0.080571	-0.090644	-62.180832	-62.123760
30.912090	-0.083938	-0.090644	-62.170757	-62.110336
30.951178	-0.083938	-0.093997	-62.167404	-62.103630
30.990265	-0.083938	-0.093997	-62.164055	-62.106983
31.029354	-0.083938	-0.097364	-62.160686	-62.106983
31.068441	-0.083938	-0.097364	-62.153980	-62.100262
31.107529	-0.083938	-0.097364	-62.147259	-62.090187
31.146616	-0.083938	-0.097364	-62.147259	-62.093555
31.185703	-0.083938	-0.097364	-62.143906	-62.100262
31.224791	-0.083938	-0.097364	-62.137188	-62.093555
31.263878	-0.080571	-0.097364	-62.133835	-62.083481
31.302965	-0.080571	-0.093997	-62.137188	-62.086834
31.342052	-0.077218	-0.093997	-62.140553	-62.100262
31.381140	-0.077218	-0.093997	-62.137188	-62.103630
31.420227	-0.080571	-0.093997	-62.130482	-62.096909
31.459314	-0.080571	-0.090644	-62.133835	-62.090187
31.498404	-0.080571	-0.090644	-62.137188	-62.096909
31.537491	-0.080571	-0.090644	-62.133835	-62.103630
31.576578	-0.077218	-0.090644	-62.123760	-62.100262
31.615665	-0.080571	-0.090644	-62.123760	-62.086834
31.654753	-0.080571	-0.090644	-62.133835	-62.086834
31.693840	-0.080571	-0.090644	-62.133835	-62.093555
31.732927	-0.077218	-0.090644	-62.120407	-62.090187
31.772015	-0.077218	-0.090644	-62.117054	-62.080132
31.811102	-0.077218	-0.090644	-62.127129	-62.076763
31.850189	-0.077218	-0.090644	-62.133835	-62.083481
31.889277	-0.077218	-0.090644	-62.123760	-62.090187
31.928364	-0.077218	-0.090644	-62.110336	-62.080132
31.967453	-0.077218	-0.087291	-62.113686	-62.070057
32.006538	-0.080571	-0.087291	-62.123760	-62.070057
32.045628	-0.080571	-0.087291	-62.123760	-62.076763
32.084713	-0.080571	-0.087291	-62.113686	-62.076763
32.123802	-0.080571	-0.087291	-62.106983	-62.070057
32.162888	-0.080571	-0.087291	-62.110336	-62.066704
32.201977	-0.080571	-0.087291	-62.117054	-62.070057
32.241066	-0.077218	-0.090644	-62.103630	-62.070057
32.280151	-0.077218	-0.090644	-62.093555	-62.066704
32.319241	-0.077218	-0.090644	-62.093555	-62.063335
32.358326	-0.077218	-0.090644	-62.106983	-62.063335
32.397415	-0.080571	-0.090644	-62.106983	-62.063335
32.436501	-0.080571	-0.090644	-62.093555	-62.059982
32.475590	-0.077218	-0.093997	-62.086834	-62.056629
32.514675	-0.077218	-0.093997	-62.090187	-62.056629
32.553764	-0.080571	-0.093997	-62.093555	-62.053265
32.592850	-0.080571	-0.097364	-62.083481	-62.053265
32.631939	-0.080571	-0.097364	-62.076763	-62.049911
32.671028	-0.080571	-0.093997	-62.076763	-62.053265
32.710114	-0.080571	-0.093997	-62.083481	-62.053265
32.749203	-0.080571	-0.090644	-62.080132	-62.046558
32.788288	-0.080571	-0.090644	-62.073410	-62.043205
32.827377	-0.080571	-0.093997	-62.073410	-62.043205
32.866463	-0.080571	-0.093997	-62.073410	-62.046558
32.905552	-0.083938	-0.093997	-62.070057	-62.036484
32.944637	-0.083938	-0.093997	-62.059982	-62.029762
32.983727	-0.083938	-0.093997	-62.056629	-62.029762
33.022812	-0.087291	-0.097364	-62.056629	-62.036484
33.061901	-0.087291	-0.093997	-62.059982	-62.039837
33.100990	-0.083938	-0.093997	-62.056629	-62.033131
33.140076	-0.083938	-0.093997	-62.053265	-62.029762
33.179165	-0.083938	-0.093997	-62.056629	-62.033131
33.218250	-0.083938	-0.097364	-62.059982	-62.036484
33.257339	-0.080571	-0.097364	-62.059982	-62.029762
33.296425	-0.080571	-0.100717	-62.059982	-62.019707
33.335514	-0.080571	-0.100717	-62.063335	-62.023060
33.374599	-0.083938	-0.100717	-62.063335	-62.036484
33.413689	-0.083938	-0.097364	-62.056629	-62.036484
33.452774	-0.083938	-0.097364	-62.049911	-62.023060
33.491863	-0.087291	-0.093997	-62.049911	-62.023060
33.530949	-0.087291	-0.093997	-62.053265	-62.033131
33.570038	-0.087291	-0.093997	-62.049911	-62.039837
33.609127	-0.083938	-0.090644	-62.043205	-62.033131
33.648212	-0.083938	-0.090644	-62.043205	-62.023060
33.687302	-0.083938	-0.090644	-62.046558	-62.026413
33.726387	-0.083938	-0.087291	-62.043205	-62.036484
33.765476	-0.083938	-0.087291	-62.036484	-62.039837
33.804562	-0.083938	-0.087291	-62.039837	-62.036484
33.843651	-0.083938	-0.087291	-62.046558	-62.036484
33.882736	-0.083938	-0.087291	-62.046558	-62.049911
33.921825	-0.087291	-0.087291	-62.039837	-62.053265
33.960911	-0.087291	-0.087291	-62.036484	-62.046558
