22.510115	0.070453	0.110745	-0.100732	-0.130951
22.549194	0.060380	0.110745	-0.100732	-0.120878
22.588276	0.060380	0.120819	-0.100732	-0.120878
22.627357	0.060380	0.120819	-0.090659	-0.120878
22.666439	0.060380	0.120819	-0.090659	-0.110805
22.705521	0.060380	0.120819	-0.090659	-0.110805
22.744602	0.070453	0.120819	-0.090659	-0.100732
22.783682	0.070453	0.110745	-0.090659	-0.100732
22.822763	0.070453	0.110745	-0.090659	-0.100732
22.861845	0.070453	0.110745	-0.090659	-0.100732
22.900927	0.060380	0.110745	-0.100732	-0.110805
22.940008	0.060380	0.110745	-0.100732	-0.110805
22.979090	0.060380	0.110745	-0.090659	-0.120878
23.018169	0.070453	0.110745	-0.090659	-0.120878
23.057251	0.080526	0.110745	-0.100732	-0.120878
23.096333	0.090599	0.110745	-0.110805	-0.110805
23.135414	0.090599	0.110745	-0.120878	-0.110805
23.174496	0.100672	0.110745	-0.120878	-0.110805
23.213577	0.100672	0.120819	-0.120878	-0.120878
23.252657	0.100672	0.120819	-0.120878	-0.120878
23.291739	0.100672	0.130892	-0.120878	-0.120878
23.330820	0.090599	0.130892	-0.120878	-0.130951
23.369902	0.090599	0.130892	-0.110805	-0.130951
23.408983	0.090599	0.130892	-0.110805	-0.130951
23.448065	0.090599	0.130892	-0.100732	-0.130951
23.487144	0.090599	0.140965	-0.100732	-0.130951
23.526226	0.090599	0.140965	-0.090659	-0.130951
23.565308	0.090599	0.151038	-0.100732	-0.141025
23.604389	0.090599	0.161111	-0.110805	-0.141025
23.643471	0.090599	0.171185	-0.110805	-0.151098
23.682550	0.090599	0.171185	-0.120878	-0.151098
23.721632	0.090599	0.181258	-0.120878	-0.151098
23.760714	0.090599	0.181258	-0.120878	-0.151098
23.799795	0.090599	0.181258	-0.120878	-0.151098
23.838877	0.090599	0.191331	-0.120878	-0.151098
23.877958	0.090599	0.191331	-0.120878	-0.141025
23.917038	0.090599	0.181258	-0.110805	-0.141025
23.956120	0.090599	0.181258	-0.110805	-0.141025
23.995201	0.100672	0.171185	-0.110805	-0.141025
24.034283	0.100672	0.181258	-0.110805	-0.141025
24.073364	0.090599	0.191331	-0.110805	-0.151098
24.112446	0.090599	0.201404	-0.110805	-0.161171
24.151525	0.090599	0.221550	-0.110805	-0.171244
24.190607	0.090599	0.231624	-0.110805	-0.171244
24.229689	0.090599	0.241697	-0.110805	-0.171244
24.268770	0.090599	0.241697	-0.110805	-0.181317
24.307852	0.090599	0.241697	-0.110805	-0.181317
24.346933	0.100672	0.241697	-0.110805	-0.181317
24.386013	0.100672	0.241697	-0.110805	-0.181317
24.425095	0.100672	0.241697	-0.100732	-0.181317
24.464176	0.100672	0.251770	-0.100732	-0.181317
24.503258	0.100672	0.261784	-0.100732	-0.181317
24.542339	0.110745	0.281930	-0.100732	-0.191391
24.581421	0.120819	0.292003	-0.100732	-0.191391
24.620501	0.120819	0.312150	-0.110805	-0.191391
24.659582	0.130892	0.322223	-0.110805	-0.191391
24.698664	0.140965	0.332296	-0.110805	-0.191391
24.737745	0.151038	0.352442	-0.110805	-0.201464
24.776827	0.151038	0.362515	-0.110805	-0.211537
24.815907	0.161111	0.372589	-0.110805	-0.221610
24.854988	0.161111	0.392735	-0.110805	-0.231683
24.894070	0.161111	0.412881	-0.110805	-0.231683
24.933151	0.161111	0.443101	-0.130951	-0.231683
24.972233	0.161111	0.463247	-0.130951	-0.241756
25.011314	0.161111	0.483394	-0.141025	-0.251830
25.050394	0.161111	0.513613	-0.141025	-0.251830
25.089476	0.171185	0.533700	-0.161171	-0.251830
25.128557	0.171185	0.563920	-0.171244	-0.251830
25.167639	0.181258	0.594139	-0.171244	-0.251830
25.206720	0.181258	0.624359	-0.171244	-0.261843
25.245802	0.191331	0.674725	-0.171244	-0.271916
25.284882	0.201404	0.735164	-0.161171	-0.271916
25.323963	0.201404	0.805616	-0.161171	-0.281990
25.363045	0.201404	0.886202	-0.161171	-0.292063
25.402126	0.211477	0.976861	-0.161171	-0.302136
25.441208	0.211477	1.087606	-0.161171	-0.322282
25.480289	0.221550	1.218557	-0.151098	-0.342429
25.519369	0.221550	1.389742	-0.151098	-0.362575
25.558451	0.241697	1.601219	-0.161171	-0.392795
25.597532	0.241697	1.883209	-0.161171	-0.423014
25.636614	0.251770	2.235711	-0.171244	-0.473380
25.675695	0.261784	2.799690	-0.181317	-0.584126
25.714777	0.271857	3.383756	-0.181317	-0.705004
25.753857	0.271857	4.098833	-0.191391	-0.876188
25.792938	0.281930	4.924595	-0.191391	-1.097739
25.832020	0.292003	5.820930	-0.201464	-1.389802
25.871101	0.302076	6.717205	-0.201464	-1.742303
25.910183	0.322223	7.442355	-0.211537	-2.124965
25.949263	0.332296	7.835090	-0.221610	-2.497613
25.988344	0.352442	7.714272	-0.221610	-2.779603
26.027426	0.362515	7.039487	-0.221610	-2.960861
26.066507	0.372589	5.931675	-0.221610	-3.031373
26.105589	0.402808	4.552007	-0.221610	-3.011227
26.144670	0.433028	3.041387	-0.221610	-2.910495
26.183750	0.463247	1.490474	-0.221610	-2.709091
26.222832	0.483394	-0.090659	-0.231683	-2.376735
26.261913	0.503540	-1.581132	-0.241756	-1.943707
26.300995	0.533700	-2.799749	-0.251830	-1.440167
26.340076	0.553846	-3.565133	-0.261843	-0.966847
26.379158	0.594139	-3.716171	-0.271916	-0.624418
26.418238	0.634432	-3.333509	-0.271916	-0.473380
26.457319	0.684798	-2.648652	-0.281990	-0.433087
26.496401	0.755310	-1.973927	-0.292063	-0.433087
26.535482	0.825763	-1.450241	-0.302136	-0.412941
26.574564	0.906348	-1.057446	-0.312209	-0.392795
26.613646	1.007080	-0.775456	-0.322282	-0.382721
26.652725	1.127899	-0.553906	-0.322282	-0.362575
26.691807	1.278996	-0.382721	-0.332355	-0.352502
26.730888	1.470327	-0.261843	-0.342429	-0.342429
26.769970	1.712024	-0.171244	-0.342429	-0.322282
26.809052	2.024233	-0.110805	-0.342429	-0.312209
26.848133	2.427042	-0.070512	-0.322282	-0.302136
26.887213	2.980947	-0.040293	-0.302136	-0.281990
26.926294	3.736258	-0.020146	-0.251830	-0.271916
26.965376	4.733264	0.000000	-0.151098	-0.271916
27.004457	5.881369	0.020087	-0.030220	-0.261843
27.043539	6.989121	0.030160	0.050306	-0.251830
27.082619	7.814944	0.040233	0.010014	-0.241756
27.121700	8.207739	0.050306	-0.181317	-0.241756
27.160782	8.147299	0.060380	-0.493526	-0.241756
27.199863	7.684052	0.070453	-0.876188	-0.221610
27.238945	6.898522	0.080526	-1.289070	-0.211537
27.278027	5.790710	0.080526	-1.691937	-0.201464
27.317106	4.350603	0.080526	-2.084672	-0.201464
27.356188	2.598226	0.070453	-2.457321	-0.201464
27.395269	0.704944	0.070453	-2.759457	-0.201464
27.434351	-0.986993	0.070453	-2.880275	-0.191391
27.473433	-2.205551	0.070453	-2.779603	-0.191391
27.512514	-2.839983	0.070453	-2.507687	-0.181317
27.551594	-2.970934	0.080526	-2.135038	-0.181317
27.590675	-2.789676	0.090599	-1.762450	-0.171244
27.629757	-2.447248	0.090599	-1.440167	-0.171244
27.668839	-2.044439	0.090599	-1.168251	-0.171244
27.707920	-1.641572	0.090599	-0.956774	-0.181317
27.747002	-1.289070	0.090599	-0.785530	-0.181317
27.786081	-0.986993	0.090599	-0.664711	-0.171244
27.825163	-0.735223	0.090599	-0.574052	-0.161171
27.864244	-0.543833	0.090599	-0.513673	-0.161171
27.903326	-0.392795	0.090599	-0.463307	-0.151098
27.942408	-0.271916	0.090599	-0.423014	-0.141025
27.981489	-0.191391	0.080526	-0.402868	-0.141025
28.020569	-0.130951	0.080526	-0.392795	-0.141025
28.059650	-0.080585	0.080526	-0.372648	-0.141025
28.098732	-0.050366	0.080526	-0.352502	-0.141025
28.137814	-0.030220	0.080526	-0.332355	-0.141025
28.176895	-0.010073	0.090599	-0.312209	-0.141025
28.215975	0.020087	0.090599	-0.302136	-0.141025
28.255056	0.040233	0.080526	-0.281990	-0.141025
28.294138	0.050306	0.080526	-0.261843	-0.130951
28.333220	0.060380	0.080526	-0.241756	-0.120878
28.372301	0.060380	0.070453	-0.231683	-0.120878
28.411383	0.060380	0.070453	-0.221610	-0.120878
28.450462	0.060380	0.060380	-0.221610	-0.130951
28.489544	0.070453	0.050306	-0.211537	-0.120878
28.528625	0.070453	0.050306	-0.201464	-0.120878
28.567707	0.070453	0.050306	-0.191391	-0.110805
28.606789	0.080526	0.050306	-0.191391	-0.110805
28.645870	0.080526	0.060380	-0.181317	-0.110805
28.684950	0.080526	0.060380	-0.181317	-0.120878
28.724031	0.080526	0.060380	-0.181317	-0.120878
28.763113	0.080526	0.060380	-0.181317	-0.130951
28.802195	0.080526	0.060380	-0.171244	-0.130951
28.841276	0.080526	0.060380	-0.161171	-0.120878
28.880358	0.080526	0.050306	-0.151098	-0.120878
28.919437	0.080526	0.050306	-0.141025	-0.120878
28.958519	0.080526	0.050306	-0.141025	-0.120878
28.997601	0.080526	0.040233	-0.141025	-0.120878
29.036682	0.070453	0.040233	-0.141025	-0.120878
29.075764	0.070453	0.050306	-0.141025	-0.130951
29.114845	0.060380	0.050306	-0.130951	-0.130951
29.153925	0.060380	0.050306	-0.130951	-0.141025
29.193007	0.070453	0.050306	-0.120878	-0.130951
29.232088	0.070453	0.050306	-0.120878	-0.130951
29.271170	0.080526	0.050306	-0.120878	-0.120878
29.310251	0.080526	0.050306	-0.120878	-0.120878
29.349333	0.080526	0.050306	-0.110805	-0.120878
29.388412	0.080526	0.050306	-0.100732	-0.120878
29.427494	0.080526	0.050306	-0.100732	-0.120878
29.466576	0.070453	0.050306	-0.110805	-0.130951
29.505657	0.070453	0.050306	-0.120878	-0.141025
29.544739	0.060380	0.050306	-0.120878	-0.151098
29.583818	0.060380	0.050306	-0.120878	-0.141025
29.622900	0.060380	0.040233	-0.110805	-0.141025
29.661982	0.060380	0.040233	-0.110805	-0.130951
29.701063	0.060380	0.030160	-0.110805	-0.120878
29.740145	0.060380	0.030160	-0.110805	-0.120878
29.779226	0.060380	0.030160	-0.100732	-0.120878
29.818306	0.060380	0.040233	-0.100732	-0.120878
29.857388	0.060380	0.040233	-0.100732	-0.120878
29.896469	0.060380	0.050306	-0.090659	-0.130951
29.935551	0.060380	0.050306	-0.080585	-0.130951
29.974632	0.050306	0.050306	-0.080585	-0.130951
30.013714	0.050306	0.040233	-0.070512	-0.130951
30.052794	0.050306	0.040233	-0.070512	-0.130951
30.091875	0.060380	0.040233	-0.070512	-0.130951
30.130957	0.050306	0.030160	-0.070512	-0.120878
30.170038	0.050306	0.030160	-0.070512	-0.120878
30.209120	0.050306	0.020087	-0.070512	-0.120878
30.248201	0.050306	0.020087	-0.070512	-0.120878
30.287281	0.050306	0.020087	-0.070512	-0.120878
30.326363	0.060380	0.020087	-0.080585	-0.130951
30.365444	0.060380	0.030160	-0.080585	-0.130951
30.404526	0.060380	0.030160	-0.080585	-0.130951
30.443607	0.060380	0.030160	-0.070512	-0.141025
30.482689	0.060380	0.030160	-0.070512	-0.141025
30.521769	0.050306	0.030160	-0.080585	-0.141025
30.560850	0.040233	0.030160	-0.080585	-0.151098
30.599932	0.040233	0.030160	-0.080585	-0.151098
30.639013	0.030160	0.040233	-0.080585	-0.151098
30.678095	0.020087	0.040233	-0.080585	-0.151098
30.717175	0.020087	0.040233	-0.080585	-0.141025
30.756256	0.020087	0.040233	-0.090659	-0.130951
30.795338	0.030160	0.040233	-0.100732	-0.120878
30.834419	0.030160	0.030160	-0.100732	-0.120878
30.873501	0.030160	0.030160	-0.100732	-0.120878
30.912582	0.030160	0.030160	-0.100732	-0.110805
30.951662	0.040233	0.030160	-0.100732	-0.110805
30.990744	0.040233	0.020087	-0.100732	-0.120878
31.029825	0.050306	0.020087	-0.100732	-0.120878
31.068907	0.060380	0.020087	-0.100732	-0.120878
31.107988	0.060380	0.030160	-0.100732	-0.120878
31.147070	0.060380	0.030160	-0.120878	-0.120878
31.186150	0.050306	0.040233	-0.120878	-0.130951
31.225231	0.050306	0.040233	-0.120878	-0.130951
31.264313	0.040233	0.050306	-0.120878	-0.120878
31.303394	0.040233	0.040233	-0.110805	-0.120878
31.342476	0.040233	0.040233	-0.110805	-0.120878
31.381557	0.040233	0.030160	-0.100732	-0.120878
31.420637	0.040233	0.030160	-0.090659	-0.120878
31.459719	0.040233	0.030160	-0.090659	-0.120878
31.498800	0.030160	0.020087	-0.090659	-0.120878
31.537882	0.030160	0.020087	-0.090659	-0.120878
31.576963	0.020087	0.020087	-0.100732	-0.120878
31.616045	0.020087	0.020087	-0.100732	-0.110805
31.655125	0.030160	0.030160	-0.100732	-0.110805
31.694206	0.030160	0.020087	-0.100732	-0.110805
31.733288	0.030160	0.020087	-0.100732	-0.110805
31.772369	0.030160	0.020087	-0.100732	-0.110805
31.811451	0.030160	0.020087	-0.090659	-0.110805
31.850531	0.030160	0.020087	-0.090659	-0.110805
31.889612	0.030160	0.020087	-0.090659	-0.120878
31.928694	0.020087	0.020087	-0.080585	-0.120878
31.967775	0.020087	0.020087	-0.090659	-0.130951
32.006855	0.020087	0.020087	-0.100732	-0.130951
32.045937	0.020087	0.030160	-0.110805	-0.130951
32.085018	0.020087	0.040233	-0.110805	-0.130951
32.124100	0.030160	0.040233	-0.110805	-0.130951
32.163181	0.030160	0.040233	-0.100732	-0.130951
32.202263	0.030160	0.040233	-0.090659	-0.130951
32.241344	0.040233	0.040233	-0.080585	-0.130951
32.280426	0.040233	0.040233	-0.080585	-0.130951
32.319508	0.040233	0.040233	-0.080585	-0.130951
32.358589	0.040233	0.030160	-0.100732	-0.120878
32.397671	0.050306	0.030160	-0.110805	-0.120878
32.436749	0.050306	0.040233	-0.110805	-0.120878
32.475830	0.050306	0.040233	-0.100732	-0.120878
32.514912	0.050306	0.030160	-0.100732	-0.110805
32.553993	0.050306	0.030160	-0.100732	-0.110805
32.593075	0.040233	0.020087	-0.100732	-0.110805
32.632156	0.040233	0.020087	-0.100732	-0.100732
32.671238	0.040233	0.020087	-0.100732	-0.100732
32.710320	0.040233	0.020087	-0.100732	-0.100732
32.749401	0.040233	0.020087	-0.100732	-0.110805
32.788483	0.030160	0.030160	-0.110805	-0.110805
32.827564	0.030160	0.030160	-0.110805	-0.110805
32.866642	0.030160	0.030160	-0.110805	-0.110805
32.905724	0.030160	0.030160	-0.110805	-0.110805
32.944805	0.030160	0.030160	-0.110805	-0.110805
32.983887	0.030160	0.030160	-0.110805	-0.100732
33.022968	0.030160	0.020087	-0.100732	-0.100732
33.062050	0.030160	0.020087	-0.100732	-0.100732
33.101131	0.030160	0.020087	-0.100732	-0.110805
33.140213	0.020087	0.020087	-0.110805	-0.110805
33.179295	0.020087	0.010014	-0.110805	-0.110805
33.218376	0.020087	0.020087	-0.110805	-0.110805
33.257458	0.030160	0.020087	-0.110805	-0.110805
33.296539	0.030160	0.030160	-0.110805	-0.110805
33.335617	0.030160	0.030160	-0.110805	-0.110805
33.374699	0.030160	0.030160	-0.110805	-0.120878
33.413780	0.030160	0.030160	-0.110805	-0.120878
33.452862	0.030160	0.030160	-0.110805	-0.110805
33.491943	0.030160	0.030160	-0.110805	-0.110805
33.531025	0.030160	0.030160	-0.110805	-0.110805
33.570107	0.030160	0.030160	-0.100732	-0.110805
33.609188	0.040233	0.030160	-0.100732	-0.110805
33.648270	0.040233	0.030160	-0.110805	-0.110805
33.687351	0.050306	0.040233	-0.120878	-0.120878
33.726433	0.040233	0.040233	-0.120878	-0.120878
33.765514	0.040233	0.040233	-0.120878	-0.130951
33.804592	0.040233	0.040233	-0.120878	-0.130951
33.843674	0.040233	0.040233	-0.120878	-0.130951
33.882755	0.050306	0.040233	-0.120878	-0.130951
33.921837	0.050306	0.050306	-0.120878	-0.130951
33.960918	0.050306	0.050306	-0.110805	-0.120878
