21.452927	0.003353	-0.073865	-43.922363	-44.009655
21.484102	0.006706	-0.077218	-43.925732	-44.016361
21.515280	0.010058	-0.073865	-43.925732	-44.016361
21.546455	0.010058	-0.073865	-43.925732	-44.016361
21.577633	0.010058	-0.077218	-43.929085	-44.026436
21.608809	0.010058	-0.077218	-43.929085	-44.029789
21.639986	0.013426	-0.070497	-43.925732	-44.026436
21.671162	0.010058	-0.067145	-43.925732	-44.029789
21.702339	0.006706	-0.073865	-43.929085	-44.043213
21.733515	0.003353	-0.077218	-43.935791	-44.053288
21.764692	0.000000	-0.077218	-43.945866	-44.060005
21.795868	-0.003368	-0.077218	-43.949230	-44.066711
21.827045	-0.003368	-0.080571	-43.949230	-44.083508
21.858221	0.000000	-0.090644	-43.949230	-44.103653
21.889397	-0.003368	-0.097364	-43.949230	-44.113712
21.920574	-0.006720	-0.090644	-43.955936	-44.113712
21.951750	-0.010073	-0.087291	-43.959290	-44.113712
21.982927	-0.006720	-0.093997	-43.962658	-44.120430
22.014103	-0.006720	-0.100717	-43.962658	-44.130505
22.045280	-0.006720	-0.104070	-43.966011	-44.143929
22.076456	-0.010073	-0.104070	-43.972733	-44.157356
22.107634	-0.013441	-0.110790	-43.979435	-44.174133
22.138809	-0.013441	-0.117496	-43.982788	-44.194283
22.169987	-0.016794	-0.120863	-43.986156	-44.207706
22.201162	-0.020146	-0.120863	-43.996231	-44.221134
22.232340	-0.023499	-0.124216	-43.999584	-44.231205
22.263515	-0.023499	-0.130922	-43.999584	-44.248001
22.294693	-0.023499	-0.137642	-43.999584	-44.261425
22.325869	-0.026867	-0.134289	-44.009655	-44.271500
22.357046	-0.030220	-0.134289	-44.019730	-44.284924
22.388222	-0.030220	-0.137642	-44.023083	-44.298351
22.419399	-0.026867	-0.140995	-44.026436	-44.321850
22.450575	-0.030220	-0.144362	-44.036507	-44.335278
22.481752	-0.040293	-0.140995	-44.049934	-44.341995
22.512928	-0.043646	-0.144362	-44.056656	-44.355423
22.544106	-0.040293	-0.154421	-44.056656	-44.375553
22.575281	-0.040293	-0.164494	-44.060005	-44.399052
22.606459	-0.046998	-0.174567	-44.070080	-44.425919
22.637634	-0.050366	-0.181288	-44.083508	-44.452770
22.668812	-0.053719	-0.194713	-44.090210	-44.479622
22.699987	-0.050366	-0.204787	-44.093578	-44.503124
22.731165	-0.053719	-0.204787	-44.103653	-44.519901
22.762341	-0.060439	-0.198066	-44.120430	-44.529976
22.793518	-0.063792	-0.191361	-44.127151	-44.550121
22.824694	-0.057071	-0.194713	-44.127151	-44.576973
22.855871	-0.057071	-0.201419	-44.133858	-44.603825
22.887047	-0.067145	-0.208139	-44.150635	-44.627323
22.918224	-0.073865	-0.211492	-44.167431	-44.654190
22.949400	-0.070497	-0.214845	-44.174133	-44.684395
22.980577	-0.070497	-0.214845	-44.177502	-44.714615
23.011753	-0.073865	-0.218213	-44.194283	-44.751541
23.042931	-0.080571	-0.224918	-44.214428	-44.791817
23.074106	-0.087291	-0.231639	-44.227852	-44.832111
23.105282	-0.090644	-0.241712	-44.234573	-44.872387
23.136459	-0.090644	-0.245064	-44.244633	-44.912666
23.167635	-0.097364	-0.248417	-44.258057	-44.956310
23.198812	-0.100717	-0.251785	-44.274853	-45.003311
23.229988	-0.104070	-0.255138	-44.284924	-45.053661
23.261166	-0.104070	-0.255138	-44.298351	-45.100658
23.292341	-0.107422	-0.251785	-44.311775	-45.154377
23.323519	-0.114143	-0.245064	-44.328556	-45.214802
23.354694	-0.117496	-0.234991	-44.341995	-45.278580
23.385872	-0.120863	-0.224918	-44.355423	-45.342358
23.417048	-0.124216	-0.214845	-44.372200	-45.412853
23.448225	-0.127569	-0.204787	-44.388981	-45.493423
23.479401	-0.130922	-0.194713	-44.405773	-45.577347
23.510578	-0.134289	-0.184640	-44.422550	-45.667992
23.541754	-0.137642	-0.171214	-44.439346	-45.765339
23.572931	-0.140995	-0.164494	-44.462845	-45.876114
23.604107	-0.147715	-0.154421	-44.486343	-45.993610
23.635284	-0.154421	-0.130922	-44.513195	-46.117813
23.666460	-0.161141	-0.097364	-44.540047	-46.248734
23.697638	-0.167862	-0.060439	-44.566898	-46.396450
23.728813	-0.171214	-0.016794	-44.590397	-46.564297
23.759991	-0.171214	0.040278	-44.610546	-46.755642
23.791166	-0.174567	0.127554	-44.630692	-46.963768
23.822344	-0.177920	0.231624	-44.657543	-47.202110
23.853519	-0.181288	0.355825	-44.684395	-47.484100
23.884697	-0.181288	0.503540	-44.714615	-47.816441
23.915873	-0.184640	0.694886	-44.744820	-48.209206
23.947050	-0.187993	0.936583	-44.781746	-48.675819
23.978226	-0.191361	1.225278	-44.818668	-49.259930
24.009403	-0.191361	1.567692	-44.852242	-49.988388
24.040579	-0.194713	1.980588	-44.889168	-50.881325
24.071756	-0.201419	2.484143	-44.932812	-51.982418
24.102932	-0.211492	3.071606	-44.979813	-53.325191
24.134109	-0.211492	3.732920	-45.020088	-54.953323
24.165285	-0.208139	4.437879	-45.067085	-56.900352
24.196463	-0.208139	5.129412	-45.117439	-59.142799
24.227638	-0.208139	5.713522	-45.177876	-61.610146
24.258816	-0.204787	6.032437	-45.238300	-64.208435
24.289991	-0.198066	5.908236	-45.292004	-66.716072
24.321167	-0.187993	5.152911	-45.349075	-68.817528
24.352345	-0.184640	3.612071	-45.416222	-70.203941
24.383520	-0.184640	1.262203	-45.493423	-70.633636
24.414698	-0.177920	-1.769125	-45.567276	-70.156944
24.445873	-0.164494	-5.166352	-45.641125	-69.069298
24.477051	-0.154421	-8.610591	-45.728416	-67.656029
24.508226	-0.147715	-11.974260	-45.832470	-66.031265
24.539404	-0.134289	-15.160009	-45.936539	-64.144653
24.570580	-0.110790	-18.104046	-46.043961	-61.902210
24.601757	-0.087291	-20.776182	-46.161457	-59.213280
24.632933	-0.060439	-23.055553	-46.299084	-56.024178
24.664110	-0.023499	-24.781033	-46.446800	-52.449032
24.695286	0.030205	-25.767967	-46.607925	-48.753021
24.726463	0.104055	-25.774687	-46.785847	-45.268505
24.757639	0.191346	-24.680317	-46.993984	-42.475521
24.788816	0.295401	-22.545294	-47.235683	-40.773556
24.819992	0.426322	-19.722103	-47.507599	-40.253223
24.851170	0.597537	-16.710922	-47.823147	-40.659412
24.882345	0.805661	-13.897792	-48.192413	-41.495293
24.913523	1.060784	-11.534497	-48.638897	-42.361393
24.944698	1.386419	-9.664670	-49.179359	-43.069706
24.975876	1.809388	-8.197680	-49.830601	-43.603466
25.007051	2.363294	-7.042900	-50.632923	-43.989510
25.038229	3.081679	-6.133154	-51.633282	-44.274853
25.069405	3.994763	-5.394623	-52.865295	-44.489697
25.100582	5.136132	-4.783660	-54.392712	-44.657543
25.131758	6.535977	-4.276767	-56.252449	-44.785110
25.162935	8.154035	-3.847077	-58.417694	-44.882462
25.194111	9.721726	-3.487885	-60.801117	-44.949593
25.225288	10.742247	-3.189117	-63.164413	-44.989883
25.256464	10.806025	-2.933979	-65.245735	-45.003311
25.287642	9.762004	-2.715781	-66.904068	-44.999958
25.318817	7.731050	-2.531156	-68.078995	-44.989883
25.349995	5.005211	-2.366662	-68.800751	-44.973091
25.381170	1.842961	-2.222314	-69.139793	-44.952957
25.412348	-1.530781	-2.088025	-69.133087	-44.926090
25.443523	-4.975006	-1.967177	-68.777245	-44.902592
25.474701	-8.496449	-1.863122	-67.998421	-44.882462
25.505877	-12.098461	-1.765758	-66.716072	-44.865669
25.537054	-15.797824	-1.648277	-64.839539	-44.832111
25.568230	-19.530758	-1.564354	-62.278183	-44.805244
25.599405	-22.911205	-1.490489	-59.105858	-44.788464
25.630583	-25.348351	-1.426712	-55.611282	-44.771687
25.661758	-26.372225	-1.362935	-52.187191	-44.748188
25.692936	-25.855259	-1.295790	-49.259930	-44.721321
25.724112	-24.089500	-1.238719	-47.061115	-44.697823
25.755289	-21.548286	-1.195088	-45.573994	-44.684395
25.786465	-18.721729	-1.151443	-44.707893	-44.667618
25.817642	-15.982464	-1.101092	-44.294998	-44.644119
25.848818	-13.501674	-1.054093	-44.164078	-44.617264
25.879995	-11.380076	-1.020521	-44.194283	-44.603825
25.911171	-9.624392	-0.990301	-44.298351	-44.590397
25.942348	-8.187607	-0.956744	-44.435978	-44.570267
25.973524	-7.019401	-0.916451	-44.583694	-44.546768
26.004702	-6.066024	-0.889599	-44.711246	-44.526623
26.035877	-5.277142	-0.869453	-44.815315	-44.516548
26.067055	-4.632607	-0.845954	-44.895889	-44.503124
26.098230	-4.112273	-0.815749	-44.959663	-44.479622
26.129408	-3.689304	-0.788897	-44.999958	-44.459476
26.160583	-3.330097	-0.768751	-45.016735	-44.449417
26.191761	-3.031328	-0.748605	-45.010014	-44.442699
26.222937	-2.779558	-0.728473	-44.999958	-44.429272
26.254114	-2.571434	-0.701606	-44.989883	-44.409126
26.285290	-2.386794	-0.681475	-44.973091	-44.395699
26.316467	-2.218947	-0.668034	-44.942886	-44.392349
26.347643	-2.074599	-0.651255	-44.916035	-44.382275
26.378820	-1.950398	-0.634477	-44.899239	-44.368847
26.409996	-1.839623	-0.617683	-44.885815	-44.358776
26.441174	-1.735553	-0.607610	-44.862316	-44.352055
26.472349	-1.634836	-0.597551	-44.835464	-44.341995
26.503527	-1.547560	-0.584111	-44.811966	-44.328556
26.534702	-1.473710	-0.563979	-44.795170	-44.311775
26.565880	-1.399860	-0.550553	-44.771687	-44.298351
26.597055	-1.329362	-0.540480	-44.738113	-44.288277
26.628233	-1.262218	-0.530407	-44.711246	-44.281559
26.659409	-1.208514	-0.516981	-44.691116	-44.271500
26.690586	-1.158163	-0.503555	-44.674320	-44.264778
26.721762	-1.107797	-0.493482	-44.647469	-44.258057
26.752939	-1.057446	-0.483409	-44.620617	-44.251354
26.784115	-1.017168	-0.476688	-44.600471	-44.244633
26.815290	-0.983596	-0.469983	-44.583694	-44.237926
26.846468	-0.946671	-0.459909	-44.560196	-44.224503
26.877644	-0.906378	-0.446483	-44.533340	-44.214428
26.908821	-0.872821	-0.436410	-44.513195	-44.207706
26.939997	-0.845954	-0.429690	-44.499771	-44.204353
26.971174	-0.819102	-0.422984	-44.486343	-44.201000
27.002350	-0.792250	-0.412911	-44.466198	-44.194283
27.033527	-0.765398	-0.402838	-44.449417	-44.180855
27.064703	-0.745252	-0.396132	-44.435978	-44.177502
27.095881	-0.725105	-0.392765	-44.422550	-44.174133
27.127056	-0.704974	-0.389412	-44.405773	-44.167431
27.158234	-0.681475	-0.379339	-44.388981	-44.157356
27.189409	-0.661328	-0.372633	-44.372200	-44.150635
27.220587	-0.641182	-0.372633	-44.358776	-44.154003
27.251762	-0.621051	-0.372633	-44.348701	-44.157356
27.282940	-0.604257	-0.365913	-44.338627	-44.150635
27.314116	-0.584111	-0.359207	-44.325203	-44.147282
27.345293	-0.567332	-0.355840	-44.315128	-44.147282
27.376469	-0.547186	-0.355840	-44.305058	-44.147282
27.407646	-0.530407	-0.352487	-44.291630	-44.143929
27.438822	-0.513628	-0.345767	-44.281559	-44.137211
27.469999	-0.500187	-0.345767	-44.271500	-44.133858
27.501175	-0.486761	-0.349134	-44.261425	-44.137211
27.532352	-0.473335	-0.345767	-44.251354	-44.137211
27.563528	-0.463262	-0.339061	-44.241280	-44.133858
27.594706	-0.453189	-0.335708	-44.234573	-44.130505
27.625881	-0.439763	-0.342414	-44.224503	-44.137211
27.657059	-0.422984	-0.345767	-44.214428	-44.143929
27.688234	-0.409558	-0.342414	-44.204353	-44.140579
27.719412	-0.399485	-0.339061	-44.197636	-44.133858
27.750587	-0.392765	-0.339061	-44.190929	-44.133858
27.781765	-0.382707	-0.342414	-44.180855	-44.137211
27.812941	-0.372633	-0.345767	-44.167431	-44.137211
27.844118	-0.369266	-0.342414	-44.164078	-44.133858
27.875294	-0.369266	-0.342414	-44.164078	-44.130505
27.906471	-0.362560	-0.345767	-44.160709	-44.137211
27.937647	-0.352487	-0.352487	-44.150635	-44.143929
27.968824	-0.349134	-0.352487	-44.147282	-44.147282
