20.958424	0.030205	-0.010073	-45.298725	-45.369225
20.989719	0.026852	-0.013441	-45.302078	-45.369225
21.021015	0.020131	-0.016794	-45.308800	-45.372574
21.052311	0.016779	-0.016794	-45.315506	-45.372574
21.083607	0.020131	-0.016794	-45.312153	-45.369225
21.114902	0.020131	-0.013441	-45.308800	-45.369225
21.146198	0.016779	-0.016794	-45.312153	-45.372574
21.177494	0.010058	-0.020146	-45.318855	-45.379280
21.208790	0.010058	-0.023499	-45.318855	-45.382648
21.240086	0.013426	-0.023499	-45.315506	-45.382648
21.271381	0.016779	-0.026867	-45.315506	-45.386002
21.302677	0.013426	-0.030220	-45.318855	-45.389355
21.333973	0.006706	-0.030220	-45.322224	-45.389355
21.365271	0.006706	-0.033572	-45.325577	-45.396076
21.396566	0.003353	-0.040293	-45.328930	-45.409500
21.427862	-0.003368	-0.043646	-45.332283	-45.416222
21.459158	-0.003368	-0.043646	-45.335651	-45.419575
21.490454	-0.006720	-0.040293	-45.339005	-45.419575
21.521749	-0.010073	-0.040293	-45.342358	-45.426281
21.553045	-0.010073	-0.050366	-45.345722	-45.432999
21.584341	-0.010073	-0.053719	-45.349075	-45.432999
21.615637	-0.006720	-0.057071	-45.352428	-45.429646
21.646933	-0.006720	-0.057071	-45.352428	-45.429646
21.678228	-0.006720	-0.063792	-45.352428	-45.439705
21.709524	-0.010073	-0.067145	-45.352428	-45.449780
21.740820	-0.013441	-0.067145	-45.355782	-45.453148
21.772116	-0.016794	-0.063792	-45.355782	-45.453148
21.803411	-0.020146	-0.067145	-45.359150	-45.463203
21.834707	-0.016794	-0.077218	-45.362503	-45.480000
21.866005	-0.016794	-0.080571	-45.359150	-45.490070
21.897301	-0.016794	-0.073865	-45.362503	-45.490070
21.928596	-0.023499	-0.073865	-45.369225	-45.486702
21.959892	-0.026867	-0.083938	-45.372574	-45.496777
21.991188	-0.023499	-0.090644	-45.372574	-45.506851
22.022484	-0.020146	-0.090644	-45.375927	-45.510204
22.053780	-0.026867	-0.090644	-45.386002	-45.513569
22.085075	-0.033572	-0.093997	-45.399429	-45.516922
22.116371	-0.036940	-0.104070	-45.402779	-45.526997
22.147667	-0.033572	-0.107422	-45.402779	-45.537071
22.178963	-0.030220	-0.104070	-45.399429	-45.540421
22.210258	-0.033572	-0.104070	-45.402779	-45.543774
22.241554	-0.036940	-0.107422	-45.406147	-45.550495
22.272850	-0.033572	-0.110790	-45.399429	-45.560570
22.304146	-0.033572	-0.114143	-45.399429	-45.560570
22.335442	-0.033572	-0.114143	-45.406147	-45.560570
22.366739	-0.036940	-0.120863	-45.412853	-45.567276
22.398035	-0.036940	-0.134289	-45.416222	-45.580700
22.429331	-0.036940	-0.137642	-45.412853	-45.587421
22.460627	-0.040293	-0.134289	-45.419575	-45.590775
22.491922	-0.046998	-0.134289	-45.432999	-45.594128
22.523218	-0.053719	-0.140995	-45.439705	-45.607567
22.554514	-0.050366	-0.147715	-45.436352	-45.620995
22.585810	-0.050366	-0.154421	-45.439705	-45.634418
22.617105	-0.057071	-0.154421	-45.449780	-45.641125
22.648401	-0.063792	-0.157788	-45.456497	-45.651199
22.679697	-0.060439	-0.164494	-45.453148	-45.661270
22.710993	-0.057071	-0.171214	-45.449780	-45.671345
22.742289	-0.060439	-0.181288	-45.453148	-45.681416
22.773584	-0.067145	-0.187993	-45.463203	-45.691490
22.804880	-0.067145	-0.194713	-45.469925	-45.704918
22.836176	-0.067145	-0.194713	-45.466572	-45.718342
22.867474	-0.067145	-0.201419	-45.469925	-45.731770
22.898769	-0.077218	-0.204787	-45.483353	-45.745193
22.930065	-0.083938	-0.208139	-45.493423	-45.755268
22.961361	-0.083938	-0.211492	-45.493423	-45.768692
22.992657	-0.080571	-0.214845	-45.496777	-45.782120
23.023952	-0.083938	-0.218213	-45.506851	-45.795544
23.055248	-0.090644	-0.224918	-45.523643	-45.805618
23.086544	-0.093997	-0.228286	-45.537071	-45.815693
23.117840	-0.090644	-0.231639	-45.540421	-45.825764
23.149136	-0.090644	-0.238344	-45.543774	-45.839191
23.180431	-0.093997	-0.241712	-45.547127	-45.859337
23.211727	-0.100717	-0.245064	-45.553848	-45.876114
23.243023	-0.107422	-0.248417	-45.560570	-45.889542
23.274319	-0.110790	-0.258490	-45.563923	-45.909687
23.305614	-0.110790	-0.271916	-45.570625	-45.929832
23.336912	-0.114143	-0.281990	-45.577347	-45.953335
23.368208	-0.117496	-0.285342	-45.584068	-45.973465
23.399504	-0.117496	-0.285342	-45.587421	-45.993610
23.430799	-0.120863	-0.292063	-45.590775	-46.020462
23.462095	-0.124216	-0.298783	-45.597492	-46.043961
23.493391	-0.127569	-0.302136	-45.600845	-46.060757
23.524687	-0.130922	-0.305489	-45.610920	-46.077534
23.555983	-0.137642	-0.312209	-45.624344	-46.104385
23.587278	-0.147715	-0.325635	-45.637772	-46.137959
23.618574	-0.151068	-0.332341	-45.651199	-46.168179
23.649870	-0.157788	-0.332341	-45.667992	-46.195030
23.681166	-0.164494	-0.332341	-45.681416	-46.221882
23.712461	-0.171214	-0.342414	-45.694843	-46.262161
23.743757	-0.171214	-0.349134	-45.701550	-46.305805
23.775053	-0.174567	-0.345767	-45.704918	-46.346085
23.806349	-0.184640	-0.342414	-45.714989	-46.386375
23.837646	-0.187993	-0.345767	-45.725048	-46.436726
23.868942	-0.191361	-0.355840	-45.735123	-46.490444
23.900238	-0.191361	-0.359207	-45.738487	-46.544151
23.931534	-0.194713	-0.352487	-45.748547	-46.594501
23.962830	-0.198066	-0.349134	-45.761974	-46.651573
23.994125	-0.201419	-0.352487	-45.772045	-46.722069
24.025421	-0.201419	-0.352487	-45.782120	-46.795921
24.056717	-0.208139	-0.345767	-45.798912	-46.866417
24.088013	-0.214845	-0.335708	-45.819046	-46.940266
24.119308	-0.224918	-0.328988	-45.839191	-47.030910
24.150604	-0.228286	-0.325635	-45.855968	-47.134979
24.181900	-0.231639	-0.312209	-45.869396	-47.239037
24.213196	-0.238344	-0.288710	-45.886189	-47.346458
24.244492	-0.248417	-0.261843	-45.909687	-47.467308
24.275787	-0.248417	-0.231639	-45.926468	-47.618374
24.307083	-0.248417	-0.187993	-45.939892	-47.789574
24.338381	-0.255138	-0.120863	-45.960037	-47.980919
24.369677	-0.271916	-0.033572	-45.990257	-48.199131
24.400972	-0.281990	0.067130	-46.013756	-48.467682
24.432268	-0.281990	0.187978	-46.030537	-48.793301
24.463564	-0.278637	0.349119	-46.043961	-49.176006
24.494860	-0.285342	0.550538	-46.067463	-49.635902
24.526155	-0.292063	0.795588	-46.104385	-50.203236
24.557451	-0.298783	1.094356	-46.134605	-50.898121
24.588747	-0.295416	1.453549	-46.164810	-51.760853
24.620043	-0.298783	1.873165	-46.195030	-52.825005
24.651339	-0.308841	2.353221	-46.238663	-54.107368
24.682634	-0.315562	2.863467	-46.292381	-55.644840
24.713930	-0.318915	3.350228	-46.336025	-57.434097
24.745226	-0.318915	3.726214	-46.379654	-59.411346
24.776522	-0.325635	3.870562	-46.433372	-61.502724
24.807819	-0.328988	3.635571	-46.487080	-63.520252
24.839115	-0.328988	2.863467	-46.537430	-65.208809
24.870411	-0.325635	1.423344	-46.587795	-66.323311
24.901707	-0.322267	-0.701606	-46.644852	-66.625435
24.933002	-0.322267	-3.420740	-46.708645	-66.098389
24.964298	-0.318915	-6.455421	-46.779140	-64.957039
24.995594	-0.308841	-9.510249	-46.849640	-63.496754
25.026890	-0.302136	-12.447580	-46.930195	-61.858566
25.058186	-0.298783	-15.166715	-47.020836	-60.012238
25.089481	-0.295416	-17.617285	-47.118187	-57.880581
25.120777	-0.281990	-19.759029	-47.222256	-55.423290
25.152073	-0.261843	-21.484493	-47.336384	-52.637012
25.183369	-0.234991	-22.642656	-47.467308	-49.659401
25.214664	-0.198066	-23.058907	-47.615021	-46.755642
25.245960	-0.147715	-22.562086	-47.776146	-44.227852
25.277256	-0.077218	-21.132023	-47.957420	-42.462097
25.308554	0.013426	-18.933222	-48.172264	-41.669861
25.339849	0.127554	-16.334936	-48.424049	-41.760490
25.371145	0.271901	-13.743371	-48.722820	-42.405025
25.402441	0.506893	-11.433781	-49.176006	-43.220772
25.433737	0.762016	-9.540468	-49.625828	-43.959290
25.465033	1.097709	-8.063406	-50.179733	-44.546768
25.496328	1.544192	-6.901905	-50.871269	-44.983162
25.527624	2.138376	-5.982101	-51.740707	-45.298725
25.558920	2.900407	-5.246922	-52.814930	-45.533703
25.590216	3.850415	-4.646033	-54.147644	-45.714989
25.621511	4.988417	-4.152551	-55.762337	-45.862690
25.652807	6.233856	-3.736302	-57.615383	-45.970112
25.684103	7.294655	-3.380463	-59.602692	-46.040611
25.715399	7.717624	-3.088400	-61.502724	-46.094315
25.746695	7.204011	-2.853423	-63.093929	-46.131237
25.777990	5.723596	-2.652004	-64.272209	-46.154739
25.809288	3.457651	-2.464011	-65.000671	-46.151386
25.840584	0.704959	-2.296165	-65.326302	-46.137959
25.871880	-2.326369	-2.158523	-65.292732	-46.131237
25.903175	-5.458415	-2.041027	-64.913391	-46.127884
25.934471	-8.610591	-1.930252	-64.174858	-46.117813
25.965767	-11.829912	-1.822829	-63.013359	-46.101032
25.997063	-15.096217	-1.722127	-61.351673	-46.084240
26.028358	-18.265188	-1.641557	-59.162930	-46.077534
26.059654	-21.034674	-1.567706	-56.510941	-46.070816
26.090950	-22.904486	-1.497209	-53.660885	-46.050682
26.122246	-23.495316	-1.426712	-50.968616	-46.027184
26.153542	-22.770210	-1.366287	-48.706024	-46.017109
26.184837	-21.011173	-1.315936	-47.044338	-46.010391
26.216133	-18.681452	-1.265585	-45.990257	-45.996964
26.247429	-16.157017	-1.211867	-45.422928	-45.976818
26.278725	-13.736650	-1.161516	-45.191303	-45.953335
26.310022	-11.588201	-1.114517	-45.164436	-45.939892
26.341318	-9.755314	-1.077592	-45.245007	-45.929832
26.372614	-8.248046	-1.040667	-45.389355	-45.916393
26.403910	-7.029459	-1.007095	-45.550495	-45.906334
26.435205	-6.029099	-0.980243	-45.701550	-45.896263
26.466501	-5.213350	-0.956744	-45.829117	-45.889542
26.497797	-4.558742	-0.929877	-45.933186	-45.876114
26.529093	-4.031703	-0.903025	-46.023815	-45.862690
26.560389	-3.602013	-0.872821	-46.084240	-45.849262
26.591684	-3.242821	-0.849321	-46.117813	-45.839191
26.622980	-2.940700	-0.825822	-46.134605	-45.829117
26.654276	-2.692282	-0.802323	-46.144680	-45.822411
26.685572	-2.490863	-0.782177	-46.154739	-45.812340
26.716867	-2.312943	-0.762030	-46.154739	-45.805618
26.748163	-2.151817	-0.741899	-46.141312	-45.795544
26.779461	-2.010822	-0.721753	-46.124535	-45.785473
26.810757	-1.886621	-0.704974	-46.114460	-45.778767
26.842052	-1.779199	-0.694901	-46.104385	-45.772045
26.873348	-1.671776	-0.681475	-46.087608	-45.761974
26.904644	-1.574412	-0.668034	-46.067463	-45.755268
26.935940	-1.487136	-0.657976	-46.047314	-45.751915
26.967236	-1.413286	-0.651255	-46.037258	-45.745193
26.998531	-1.342788	-0.637829	-46.020462	-45.738487
27.029827	-1.272291	-0.624403	-46.000317	-45.728416
27.061123	-1.208514	-0.614330	-45.983540	-45.721695
27.092419	-1.158163	-0.604257	-45.970112	-45.714989
27.123714	-1.111165	-0.590831	-45.956688	-45.704918
27.155010	-1.067519	-0.577405	-45.943260	-45.698196
27.186306	-1.020521	-0.570685	-45.923115	-45.694843
27.217602	-0.980243	-0.567332	-45.906334	-45.694843
27.248898	-0.936598	-0.557259	-45.889542	-45.688122
27.280195	-0.906378	-0.540480	-45.876114	-45.674698
27.311491	-0.872821	-0.523686	-45.855968	-45.664623
27.342787	-0.839248	-0.523686	-45.839191	-45.664623
27.374083	-0.809029	-0.520334	-45.822411	-45.664623
27.405378	-0.782177	-0.516981	-45.815693	-45.661270
27.436674	-0.758678	-0.506908	-45.808971	-45.651199
27.467970	-0.735179	-0.503555	-45.798912	-45.651199
27.499266	-0.711679	-0.503555	-45.785473	-45.657917
27.530561	-0.688180	-0.503555	-45.772045	-45.661270
27.561857	-0.668034	-0.493482	-45.758621	-45.657917
27.593153	-0.647902	-0.486761	-45.755268	-45.651199
27.624449	-0.631109	-0.490129	-45.748547	-45.651199
27.655745	-0.607610	-0.496835	-45.738487	-45.657917
27.687040	-0.590831	-0.493482	-45.731770	-45.654549
27.718336	-0.580758	-0.483409	-45.728416	-45.651199
27.749632	-0.570685	-0.486761	-45.721695	-45.651199
27.780930	-0.553906	-0.496835	-45.708267	-45.661270
27.812225	-0.540480	-0.500187	-45.698196	-45.661270
27.843521	-0.533760	-0.493482	-45.694843	-45.657917
27.874817	-0.527054	-0.486761	-45.691490	-45.651199
27.906113	-0.520334	-0.490129	-45.684769	-45.657917
27.937408	-0.506908	-0.496835	-45.674698	-45.667992
27.968704	-0.500187	-0.500187	-45.667992	-45.671345
