22.510115	-0.013441	-0.073865	-0.010073	-0.043646
22.549194	-0.016794	-0.077218	-0.013441	-0.046998
22.588276	-0.020146	-0.080571	-0.013441	-0.043646
22.627357	-0.020146	-0.083938	-0.013441	-0.040293
22.666439	-0.023499	-0.090644	-0.013441	-0.030220
22.705521	-0.023499	-0.093997	-0.013441	-0.023499
22.744602	-0.023499	-0.104070	-0.010073	-0.026867
22.783682	-0.020146	-0.114143	-0.003368	-0.030220
22.822763	-0.023499	-0.120863	-0.003368	-0.030220
22.861845	-0.026867	-0.130922	-0.003368	-0.030220
22.900927	-0.030220	-0.140995	-0.006720	-0.026867
22.940008	-0.033572	-0.147715	-0.010073	-0.026867
22.979090	-0.036940	-0.157788	-0.013441	-0.016794
23.018169	-0.036940	-0.164494	-0.013441	-0.010073
23.057251	-0.040293	-0.174567	-0.010073	-0.003368
23.096333	-0.040293	-0.184640	-0.006720	-0.003368
23.135414	-0.043646	-0.198066	0.000000	-0.006720
23.174496	-0.046998	-0.211492	0.003353	-0.003368
23.213577	-0.050366	-0.224918	-0.003368	0.000000
23.252657	-0.057071	-0.238344	-0.010073	0.003353
23.291739	-0.060439	-0.251785	-0.010073	0.010058
23.330820	-0.063792	-0.265211	-0.006720	0.016779
23.369902	-0.063792	-0.281990	0.000000	0.023484
23.408983	-0.067145	-0.298783	0.003353	0.033557
23.448065	-0.073865	-0.315562	0.000000	0.036925
23.487144	-0.080571	-0.339061	-0.003368	0.033557
23.526226	-0.083938	-0.359207	-0.003368	0.036925
23.565308	-0.090644	-0.379339	-0.003368	0.043631
23.604389	-0.093997	-0.399485	0.000000	0.053704
23.643471	-0.100717	-0.422984	0.003353	0.063777
23.682550	-0.107422	-0.446483	0.003353	0.073850
23.721632	-0.110790	-0.473335	0.013426	0.087276
23.760714	-0.117496	-0.500187	0.020131	0.100702
23.799795	-0.124216	-0.530407	0.023484	0.107422
23.838877	-0.134289	-0.567332	0.016779	0.110775
23.877958	-0.144362	-0.604257	0.010058	0.114128
23.917038	-0.154421	-0.647902	0.010058	0.124201
23.956120	-0.161141	-0.691533	0.010058	0.137627
23.995201	-0.167862	-0.741899	0.013426	0.157773
24.034283	-0.174567	-0.798956	0.020131	0.181273
24.073364	-0.181288	-0.866100	0.026852	0.198051
24.112446	-0.187993	-0.939950	0.033557	0.214845
24.151525	-0.198066	-1.027241	0.036925	0.234976
24.190607	-0.208139	-1.131296	0.036925	0.261828
24.229689	-0.221565	-1.255512	0.033557	0.295401
24.268770	-0.231639	-1.406565	0.030205	0.345752
24.307852	-0.241712	-1.591206	0.036925	0.412896
24.346933	-0.251785	-1.816124	0.046983	0.503540
24.386013	-0.265211	-2.098098	0.053704	0.621036
24.425095	-0.278637	-2.450585	0.057057	0.768736
24.464176	-0.295416	-2.890348	0.060424	0.966802
24.503258	-0.312209	-3.430814	0.067130	1.228631
24.542339	-0.328988	-4.071996	0.070482	1.571044
24.581421	-0.349134	-4.823953	0.070482	1.987308
24.620501	-0.369266	-5.659833	0.073850	2.470717
24.659582	-0.389412	-6.532640	0.080556	2.984330
24.698664	-0.406206	-7.388666	0.093982	3.464371
24.737745	-0.429690	-8.140623	0.104055	3.850415
24.776827	-0.453189	-8.711293	0.107422	4.061908
24.815907	-0.483409	-9.060428	0.104055	4.071980
24.854988	-0.513628	-9.167850	0.107422	3.900766
24.894070	-0.543833	-9.053707	0.110775	3.598645
24.933151	-0.574052	-8.724719	0.124201	3.202528
24.972233	-0.607610	-8.174181	0.137627	2.725840
25.011314	-0.644535	-7.402092	0.151053	2.185374
25.050394	-0.684828	-6.411791	0.167847	1.591191
25.089476	-0.731826	-5.263701	0.181273	0.980228
25.128557	-0.782177	-4.061923	0.191346	0.412896
25.167639	-0.839248	-2.937347	0.201404	-0.053719
25.206720	-0.903025	-2.024248	0.211477	-0.352487
25.245802	-0.973523	-1.393139	0.224903	-0.480056
25.284882	-1.054093	-1.013801	0.241697	-0.480056
25.323963	-1.144722	-0.809029	0.268549	-0.416264
25.363045	-1.255512	-0.701606	0.298768	-0.332341
25.402126	-1.386434	-0.641182	0.335693	-0.255138
25.441208	-1.547560	-0.600904	0.379324	-0.198066
25.480289	-1.745626	-0.570685	0.433043	-0.164494
25.519369	-2.000749	-0.543833	0.500172	-0.137642
25.558451	-2.326369	-0.516981	0.587463	-0.114143
25.597532	-2.759427	-0.493482	0.704959	-0.090644
25.636614	-3.326744	-0.473335	0.859380	-0.067145
25.675695	-4.051849	-0.456557	1.064152	-0.046998
25.714777	-4.954875	-0.446483	1.302496	-0.030220
25.753857	-5.998879	-0.436410	1.554266	-0.020146
25.792938	-7.076457	-0.422984	1.782537	-0.020146
25.832020	-8.086905	-0.409558	1.963809	-0.023499
25.871101	-8.939564	-0.392765	2.071232	-0.023499
25.910183	-9.580747	-0.375986	2.094731	-0.023499
25.949263	-10.007084	-0.355840	2.020881	-0.020146
25.988344	-10.211855	-0.335708	1.856387	-0.016794
26.027426	-10.188356	-0.315562	1.611337	-0.013441
26.066507	-9.909734	-0.298783	1.309201	-0.013441
26.105589	-9.325624	-0.285342	0.976861	-0.016794
26.144670	-8.415893	-0.271916	0.661314	-0.020146
26.183750	-7.210746	-0.258490	0.386044	-0.026867
26.222832	-5.861253	-0.248417	0.171199	-0.033572
26.261913	-4.545316	-0.238344	0.023484	-0.033572
26.300995	-3.387168	-0.224918	-0.070497	-0.030220
26.340076	-2.470717	-0.208139	-0.120863	-0.026867
26.379158	-1.802698	-0.194713	-0.140995	-0.023499
26.418238	-1.346141	-0.184640	-0.144362	-0.026867
26.457319	-1.047373	-0.174567	-0.134289	-0.030220
26.496401	-0.859380	-0.164494	-0.114143	-0.036940
26.535482	-0.741899	-0.154421	-0.093997	-0.043646
26.574564	-0.664681	-0.147715	-0.077218	-0.043646
26.613646	-0.610977	-0.137642	-0.057071	-0.040293
26.652725	-0.570685	-0.127569	-0.033572	-0.030220
26.691807	-0.540480	-0.117496	-0.013441	-0.026867
26.730888	-0.520334	-0.107422	0.000000	-0.023499
26.769970	-0.503555	-0.100717	0.003353	-0.033572
26.809052	-0.493482	-0.097364	0.003353	-0.043646
26.848133	-0.483409	-0.090644	0.003353	-0.053719
26.887213	-0.469983	-0.080571	0.003353	-0.057071
26.926294	-0.456557	-0.070497	0.006706	-0.050366
26.965376	-0.443131	-0.063792	0.006706	-0.046998
27.004457	-0.422984	-0.053719	0.010058	-0.040293
27.043539	-0.402838	-0.050366	0.016779	-0.036940
27.082619	-0.386059	-0.043646	0.020131	-0.036940
27.121700	-0.369266	-0.040293	0.013426	-0.043646
27.160782	-0.352487	-0.040293	0.003353	-0.050366
27.199863	-0.339061	-0.036940	-0.003368	-0.057071
27.238945	-0.325635	-0.030220	-0.010073	-0.060439
27.278027	-0.308841	-0.020146	-0.010073	-0.053719
27.317106	-0.292063	-0.013441	-0.003368	-0.050366
27.356188	-0.275284	-0.010073	0.000000	-0.046998
27.395269	-0.258490	-0.006720	0.003353	-0.050366
27.434351	-0.248417	-0.003368	-0.003368	-0.053719
27.473433	-0.238344	0.000000	-0.013441	-0.063792
27.512514	-0.228286	0.003353	-0.020146	-0.067145
27.551594	-0.218213	0.010058	-0.023499	-0.070497
27.590675	-0.208139	0.013426	-0.023499	-0.067145
27.629757	-0.194713	0.020131	-0.016794	-0.063792
27.668839	-0.184640	0.023484	-0.013441	-0.060439
27.707920	-0.174567	0.026852	-0.010073	-0.060439
27.747002	-0.164494	0.026852	-0.013441	-0.063792
27.786081	-0.154421	0.030205	-0.020146	-0.070497
27.825163	-0.144362	0.033557	-0.026867	-0.077218
27.864244	-0.137642	0.036925	-0.030220	-0.080571
27.903326	-0.127569	0.040278	-0.030220	-0.077218
27.942408	-0.117496	0.046983	-0.026867	-0.070497
27.981489	-0.110790	0.050351	-0.023499	-0.063792
28.020569	-0.100717	0.053704	-0.023499	-0.063792
28.059650	-0.093997	0.057057	-0.023499	-0.067145
28.098732	-0.090644	0.060424	-0.026867	-0.073865
28.137814	-0.083938	0.060424	-0.030220	-0.080571
28.176895	-0.077218	0.063777	-0.036940	-0.083938
28.215975	-0.070497	0.067130	-0.040293	-0.080571
28.255056	-0.063792	0.073850	-0.043646	-0.070497
28.294138	-0.057071	0.077203	-0.043646	-0.067145
28.333220	-0.050366	0.080556	-0.040293	-0.063792
28.372301	-0.043646	0.080556	-0.040293	-0.070497
28.411383	-0.040293	0.080556	-0.046998	-0.077218
28.450462	-0.036940	0.077203	-0.053719	-0.087291
28.489544	-0.033572	0.077203	-0.060439	-0.093997
28.528625	-0.030220	0.077203	-0.060439	-0.097364
28.567707	-0.023499	0.080556	-0.060439	-0.087291
28.606789	-0.016794	0.083923	-0.057071	-0.077218
28.645870	-0.010073	0.087276	-0.057071	-0.070497
28.684950	-0.003368	0.090629	-0.053719	-0.070497
28.724031	0.000000	0.090629	-0.053719	-0.077218
28.763113	0.000000	0.093982	-0.053719	-0.083938
28.802195	0.003353	0.093982	-0.060439	-0.090644
28.841276	0.003353	0.100702	-0.063792	-0.093997
28.880358	0.003353	0.104055	-0.063792	-0.090644
28.919437	0.006706	0.107422	-0.060439	-0.083938
28.958519	0.010058	0.110775	-0.057071	-0.077218
28.997601	0.016779	0.114128	-0.053719	-0.073865
29.036682	0.020131	0.114128	-0.050366	-0.077218
29.075764	0.023484	0.110775	-0.053719	-0.083938
29.114845	0.023484	0.110775	-0.060439	-0.090644
29.153925	0.026852	0.110775	-0.063792	-0.093997
29.193007	0.033557	0.114128	-0.067145	-0.093997
29.232088	0.036925	0.117481	-0.070497	-0.087291
29.271170	0.040278	0.120848	-0.070497	-0.077218
29.310251	0.043631	0.124201	-0.067145	-0.073865
29.349333	0.046983	0.127554	-0.063792	-0.073865
29.388412	0.050351	0.127554	-0.060439	-0.080571
29.427494	0.053704	0.127554	-0.063792	-0.087291
29.466576	0.057057	0.127554	-0.067145	-0.093997
29.505657	0.057057	0.127554	-0.067145	-0.093997
29.544739	0.060424	0.130907	-0.067145	-0.090644
29.583818	0.063777	0.134274	-0.063792	-0.083938
29.622900	0.070482	0.137627	-0.060439	-0.080571
29.661982	0.073850	0.137627	-0.060439	-0.083938
29.701063	0.077203	0.137627	-0.063792	-0.087291
29.740145	0.077203	0.137627	-0.067145	-0.093997
29.779226	0.080556	0.137627	-0.070497	-0.104070
29.818306	0.080556	0.137627	-0.077218	-0.107422
29.857388	0.083923	0.137627	-0.083938	-0.104070
29.896469	0.087276	0.140980	-0.083938	-0.097364
29.935551	0.090629	0.144348	-0.083938	-0.087291
29.974632	0.093982	0.147700	-0.083938	-0.083938
30.013714	0.097349	0.147700	-0.080571	-0.083938
30.052794	0.097349	0.147700	-0.077218	-0.087291
30.091875	0.097349	0.144348	-0.080571	-0.093997
30.130957	0.093982	0.144348	-0.080571	-0.100717
30.170038	0.093982	0.144348	-0.080571	-0.104070
30.209120	0.097349	0.144348	-0.080571	-0.104070
30.248201	0.097349	0.147700	-0.077218	-0.093997
30.287281	0.100702	0.151053	-0.073865	-0.083938
30.326363	0.104055	0.154406	-0.070497	-0.080571
30.365444	0.107422	0.154406	-0.070497	-0.083938
30.404526	0.107422	0.151053	-0.073865	-0.093997
30.443607	0.107422	0.151053	-0.080571	-0.100717
30.482689	0.107422	0.154406	-0.083938	-0.100717
30.521769	0.107422	0.154406	-0.083938	-0.100717
30.560850	0.110775	0.157773	-0.083938	-0.097364
30.599932	0.110775	0.161126	-0.080571	-0.090644
30.639013	0.114128	0.164479	-0.077218	-0.083938
30.678095	0.117481	0.167847	-0.077218	-0.080571
30.717175	0.117481	0.164479	-0.077218	-0.083938
30.756256	0.117481	0.164479	-0.083938	-0.090644
30.795338	0.117481	0.161126	-0.090644	-0.093997
30.834419	0.117481	0.161126	-0.097364	-0.093997
30.873501	0.120848	0.161126	-0.093997	-0.090644
30.912582	0.124201	0.164479	-0.087291	-0.087291
30.951662	0.130907	0.167847	-0.080571	-0.080571
30.990744	0.134274	0.171199	-0.077218	-0.080571
31.029825	0.137627	0.171199	-0.073865	-0.083938
31.068907	0.137627	0.167847	-0.073865	-0.097364
31.107988	0.137627	0.164479	-0.080571	-0.104070
31.147070	0.137627	0.164479	-0.083938	-0.110790
31.186150	0.137627	0.167847	-0.090644	-0.107422
31.225231	0.134274	0.171199	-0.087291	-0.097364
31.264313	0.137627	0.174552	-0.083938	-0.087291
31.303394	0.140980	0.177905	-0.077218	-0.080571
31.342476	0.140980	0.181273	-0.073865	-0.080571
31.381557	0.144348	0.181273	-0.073865	-0.083938
31.420637	0.144348	0.181273	-0.073865	-0.087291
31.459719	0.144348	0.177905	-0.077218	-0.093997
31.498800	0.140980	0.177905	-0.080571	-0.097364
31.537882	0.140980	0.177905	-0.080571	-0.093997
31.576963	0.144348	0.181273	-0.077218	-0.090644
31.616045	0.147700	0.181273	-0.073865	-0.087291
31.655125	0.147700	0.181273	-0.073865	-0.087291
31.694206	0.151053	0.181273	-0.073865	-0.093997
31.733288	0.151053	0.177905	-0.077218	-0.097364
31.772369	0.151053	0.177905	-0.083938	-0.100717
31.811451	0.151053	0.177905	-0.090644	-0.104070
31.850531	0.154406	0.177905	-0.090644	-0.100717
31.889612	0.157773	0.181273	-0.080571	-0.093997
31.928694	0.164479	0.187978	-0.073865	-0.083938
31.967775	0.167847	0.191346	-0.070497	-0.077218
32.006855	0.167847	0.191346	-0.073865	-0.080571
32.045937	0.171199	0.187978	-0.077218	-0.087291
32.085018	0.167847	0.184625	-0.080571	-0.093997
32.124100	0.167847	0.187978	-0.087291	-0.097364
32.163181	0.164479	0.187978	-0.093997	-0.097364
32.202263	0.164479	0.191346	-0.093997	-0.097364
32.241344	0.164479	0.191346	-0.090644	-0.093997
32.280426	0.164479	0.194699	-0.087291	-0.087291
32.319508	0.167847	0.194699	-0.087291	-0.083938
32.358589	0.167847	0.194699	-0.090644	-0.083938
32.397671	0.164479	0.194699	-0.093997	-0.083938
32.436749	0.161126	0.191346	-0.100717	-0.087291
32.475830	0.161126	0.191346	-0.104070	-0.090644
32.514912	0.161126	0.191346	-0.104070	-0.093997
32.553993	0.161126	0.194699	-0.100717	-0.090644
32.593075	0.164479	0.198051	-0.090644	-0.087291
32.632156	0.167847	0.201404	-0.080571	-0.083938
32.671238	0.171199	0.201404	-0.077218	-0.083938
32.710320	0.174552	0.198051	-0.077218	-0.087291
32.749401	0.174552	0.194699	-0.083938	-0.090644
32.788483	0.171199	0.191346	-0.100717	-0.097364
32.827564	0.171199	0.187978	-0.107422	-0.097364
32.866642	0.177905	0.187978	-0.107422	-0.093997
32.905724	0.184625	0.191346	-0.100717	-0.087291
32.944805	0.191346	0.194699	-0.093997	-0.080571
32.983887	0.194699	0.194699	-0.097364	-0.080571
33.022968	0.198051	0.194699	-0.100717	-0.083938
33.062050	0.198051	0.194699	-0.104070	-0.087291
33.101131	0.198051	0.191346	-0.107422	-0.093997
33.140213	0.194699	0.191346	-0.114143	-0.097364
33.179295	0.194699	0.194699	-0.114143	-0.097364
33.218376	0.194699	0.194699	-0.107422	-0.090644
33.257458	0.194699	0.198051	-0.100717	-0.087291
33.296539	0.198051	0.198051	-0.093997	-0.080571
33.335617	0.198051	0.201404	-0.097364	-0.080571
33.374699	0.198051	0.201404	-0.100717	-0.083938
33.413780	0.198051	0.198051	-0.107422	-0.093997
33.452862	0.198051	0.198051	-0.110790	-0.097364
33.491943	0.201404	0.201404	-0.114143	-0.100717
33.531025	0.201404	0.204772	-0.114143	-0.097364
33.570107	0.204772	0.208125	-0.107422	-0.093997
33.609188	0.211477	0.211477	-0.100717	-0.090644
33.648270	0.214845	0.214845	-0.097364	-0.090644
33.687351	0.214845	0.214845	-0.100717	-0.097364
33.726433	0.211477	0.211477	-0.110790	-0.104070
33.765514	0.208125	0.211477	-0.117496	-0.110790
33.804592	0.208125	0.211477	-0.120863	-0.114143
33.843674	0.211477	0.214845	-0.117496	-0.110790
33.882755	0.214845	0.218198	-0.110790	-0.107422
33.921837	0.218198	0.221550	-0.107422	-0.104070
33.960918	0.221550	0.221550	-0.104070	-0.104070
