20.958424	-0.201464	-0.268698	0.066996	0.234842
20.989719	-0.201464	-0.268698	0.066996	0.268459
21.021015	-0.201464	-0.268698	0.066996	0.234842
21.052311	-0.168085	-0.268698	0.066996	0.234842
21.083607	-0.168085	-0.268698	0.066996	0.234842
21.114902	-0.168085	-0.268698	0.066996	0.234842
21.146198	-0.201464	-0.268698	0.100613	0.234842
21.177494	-0.201464	-0.268698	0.100613	0.234842
21.208790	-0.168085	-0.268698	0.100613	0.234842
21.240086	-0.201464	-0.235081	0.100613	0.234842
21.271381	-0.201464	-0.235081	0.100613	0.201225
21.302677	-0.201464	-0.235081	0.100613	0.201225
21.333973	-0.168085	-0.235081	0.100613	0.234842
21.365271	-0.168085	-0.235081	0.100613	0.234842
21.396566	-0.168085	-0.235081	0.100613	0.234842
21.427862	-0.168085	-0.235081	0.100613	0.268459
21.459158	-0.168085	-0.201464	0.100613	0.268459
21.490454	-0.168085	-0.201464	0.100613	0.268459
21.521749	-0.168085	-0.201464	0.100613	0.268459
21.553045	-0.168085	-0.201464	0.100613	0.268459
21.584341	-0.168085	-0.201464	0.100613	0.268459
21.615637	-0.168085	-0.168085	0.066996	0.268459
21.646933	-0.168085	-0.168085	0.066996	0.268459
21.678228	-0.134468	-0.168085	0.066996	0.234842
21.709524	-0.134468	-0.168085	0.066996	0.234842
21.740820	-0.134468	-0.168085	0.066996	0.234842
21.772116	-0.134468	-0.168085	0.066996	0.234842
21.803411	-0.134468	-0.134468	0.100613	0.234842
21.834707	-0.100851	-0.134468	0.100613	0.234842
21.866005	-0.100851	-0.134468	0.100613	0.234842
21.897301	-0.134468	-0.134468	0.100613	0.234842
21.928596	-0.134468	-0.100851	0.134230	0.201225
21.959892	-0.134468	-0.100851	0.134230	0.201225
21.991188	-0.100851	-0.100851	0.134230	0.201225
22.022484	-0.100851	-0.100851	0.100613	0.201225
22.053780	-0.100851	-0.100851	0.100613	0.201225
22.085075	-0.100851	-0.067234	0.100613	0.201225
22.116371	-0.100851	-0.033617	0.066996	0.201225
22.147667	-0.100851	-0.033617	0.066996	0.201225
22.178963	-0.100851	0.000000	0.033379	0.234842
22.210258	-0.100851	0.000000	0.033379	0.201225
22.241554	-0.100851	0.000000	0.033379	0.201225
22.272850	-0.067234	0.033379	0.033379	0.201225
22.304146	-0.067234	0.033379	0.033379	0.167847
22.335442	-0.067234	0.033379	0.033379	0.167847
22.366739	-0.067234	0.066996	0.066996	0.167847
22.398035	-0.067234	0.066996	0.066996	0.167847
22.429331	-0.067234	0.100613	0.066996	0.134230
22.460627	-0.067234	0.100613	0.066996	0.134230
22.491922	-0.033617	0.134230	0.066996	0.134230
22.523218	-0.033617	0.167847	0.066996	0.134230
22.554514	-0.033617	0.167847	0.066996	0.134230
22.585810	-0.033617	0.201225	0.066996	0.134230
22.617105	0.000000	0.201225	0.066996	0.167847
22.648401	0.000000	0.234842	0.033379	0.167847
22.679697	0.000000	0.268459	0.033379	0.167847
22.710993	0.033379	0.268459	0.000000	0.134230
22.742289	0.033379	0.302076	0.000000	0.134230
22.773584	0.033379	0.335693	-0.033617	0.134230
22.804880	0.033379	0.369072	-0.033617	0.134230
22.836176	0.066996	0.369072	-0.033617	0.134230
22.867474	0.066996	0.402689	0.000000	0.134230
22.898769	0.066996	0.436306	0.000000	0.134230
22.930065	0.066996	0.436306	0.000000	0.100613
22.961361	0.066996	0.469923	0.000000	0.100613
22.992657	0.100613	0.503540	0.000000	0.100613
23.023952	0.100613	0.536919	-0.033617	0.066996
23.055248	0.134230	0.570536	-0.033617	0.066996
23.086544	0.134230	0.604153	-0.033617	0.033379
23.117840	0.167847	0.637770	-0.033617	0.033379
23.149136	0.167847	0.671387	-0.033617	0.033379
23.180431	0.201225	0.738382	-0.033617	0.000000
23.211727	0.201225	0.771999	-0.067234	0.000000
23.243023	0.201225	0.805616	-0.067234	-0.033617
23.274319	0.201225	0.872612	-0.067234	-0.033617
23.305614	0.234842	0.906229	-0.033617	-0.067234
23.336912	0.234842	0.973463	-0.033617	-0.067234
23.368208	0.268459	1.040459	-0.033617	-0.067234
23.399504	0.268459	1.107693	-0.033617	-0.100851
23.430799	0.302076	1.208305	-0.033617	-0.100851
23.462095	0.302076	1.309156	-0.033617	-0.134468
23.493391	0.335693	1.443386	-0.033617	-0.134468
23.524687	0.335693	1.577616	-0.033617	-0.168085
23.555983	0.369072	1.712084	-0.033617	-0.201464
23.587278	0.369072	1.879930	-0.033617	-0.201464
23.618574	0.402689	2.114773	-0.033617	-0.235081
23.649870	0.402689	2.349854	-0.067234	-0.268698
23.681166	0.436306	2.651930	-0.067234	-0.302315
23.712461	0.436306	3.054857	-0.067234	-0.369310
23.743757	0.469923	3.491163	-0.067234	-0.470161
23.775053	0.503540	4.095554	-0.067234	-0.570774
23.806349	0.536919	4.833937	-0.067234	-0.705004
23.837646	0.570536	5.807638	-0.067234	-0.906467
23.868942	0.604153	6.982565	-0.067234	-1.208544
23.900238	0.637770	8.493185	-0.100851	-1.611471
23.931534	0.637770	10.272503	-0.100851	-2.115011
23.962830	0.671387	12.286663	-0.134468	-2.719402
23.994125	0.704765	14.401674	-0.134468	-3.424406
24.025421	0.738382	16.247988	-0.134468	-4.062176
24.056717	0.771999	17.590761	-0.134468	-4.599333
24.088013	0.839233	18.195152	-0.168085	-4.867792
24.119308	0.872612	18.027306	-0.168085	-4.867792
24.150604	0.906229	17.188072	-0.201464	-4.632950
24.181900	0.939846	15.811682	-0.201464	-4.196405
24.213196	1.007080	14.065981	-0.235081	-3.592253
24.244492	1.040459	12.085199	-0.235081	-2.920866
24.275787	1.074076	10.071039	-0.268698	-2.249241
24.307083	1.141310	8.224726	-0.268698	-1.645088
24.338381	1.174927	6.311178	-0.268698	-1.040697
24.369677	1.241922	5.169630	-0.268698	-0.738621
24.400972	1.342773	4.364014	-0.268698	-0.537157
24.432268	1.443386	3.759861	-0.268698	-0.402927
24.463564	1.544237	3.289700	-0.268698	-0.302315
24.494860	1.644850	2.920628	-0.268698	-0.201464
24.526155	1.779079	2.651930	-0.302315	-0.134468
24.557451	1.913309	2.383471	-0.302315	-0.100851
24.588747	2.081156	2.182007	-0.335932	-0.033617
24.620043	2.282619	2.014160	-0.335932	-0.033617
24.651339	2.517700	1.846313	-0.369310	0.000000
24.682634	2.819777	1.712084	-0.402927	0.033379
24.713930	3.155470	1.611233	-0.436544	0.033379
24.745226	3.558397	1.510620	-0.503778	0.066996
24.776522	4.095554	1.409769	-0.570774	0.066996
24.807819	4.766941	1.309156	-0.671625	0.100613
24.839115	5.774021	1.241922	-0.772238	0.100613
24.870411	7.217646	1.141310	-0.872850	0.100613
24.901707	9.164572	1.074076	-0.940084	0.134230
24.933002	11.481047	1.007080	-1.007318	0.134230
24.964298	13.898134	0.973463	-1.107931	0.134230
24.995594	16.113758	0.906229	-1.242161	0.134230
25.026890	17.792225	0.839233	-1.376390	0.134230
25.058186	18.832922	0.805616	-1.477242	0.167847
25.089481	19.134998	0.771999	-1.544476	0.167847
25.120777	18.698692	0.704765	-1.577854	0.167847
25.152073	17.590761	0.671387	-1.544476	0.167847
25.183369	15.945911	0.637770	-1.477242	0.167847
25.214664	13.965130	0.604153	-1.376390	0.167847
25.245960	11.883736	0.570536	-1.275778	0.167847
25.277256	9.970188	0.536919	-1.107931	0.201225
25.308554	8.258104	0.503540	-0.973701	0.201225
25.339849	6.881714	0.503540	-0.839472	0.201225
25.371145	5.774021	0.469923	-0.705004	0.201225
25.402441	4.867554	0.469923	-0.570774	0.201225
25.433737	4.196167	0.436306	-0.470161	0.201225
25.465033	3.524780	0.436306	-0.369310	0.201225
25.496328	3.121853	0.402689	-0.302315	0.201225
25.527624	2.786160	0.369072	-0.268698	0.201225
25.558920	2.517700	0.369072	-0.201464	0.201225
25.590216	2.282619	0.335693	-0.168085	0.201225
25.621511	2.114773	0.302076	-0.134468	0.167847
25.652807	1.946926	0.302076	-0.100851	0.167847
25.684103	1.812696	0.268459	-0.067234	0.167847
25.715399	1.678467	0.234842	-0.033617	0.167847
25.746695	1.577616	0.234842	-0.033617	0.167847
25.777990	1.477003	0.201225	0.000000	0.167847
25.809288	1.376152	0.201225	0.000000	0.201225
25.840584	1.309156	0.201225	0.033379	0.167847
25.871880	1.208305	0.201225	0.033379	0.167847
25.903175	1.141310	0.167847	0.033379	0.167847
25.934471	1.074076	0.167847	0.033379	0.167847
25.965767	1.007080	0.134230	0.066996	0.201225
25.997063	0.973463	0.134230	0.066996	0.201225
26.028358	0.906229	0.134230	0.100613	0.201225
26.059654	0.839233	0.100613	0.100613	0.201225
26.090950	0.805616	0.100613	0.100613	0.201225
26.122246	0.771999	0.100613	0.100613	0.201225
26.153542	0.704765	0.100613	0.100613	0.201225
26.184837	0.671387	0.066996	0.100613	0.167847
26.216133	0.637770	0.066996	0.100613	0.167847
26.247429	0.604153	0.066996	0.066996	0.167847
26.278725	0.604153	0.066996	0.066996	0.167847
26.310022	0.570536	0.066996	0.066996	0.201225
26.341318	0.536919	0.033379	0.066996	0.201225
26.372614	0.503540	0.033379	0.066996	0.234842
26.403910	0.469923	0.033379	0.066996	0.234842
26.435205	0.436306	0.033379	0.066996	0.234842
26.466501	0.402689	0.000000	0.066996	0.268459
26.497797	0.402689	0.000000	0.066996	0.268459
26.529093	0.369072	0.000000	0.066996	0.268459
26.560389	0.369072	0.000000	0.066996	0.234842
26.591684	0.335693	0.000000	0.066996	0.234842
26.622980	0.335693	0.000000	0.033379	0.234842
26.654276	0.302076	0.000000	0.033379	0.201225
26.685572	0.302076	0.000000	0.033379	0.201225
26.716867	0.268459	-0.033617	0.066996	0.201225
26.748163	0.268459	-0.033617	0.066996	0.167847
26.779461	0.234842	-0.033617	0.100613	0.167847
26.810757	0.234842	-0.033617	0.100613	0.167847
26.842052	0.201225	-0.033617	0.100613	0.167847
26.873348	0.201225	-0.067234	0.134230	0.167847
26.904644	0.201225	-0.067234	0.134230	0.167847
26.935940	0.167847	-0.067234	0.134230	0.167847
26.967236	0.167847	-0.067234	0.134230	0.201225
26.998531	0.134230	-0.067234	0.100613	0.201225
27.029827	0.134230	-0.067234	0.100613	0.201225
27.061123	0.134230	-0.067234	0.066996	0.201225
27.092419	0.100613	-0.067234	0.066996	0.201225
27.123714	0.100613	-0.067234	0.066996	0.201225
27.155010	0.100613	-0.067234	0.066996	0.201225
27.186306	0.066996	-0.067234	0.066996	0.201225
27.217602	0.066996	-0.100851	0.033379	0.201225
27.248898	0.033379	-0.100851	0.033379	0.234842
27.280195	0.033379	-0.100851	0.066996	0.234842
27.311491	0.033379	-0.100851	0.066996	0.234842
27.342787	0.000000	-0.100851	0.066996	0.201225
27.374083	0.000000	-0.100851	0.100613	0.201225
27.405378	0.000000	-0.100851	0.100613	0.201225
27.436674	0.000000	-0.134468	0.100613	0.201225
27.467970	0.000000	-0.134468	0.100613	0.201225
27.499266	0.000000	-0.134468	0.100613	0.201225
27.530561	0.000000	-0.134468	0.100613	0.201225
27.561857	-0.033617	-0.134468	0.100613	0.201225
27.593153	-0.033617	-0.134468	0.100613	0.201225
27.624449	-0.033617	-0.100851	0.134230	0.201225
27.655745	-0.033617	-0.100851	0.134230	0.201225
27.687040	-0.033617	-0.100851	0.100613	0.201225
27.718336	-0.033617	-0.100851	0.100613	0.201225
27.749632	-0.067234	-0.100851	0.100613	0.201225
27.780930	-0.067234	-0.100851	0.100613	0.201225
27.812225	-0.067234	-0.100851	0.134230	0.201225
27.843521	-0.067234	-0.100851	0.134230	0.167847
27.874817	-0.067234	-0.067234	0.134230	0.167847
27.906113	-0.067234	-0.067234	0.134230	0.167847
27.937408	-0.067234	-0.067234	0.134230	0.201225
27.968704	-0.067234	-0.067234	0.167847	0.167847
