24.983185	109.997246	109.997246	-0.298783	-0.624403
24.992565	109.997246	109.997246	-0.292063	-0.617683
25.001945	109.997246	109.997246	-0.285342	-0.610977
25.011326	109.997246	109.997246	-0.281990	-0.604257
25.020706	109.997246	109.997246	-0.281990	-0.604257
25.030088	109.997246	109.997246	-0.281990	-0.610977
25.039469	109.997246	109.997246	-0.285342	-0.614330
25.048849	109.997246	109.997246	-0.288710	-0.617683
25.058229	109.997246	109.997246	-0.292063	-0.617683
25.067612	109.997246	109.997246	-0.298783	-0.617683
25.076992	109.997246	109.997246	-0.305489	-0.617683
25.086372	109.997246	109.997246	-0.312209	-0.624403
25.095753	109.997246	109.997246	-0.315562	-0.631109
25.105135	109.997246	109.997246	-0.318915	-0.637829
25.114515	109.997246	109.997246	-0.322267	-0.647902
25.123896	109.997246	109.997246	-0.325635	-0.647902
25.133276	109.997246	109.997246	-0.328988	-0.647902
25.142656	109.997246	109.997246	-0.335708	-0.637829
25.152039	109.997246	109.997246	-0.342414	-0.631109
25.161419	109.997246	109.997246	-0.339061	-0.631109
25.170799	109.997246	109.997246	-0.339061	-0.634477
25.180180	109.997246	109.997246	-0.332341	-0.637829
25.189562	109.997246	109.997246	-0.325635	-0.641182
25.198942	109.997246	109.997246	-0.318915	-0.637829
25.208323	109.997246	109.997246	-0.318915	-0.637829
25.217703	109.997246	109.997246	-0.318915	-0.634477
25.227083	109.997246	109.997246	-0.322267	-0.637829
25.236465	109.997246	109.997246	-0.325635	-0.637829
25.245846	109.997246	109.997246	-0.325635	-0.634477
25.255226	109.997246	109.997246	-0.325635	-0.631109
25.264606	109.997246	109.997246	-0.328988	-0.624403
25.273989	109.997246	109.997246	-0.328988	-0.621051
25.283369	109.997246	109.997246	-0.325635	-0.617683
25.292749	109.997246	109.997246	-0.322267	-0.621051
25.302130	109.997246	109.997246	-0.322267	-0.621051
25.311510	109.997246	109.997246	-0.322267	-0.617683
25.320892	109.997246	109.997246	-0.328988	-0.610977
25.330273	109.997246	109.997246	-0.335708	-0.610977
25.339653	109.997246	109.997246	-0.339061	-0.614330
25.349033	109.997246	109.997246	-0.335708	-0.621051
25.358416	109.997246	109.997246	-0.325635	-0.624403
25.367796	109.997246	109.997246	-0.318915	-0.624403
25.377176	109.997246	109.997246	-0.315562	-0.627756
25.386557	109.997246	109.997246	-0.322267	-0.627756
25.395937	109.997246	109.997246	-0.332341	-0.624403
25.405319	109.997246	109.997246	-0.339061	-0.617683
25.414700	109.997246	109.997246	-0.342414	-0.614330
25.424080	109.997246	109.997246	-0.342414	-0.614330
25.433460	109.997246	109.997246	-0.342414	-0.617683
25.442842	109.997246	109.997246	-0.342414	-0.624403
25.452223	109.997246	109.997246	-0.339061	-0.631109
25.461603	109.997246	109.997246	-0.339061	-0.631109
25.470984	109.997246	109.997246	-0.339061	-0.624403
25.480366	109.997246	109.997246	-0.339061	-0.617683
25.489746	109.997246	109.997246	-0.342414	-0.610977
25.499126	109.997246	109.997246	-0.345767	-0.610977
25.508507	109.997246	109.997246	-0.345767	-0.621051
25.517887	109.997246	109.997246	-0.345767	-0.627756
25.527269	109.997246	109.997246	-0.345767	-0.627756
25.536650	109.997246	109.997246	-0.349134	-0.627756
25.546030	109.997246	109.997246	-0.359207	-0.631109
25.555410	109.997246	109.997246	-0.365913	-0.634477
25.564793	109.997246	109.997246	-0.369266	-0.641182
25.574173	109.997246	109.997246	-0.369266	-0.644535
25.583553	109.997246	109.997246	-0.365913	-0.647902
25.592934	109.997246	109.997246	-0.369266	-0.654608
25.602314	109.997246	109.997246	-0.379339	-0.657976
25.611696	109.997246	109.997246	-0.389412	-0.657976
25.621077	109.997246	109.997246	-0.399485	-0.654608
25.630457	109.997246	109.997246	-0.399485	-0.651255
25.639837	109.997246	109.997246	-0.399485	-0.647902
25.649220	109.997246	109.997246	-0.396132	-0.647902
25.658600	109.997246	109.997246	-0.389412	-0.651255
25.667980	109.997246	109.997246	-0.389412	-0.654608
25.677361	109.997246	109.997246	-0.389412	-0.657976
25.686741	109.997246	109.997246	-0.396132	-0.654608
25.696123	109.997246	109.997246	-0.399485	-0.654608
25.705503	109.997246	109.997246	-0.399485	-0.651255
25.714884	109.997246	109.997246	-0.399485	-0.651255
25.724264	109.997246	109.997246	-0.399485	-0.644535
25.733646	109.997246	109.997246	-0.402838	-0.644535
25.743027	109.997246	109.997246	-0.409558	-0.644535
25.752407	109.997246	109.997246	-0.412911	-0.647902
25.761787	109.997246	109.997246	-0.419632	-0.654608
25.771168	109.997246	109.997246	-0.422984	-0.654608
25.780550	109.997246	109.997246	-0.422984	-0.651255
25.789930	109.997246	109.997246	-0.416264	-0.644535
25.799311	109.997246	109.997246	-0.412911	-0.644535
25.808691	109.997246	109.997246	-0.412911	-0.651255
25.818073	109.997246	109.997246	-0.409558	-0.654608
25.827454	109.997246	109.997246	-0.409558	-0.661328
25.836834	109.997246	109.997246	-0.416264	-0.664681
25.846214	109.997246	109.997246	-0.419632	-0.664681
25.855597	109.997246	109.997246	-0.416264	-0.668034
25.864977	109.997246	109.997246	-0.409558	-0.668034
25.874357	109.997246	109.997246	-0.409558	-0.668034
25.883738	109.997246	109.997246	-0.409558	-0.668034
25.893118	109.997246	109.997246	-0.416264	-0.664681
25.902500	109.997246	109.997246	-0.426337	-0.664681
25.911880	109.997246	109.997246	-0.436410	-0.664681
25.921261	109.997246	109.997246	-0.443131	-0.664681
25.930641	109.997246	109.997246	-0.443131	-0.661328
25.940023	109.997246	109.997246	-0.439763	-0.664681
25.949404	109.997246	109.997246	-0.433058	-0.668034
25.958784	109.997246	109.997246	-0.422984	-0.668034
25.968164	109.997246	109.997246	-0.422984	-0.661328
25.977545	109.997246	109.997246	-0.429690	-0.657976
25.986927	109.997246	109.997246	-0.436410	-0.657976
25.996307	109.997246	109.997246	-0.443131	-0.651255
26.005688	109.997246	109.997246	-0.443131	-0.651255
26.015068	109.997246	109.997246	-0.446483	-0.651255
26.024450	109.997246	109.997246	-0.453189	-0.651255
26.033831	109.997246	109.997246	-0.456557	-0.647902
26.043211	109.997246	109.997246	-0.459909	-0.647902
26.052591	109.997246	109.997246	-0.459909	-0.644535
26.061972	109.997246	109.997246	-0.459909	-0.641182
26.071354	109.997246	109.997246	-0.459909	-0.647902
26.080734	109.997246	109.997246	-0.456557	-0.651255
26.090115	109.997246	109.997246	-0.449836	-0.647902
26.099495	109.997246	109.997246	-0.443131	-0.647902
26.108877	109.997246	109.997246	-0.433058	-0.647902
26.118258	109.997246	109.997246	-0.422984	-0.644535
26.127638	109.997246	109.997246	-0.419632	-0.641182
26.137018	109.997246	109.997246	-0.416264	-0.637829
26.146399	109.997246	109.997246	-0.419632	-0.634477
26.155781	109.997246	109.997246	-0.419632	-0.637829
26.165161	109.997246	109.997246	-0.419632	-0.644535
26.174541	109.997246	109.997246	-0.422984	-0.651255
26.183922	109.997246	109.997246	-0.422984	-0.654608
26.193304	109.997246	109.997246	-0.419632	-0.654608
26.202684	109.997246	109.997246	-0.419632	-0.651255
26.212065	109.997246	109.997246	-0.429690	-0.651255
26.221445	109.997246	109.997246	-0.443131	-0.647902
26.230827	109.997246	109.997246	-0.459909	-0.641182
26.240208	109.997246	109.997246	-0.469983	-0.631109
26.249588	109.997246	109.997246	-0.469983	-0.624403
26.258968	109.997246	109.997246	-0.463262	-0.621051
26.268349	109.997246	109.997246	-0.453189	-0.624403
26.277731	109.997246	109.997246	-0.446483	-0.637829
26.287111	109.997246	109.997246	-0.439763	-0.647902
26.296492	109.997246	109.997246	-0.436410	-0.651255
26.305872	109.997246	109.997246	-0.433058	-0.651255
26.315254	109.997246	109.997246	-0.439763	-0.657976
26.324635	109.997246	109.997246	-0.446483	-0.661328
26.334015	109.997246	109.997246	-0.456557	-0.668034
26.343395	109.997246	109.997246	-0.469983	-0.668034
26.352776	109.997246	109.997246	-0.480056	-0.664681
26.362158	109.997246	109.997246	-0.480056	-0.657976
26.371538	109.997246	109.997246	-0.473335	-0.647902
26.380919	109.997246	109.997246	-0.466630	-0.641182
26.390299	109.997246	109.997246	-0.463262	-0.631109
26.399681	109.997246	109.997246	-0.459909	-0.621051
26.409061	109.997246	109.997246	-0.456557	-0.610977
26.418442	109.997246	109.997246	-0.453189	-0.604257
26.427822	109.997246	109.997246	-0.449836	-0.600904
26.437202	109.997246	109.997246	-0.449836	-0.600904
26.446585	109.997246	109.997246	-0.446483	-0.604257
26.455965	109.997246	109.997246	-0.446483	-0.600904
26.465345	109.997246	109.997246	-0.449836	-0.597551
26.474726	109.997246	109.997246	-0.456557	-0.597551
26.484108	109.997246	109.997246	-0.463262	-0.597551
26.493488	109.997246	109.997246	-0.466630	-0.597551
26.502869	109.997246	109.997246	-0.463262	-0.587478
26.512249	109.997246	109.997246	-0.453189	-0.580758
26.521631	109.997246	109.997246	-0.443131	-0.580758
26.531012	109.997246	109.997246	-0.436410	-0.584111
26.540392	109.997246	109.997246	-0.439763	-0.587478
26.549772	109.997246	109.997246	-0.446483	-0.587478
26.559153	109.997246	109.997246	-0.449836	-0.587478
26.568535	109.997246	109.997246	-0.449836	-0.584111
26.577915	109.997246	109.997246	-0.456557	-0.584111
26.587296	109.997246	109.997246	-0.463262	-0.580758
26.596676	109.997246	109.997246	-0.466630	-0.577405
26.606058	109.997246	109.997246	-0.469983	-0.574052
26.615438	109.997246	109.997246	-0.469983	-0.574052
26.624819	109.997246	109.997246	-0.469983	-0.574052
26.634199	109.997246	109.997246	-0.469983	-0.574052
26.643579	109.997246	109.997246	-0.473335	-0.577405
26.652962	109.997246	109.997246	-0.476688	-0.577405
26.662342	109.997246	109.997246	-0.480056	-0.577405
26.671722	109.997246	109.997246	-0.483409	-0.574052
26.681103	109.997246	109.997246	-0.486761	-0.570685
26.690485	109.997246	109.997246	-0.493482	-0.574052
26.699865	109.997246	109.997246	-0.496835	-0.580758
26.709246	109.997246	109.997246	-0.500187	-0.590831
26.718626	109.997246	109.997246	-0.506908	-0.597551
26.728006	109.997246	109.997246	-0.510260	-0.597551
26.737389	109.997246	109.997246	-0.510260	-0.594184
26.746769	109.997246	109.997246	-0.506908	-0.587478
26.756149	109.997246	109.997246	-0.503555	-0.577405
26.765530	109.997246	109.997246	-0.503555	-0.570685
26.774912	109.997246	109.997246	-0.500187	-0.574052
26.784292	109.997246	109.997246	-0.496835	-0.580758
26.793673	109.997246	109.997246	-0.496835	-0.584111
26.803053	109.997246	109.997246	-0.496835	-0.587478
26.812433	109.997246	109.997246	-0.500187	-0.584111
26.821815	109.997246	109.997246	-0.503555	-0.577405
26.831196	109.997246	109.997246	-0.510260	-0.570685
26.840576	109.997246	109.997246	-0.516981	-0.567332
26.849957	109.997246	109.997246	-0.527054	-0.567332
26.859339	109.997246	109.997246	-0.533760	-0.567332
26.868719	109.997246	109.997246	-0.540480	-0.574052
26.878099	109.997246	109.997246	-0.550553	-0.584111
26.887480	109.997246	109.997246	-0.560611	-0.597551
26.896862	109.997246	109.997246	-0.563979	-0.604257
26.906242	109.997246	109.997246	-0.557259	-0.614330
26.915623	109.997246	109.997246	-0.543833	-0.614330
26.925003	109.997246	109.997246	-0.533760	-0.614330
26.934383	109.997246	109.997246	-0.530407	-0.610977
26.943766	109.997246	109.997246	-0.530407	-0.607610
26.953146	109.997246	109.997246	-0.527054	-0.607610
26.962526	109.997246	109.997246	-0.527054	-0.600904
26.971907	109.997246	109.997246	-0.533760	-0.600904
26.981289	109.997246	109.997246	-0.540480	-0.600904
26.990669	109.997246	109.997246	-0.553906	-0.607610
27.000050	109.997246	109.997246	-0.563979	-0.610977
27.009430	109.997246	109.997246	-0.570685	-0.617683
27.018810	109.997246	109.997246	-0.574052	-0.617683
27.028193	109.997246	109.997246	-0.567332	-0.617683
27.037573	109.997246	109.997246	-0.560611	-0.621051
27.046953	109.997246	109.997246	-0.560611	-0.631109
27.056334	109.997246	109.997246	-0.553906	-0.634477
27.065716	109.997246	109.997246	-0.547186	-0.637829
27.075096	109.997246	109.997246	-0.547186	-0.637829
27.084476	109.997246	109.997246	-0.547186	-0.634477
27.093857	109.997246	109.997246	-0.547186	-0.631109
27.103237	109.997246	109.997246	-0.550553	-0.627756
27.112619	109.997246	109.997246	-0.560611	-0.624403
27.122000	109.997246	109.997246	-0.577405	-0.627756
27.131380	109.997246	109.997246	-0.587478	-0.627756
27.140760	109.997246	109.997246	-0.594184	-0.624403
27.150143	109.997246	109.997246	-0.597551	-0.621051
27.159523	109.997246	109.997246	-0.597551	-0.621051
27.168903	109.997246	109.997246	-0.590831	-0.624403
27.178284	109.997246	109.997246	-0.580758	-0.631109
27.187664	109.997246	109.997246	-0.574052	-0.634477
27.197046	109.997246	109.997246	-0.574052	-0.631109
27.206427	109.997246	109.997246	-0.570685	-0.631109
27.215807	109.997246	109.997246	-0.567332	-0.627756
27.225187	109.997246	109.997246	-0.563979	-0.627756
27.234570	109.997246	109.997246	-0.567332	-0.627756
27.243950	109.997246	109.997246	-0.574052	-0.624403
27.253330	109.997246	109.997246	-0.577405	-0.617683
27.262711	109.997246	109.997246	-0.580758	-0.607610
27.272093	109.997246	109.997246	-0.580758	-0.604257
27.281473	109.997246	109.997246	-0.577405	-0.604257
27.290854	109.997246	109.997246	-0.577405	-0.600904
27.300234	109.997246	109.997246	-0.584111	-0.604257
27.309614	109.997246	109.997246	-0.587478	-0.607610
27.318996	109.997246	109.997246	-0.590831	-0.610977
27.328377	109.997246	109.997246	-0.587478	-0.614330
27.337757	109.997246	109.997246	-0.580758	-0.617683
27.347137	109.997246	109.997246	-0.574052	-0.621051
27.356520	109.997246	109.997246	-0.557259	-0.621051
27.365900	109.997246	109.997246	-0.547186	-0.617683
27.375280	109.997246	109.997246	-0.547186	-0.607610
27.384661	109.997246	109.997246	-0.550553	-0.597551
27.394041	109.997246	109.997246	-0.550553	-0.590831
27.403423	109.997246	109.997246	-0.547186	-0.580758
27.412804	109.997246	109.997246	-0.547186	-0.574052
27.422184	109.997246	109.997246	-0.550553	-0.574052
27.431564	109.997246	109.997246	-0.553906	-0.574052
27.440947	109.997246	109.997246	-0.557259	-0.580758
27.450327	109.997246	109.997246	-0.567332	-0.590831
27.459707	109.997246	109.997246	-0.577405	-0.597551
27.469088	109.997246	109.997246	-0.580758	-0.604257
27.478468	109.997246	109.997246	-0.577405	-0.607610
27.487850	109.997246	109.997246	-0.574052	-0.600904
27.497231	109.997246	109.997246	-0.567332	-0.597551
27.506611	109.997246	109.997246	-0.560611	-0.590831
27.515991	109.997246	109.997246	-0.560611	-0.587478
27.525373	109.997246	109.997246	-0.560611	-0.577405
27.534754	109.997246	109.997246	-0.560611	-0.577405
27.544134	109.997246	109.997246	-0.560611	-0.577405
27.553514	109.997246	109.997246	-0.560611	-0.580758
27.562895	109.997246	109.997246	-0.563979	-0.584111
27.572277	109.997246	109.997246	-0.563979	-0.587478
27.581657	109.997246	109.997246	-0.563979	-0.587478
27.591038	109.997246	109.997246	-0.563979	-0.590831
27.600418	109.997246	109.997246	-0.563979	-0.590831
27.609800	109.997246	109.997246	-0.563979	-0.587478
27.619181	109.997246	109.997246	-0.560611	-0.577405
27.628561	109.997246	109.997246	-0.557259	-0.570685
27.637941	109.997246	109.997246	-0.550553	-0.567332
27.647324	109.997246	109.997246	-0.543833	-0.563979
27.656704	109.997246	109.997246	-0.533760	-0.553906
27.666084	109.997246	109.997246	-0.520334	-0.547186
27.675465	109.997246	109.997246	-0.513628	-0.543833
27.684845	109.997246	109.997246	-0.510260	-0.543833
27.694227	109.997246	109.997246	-0.520334	-0.543833
27.703608	109.997246	109.997246	-0.537112	-0.543833
27.712988	109.997246	109.997246	-0.550553	-0.543833
27.722368	109.997246	109.997246	-0.553906	-0.540480
27.731750	109.997246	109.997246	-0.550553	-0.537112
27.741131	109.997246	109.997246	-0.550553	-0.543833
27.750511	109.997246	109.997246	-0.553906	-0.553906
27.759892	109.997246	109.997246	-0.547186	-0.560611
27.769272	109.997246	109.997246	-0.537112	-0.563979
27.778654	109.997246	109.997246	-0.527054	-0.560611
27.788034	109.997246	109.997246	-0.520334	-0.547186
27.797415	109.997246	109.997246	-0.527054	-0.530407
27.806795	109.997246	109.997246	-0.537112	-0.516981
27.816177	109.997246	109.997246	-0.540480	-0.506908
27.825558	109.997246	109.997246	-0.543833	-0.496835
27.834938	109.997246	109.997246	-0.547186	-0.486761
27.844318	109.997246	109.997246	-0.543833	-0.476688
27.853699	109.997246	109.997246	-0.543833	-0.469983
27.863081	109.997246	109.997246	-0.540480	-0.469983
27.872461	109.997246	109.997246	-0.543833	-0.476688
27.881842	109.997246	109.997246	-0.550553	-0.490129
27.891222	109.997246	109.997246	-0.553906	-0.506908
27.900604	109.997246	109.997246	-0.557259	-0.520334
27.909985	109.997246	109.997246	-0.560611	-0.520334
27.919365	109.997246	109.997246	-0.563979	-0.510260
27.928745	109.997246	109.997246	-0.560611	-0.496835
27.938128	109.997246	109.997246	-0.560611	-0.486761
27.947508	109.997246	109.997246	-0.560611	-0.480056
27.956888	109.997246	109.997246	-0.557259	-0.480056
27.966269	109.997246	109.997246	-0.553906	-0.480056
27.975649	109.997246	109.997246	-0.550553	-0.480056
27.985031	109.997246	109.997246	-0.550553	-0.480056
27.994411	109.997246	109.997246	-0.550553	-0.483409
28.003792	109.997246	109.997246	-0.550553	-0.490129
28.013172	109.997246	109.997246	-0.553906	-0.496835
28.022554	109.997246	109.997246	-0.553906	-0.503555
28.031935	109.997246	109.997246	-0.553906	-0.506908
28.041315	109.997246	109.997246	-0.547186	-0.510260
28.050695	109.997246	109.997246	-0.543833	-0.516981
28.060076	109.997246	109.997246	-0.547186	-0.520334
28.069458	109.997246	109.997246	-0.543833	-0.520334
28.078838	109.997246	109.997246	-0.543833	-0.516981
28.088219	109.997246	109.997246	-0.540480	-0.510260
28.097599	109.997246	109.997246	-0.543833	-0.510260
28.106981	109.997246	109.997246	-0.547186	-0.506908
28.116362	109.997246	109.997246	-0.547186	-0.500187
28.125742	109.997246	109.997246	-0.547186	-0.496835
28.135122	109.997246	109.997246	-0.543833	-0.493482
28.144503	109.997246	109.997246	-0.540480	-0.493482
28.153885	109.997246	109.997246	-0.537112	-0.493482
28.163265	109.997246	109.997246	-0.533760	-0.493482
28.172646	109.997246	109.997246	-0.533760	-0.493482
28.182026	109.997246	109.997246	-0.533760	-0.493482
28.191408	109.997246	109.997246	-0.537112	-0.500187
28.200788	109.997246	109.997246	-0.537112	-0.503555
28.210169	109.997246	109.997246	-0.533760	-0.500187
28.219549	109.997246	109.997246	-0.530407	-0.496835
28.228930	109.997246	109.997246	-0.520334	-0.486761
28.238312	109.997246	109.997246	-0.513628	-0.476688
28.247692	109.997246	109.997246	-0.510260	-0.466630
28.257072	109.997246	109.997246	-0.506908	-0.453189
28.266453	109.997246	109.997246	-0.500187	-0.446483
28.275835	109.997246	109.997246	-0.496835	-0.443131
28.285215	109.997246	109.997246	-0.496835	-0.443131
28.294596	109.997246	109.997246	-0.496835	-0.446483
28.303976	109.997246	109.997246	-0.500187	-0.446483
28.313358	109.997246	109.997246	-0.510260	-0.446483
28.322739	109.997246	109.997246	-0.516981	-0.446483
28.332119	109.997246	109.997246	-0.516981	-0.446483
28.341499	109.997246	109.997246	-0.513628	-0.449836
28.350880	109.997246	109.997246	-0.510260	-0.453189
28.360262	109.997246	109.997246	-0.506908	-0.453189
28.369642	109.997246	109.997246	-0.506908	-0.446483
28.379023	109.997246	109.997246	-0.503555	-0.439763
28.388403	109.997246	109.997246	-0.496835	-0.433058
28.397785	109.997246	109.997246	-0.486761	-0.429690
28.407166	109.997246	109.997246	-0.483409	-0.426337
28.416546	109.997246	109.997246	-0.483409	-0.422984
28.425926	109.997246	109.997246	-0.480056	-0.422984
28.435307	109.997246	109.997246	-0.473335	-0.422984
28.444689	109.997246	109.997246	-0.469983	-0.426337
28.454069	109.997246	109.997246	-0.463262	-0.426337
28.463449	109.997246	109.997246	-0.456557	-0.426337
28.472830	109.997246	109.997246	-0.449836	-0.416264
28.482212	109.997246	109.997246	-0.443131	-0.402838
28.491592	109.997246	109.997246	-0.436410	-0.392765
28.500973	109.997246	109.997246	-0.436410	-0.382707
28.510353	109.997246	109.997246	-0.443131	-0.372633
28.519733	109.997246	109.997246	-0.449836	-0.362560
28.529116	109.997246	109.997246	-0.449836	-0.355840
28.538496	109.997246	109.997246	-0.449836	-0.345767
28.547876	109.997246	109.997246	-0.449836	-0.339061
28.557257	109.997246	109.997246	-0.449836	-0.339061
28.566639	109.997246	109.997246	-0.446483	-0.335708
28.576019	109.997246	109.997246	-0.443131	-0.332341
28.585400	109.997246	109.997246	-0.439763	-0.328988
28.594780	109.997246	109.997246	-0.433058	-0.328988
28.604160	109.997246	109.997246	-0.426337	-0.325635
28.613543	109.997246	109.997246	-0.419632	-0.318915
28.622923	109.997246	109.997246	-0.412911	-0.312209
28.632303	109.997246	109.997246	-0.406206	-0.302136
28.641684	109.997246	109.997246	-0.402838	-0.288710
28.651066	109.997246	109.997246	-0.399485	-0.271916
28.660446	109.997246	109.997246	-0.399485	-0.255138
28.669827	109.997246	109.997246	-0.399485	-0.241712
28.679207	109.997246	109.997246	-0.396132	-0.234991
28.688589	109.997246	109.997246	-0.389412	-0.228286
28.697969	109.997246	109.997246	-0.386059	-0.224918
28.707350	109.997246	109.997246	-0.379339	-0.221565
28.716730	109.997246	109.997246	-0.369266	-0.211492
28.726110	109.997246	109.997246	-0.362560	-0.208139
28.735493	109.997246	109.997246	-0.355840	-0.208139
28.744873	109.997246	109.997246	-0.352487	-0.218213
28.754253	109.997246	109.997246	-0.345767	-0.224918
28.763634	109.997246	109.997246	-0.342414	-0.228286
28.773016	109.997246	109.997246	-0.339061	-0.221565
28.782396	109.997246	109.997246	-0.328988	-0.211492
28.791777	109.997246	109.997246	-0.322267	-0.191361
28.801157	109.997246	109.997246	-0.315562	-0.177920
28.810537	109.997246	109.997246	-0.308841	-0.164494
28.819920	109.997246	109.997246	-0.305489	-0.144362
28.829300	109.997246	109.997246	-0.302136	-0.127569
28.838680	109.997246	109.997246	-0.295416	-0.107422
28.848061	109.997246	109.997246	-0.292063	-0.090644
28.857443	109.997246	109.997246	-0.292063	-0.073865
28.866823	109.997246	109.997246	-0.288710	-0.053719
28.876204	109.997246	109.997246	-0.285342	-0.036940
28.885584	109.997246	109.997246	-0.281990	-0.023499
28.894964	109.997246	109.997246	-0.278637	-0.013441
28.904346	109.997246	109.997246	-0.278637	-0.006720
28.913727	109.997246	109.997246	-0.275284	-0.003368
28.923107	109.997246	109.997246	-0.271916	0.006706
28.932487	109.997246	109.997246	-0.265211	0.023484
28.941870	109.997246	109.997246	-0.251785	0.050351
28.951250	109.997246	109.997246	-0.241712	0.080556
28.960630	109.997246	109.997246	-0.231639	0.117481
28.970011	109.997246	109.997246	-0.221565	0.157773
28.979391	109.997246	109.997246	-0.214845	0.191346
28.988773	109.997246	109.997246	-0.208139	0.218198
28.998154	109.997246	109.997246	-0.201419	0.241697
29.007534	109.997246	109.997246	-0.191361	0.261828
29.016914	109.997246	109.997246	-0.181288	0.281975
29.026297	109.997246	109.997246	-0.171214	0.302121
29.035677	109.997246	109.997246	-0.157788	0.325620
29.045057	109.997246	109.997246	-0.147715	0.365898
29.054438	109.997246	109.997246	-0.134289	0.416249
29.063820	109.997246	109.997246	-0.114143	0.469968
29.073200	109.997246	109.997246	-0.090644	0.527039
29.082581	109.997246	109.997246	-0.063792	0.587463
29.091961	109.997246	109.997246	-0.036940	0.651240
29.101341	109.997246	109.997246	-0.006720	0.715017
29.110723	109.997246	109.997246	0.016779	0.785515
29.120104	109.997246	109.997246	0.033557	0.859380
29.129484	109.997246	109.997246	0.046983	0.939935
29.138865	109.997246	109.997246	0.063777	1.023859
29.148247	109.997246	109.997246	0.083923	1.117855
29.157627	109.997246	109.997246	0.100702	1.221925
29.167007	109.997246	109.997246	0.124201	1.339421
29.176388	109.997246	109.997246	0.151053	1.473695
29.185768	109.997246	109.997246	0.184625	1.628116
29.195150	109.997246	109.997246	0.218198	1.799315
29.204531	109.997246	109.997246	0.251770	1.994029
29.213911	109.997246	109.997246	0.288695	2.212226
29.223291	109.997246	109.997246	0.332326	2.460644
29.232674	109.997246	109.997246	0.379324	2.749339
29.242054	109.997246	109.997246	0.429690	3.081679
29.251434	109.997246	109.997246	0.476673	3.461003
29.260815	109.997246	109.997246	0.520319	3.897414
29.270195	109.997246	109.997246	0.570670	4.377455
29.279577	109.997246	109.997246	0.624388	4.884362
29.288958	109.997246	109.997246	0.684813	5.404681
29.298338	109.997246	109.997246	0.748590	5.901515
29.307718	109.997246	109.997246	0.815734	6.344631
29.317101	109.997246	109.997246	0.896305	6.683678
29.326481	109.997246	109.997246	0.983581	6.881743
29.335861	109.997246	109.997246	1.084283	6.905243
29.345242	109.997246	109.997246	1.201779	6.757543
29.354624	109.997246	109.997246	1.329347	6.452054
29.364004	109.997246	109.997246	1.466975	6.019011
29.373384	109.997246	109.997246	1.621395	5.505398
29.382765	109.997246	109.997246	1.795962	4.971638
29.392145	109.997246	109.997246	1.997381	4.437879
29.401527	109.997246	109.997246	2.229005	3.941059
29.410908	109.997246	109.997246	2.500921	3.487870
29.420288	109.997246	109.997246	2.819836	3.088385
29.429668	109.997246	109.997246	3.202528	2.745986
29.439051	109.997246	109.997246	3.662422	2.450571
29.448431	109.997246	109.997246	4.199534	2.192080
29.457811	109.997246	109.997246	4.810512	1.970530
29.467192	109.997246	109.997246	5.468473	1.779184
29.476572	109.997246	109.997246	6.136507	1.614690
29.485954	109.997246	109.997246	6.744117	1.470342
29.495335	109.997246	109.997246	7.220790	1.342773
29.504715	109.997246	109.997246	7.522926	1.225278
29.514095	109.997246	109.997246	7.610202	1.124576
29.523478	109.997246	109.997246	7.492706	1.033932
29.532858	109.997246	109.997246	7.187232	0.950009
29.542238	109.997246	109.997246	6.737396	0.872806
29.551619	109.997246	109.997246	6.203637	0.802308
29.560999	109.997246	109.997246	5.619526	0.745237
29.570381	109.997246	109.997246	5.035415	0.691518
29.579762	109.997246	109.997246	4.474804	0.641167
29.589142	109.997246	109.997246	3.957838	0.587463
29.598522	109.997246	109.997246	3.497943	0.533745
29.607904	109.997246	109.997246	3.098458	0.483394
29.617285	109.997246	109.997246	2.749339	0.433043
29.626665	109.997246	109.997246	2.453923	0.392750
29.636045	109.997246	109.997246	2.195433	0.352472
29.645426	109.997246	109.997246	1.973882	0.312194
29.654808	109.997246	109.997246	1.782537	0.275269
29.664188	109.997246	109.997246	1.607969	0.245050
29.673569	109.997246	109.997246	1.453549	0.218198
29.682949	109.997246	109.997246	1.315922	0.191346
29.692331	109.997246	109.997246	1.191705	0.171199
29.701712	109.997246	109.997246	1.080930	0.154406
29.711092	109.997246	109.997246	0.986934	0.137627
29.720472	109.997246	109.997246	0.899658	0.110775
29.729855	109.997246	109.997246	0.815734	0.087276
29.739235	109.997246	109.997246	0.738516	0.063777
29.748615	109.997246	109.997246	0.671387	0.043631
29.757996	109.997246	109.997246	0.604242	0.020131
29.767376	109.997246	109.997246	0.543818	-0.003368
29.776758	109.997246	109.997246	0.493467	-0.026867
29.786139	109.997246	109.997246	0.449821	-0.046998
29.795519	109.997246	109.997246	0.406191	-0.060439
29.804899	109.997246	109.997246	0.362545	-0.073865
29.814281	109.997246	109.997246	0.318900	-0.090644
29.823662	109.997246	109.997246	0.275269	-0.104070
29.833042	109.997246	109.997246	0.238329	-0.117496
29.842422	109.997246	109.997246	0.204772	-0.127569
29.851803	109.997246	109.997246	0.184625	-0.137642
29.861185	109.997246	109.997246	0.164479	-0.147715
29.870565	109.997246	109.997246	0.140980	-0.157788
29.879946	109.997246	109.997246	0.107422	-0.171214
29.889326	109.997246	109.997246	0.073850	-0.181288
29.898708	109.997246	109.997246	0.040278	-0.187993
29.908089	109.997246	109.997246	0.010058	-0.191361
29.917469	109.997246	109.997246	-0.010073	-0.194713
29.926849	109.997246	109.997246	-0.030220	-0.208139
29.936230	109.997246	109.997246	-0.050366	-0.224918
29.945612	109.997246	109.997246	-0.070497	-0.241712
29.954992	109.997246	109.997246	-0.090644	-0.245064
29.964373	109.997246	109.997246	-0.100717	-0.241712
29.973753	109.997246	109.997246	-0.107422	-0.238344
29.983135	109.997246	109.997246	-0.117496	-0.234991
29.992516	109.997246	109.997246	-0.134289	-0.238344
30.001896	109.997246	109.997246	-0.154421	-0.241712
30.011276	109.997246	109.997246	-0.174567	-0.245064
30.020657	109.997246	109.997246	-0.191361	-0.255138
30.030039	109.997246	109.997246	-0.201419	-0.265211
30.039419	109.997246	109.997246	-0.211492	-0.278637
30.048800	109.997246	109.997246	-0.224918	-0.295416
30.058180	109.997246	109.997246	-0.241712	-0.308841
30.067562	109.997246	109.997246	-0.258490	-0.322267
30.076942	109.997246	109.997246	-0.285342	-0.332341
30.086323	109.997246	109.997246	-0.308841	-0.339061
30.095703	109.997246	109.997246	-0.318915	-0.342414
30.105085	109.997246	109.997246	-0.318915	-0.349134
30.114466	109.997246	109.997246	-0.315562	-0.362560
30.123846	109.997246	109.997246	-0.315562	-0.379339
30.133226	109.997246	109.997246	-0.322267	-0.389412
30.142607	109.997246	109.997246	-0.332341	-0.396132
30.151989	109.997246	109.997246	-0.342414	-0.396132
30.161369	109.997246	109.997246	-0.349134	-0.402838
30.170750	109.997246	109.997246	-0.362560	-0.416264
30.180130	109.997246	109.997246	-0.375986	-0.426337
30.189512	109.997246	109.997246	-0.389412	-0.436410
30.198893	109.997246	109.997246	-0.399485	-0.439763
30.208273	109.997246	109.997246	-0.406206	-0.439763
30.217653	109.997246	109.997246	-0.412911	-0.443131
30.227034	109.997246	109.997246	-0.419632	-0.449836
30.236416	109.997246	109.997246	-0.429690	-0.459909
30.245796	109.997246	109.997246	-0.436410	-0.473335
30.255177	109.997246	109.997246	-0.443131	-0.483409
30.264557	109.997246	109.997246	-0.449836	-0.483409
30.273939	109.997246	109.997246	-0.456557	-0.480056
30.283319	109.997246	109.997246	-0.466630	-0.469983
30.292700	109.997246	109.997246	-0.473335	-0.466630
30.302080	109.997246	109.997246	-0.480056	-0.466630
30.311460	109.997246	109.997246	-0.483409	-0.473335
30.320843	109.997246	109.997246	-0.486761	-0.480056
30.330223	109.997246	109.997246	-0.493482	-0.483409
30.339603	109.997246	109.997246	-0.503555	-0.490129
30.348984	109.997246	109.997246	-0.503555	-0.500187
30.358366	109.997246	109.997246	-0.500187	-0.510260
30.367746	109.997246	109.997246	-0.500187	-0.523686
30.377127	109.997246	109.997246	-0.503555	-0.530407
30.386507	109.997246	109.997246	-0.506908	-0.530407
30.395887	109.997246	109.997246	-0.510260	-0.527054
30.405270	109.997246	109.997246	-0.513628	-0.520334
30.414650	109.997246	109.997246	-0.513628	-0.513628
30.424030	109.997246	109.997246	-0.516981	-0.510260
30.433411	109.997246	109.997246	-0.520334	-0.510260
30.442793	109.997246	109.997246	-0.523686	-0.513628
30.452173	109.997246	109.997246	-0.530407	-0.513628
30.461554	109.997246	109.997246	-0.540480	-0.510260
30.470934	109.997246	109.997246	-0.547186	-0.510260
30.480316	109.997246	109.997246	-0.553906	-0.520334
30.489697	109.997246	109.997246	-0.563979	-0.530407
30.499077	109.997246	109.997246	-0.574052	-0.537112
30.508457	109.997246	109.997246	-0.584111	-0.543833
30.517838	109.997246	109.997246	-0.590831	-0.553906
30.527220	109.997246	109.997246	-0.597551	-0.560611
30.536600	109.997246	109.997246	-0.604257	-0.574052
30.545980	109.997246	109.997246	-0.607610	-0.580758
30.555361	109.997246	109.997246	-0.607610	-0.584111
30.564743	109.997246	109.997246	-0.607610	-0.584111
30.574123	109.997246	109.997246	-0.610977	-0.587478
30.583504	109.997246	109.997246	-0.614330	-0.587478
30.592884	109.997246	109.997246	-0.617683	-0.584111
30.602264	109.997246	109.997246	-0.621051	-0.580758
30.611647	109.997246	109.997246	-0.631109	-0.570685
30.621027	109.997246	109.997246	-0.637829	-0.574052
30.630407	109.997246	109.997246	-0.644535	-0.580758
30.639788	109.997246	109.997246	-0.647902	-0.590831
30.649170	109.997246	109.997246	-0.644535	-0.597551
30.658550	109.997246	109.997246	-0.644535	-0.594184
30.667931	109.997246	109.997246	-0.644535	-0.594184
30.677311	109.997246	109.997246	-0.641182	-0.594184
30.686691	109.997246	109.997246	-0.637829	-0.597551
30.696074	109.997246	109.997246	-0.641182	-0.604257
30.705454	109.997246	109.997246	-0.644535	-0.610977
30.714834	109.997246	109.997246	-0.651255	-0.614330
30.724215	109.997246	109.997246	-0.647902	-0.614330
30.733597	109.997246	109.997246	-0.644535	-0.614330
30.742977	109.997246	109.997246	-0.641182	-0.614330
30.752357	109.997246	109.997246	-0.644535	-0.607610
30.761738	109.997246	109.997246	-0.651255	-0.604257
30.771120	109.997246	109.997246	-0.657976	-0.614330
30.780500	109.997246	109.997246	-0.664681	-0.627756
30.789881	109.997246	109.997246	-0.664681	-0.634477
30.799261	109.997246	109.997246	-0.664681	-0.637829
30.808641	109.997246	109.997246	-0.657976	-0.637829
30.818024	109.997246	109.997246	-0.654608	-0.637829
30.827404	109.997246	109.997246	-0.647902	-0.641182
30.836784	109.997246	109.997246	-0.641182	-0.644535
30.846165	109.997246	109.997246	-0.637829	-0.647902
30.855547	109.997246	109.997246	-0.637829	-0.644535
30.864927	109.997246	109.997246	-0.644535	-0.637829
30.874308	109.997246	109.997246	-0.654608	-0.634477
30.883688	109.997246	109.997246	-0.661328	-0.634477
30.893068	109.997246	109.997246	-0.668034	-0.637829
30.902451	109.997246	109.997246	-0.671402	-0.637829
30.911831	109.997246	109.997246	-0.671402	-0.641182
30.921211	109.997246	109.997246	-0.668034	-0.647902
30.930592	109.997246	109.997246	-0.664681	-0.657976
30.939974	109.997246	109.997246	-0.657976	-0.664681
30.949354	109.997246	109.997246	-0.654608	-0.671402
30.958735	109.997246	109.997246	-0.651255	-0.674754
30.968115	109.997246	109.997246	-0.651255	-0.678107
30.977495	109.997246	109.997246	-0.657976	-0.678107
30.986877	109.997246	109.997246	-0.661328	-0.681475
30.996258	109.997246	109.997246	-0.671402	-0.678107
31.005638	109.997246	109.997246	-0.674754	-0.674754
31.015018	109.997246	109.997246	-0.674754	-0.671402
31.024401	109.997246	109.997246	-0.671402	-0.668034
31.033781	109.997246	109.997246	-0.664681	-0.661328
31.043161	109.997246	109.997246	-0.664681	-0.657976
31.052542	109.997246	109.997246	-0.668034	-0.657976
31.061922	109.997246	109.997246	-0.671402	-0.664681
31.071304	109.997246	109.997246	-0.674754	-0.674754
31.080685	109.997246	109.997246	-0.678107	-0.688180
31.090065	109.997246	109.997246	-0.678107	-0.698254
31.099445	109.997246	109.997246	-0.674754	-0.704974
31.108828	109.997246	109.997246	-0.671402	-0.708327
31.118208	109.997246	109.997246	-0.668034	-0.711679
31.127588	109.997246	109.997246	-0.664681	-0.711679
31.136969	109.997246	109.997246	-0.664681	-0.715032
31.146351	109.997246	109.997246	-0.668034	-0.718400
31.155731	109.997246	109.997246	-0.671402	-0.721753
31.165112	109.997246	109.997246	-0.674754	-0.715032
31.174492	109.997246	109.997246	-0.678107	-0.708327
31.183872	109.997246	109.997246	-0.681475	-0.701606
31.193254	109.997246	109.997246	-0.684828	-0.698254
31.202635	109.997246	109.997246	-0.691533	-0.691533
31.212015	109.997246	109.997246	-0.691533	-0.691533
31.221395	109.997246	109.997246	-0.694901	-0.694901
31.230778	109.997246	109.997246	-0.698254	-0.698254
31.240158	109.997246	109.997246	-0.701606	-0.704974
31.249538	109.997246	109.997246	-0.704974	-0.708327
31.258919	109.997246	109.997246	-0.708327	-0.715032
31.268299	109.997246	109.997246	-0.715032	-0.718400
31.277681	109.997246	109.997246	-0.721753	-0.721753
31.287062	109.997246	109.997246	-0.725105	-0.721753
31.296442	109.997246	109.997246	-0.721753	-0.718400
31.305822	109.997246	109.997246	-0.718400	-0.715032
31.315205	109.997246	109.997246	-0.715032	-0.715032
31.324585	109.997246	109.997246	-0.715032	-0.711679
31.333965	109.997246	109.997246	-0.718400	-0.711679
31.343346	109.997246	109.997246	-0.725105	-0.708327
31.352726	109.997246	109.997246	-0.735179	-0.708327
31.362108	109.997246	109.997246	-0.738531	-0.711679
31.371489	109.997246	109.997246	-0.738531	-0.715032
31.380869	109.997246	109.997246	-0.741899	-0.718400
31.390249	109.997246	109.997246	-0.751957	-0.725105
31.399632	109.997246	109.997246	-0.762030	-0.728473
31.409012	109.997246	109.997246	-0.768751	-0.731826
31.418392	109.997246	109.997246	-0.768751	-0.735179
31.427773	109.997246	109.997246	-0.762030	-0.738531
31.437153	109.997246	109.997246	-0.755325	-0.731826
31.446535	109.997246	109.997246	-0.751957	-0.725105
31.455915	109.997246	109.997246	-0.745252	-0.728473
31.465296	109.997246	109.997246	-0.741899	-0.735179
31.474676	109.997246	109.997246	-0.741899	-0.745252
31.484058	109.997246	109.997246	-0.741899	-0.758678
31.493439	109.997246	109.997246	-0.748605	-0.765398
31.502819	109.997246	109.997246	-0.755325	-0.762030
31.512199	109.997246	109.997246	-0.765398	-0.762030
31.521582	109.997246	109.997246	-0.775456	-0.762030
31.530962	109.997246	109.997246	-0.785530	-0.765398
31.540342	109.997246	109.997246	-0.785530	-0.772104
31.549723	109.997246	109.997246	-0.785530	-0.778824
31.559103	109.997246	109.997246	-0.782177	-0.782177
31.568485	109.997246	109.997246	-0.782177	-0.785530
31.577866	109.997246	109.997246	-0.778824	-0.785530
31.587246	109.997246	109.997246	-0.778824	-0.788897
31.596626	109.997246	109.997246	-0.775456	-0.788897
31.606009	109.997246	109.997246	-0.772104	-0.785530
31.615389	109.997246	109.997246	-0.772104	-0.785530
31.624769	109.997246	109.997246	-0.775456	-0.778824
31.634150	109.997246	109.997246	-0.785530	-0.772104
31.643530	109.997246	109.997246	-0.792250	-0.762030
31.652912	109.997246	109.997246	-0.798956	-0.755325
31.662292	109.997246	109.997246	-0.802323	-0.758678
31.671673	109.997246	109.997246	-0.805676	-0.762030
31.681053	109.997246	109.997246	-0.805676	-0.765398
31.690435	109.997246	109.997246	-0.798956	-0.772104
31.699816	109.997246	109.997246	-0.792250	-0.778824
31.709196	109.997246	109.997246	-0.792250	-0.785530
31.718576	109.997246	109.997246	-0.792250	-0.792250
31.727957	109.997246	109.997246	-0.788897	-0.795603
31.737339	109.997246	109.997246	-0.782177	-0.795603
31.746719	109.997246	109.997246	-0.782177	-0.795603
31.756100	109.997246	109.997246	-0.792250	-0.798956
31.765480	109.997246	109.997246	-0.802323	-0.798956
31.774862	109.997246	109.997246	-0.812396	-0.802323
31.784243	109.997246	109.997246	-0.819102	-0.805676
31.793623	109.997246	109.997246	-0.819102	-0.805676
31.803003	109.997246	109.997246	-0.825822	-0.805676
31.812384	109.997246	109.997246	-0.829175	-0.805676
31.821766	109.997246	109.997246	-0.832528	-0.805676
31.831146	109.997246	109.997246	-0.825822	-0.805676
31.840527	109.997246	109.997246	-0.812396	-0.805676
31.849907	109.997246	109.997246	-0.798956	-0.802323
31.859289	109.997246	109.997246	-0.795603	-0.798956
31.868670	109.997246	109.997246	-0.795603	-0.792250
31.878050	109.997246	109.997246	-0.795603	-0.782177
31.887430	109.997246	109.997246	-0.792250	-0.778824
31.896812	109.997246	109.997246	-0.788897	-0.775456
31.906193	109.997246	109.997246	-0.785530	-0.782177
31.915573	109.997246	109.997246	-0.788897	-0.792250
31.924953	109.997246	109.997246	-0.798956	-0.805676
31.934334	109.997246	109.997246	-0.809029	-0.809029
31.943716	109.997246	109.997246	-0.815749	-0.809029
31.953096	109.997246	109.997246	-0.819102	-0.812396
31.962477	109.997246	109.997246	-0.819102	-0.819102
31.971857	109.997246	109.997246	-0.812396	-0.815749
31.981239	109.997246	109.997246	-0.812396	-0.812396
31.990620	109.997246	109.997246	-0.812396	-0.812396
