22.510115	0.040233	0.080526	-0.070512	-0.151098
22.549194	0.040233	0.080526	-0.080585	-0.151098
22.588276	0.040233	0.090599	-0.080585	-0.151098
22.627357	0.040233	0.090599	-0.080585	-0.151098
22.666439	0.040233	0.090599	-0.080585	-0.151098
22.705521	0.040233	0.090599	-0.080585	-0.151098
22.744602	0.030160	0.090599	-0.080585	-0.141025
22.783682	0.030160	0.090599	-0.080585	-0.130951
22.822763	0.030160	0.090599	-0.080585	-0.130951
22.861845	0.030160	0.100672	-0.090659	-0.130951
22.900927	0.030160	0.100672	-0.080585	-0.130951
22.940008	0.030160	0.100672	-0.080585	-0.130951
22.979090	0.030160	0.100672	-0.080585	-0.130951
23.018169	0.040233	0.110745	-0.090659	-0.130951
23.057251	0.040233	0.110745	-0.090659	-0.141025
23.096333	0.050306	0.120819	-0.090659	-0.141025
23.135414	0.050306	0.130892	-0.090659	-0.141025
23.174496	0.050306	0.130892	-0.100732	-0.151098
23.213577	0.050306	0.140965	-0.110805	-0.161171
23.252657	0.060380	0.140965	-0.110805	-0.161171
23.291739	0.060380	0.151038	-0.100732	-0.161171
23.330820	0.060380	0.151038	-0.100732	-0.161171
23.369902	0.070453	0.151038	-0.100732	-0.161171
23.408983	0.070453	0.161111	-0.090659	-0.161171
23.448065	0.070453	0.161111	-0.090659	-0.161171
23.487144	0.070453	0.161111	-0.080585	-0.171244
23.526226	0.070453	0.161111	-0.070512	-0.171244
23.565308	0.070453	0.161111	-0.080585	-0.181317
23.604389	0.070453	0.161111	-0.080585	-0.181317
23.643471	0.080526	0.171185	-0.090659	-0.181317
23.682550	0.080526	0.181258	-0.090659	-0.181317
23.721632	0.090599	0.191331	-0.090659	-0.181317
23.760714	0.090599	0.201404	-0.100732	-0.191391
23.799795	0.090599	0.211477	-0.110805	-0.191391
23.838877	0.090599	0.211477	-0.120878	-0.191391
23.877958	0.100672	0.211477	-0.120878	-0.201464
23.917038	0.100672	0.221550	-0.120878	-0.201464
23.956120	0.100672	0.221550	-0.110805	-0.201464
23.995201	0.100672	0.231624	-0.110805	-0.201464
24.034283	0.110745	0.241697	-0.110805	-0.201464
24.073364	0.110745	0.241697	-0.110805	-0.211537
24.112446	0.110745	0.241697	-0.110805	-0.211537
24.151525	0.110745	0.251770	-0.120878	-0.211537
24.190607	0.110745	0.251770	-0.130951	-0.211537
24.229689	0.120819	0.271857	-0.120878	-0.211537
24.268770	0.120819	0.281930	-0.120878	-0.211537
24.307852	0.130892	0.302076	-0.120878	-0.221610
24.346933	0.130892	0.322223	-0.120878	-0.211537
24.386013	0.151038	0.332296	-0.120878	-0.211537
24.425095	0.161111	0.352442	-0.120878	-0.211537
24.464176	0.161111	0.362515	-0.120878	-0.211537
24.503258	0.161111	0.382662	-0.130951	-0.211537
24.542339	0.171185	0.392735	-0.130951	-0.221610
24.581421	0.171185	0.412881	-0.130951	-0.221610
24.620501	0.171185	0.422955	-0.120878	-0.231683
24.659582	0.171185	0.443101	-0.120878	-0.241756
24.698664	0.171185	0.463247	-0.130951	-0.251830
24.737745	0.181258	0.483394	-0.141025	-0.251830
24.776827	0.181258	0.503540	-0.141025	-0.251830
24.815907	0.181258	0.533700	-0.151098	-0.261843
24.854988	0.181258	0.563920	-0.151098	-0.261843
24.894070	0.191331	0.594139	-0.151098	-0.271916
24.933151	0.201404	0.624359	-0.151098	-0.271916
24.972233	0.201404	0.664651	-0.151098	-0.281990
25.011314	0.211477	0.704944	-0.151098	-0.292063
25.050394	0.221550	0.745237	-0.161171	-0.302136
25.089476	0.221550	0.795543	-0.161171	-0.312209
25.128557	0.231624	0.845909	-0.161171	-0.322282
25.167639	0.241697	0.906348	-0.151098	-0.332355
25.206720	0.251770	0.966787	-0.161171	-0.352502
25.245802	0.251770	1.037240	-0.161171	-0.362575
25.284882	0.261784	1.117826	-0.161171	-0.372648
25.323963	0.271857	1.198411	-0.171244	-0.392795
25.363045	0.281930	1.299083	-0.171244	-0.402868
25.402126	0.292003	1.419961	-0.171244	-0.423014
25.441208	0.302076	1.571000	-0.171244	-0.433087
25.480289	0.322223	1.752317	-0.181317	-0.453234
25.519369	0.332296	1.973867	-0.181317	-0.483453
25.558451	0.352442	2.255857	-0.191391	-0.513673
25.597532	0.372589	2.598226	-0.201464	-0.563979
25.636614	0.392735	3.041387	-0.211537	-0.614345
25.675695	0.402808	3.595293	-0.211537	-0.694931
25.714777	0.422955	4.290164	-0.221610	-0.805676
25.753857	0.453174	5.176365	-0.221610	-0.956774
25.792938	0.473320	6.264031	-0.221610	-1.178324
25.832020	0.493467	7.573247	-0.231683	-1.490533
25.871101	0.503540	9.093941	-0.231683	-1.903415
25.910183	0.523627	10.755658	-0.241756	-2.437174
25.949263	0.543773	12.367010	-0.241756	-3.071666
25.988344	0.563920	13.666094	-0.241756	-3.756464
26.027426	0.584066	14.280438	-0.241756	-4.400969
26.066507	0.614285	13.917923	-0.241756	-4.884422
26.105589	0.654578	12.548267	-0.251830	-5.156279
26.144670	0.694871	10.393084	-0.261843	-5.226791
26.183750	0.735164	7.804871	-0.281990	-5.146265
26.222832	0.785470	5.005181	-0.292063	-4.934728
26.261913	0.835836	2.094686	-0.312209	-4.541993
26.300995	0.886202	-0.795603	-0.322282	-3.937721
26.340076	0.946641	-3.514767	-0.322282	-3.142118
26.379158	1.007080	-5.710185	-0.332355	-2.245843
26.418238	1.067460	-6.999254	-0.332355	-1.440167
26.457319	1.148045	-7.180572	-0.352502	-0.886261
26.496401	1.228631	-6.364822	-0.372648	-0.644565
26.535482	1.329303	-5.065680	-0.392795	-0.634491
26.574564	1.450181	-3.806829	-0.412941	-0.664711
26.613646	1.601219	-2.819896	-0.423014	-0.664711
26.652725	1.782537	-2.114892	-0.433087	-0.644565
26.691807	1.994014	-1.581132	-0.433087	-0.634491
26.730888	2.255857	-1.097739	-0.433087	-0.614345
26.769970	2.578139	-0.805676	-0.433087	-0.604272
26.809052	2.980947	-0.584126	-0.423014	-0.584126
26.848133	3.504634	-0.423014	-0.412941	-0.553906
26.887213	4.189432	-0.312209	-0.402868	-0.523686
26.926294	5.105913	-0.231683	-0.362575	-0.493526
26.965376	6.354690	-0.161171	-0.281990	-0.463307
27.004457	8.046568	-0.120878	-0.110805	-0.443161
27.043539	10.090947	-0.080585	0.130892	-0.423014
27.082619	12.195766	-0.050366	0.342369	-0.402868
27.121700	13.917923	-0.030220	0.382662	-0.392795
27.160782	14.884710	0.000000	0.140965	-0.372648
27.199863	15.005529	0.010014	-0.362575	-0.362575
27.238945	14.340878	0.030160	-1.017213	-0.352502
27.278027	13.041735	0.050306	-1.742303	-0.342429
27.317106	11.168539	0.060380	-2.477467	-0.332355
27.356188	8.701205	0.080526	-3.202558	-0.322282
27.395269	5.649745	0.090599	-3.907502	-0.322282
27.434351	2.185345	0.100672	-4.552066	-0.312209
27.473433	-1.158178	0.110745	-4.944801	-0.302136
27.512514	-3.746390	0.110745	-4.944801	-0.292063
27.551594	-5.287230	0.110745	-4.582286	-0.281990
27.590675	-5.820990	0.110745	-3.978014	-0.271916
27.629757	-5.629659	0.110745	-3.303289	-0.261843
27.668839	-5.035460	0.110745	-2.668798	-0.251830
27.707920	-4.270077	0.110745	-2.145112	-0.241756
27.747002	-3.494620	0.110745	-1.732230	-0.231683
27.786081	-2.769530	0.110745	-1.409948	-0.231683
27.825163	-2.145112	0.110745	-1.178324	-0.231683
27.864244	-1.631498	0.100672	-1.007140	-0.221610
27.903326	-1.228690	0.100672	-0.876188	-0.221610
27.942408	-0.916481	0.090599	-0.765443	-0.221610
27.981489	-0.684857	0.080526	-0.684857	-0.221610
28.020569	-0.503600	0.080526	-0.624418	-0.211537
28.059650	-0.362575	0.080526	-0.574052	-0.211537
28.098732	-0.251830	0.070453	-0.533760	-0.201464
28.137814	-0.181317	0.070453	-0.503600	-0.191391
28.176895	-0.120878	0.070453	-0.473380	-0.181317
28.215975	-0.070512	0.070453	-0.443161	-0.171244
28.255056	-0.040293	0.070453	-0.412941	-0.161171
28.294138	-0.010073	0.070453	-0.392795	-0.151098
28.333220	0.010014	0.060380	-0.372648	-0.141025
28.372301	0.030160	0.060380	-0.342429	-0.130951
28.411383	0.040233	0.060380	-0.322282	-0.130951
28.450462	0.050306	0.050306	-0.312209	-0.130951
28.489544	0.060380	0.050306	-0.292063	-0.130951
28.528625	0.060380	0.050306	-0.281990	-0.130951
28.567707	0.080526	0.050306	-0.271916	-0.130951
28.606789	0.090599	0.060380	-0.261843	-0.130951
28.645870	0.090599	0.060380	-0.251830	-0.141025
28.684950	0.100672	0.060380	-0.251830	-0.141025
28.724031	0.100672	0.060380	-0.251830	-0.151098
28.763113	0.100672	0.060380	-0.241756	-0.151098
28.802195	0.100672	0.060380	-0.231683	-0.151098
28.841276	0.110745	0.060380	-0.211537	-0.161171
28.880358	0.110745	0.050306	-0.201464	-0.151098
28.919437	0.110745	0.050306	-0.201464	-0.151098
28.958519	0.100672	0.050306	-0.201464	-0.141025
28.997601	0.100672	0.050306	-0.211537	-0.141025
29.036682	0.090599	0.050306	-0.221610	-0.141025
29.075764	0.090599	0.040233	-0.231683	-0.141025
29.114845	0.080526	0.040233	-0.231683	-0.130951
29.153925	0.080526	0.040233	-0.221610	-0.120878
29.193007	0.070453	0.040233	-0.221610	-0.120878
29.232088	0.070453	0.040233	-0.211537	-0.110805
29.271170	0.070453	0.030160	-0.201464	-0.110805
29.310251	0.060380	0.030160	-0.191391	-0.110805
29.349333	0.050306	0.040233	-0.181317	-0.110805
29.388412	0.050306	0.040233	-0.181317	-0.110805
29.427494	0.050306	0.040233	-0.181317	-0.100732
29.466576	0.050306	0.040233	-0.181317	-0.100732
29.505657	0.050306	0.040233	-0.171244	-0.110805
29.544739	0.040233	0.040233	-0.171244	-0.110805
29.583818	0.040233	0.040233	-0.161171	-0.110805
29.622900	0.040233	0.040233	-0.151098	-0.110805
29.661982	0.040233	0.030160	-0.141025	-0.110805
29.701063	0.040233	0.020087	-0.130951	-0.100732
29.740145	0.040233	0.010014	-0.141025	-0.100732
29.779226	0.040233	0.000000	-0.141025	-0.090659
29.818306	0.040233	0.000000	-0.130951	-0.080585
29.857388	0.040233	0.000000	-0.120878	-0.080585
29.896469	0.030160	0.000000	-0.110805	-0.080585
29.935551	0.030160	0.000000	-0.100732	-0.080585
29.974632	0.030160	0.000000	-0.090659	-0.080585
30.013714	0.020087	0.000000	-0.090659	-0.080585
30.052794	0.030160	0.000000	-0.110805	-0.080585
30.091875	0.030160	0.000000	-0.120878	-0.080585
30.130957	0.030160	-0.010073	-0.130951	-0.080585
30.170038	0.020087	-0.010073	-0.141025	-0.080585
30.209120	0.010014	-0.010073	-0.141025	-0.070512
30.248201	0.010014	-0.010073	-0.130951	-0.070512
30.287281	0.020087	-0.020146	-0.130951	-0.070512
30.326363	0.020087	-0.020146	-0.141025	-0.080585
30.365444	0.020087	-0.020146	-0.141025	-0.080585
30.404526	0.030160	-0.020146	-0.141025	-0.080585
30.443607	0.030160	-0.010073	-0.141025	-0.080585
30.482689	0.030160	-0.010073	-0.130951	-0.080585
30.521769	0.020087	-0.010073	-0.130951	-0.080585
30.560850	0.020087	-0.010073	-0.130951	-0.080585
30.599932	0.020087	-0.010073	-0.130951	-0.080585
30.639013	0.020087	-0.010073	-0.120878	-0.090659
30.678095	0.020087	-0.010073	-0.110805	-0.090659
30.717175	0.010014	-0.010073	-0.100732	-0.100732
30.756256	0.010014	-0.020146	-0.100732	-0.100732
30.795338	0.010014	-0.020146	-0.090659	-0.090659
30.834419	0.010014	-0.030220	-0.090659	-0.080585
30.873501	0.010014	-0.030220	-0.100732	-0.080585
30.912582	0.010014	-0.020146	-0.100732	-0.070512
30.951662	0.010014	-0.020146	-0.090659	-0.070512
30.990744	0.010014	-0.020146	-0.090659	-0.070512
31.029825	0.010014	-0.030220	-0.080585	-0.070512
31.068907	-0.010073	-0.030220	-0.080585	-0.070512
31.107988	-0.010073	-0.030220	-0.090659	-0.070512
31.147070	-0.010073	-0.030220	-0.100732	-0.070512
31.186150	-0.010073	-0.030220	-0.110805	-0.070512
31.225231	-0.010073	-0.030220	-0.120878	-0.070512
31.264313	-0.010073	-0.030220	-0.120878	-0.070512
31.303394	-0.010073	-0.030220	-0.110805	-0.070512
31.342476	-0.010073	-0.040293	-0.100732	-0.070512
31.381557	-0.010073	-0.040293	-0.090659	-0.070512
31.420637	-0.010073	-0.050366	-0.080585	-0.060439
31.459719	-0.010073	-0.050366	-0.080585	-0.060439
31.498800	0.000000	-0.040293	-0.070512	-0.050366
31.537882	0.000000	-0.030220	-0.070512	-0.050366
31.576963	0.000000	-0.030220	-0.070512	-0.060439
31.616045	0.010014	-0.030220	-0.070512	-0.060439
31.655125	0.000000	-0.020146	-0.070512	-0.060439
31.694206	0.000000	-0.020146	-0.060439	-0.050366
31.733288	-0.010073	-0.020146	-0.060439	-0.040293
31.772369	-0.020146	-0.020146	-0.060439	-0.030220
31.811451	-0.020146	-0.020146	-0.070512	-0.030220
31.850531	-0.020146	-0.030220	-0.070512	-0.030220
31.889612	-0.010073	-0.030220	-0.070512	-0.040293
31.928694	-0.010073	-0.040293	-0.080585	-0.040293
31.967775	-0.010073	-0.050366	-0.080585	-0.040293
32.006855	-0.020146	-0.050366	-0.080585	-0.040293
32.045937	-0.020146	-0.050366	-0.080585	-0.040293
32.085018	-0.020146	-0.050366	-0.080585	-0.040293
32.124100	-0.030220	-0.050366	-0.080585	-0.030220
32.163181	-0.040293	-0.050366	-0.080585	-0.030220
32.202263	-0.040293	-0.050366	-0.080585	-0.030220
32.241344	-0.040293	-0.050366	-0.070512	-0.030220
32.280426	-0.040293	-0.060439	-0.070512	-0.020146
32.319508	-0.040293	-0.060439	-0.080585	-0.020146
32.358589	-0.040293	-0.060439	-0.080585	-0.010073
32.397671	-0.040293	-0.050366	-0.090659	-0.010073
32.436749	-0.030220	-0.050366	-0.090659	-0.010073
32.475830	-0.040293	-0.050366	-0.090659	-0.020146
32.514912	-0.040293	-0.040293	-0.090659	-0.020146
32.553993	-0.040293	-0.040293	-0.090659	-0.020146
32.593075	-0.040293	-0.050366	-0.090659	-0.020146
32.632156	-0.040293	-0.050366	-0.080585	-0.030220
32.671238	-0.040293	-0.050366	-0.080585	-0.030220
32.710320	-0.040293	-0.040293	-0.070512	-0.030220
32.749401	-0.040293	-0.040293	-0.070512	-0.030220
32.788483	-0.040293	-0.040293	-0.070512	-0.030220
32.827564	-0.040293	-0.040293	-0.070512	-0.030220
32.866642	-0.040293	-0.040293	-0.060439	-0.030220
32.905724	-0.040293	-0.040293	-0.060439	-0.030220
32.944805	-0.040293	-0.040293	-0.050366	-0.030220
32.983887	-0.040293	-0.040293	-0.050366	-0.040293
33.022968	-0.040293	-0.050366	-0.050366	-0.040293
33.062050	-0.040293	-0.060439	-0.050366	-0.040293
33.101131	-0.040293	-0.060439	-0.040293	-0.040293
33.140213	-0.040293	-0.070512	-0.040293	-0.040293
33.179295	-0.050366	-0.070512	-0.040293	-0.040293
33.218376	-0.050366	-0.070512	-0.040293	-0.040293
33.257458	-0.050366	-0.070512	-0.050366	-0.040293
33.296539	-0.050366	-0.070512	-0.050366	-0.040293
33.335617	-0.050366	-0.070512	-0.050366	-0.040293
33.374699	-0.050366	-0.060439	-0.050366	-0.050366
33.413780	-0.060439	-0.060439	-0.040293	-0.050366
33.452862	-0.060439	-0.060439	-0.040293	-0.040293
33.491943	-0.060439	-0.060439	-0.030220	-0.030220
33.531025	-0.070512	-0.060439	-0.020146	-0.030220
33.570107	-0.070512	-0.060439	-0.010073	-0.020146
33.609188	-0.070512	-0.060439	-0.020146	-0.020146
33.648270	-0.070512	-0.060439	-0.020146	-0.010073
33.687351	-0.070512	-0.060439	-0.020146	-0.010073
33.726433	-0.070512	-0.060439	-0.020146	-0.010073
33.765514	-0.070512	-0.070512	-0.020146	-0.010073
33.804592	-0.070512	-0.070512	-0.020146	-0.010073
33.843674	-0.070512	-0.070512	-0.010073	-0.010073
33.882755	-0.060439	-0.060439	-0.010073	-0.010073
33.921837	-0.060439	-0.060439	-0.010073	0.000000
33.960918	-0.060439	-0.060439	0.000000	0.000000
