21.940655	-0.177920	-0.560611	5.928368	6.297633
21.950029	-0.177920	-0.560611	5.928368	6.297633
21.959404	-0.181288	-0.560611	5.928368	6.300986
21.968779	-0.181288	-0.557259	5.928368	6.300986
21.978153	-0.184640	-0.557259	5.928368	6.300986
21.987530	-0.184640	-0.553906	5.928368	6.300986
21.996904	-0.187993	-0.550553	5.928368	6.300986
22.006279	-0.187993	-0.550553	5.928368	6.297633
22.015654	-0.187993	-0.550553	5.931720	6.297633
22.025028	-0.187993	-0.550553	5.935088	6.294280
22.034403	-0.187993	-0.547186	5.938440	6.294280
22.043779	-0.184640	-0.547186	5.941793	6.294280
22.053154	-0.184640	-0.547186	5.941793	6.300986
22.062529	-0.184640	-0.547186	5.945161	6.300986
22.071903	-0.184640	-0.547186	5.945161	6.294280
22.081278	-0.184640	-0.547186	5.941793	6.287560
22.090654	-0.187993	-0.547186	5.938440	6.287560
22.100029	-0.187993	-0.547186	5.935088	6.294280
22.109404	-0.187993	-0.547186	5.938440	6.297633
22.118778	-0.187993	-0.547186	5.941793	6.300986
22.128153	-0.191361	-0.543833	5.945161	6.304354
22.137529	-0.191361	-0.540480	5.948514	6.307706
22.146904	-0.191361	-0.537112	5.948514	6.307706
22.156279	-0.191361	-0.537112	5.948514	6.307706
22.165653	-0.191361	-0.533760	5.948514	6.304354
22.175028	-0.191361	-0.533760	5.948514	6.300986
22.184402	-0.187993	-0.530407	5.948514	6.300986
22.193779	-0.187993	-0.533760	5.951867	6.300986
22.203154	-0.187993	-0.533760	5.951867	6.300986
22.212528	-0.187993	-0.537112	5.948514	6.297633
22.221903	-0.191361	-0.537112	5.945161	6.294280
22.231277	-0.191361	-0.540480	5.941793	6.294280
22.240654	-0.194713	-0.540480	5.941793	6.294280
22.250029	-0.194713	-0.540480	5.945161	6.294280
22.259403	-0.194713	-0.540480	5.945161	6.294280
22.268778	-0.191361	-0.540480	5.945161	6.300986
22.278152	-0.191361	-0.540480	5.948514	6.304354
22.287527	-0.191361	-0.537112	5.951867	6.300986
22.296904	-0.191361	-0.533760	5.955219	6.300986
22.306278	-0.191361	-0.533760	5.958587	6.307706
22.315653	-0.191361	-0.533760	5.965292	6.314426
22.325027	-0.191361	-0.530407	5.972013	6.314426
22.334402	-0.191361	-0.530407	5.975366	6.307706
22.343779	-0.187993	-0.530407	5.975366	6.311059
22.353153	-0.184640	-0.530407	5.975366	6.317780
22.362528	-0.181288	-0.530407	5.978718	6.317780
22.371902	-0.181288	-0.530407	5.985439	6.317780
22.381277	-0.181288	-0.527054	5.985439	6.321132
22.390654	-0.181288	-0.527054	5.982086	6.324485
22.400028	-0.181288	-0.527054	5.975366	6.324485
22.409403	-0.181288	-0.527054	5.975366	6.324485
22.418777	-0.181288	-0.527054	5.978718	6.317780
22.428152	-0.184640	-0.530407	5.978718	6.314426
22.437527	-0.184640	-0.530407	5.978718	6.314426
22.446903	-0.187993	-0.530407	5.978718	6.317780
22.456278	-0.187993	-0.530407	5.982086	6.321132
22.465652	-0.191361	-0.530407	5.985439	6.317780
22.475027	-0.194713	-0.530407	5.982086	6.307706
22.484402	-0.194713	-0.530407	5.975366	6.300986
22.493778	-0.194713	-0.530407	5.968660	6.304354
22.503153	-0.194713	-0.530407	5.968660	6.304354
22.512527	-0.194713	-0.530407	5.968660	6.304354
22.521902	-0.191361	-0.530407	5.968660	6.300986
22.531277	-0.191361	-0.530407	5.965292	6.300986
22.540651	-0.187993	-0.530407	5.965292	6.300986
22.550028	-0.187993	-0.527054	5.961940	6.297633
22.559402	-0.187993	-0.527054	5.961940	6.294280
22.568777	-0.184640	-0.527054	5.958587	6.290927
22.578152	-0.184640	-0.523686	5.958587	6.294280
22.587526	-0.181288	-0.523686	5.958587	6.297633
22.596903	-0.181288	-0.523686	5.961940	6.297633
22.606277	-0.181288	-0.523686	5.961940	6.300986
22.615652	-0.181288	-0.523686	5.965292	6.307706
22.625027	-0.181288	-0.523686	5.965292	6.307706
22.634401	-0.177920	-0.523686	5.965292	6.307706
22.643778	-0.177920	-0.523686	5.965292	6.307706
22.653152	-0.177920	-0.520334	5.968660	6.311059
22.662527	-0.177920	-0.520334	5.972013	6.311059
22.671902	-0.181288	-0.520334	5.968660	6.311059
22.681276	-0.181288	-0.516981	5.972013	6.311059
22.690651	-0.181288	-0.516981	5.978718	6.314426
22.700027	-0.181288	-0.516981	5.985439	6.314426
22.709402	-0.181288	-0.516981	5.988791	6.317780
22.718777	-0.181288	-0.516981	5.988791	6.321132
22.728151	-0.181288	-0.516981	5.988791	6.317780
22.737526	-0.177920	-0.513628	5.985439	6.314426
22.746902	-0.177920	-0.513628	5.985439	6.311059
22.756277	-0.177920	-0.510260	5.982086	6.314426
22.765652	-0.177920	-0.510260	5.982086	6.311059
22.775026	-0.177920	-0.506908	5.982086	6.304354
22.784401	-0.174567	-0.506908	5.978718	6.300986
22.793777	-0.174567	-0.506908	5.975366	6.304354
22.803152	-0.177920	-0.506908	5.978718	6.304354
22.812527	-0.177920	-0.506908	5.982086	6.300986
22.821901	-0.174567	-0.506908	5.982086	6.297633
22.831276	-0.174567	-0.506908	5.978718	6.297633
22.840651	-0.174567	-0.506908	5.982086	6.297633
22.850027	-0.174567	-0.506908	5.985439	6.297633
22.859402	-0.177920	-0.506908	5.988791	6.297633
22.868776	-0.177920	-0.506908	5.988791	6.300986
22.878151	-0.177920	-0.506908	5.985439	6.304354
22.887526	-0.177920	-0.506908	5.985439	6.304354
22.896902	-0.177920	-0.503555	5.985439	6.300986
22.906277	-0.181288	-0.503555	5.985439	6.300986
22.915651	-0.181288	-0.500187	5.985439	6.300986
22.925026	-0.177920	-0.500187	5.988791	6.300986
22.934401	-0.177920	-0.500187	5.988791	6.300986
22.943775	-0.174567	-0.500187	5.988791	6.304354
22.953152	-0.174567	-0.500187	5.988791	6.304354
22.962526	-0.174567	-0.496835	5.985439	6.307706
22.971901	-0.174567	-0.496835	5.982086	6.311059
22.981276	-0.174567	-0.493482	5.985439	6.307706
22.990650	-0.174567	-0.490129	5.988791	6.300986
23.000027	-0.174567	-0.486761	5.988791	6.294280
23.009401	-0.171214	-0.483409	5.988791	6.294280
23.018776	-0.174567	-0.483409	5.992159	6.297633
23.028151	-0.174567	-0.483409	5.998865	6.300986
23.037525	-0.177920	-0.483409	6.005585	6.297633
23.046902	-0.181288	-0.483409	6.002217	6.297633
23.056276	-0.184640	-0.483409	5.998865	6.300986
23.065651	-0.184640	-0.483409	5.998865	6.300986
23.075026	-0.184640	-0.483409	5.998865	6.300986
23.084400	-0.181288	-0.483409	6.002217	6.304354
23.093775	-0.181288	-0.483409	6.005585	6.304354
23.103151	-0.177920	-0.480056	6.008938	6.300986
23.112526	-0.177920	-0.480056	6.012291	6.300986
23.121901	-0.174567	-0.480056	6.012291	6.300986
23.131275	-0.174567	-0.476688	6.015658	6.300986
23.140650	-0.174567	-0.473335	6.015658	6.300986
23.150026	-0.174567	-0.473335	6.012291	6.300986
23.159401	-0.177920	-0.473335	6.012291	6.300986
23.168776	-0.177920	-0.469983	6.015658	6.297633
23.178150	-0.181288	-0.469983	6.019011	6.294280
23.187525	-0.177920	-0.469983	6.019011	6.294280
23.196901	-0.177920	-0.469983	6.019011	6.297633
23.206276	-0.174567	-0.473335	6.015658	6.300986
23.215651	-0.174567	-0.476688	6.015658	6.300986
23.225025	-0.174567	-0.476688	6.015658	6.300986
23.234400	-0.174567	-0.476688	6.015658	6.304354
23.243774	-0.174567	-0.473335	6.019011	6.304354
23.253151	-0.174567	-0.469983	6.019011	6.304354
23.262526	-0.174567	-0.466630	6.015658	6.307706
23.271900	-0.174567	-0.466630	6.012291	6.311059
23.281275	-0.177920	-0.463262	6.008938	6.314426
23.290649	-0.177920	-0.466630	6.008938	6.314426
23.300026	-0.177920	-0.463262	6.008938	6.311059
23.309401	-0.177920	-0.463262	6.008938	6.314426
23.318775	-0.177920	-0.463262	6.008938	6.314426
23.328150	-0.177920	-0.459909	6.008938	6.311059
23.337524	-0.177920	-0.459909	6.008938	6.307706
23.346899	-0.177920	-0.459909	6.012291	6.304354
23.356276	-0.177920	-0.459909	6.015658	6.304354
23.365650	-0.181288	-0.459909	6.015658	6.304354
23.375025	-0.181288	-0.459909	6.019011	6.304354
23.384399	-0.181288	-0.459909	6.019011	6.300986
23.393774	-0.181288	-0.459909	6.015658	6.300986
23.403151	-0.181288	-0.459909	6.015658	6.304354
23.412525	-0.177920	-0.459909	6.019011	6.304354
23.421900	-0.174567	-0.459909	6.025717	6.304354
23.431274	-0.171214	-0.459909	6.029084	6.300986
23.440649	-0.171214	-0.459909	6.029084	6.300986
23.450026	-0.171214	-0.459909	6.032437	6.300986
23.459400	-0.171214	-0.456557	6.035790	6.300986
23.468775	-0.171214	-0.456557	6.039143	6.300986
23.478149	-0.171214	-0.456557	6.035790	6.297633
23.487524	-0.174567	-0.456557	6.035790	6.297633
23.496899	-0.171214	-0.453189	6.035790	6.294280
23.506275	-0.171214	-0.453189	6.039143	6.294280
23.515650	-0.171214	-0.453189	6.042510	6.297633
23.525024	-0.171214	-0.449836	6.042510	6.300986
23.534399	-0.167862	-0.446483	6.042510	6.307706
23.543774	-0.167862	-0.443131	6.045863	6.307706
23.553150	-0.167862	-0.439763	6.045863	6.311059
23.562525	-0.167862	-0.436410	6.042510	6.311059
23.571899	-0.167862	-0.436410	6.042510	6.311059
23.581274	-0.167862	-0.433058	6.042510	6.311059
23.590649	-0.171214	-0.433058	6.045863	6.307706
23.600023	-0.171214	-0.429690	6.045863	6.304354
23.609400	-0.171214	-0.429690	6.042510	6.304354
23.618774	-0.167862	-0.426337	6.039143	6.300986
23.628149	-0.167862	-0.426337	6.035790	6.304354
23.637524	-0.164494	-0.426337	6.032437	6.304354
23.646898	-0.164494	-0.426337	6.032437	6.307706
23.656275	-0.161141	-0.426337	6.035790	6.307706
23.665649	-0.161141	-0.426337	6.035790	6.304354
23.675024	-0.161141	-0.426337	6.039143	6.300986
23.684399	-0.157788	-0.422984	6.039143	6.294280
23.693773	-0.157788	-0.422984	6.042510	6.290927
23.703150	-0.161141	-0.419632	6.042510	6.290927
23.712524	-0.161141	-0.416264	6.042510	6.297633
23.721899	-0.161141	-0.416264	6.039143	6.300986
23.731274	-0.161141	-0.416264	6.042510	6.297633
23.740648	-0.161141	-0.412911	6.042510	6.290927
23.750023	-0.161141	-0.412911	6.042510	6.287560
23.759399	-0.161141	-0.412911	6.039143	6.287560
23.768774	-0.157788	-0.409558	6.042510	6.287560
23.778149	-0.157788	-0.406206	6.049216	6.287560
23.787523	-0.157788	-0.402838	6.049216	6.287560
23.796898	-0.157788	-0.399485	6.052584	6.290927
23.806274	-0.157788	-0.396132	6.052584	6.294280
23.815649	-0.157788	-0.396132	6.055936	6.294280
23.825024	-0.157788	-0.392765	6.055936	6.294280
23.834398	-0.157788	-0.392765	6.055936	6.297633
23.843773	-0.157788	-0.389412	6.055936	6.297633
23.853149	-0.154421	-0.389412	6.055936	6.294280
23.862524	-0.154421	-0.386059	6.055936	6.294280
23.871899	-0.154421	-0.386059	6.055936	6.297633
23.881273	-0.154421	-0.382707	6.049216	6.300986
23.890648	-0.154421	-0.382707	6.045863	6.304354
23.900023	-0.151068	-0.379339	6.045863	6.304354
23.909399	-0.154421	-0.379339	6.049216	6.297633
23.918774	-0.154421	-0.379339	6.052584	6.294280
23.928148	-0.154421	-0.379339	6.045863	6.290927
23.937523	-0.154421	-0.375986	6.042510	6.290927
23.946898	-0.154421	-0.372633	6.045863	6.290927
23.956274	-0.151068	-0.372633	6.049216	6.294280
23.965649	-0.151068	-0.369266	6.052584	6.297633
23.975023	-0.147715	-0.365913	6.055936	6.304354
23.984398	-0.144362	-0.362560	6.055936	6.300986
23.993773	-0.140995	-0.362560	6.055936	6.297633
24.003147	-0.137642	-0.359207	6.055936	6.290927
24.012524	-0.137642	-0.359207	6.055936	6.290927
24.021898	-0.137642	-0.355840	6.059289	6.287560
24.031273	-0.137642	-0.355840	6.059289	6.284207
24.040648	-0.134289	-0.352487	6.055936	6.284207
24.050022	-0.130922	-0.352487	6.052584	6.287560
24.059399	-0.130922	-0.349134	6.052584	6.287560
24.068773	-0.130922	-0.349134	6.059289	6.284207
24.078148	-0.130922	-0.345767	6.062642	6.280854
24.087523	-0.130922	-0.345767	6.062642	6.280854
24.096897	-0.130922	-0.342414	6.059289	6.284207
24.106274	-0.130922	-0.339061	6.059289	6.287560
24.115648	-0.130922	-0.339061	6.059289	6.294280
24.125023	-0.130922	-0.335708	6.062642	6.300986
24.134398	-0.130922	-0.332341	6.066010	6.304354
24.143772	-0.130922	-0.328988	6.066010	6.304354
24.153147	-0.130922	-0.325635	6.066010	6.304354
24.162523	-0.130922	-0.322267	6.066010	6.297633
24.171898	-0.130922	-0.318915	6.069362	6.290927
24.181273	-0.130922	-0.315562	6.066010	6.287560
24.190647	-0.130922	-0.312209	6.062642	6.287560
24.200022	-0.127569	-0.308841	6.059289	6.290927
24.209398	-0.124216	-0.305489	6.059289	6.287560
24.218773	-0.124216	-0.305489	6.059289	6.284207
24.228148	-0.120863	-0.305489	6.055936	6.287560
24.237522	-0.120863	-0.305489	6.052584	6.290927
24.246897	-0.117496	-0.302136	6.055936	6.290927
24.256273	-0.114143	-0.302136	6.059289	6.287560
24.265648	-0.114143	-0.298783	6.059289	6.284207
24.275023	-0.110790	-0.298783	6.062642	6.287560
24.284397	-0.110790	-0.295416	6.059289	6.290927
24.293772	-0.107422	-0.292063	6.059289	6.290927
24.303146	-0.104070	-0.292063	6.059289	6.290927
24.312523	-0.104070	-0.292063	6.062642	6.287560
24.321898	-0.100717	-0.288710	6.062642	6.287560
24.331272	-0.097364	-0.285342	6.062642	6.287560
24.340647	-0.097364	-0.281990	6.059289	6.284207
24.350021	-0.093997	-0.278637	6.062642	6.284207
24.359398	-0.093997	-0.275284	6.062642	6.284207
24.368773	-0.093997	-0.271916	6.062642	6.287560
24.378147	-0.093997	-0.268564	6.062642	6.290927
24.387522	-0.093997	-0.265211	6.062642	6.287560
24.396896	-0.097364	-0.261843	6.066010	6.284207
24.406271	-0.097364	-0.258490	6.066010	6.280854
24.415648	-0.097364	-0.255138	6.066010	6.280854
24.425022	-0.093997	-0.251785	6.066010	6.280854
24.434397	-0.093997	-0.248417	6.062642	6.280854
24.443771	-0.090644	-0.245064	6.059289	6.280854
24.453146	-0.090644	-0.241712	6.055936	6.284207
24.462523	-0.090644	-0.238344	6.055936	6.287560
24.471897	-0.087291	-0.234991	6.062642	6.284207
24.481272	-0.083938	-0.234991	6.066010	6.284207
24.490646	-0.083938	-0.231639	6.066010	6.287560
24.500021	-0.080571	-0.228286	6.069362	6.290927
24.509398	-0.080571	-0.224918	6.069362	6.287560
24.518772	-0.077218	-0.221565	6.072715	6.287560
24.528147	-0.077218	-0.218213	6.076083	6.287560
24.537521	-0.073865	-0.214845	6.076083	6.287560
24.546896	-0.070497	-0.211492	6.072715	6.287560
24.556271	-0.067145	-0.208139	6.076083	6.284207
24.565647	-0.063792	-0.204787	6.079435	6.280854
24.575022	-0.060439	-0.201419	6.079435	6.277487
24.584396	-0.060439	-0.198066	6.072715	6.274134
24.593771	-0.060439	-0.194713	6.072715	6.274134
24.603146	-0.060439	-0.194713	6.076083	6.270781
24.612522	-0.057071	-0.191361	6.079435	6.264061
24.621897	-0.057071	-0.191361	6.079435	6.260708
24.631271	-0.053719	-0.191361	6.076083	6.260708
24.640646	-0.050366	-0.187993	6.076083	6.264061
24.650021	-0.050366	-0.184640	6.079435	6.260708
24.659395	-0.046998	-0.184640	6.082788	6.260708
24.668772	-0.043646	-0.184640	6.082788	6.260708
24.678146	-0.040293	-0.184640	6.079435	6.260708
24.687521	-0.036940	-0.184640	6.072715	6.257355
24.696896	-0.036940	-0.181288	6.069362	6.253987
24.706270	-0.036940	-0.181288	6.066010	6.257355
24.715647	-0.033572	-0.177920	6.069362	6.257355
24.725021	-0.033572	-0.171214	6.072715	6.253987
24.734396	-0.033572	-0.167862	6.069362	6.250635
24.743771	-0.030220	-0.164494	6.069362	6.250635
24.753145	-0.026867	-0.161141	6.069362	6.247282
24.762522	-0.023499	-0.157788	6.066010	6.243929
24.771896	-0.023499	-0.157788	6.062642	6.240561
24.781271	-0.020146	-0.157788	6.059289	6.240561
24.790646	-0.016794	-0.157788	6.059289	6.240561
24.800020	-0.010073	-0.154421	6.062642	6.240561
24.809395	-0.006720	-0.154421	6.062642	6.243929
24.818771	-0.006720	-0.151068	6.066010	6.240561
24.828146	-0.006720	-0.151068	6.069362	6.233856
24.837521	-0.006720	-0.147715	6.069362	6.227136
24.846895	-0.003368	-0.147715	6.062642	6.223783
24.856270	0.000000	-0.147715	6.062642	6.223783
24.865646	0.003353	-0.151068	6.062642	6.220430
24.875021	0.003353	-0.157788	6.066010	6.213710
24.884396	0.006706	-0.164494	6.066010	6.210357
24.893770	0.006706	-0.167862	6.062642	6.210357
24.903145	0.006706	-0.174567	6.066010	6.203637
24.912521	0.006706	-0.177920	6.069362	6.193563
24.921896	0.006706	-0.184640	6.066010	6.190210
24.931271	0.006706	-0.191361	6.059289	6.190210
24.940645	0.006706	-0.198066	6.052584	6.186858
24.950020	0.010058	-0.204787	6.049216	6.183505
24.959394	0.010058	-0.211492	6.049216	6.176785
24.968771	0.013426	-0.221565	6.049216	6.176785
24.978146	0.013426	-0.228286	6.049216	6.176785
24.987520	0.016779	-0.234991	6.049216	6.173432
24.996895	0.020131	-0.241712	6.052584	6.170064
25.006269	0.023484	-0.251785	6.055936	6.163359
25.015646	0.023484	-0.261843	6.055936	6.163359
25.025021	0.026852	-0.271916	6.049216	6.160006
25.034395	0.026852	-0.285342	6.042510	6.160006
25.043770	0.026852	-0.302136	6.039143	6.156638
25.053144	0.026852	-0.315562	6.042510	6.153286
25.062519	0.026852	-0.328988	6.042510	6.156638
25.071896	0.026852	-0.342414	6.042510	6.153286
25.081270	0.030205	-0.352487	6.042510	6.149933
25.090645	0.030205	-0.369266	6.042510	6.139860
25.100019	0.030205	-0.382707	6.039143	6.136507
25.109394	0.030205	-0.399485	6.032437	6.136507
25.118771	0.033557	-0.416264	6.029084	6.133139
25.128145	0.033557	-0.429690	6.025717	6.129786
25.137520	0.033557	-0.436410	6.025717	6.126433
25.146894	0.033557	-0.443131	6.025717	6.123081
25.156269	0.033557	-0.443131	6.032437	6.116361
25.165646	0.030205	-0.436410	6.035790	6.106287
25.175020	0.030205	-0.416264	6.032437	6.096214
25.184395	0.026852	-0.386059	6.022364	6.089509
25.193769	0.026852	-0.342414	6.015658	6.089509
25.203144	0.023484	-0.285342	6.015658	6.089509
25.212519	0.020131	-0.204787	6.019011	6.086141
25.221895	0.013426	-0.104070	6.015658	6.076083
25.231270	0.006706	0.026852	6.012291	6.059289
25.240644	-0.003368	0.184625	6.005585	6.049216
25.250019	-0.010073	0.372618	5.998865	6.035790
25.259394	-0.020146	0.597537	5.998865	6.019011
25.268770	-0.026867	0.859380	5.992159	5.998865
25.278145	-0.033572	1.158148	5.985439	5.972013
25.287519	-0.043646	1.497194	5.978718	5.945161
25.296894	-0.050366	1.879886	5.975366	5.914941
25.306269	-0.060439	2.306223	5.978718	5.884737
25.315645	-0.067145	2.776191	5.978718	5.861238
25.325020	-0.073865	3.417373	5.972013	5.844444
25.334394	-0.083938	3.964558	5.968660	5.837739
25.343769	-0.090644	4.528522	5.965292	5.834371
25.353144	-0.104070	5.109281	5.965292	5.841091
25.362518	-0.117496	5.690023	5.958587	5.857870
25.371895	-0.130922	6.267428	5.951867	5.878016
25.381269	-0.144362	6.848171	5.941793	5.904868
25.390644	-0.161141	7.418856	5.941793	5.931720
25.400019	-0.177920	7.979467	5.941793	5.961940
25.409393	-0.198066	8.536726	5.938440	5.998865
25.418770	-0.214845	9.087265	5.931720	6.042510
25.428144	-0.231639	9.631083	5.921662	6.082788
25.437519	-0.251785	10.168195	5.911589	6.123081
25.446894	-0.265211	10.698602	5.898163	6.173432
25.456268	-0.281990	11.222288	5.888090	6.227136
25.465643	-0.292063	11.742607	5.871296	6.284207
25.475019	-0.302136	12.252867	5.861238	6.334558
25.484394	-0.305489	12.739629	5.851164	6.381557
25.493769	-0.302136	13.202890	5.844444	6.428555
25.503143	-0.288710	13.615788	5.831018	6.468832
25.512518	-0.261843	13.964921	5.814240	6.505773
25.521894	-0.221565	14.226749	5.794093	6.535977
25.531269	-0.164494	14.371112	5.784020	6.559476
25.540644	-0.087291	14.367744	5.777314	6.579623
25.550018	0.010058	14.189824	5.770594	6.589696
25.559393	0.137627	13.830632	5.763874	6.593049
25.568769	0.295401	13.280094	5.753815	6.596401
25.578144	0.483394	12.554988	5.737021	6.599754
25.587519	0.708312	11.695608	5.720243	6.606474
25.596893	0.970155	10.748953	5.706817	6.609827
25.606268	1.272276	9.778797	5.700097	6.603122
25.615643	1.621395	8.825421	5.693391	6.589696
25.625019	2.017528	7.942543	5.683318	6.579623
25.634394	2.457276	7.136867	5.686670	6.566196
25.643768	2.940685	6.425202	5.710170	6.542697
25.653143	3.457651	5.810872	5.740375	6.515831
25.662518	4.004836	5.280480	5.777314	6.492332
25.671894	4.565448	4.820570	5.817592	6.475553
25.681269	5.139485	4.427805	5.864591	6.458774
25.690643	5.716875	4.085407	5.921662	6.438628
25.700018	6.290927	3.786638	5.985439	6.421849
25.709393	6.861597	3.524795	6.052584	6.405056
25.718767	7.432282	3.289804	6.123081	6.391630
25.728144	7.986188	3.081679	6.196931	6.378203
25.737518	8.540079	2.893686	6.274134	6.364778
25.746893	9.083912	2.725840	6.354704	6.354704
25.756268	9.617657	2.571419	6.441980	6.344631
25.765642	10.154769	2.430424	6.529272	6.337926
25.775019	10.688528	2.302855	6.616548	6.331205
25.784393	11.215568	2.182007	6.707177	6.324485
25.793768	11.742607	2.074584	6.807894	6.317780
25.803143	12.262940	1.973882	6.911963	6.314426
25.812517	12.769834	1.879886	7.019386	6.311059
25.821894	13.259947	1.792610	7.126808	6.307706
25.831268	13.716504	1.708686	7.227510	6.300986
25.840643	14.112621	1.631469	7.324860	6.294280
25.850018	14.434889	1.557618	7.408783	6.294280
25.859392	14.639661	1.487121	7.482633	6.294280
25.868767	14.693379	1.419976	7.529631	6.290927
25.878143	14.565810	1.359552	7.549778	6.294280
25.887518	14.243544	1.299128	7.532999	6.297633
25.896893	13.726577	1.245424	7.482633	6.297633
25.906267	13.035044	1.195073	7.402077	6.294280
25.915642	12.205869	1.144707	7.294655	6.290927
25.925018	11.302844	1.097709	7.177159	6.294280
25.934393	10.359541	1.054078	7.056311	6.297633
25.943768	9.426311	1.013786	6.935462	6.294280
25.953142	8.546800	0.970155	6.821320	6.290927
25.962517	7.731050	0.929862	6.723970	6.280854
25.971893	6.995887	0.892937	6.643400	6.277487
25.981268	6.347984	0.856012	6.579623	6.274134
25.990643	5.777314	0.822440	6.525904	6.274134
26.000017	5.280480	0.788882	6.482273	6.274134
26.009392	4.850790	0.755310	6.441980	6.274134
26.018766	4.474804	0.721738	6.408408	6.274134
26.028143	4.145831	0.691518	6.378203	6.277487
26.037518	3.860488	0.657961	6.358057	6.280854
26.046892	3.605366	0.631094	6.341279	6.277487
26.056267	3.380448	0.604242	6.327853	6.270781
26.065641	3.179029	0.580743	6.311059	6.270781
26.075018	2.994388	0.560597	6.297633	6.274134
26.084393	2.829909	0.540465	6.290927	6.274134
26.093767	2.678841	0.520319	6.287560	6.270781
26.103142	2.541199	0.500172	6.277487	6.270781
26.112516	2.413645	0.480041	6.264061	6.270781
26.121891	2.296150	0.459895	6.250635	6.267428
26.131268	2.188727	0.439748	6.250635	6.264061
26.140642	2.088010	0.422969	6.250635	6.267428
26.150017	1.994029	0.402823	6.247282	6.274134
26.159391	1.910105	0.382692	6.243929	6.274134
26.168766	1.829535	0.365898	6.237209	6.274134
26.178143	1.755685	0.349119	6.230503	6.274134
26.187517	1.681820	0.332326	6.230503	6.277487
26.196892	1.614690	0.318900	6.227136	6.280854
26.206266	1.550898	0.302121	6.227136	6.280854
26.215641	1.490474	0.288695	6.227136	6.277487
26.225018	1.433417	0.275269	6.223783	6.270781
26.234392	1.379699	0.261828	6.223783	6.267428
26.243767	1.329347	0.248402	6.220430	6.267428
26.253141	1.282349	0.234976	6.217062	6.270781
26.262516	1.238704	0.218198	6.217062	6.274134
26.271891	1.195073	0.204772	6.213710	6.274134
26.281267	1.151428	0.191346	6.210357	6.277487
26.290642	1.111150	0.177905	6.200284	6.277487
26.300016	1.074225	0.167847	6.196931	6.277487
26.309391	1.037285	0.157773	6.203637	6.277487
26.318766	0.993654	0.147700	6.210357	6.277487
26.328142	0.960082	0.134274	6.210357	6.280854
26.337517	0.926509	0.124201	6.207004	6.277487
26.346891	0.896305	0.114128	6.200284	6.270781
26.356266	0.866085	0.104055	6.193563	6.267428
26.365641	0.835881	0.090629	6.193563	6.270781
26.375017	0.805661	0.080556	6.196931	6.274134
26.384392	0.778809	0.070482	6.196931	6.270781
26.393766	0.751957	0.060424	6.196931	6.267428
26.403141	0.725091	0.050351	6.193563	6.270781
26.412516	0.701591	0.040278	6.190210	6.274134
26.421890	0.678092	0.030205	6.193563	6.274134
26.431267	0.657961	0.020131	6.190210	6.270781
26.440641	0.637814	0.013426	6.186858	6.267428
26.450016	0.617668	0.006706	6.186858	6.264061
26.459391	0.597537	-0.003368	6.186858	6.264061
26.468765	0.577390	-0.013441	6.190210	6.267428
26.478142	0.557244	-0.020146	6.193563	6.270781
26.487516	0.537112	-0.030220	6.193563	6.267428
26.496891	0.520319	-0.040293	6.190210	6.267428
26.506266	0.503540	-0.046998	6.183505	6.270781
26.515640	0.486746	-0.053719	6.183505	6.277487
26.525015	0.473320	-0.060439	6.190210	6.277487
26.534391	0.456542	-0.067145	6.196931	6.277487
26.543766	0.439748	-0.073865	6.193563	6.277487
26.553141	0.422969	-0.080571	6.190210	6.280854
26.562515	0.409544	-0.083938	6.190210	6.280854
26.571890	0.396118	-0.090644	6.196931	6.274134
26.581266	0.386044	-0.097364	6.200284	6.274134
26.590641	0.372618	-0.107422	6.200284	6.280854
26.600016	0.362545	-0.114143	6.196931	6.284207
26.609390	0.349119	-0.120863	6.193563	6.280854
26.618765	0.335693	-0.127569	6.190210	6.277487
26.628141	0.322267	-0.130922	6.190210	6.274134
26.637516	0.308827	-0.137642	6.193563	6.270781
26.646891	0.298768	-0.144362	6.196931	6.267428
26.656265	0.288695	-0.147715	6.200284	6.264061
26.665640	0.278622	-0.154421	6.200284	6.264061
26.675014	0.268549	-0.157788	6.200284	6.264061
26.684391	0.258476	-0.164494	6.193563	6.264061
26.693766	0.248402	-0.167862	6.190210	6.267428
26.703140	0.238329	-0.174567	6.193563	6.274134
26.712515	0.228271	-0.177920	6.193563	6.277487
26.721889	0.218198	-0.184640	6.193563	6.280854
26.731266	0.208125	-0.187993	6.190210	6.277487
26.740641	0.194699	-0.194713	6.193563	6.274134
26.750015	0.184625	-0.201419	6.193563	6.270781
26.759390	0.171199	-0.204787	6.193563	6.270781
26.768764	0.161126	-0.211492	6.190210	6.274134
26.778139	0.151053	-0.214845	6.186858	6.274134
26.787516	0.140980	-0.218213	6.186858	6.270781
26.796890	0.134274	-0.221565	6.183505	6.267428
26.806265	0.124201	-0.221565	6.180138	6.267428
26.815639	0.117481	-0.224918	6.183505	6.267428
26.825014	0.110775	-0.228286	6.186858	6.264061
26.834391	0.104055	-0.231639	6.186858	6.264061
26.843765	0.097349	-0.234991	6.180138	6.270781
26.853140	0.090629	-0.238344	6.180138	6.274134
26.862514	0.083923	-0.241712	6.183505	6.274134
26.871889	0.077203	-0.248417	6.186858	6.270781
26.881266	0.073850	-0.251785	6.186858	6.267428
26.890640	0.067130	-0.255138	6.190210	6.267428
26.900015	0.060424	-0.261843	6.193563	6.264061
26.909389	0.053704	-0.261843	6.196931	6.260708
26.918764	0.050351	-0.265211	6.200284	6.257355
26.928139	0.043631	-0.268564	6.200284	6.257355
26.937515	0.036925	-0.271916	6.196931	6.253987
26.946890	0.033557	-0.275284	6.190210	6.257355
26.956264	0.026852	-0.278637	6.190210	6.257355
26.965639	0.020131	-0.285342	6.193563	6.260708
26.975014	0.013426	-0.288710	6.196931	6.260708
26.984390	0.003353	-0.292063	6.193563	6.264061
26.993765	-0.003368	-0.295416	6.193563	6.267428
27.003139	-0.010073	-0.295416	6.193563	6.260708
27.012514	-0.013441	-0.298783	6.196931	6.250635
27.021889	-0.020146	-0.305489	6.193563	6.250635
27.031265	-0.026867	-0.308841	6.193563	6.253987
27.040640	-0.030220	-0.312209	6.190210	6.257355
27.050014	-0.036940	-0.312209	6.186858	6.257355
27.059389	-0.040293	-0.315562	6.183505	6.257355
27.068764	-0.046998	-0.318915	6.183505	6.257355
27.078138	-0.050366	-0.322267	6.183505	6.257355
27.087515	-0.053719	-0.325635	6.183505	6.257355
27.096889	-0.060439	-0.325635	6.180138	6.260708
27.106264	-0.067145	-0.328988	6.180138	6.264061
27.115639	-0.070497	-0.332341	6.180138	6.264061
27.125013	-0.077218	-0.335708	6.183505	6.264061
27.134390	-0.080571	-0.339061	6.190210	6.264061
27.143764	-0.083938	-0.342414	6.193563	6.264061
27.153139	-0.090644	-0.345767	6.196931	6.264061
27.162514	-0.093997	-0.349134	6.190210	6.264061
27.171888	-0.097364	-0.352487	6.190210	6.267428
27.181263	-0.100717	-0.355840	6.193563	6.267428
27.190639	-0.104070	-0.355840	6.196931	6.267428
27.200014	-0.104070	-0.355840	6.193563	6.270781
27.209389	-0.107422	-0.359207	6.190210	6.270781
27.218763	-0.110790	-0.362560	6.196931	6.264061
27.228138	-0.117496	-0.362560	6.200284	6.260708
27.237514	-0.120863	-0.365913	6.200284	6.260708
27.246889	-0.127569	-0.369266	6.196931	6.264061
27.256264	-0.130922	-0.372633	6.196931	6.264061
27.265638	-0.134289	-0.375986	6.196931	6.264061
27.275013	-0.137642	-0.379339	6.193563	6.264061
27.284389	-0.140995	-0.379339	6.193563	6.270781
27.293764	-0.144362	-0.379339	6.196931	6.274134
27.303139	-0.147715	-0.382707	6.200284	6.270781
27.312513	-0.151068	-0.382707	6.203637	6.264061
27.321888	-0.154421	-0.386059	6.207004	6.267428
27.331263	-0.161141	-0.389412	6.203637	6.270781
27.340639	-0.167862	-0.389412	6.203637	6.270781
27.350014	-0.171214	-0.392765	6.200284	6.267428
27.359388	-0.177920	-0.396132	6.200284	6.264061
27.368763	-0.181288	-0.399485	6.196931	6.267428
27.378138	-0.184640	-0.402838	6.193563	6.270781
27.387514	-0.187993	-0.406206	6.190210	6.274134
27.396889	-0.191361	-0.406206	6.190210	6.270781
27.406263	-0.198066	-0.409558	6.193563	6.264061
27.415638	-0.201419	-0.409558	6.196931	6.257355
27.425013	-0.204787	-0.412911	6.193563	6.257355
27.434389	-0.208139	-0.412911	6.193563	6.257355
27.443764	-0.208139	-0.412911	6.193563	6.257355
27.453138	-0.211492	-0.412911	6.193563	6.257355
27.462513	-0.218213	-0.416264	6.193563	6.257355
27.471888	-0.221565	-0.419632	6.193563	6.260708
27.481262	-0.224918	-0.422984	6.193563	6.260708
27.490639	-0.224918	-0.422984	6.193563	6.257355
27.500013	-0.224918	-0.426337	6.193563	6.253987
27.509388	-0.228286	-0.426337	6.190210	6.253987
27.518763	-0.228286	-0.429690	6.190210	6.250635
27.528137	-0.231639	-0.429690	6.190210	6.250635
27.537514	-0.234991	-0.429690	6.186858	6.250635
27.546888	-0.241712	-0.433058	6.186858	6.250635
27.556263	-0.245064	-0.433058	6.190210	6.247282
27.565638	-0.251785	-0.433058	6.193563	6.247282
27.575012	-0.251785	-0.433058	6.190210	6.243929
27.584387	-0.255138	-0.433058	6.186858	6.243929
27.593763	-0.258490	-0.436410	6.183505	6.250635
27.603138	-0.261843	-0.436410	6.180138	6.253987
27.612513	-0.265211	-0.439763	6.183505	6.253987
27.621887	-0.265211	-0.443131	6.183505	6.253987
27.631262	-0.265211	-0.443131	6.180138	6.250635
27.640638	-0.265211	-0.446483	6.176785	6.250635
27.650013	-0.265211	-0.449836	6.173432	6.247282
27.659388	-0.268564	-0.449836	6.176785	6.247282
27.668762	-0.268564	-0.453189	6.180138	6.247282
27.678137	-0.271916	-0.453189	6.176785	6.247282
27.687513	-0.271916	-0.453189	6.173432	6.250635
27.696888	-0.275284	-0.456557	6.173432	6.250635
27.706263	-0.278637	-0.456557	6.176785	6.250635
27.715637	-0.281990	-0.456557	6.180138	6.250635
27.725012	-0.285342	-0.456557	6.180138	6.250635
27.734386	-0.285342	-0.459909	6.180138	6.250635
27.743763	-0.288710	-0.459909	6.180138	6.247282
27.753138	-0.288710	-0.459909	6.180138	6.247282
27.762512	-0.288710	-0.463262	6.180138	6.247282
27.771887	-0.292063	-0.463262	6.176785	6.250635
27.781261	-0.295416	-0.466630	6.176785	6.247282
27.790638	-0.298783	-0.469983	6.176785	6.243929
27.800013	-0.298783	-0.469983	6.176785	6.243929
27.809387	-0.298783	-0.473335	6.176785	6.250635
27.818762	-0.298783	-0.473335	6.180138	6.247282
27.828136	-0.298783	-0.476688	6.183505	6.240561
27.837511	-0.302136	-0.476688	6.186858	6.237209
27.846888	-0.302136	-0.476688	6.186858	6.237209
27.856262	-0.305489	-0.473335	6.183505	6.237209
27.865637	-0.308841	-0.476688	6.176785	6.237209
27.875011	-0.312209	-0.476688	6.180138	6.237209
27.884386	-0.312209	-0.476688	6.183505	6.237209
27.893763	-0.315562	-0.476688	6.186858	6.240561
27.903137	-0.318915	-0.476688	6.183505	6.240561
27.912512	-0.322267	-0.476688	6.183505	6.240561
27.921886	-0.325635	-0.476688	6.180138	6.237209
27.931261	-0.325635	-0.476688	6.176785	6.237209
27.940638	-0.328988	-0.480056	6.173432	6.237209
27.950012	-0.328988	-0.480056	6.176785	6.240561
27.959387	-0.332341	-0.483409	6.176785	6.243929
27.968761	-0.332341	-0.486761	6.180138	6.240561
27.978136	-0.335708	-0.490129	6.180138	6.237209
27.987511	-0.339061	-0.490129	6.176785	6.240561
27.996887	-0.339061	-0.490129	6.176785	6.240561
28.006262	-0.342414	-0.493482	6.180138	6.240561
28.015636	-0.345767	-0.493482	6.180138	6.240561
28.025011	-0.345767	-0.493482	6.183505	6.240561
28.034386	-0.349134	-0.496835	6.183505	6.240561
28.043762	-0.352487	-0.496835	6.186858	6.240561
28.053137	-0.352487	-0.496835	6.190210	6.240561
28.062511	-0.352487	-0.500187	6.186858	6.243929
28.071886	-0.352487	-0.500187	6.180138	6.247282
28.081261	-0.352487	-0.503555	6.176785	6.250635
28.090637	-0.352487	-0.506908	6.176785	6.250635
28.100012	-0.352487	-0.510260	6.180138	6.250635
28.109386	-0.355840	-0.510260	6.183505	6.247282
28.118761	-0.355840	-0.510260	6.186858	6.243929
28.128136	-0.352487	-0.510260	6.186858	6.247282
28.137510	-0.352487	-0.510260	6.186858	6.250635
28.146887	-0.355840	-0.510260	6.190210	6.250635
28.156261	-0.355840	-0.510260	6.193563	6.250635
28.165636	-0.359207	-0.510260	6.193563	6.250635
28.175011	-0.362560	-0.510260	6.193563	6.250635
28.184385	-0.365913	-0.510260	6.193563	6.247282
28.193762	-0.369266	-0.510260	6.193563	6.247282
28.203136	-0.372633	-0.510260	6.190210	6.250635
28.212511	-0.375986	-0.510260	6.186858	6.253987
28.221886	-0.375986	-0.510260	6.183505	6.247282
28.231260	-0.375986	-0.510260	6.183505	6.240561
28.240635	-0.379339	-0.513628	6.180138	6.243929
28.250011	-0.379339	-0.516981	6.180138	6.250635
28.259386	-0.382707	-0.520334	6.180138	6.250635
28.268761	-0.382707	-0.520334	6.180138	6.247282
28.278135	-0.386059	-0.523686	6.180138	6.243929
28.287510	-0.386059	-0.523686	6.183505	6.247282
28.296886	-0.389412	-0.523686	6.186858	6.250635
28.306261	-0.392765	-0.523686	6.190210	6.243929
28.315636	-0.392765	-0.523686	6.186858	6.240561
28.325010	-0.396132	-0.527054	6.186858	6.240561
28.334385	-0.396132	-0.527054	6.183505	6.243929
28.343761	-0.399485	-0.527054	6.186858	6.247282
28.353136	-0.399485	-0.527054	6.190210	6.247282
28.362511	-0.399485	-0.527054	6.193563	6.247282
28.371885	-0.402838	-0.527054	6.196931	6.247282
28.381260	-0.402838	-0.527054	6.200284	6.250635
28.390635	-0.406206	-0.527054	6.200284	6.250635
28.400011	-0.406206	-0.530407	6.203637	6.247282
28.409386	-0.406206	-0.530407	6.200284	6.243929
28.418760	-0.406206	-0.533760	6.196931	6.243929
28.428135	-0.402838	-0.533760	6.196931	6.247282
28.437510	-0.402838	-0.533760	6.200284	6.247282
28.446886	-0.406206	-0.533760	6.210357	6.247282
28.456261	-0.406206	-0.533760	6.210357	6.243929
28.465635	-0.409558	-0.530407	6.207004	6.243929
28.475010	-0.409558	-0.530407	6.207004	6.243929
28.484385	-0.412911	-0.530407	6.207004	6.243929
28.493759	-0.412911	-0.530407	6.207004	6.243929
28.503136	-0.412911	-0.530407	6.207004	6.247282
28.512510	-0.416264	-0.533760	6.203637	6.247282
28.521885	-0.419632	-0.533760	6.203637	6.247282
28.531260	-0.422984	-0.533760	6.203637	6.247282
28.540634	-0.429690	-0.537112	6.203637	6.247282
28.550011	-0.429690	-0.537112	6.203637	6.243929
28.559385	-0.433058	-0.537112	6.200284	6.240561
28.568760	-0.433058	-0.537112	6.193563	6.243929
28.578135	-0.433058	-0.537112	6.193563	6.243929
28.587509	-0.433058	-0.537112	6.200284	6.243929
28.596886	-0.429690	-0.537112	6.203637	6.240561
28.606260	-0.429690	-0.533760	6.203637	6.240561
28.615635	-0.429690	-0.537112	6.203637	6.243929
28.625010	-0.429690	-0.537112	6.207004	6.243929
28.634384	-0.433058	-0.537112	6.207004	6.243929
28.643759	-0.429690	-0.540480	6.200284	6.240561
28.653135	-0.429690	-0.543833	6.200284	6.237209
28.662510	-0.429690	-0.543833	6.200284	6.233856
28.671885	-0.429690	-0.547186	6.203637	6.230503
28.681259	-0.433058	-0.547186	6.203637	6.233856
28.690634	-0.433058	-0.547186	6.207004	6.237209
28.700010	-0.436410	-0.547186	6.210357	6.240561
28.709385	-0.436410	-0.543833	6.213710	6.237209
28.718760	-0.439763	-0.547186	6.213710	6.233856
28.728134	-0.439763	-0.547186	6.213710	6.233856
28.737509	-0.439763	-0.550553	6.213710	6.230503
28.746885	-0.443131	-0.550553	6.210357	6.227136
28.756260	-0.443131	-0.550553	6.203637	6.227136
28.765635	-0.443131	-0.553906	6.203637	6.230503
28.775009	-0.443131	-0.553906	6.207004	6.237209
28.784384	-0.443131	-0.553906	6.210357	6.240561
28.793758	-0.446483	-0.550553	6.210357	6.243929
28.803135	-0.449836	-0.550553	6.210357	6.243929
28.812510	-0.449836	-0.547186	6.203637	6.247282
28.821884	-0.453189	-0.543833	6.200284	6.247282
28.831259	-0.453189	-0.543833	6.200284	6.243929
28.840633	-0.456557	-0.547186	6.203637	6.243929
28.850010	-0.456557	-0.547186	6.210357	6.243929
28.859385	-0.456557	-0.550553	6.210357	6.247282
28.868759	-0.456557	-0.553906	6.210357	6.250635
28.878134	-0.456557	-0.557259	6.213710	6.243929
28.887508	-0.456557	-0.557259	6.217062	6.240561
28.896883	-0.459909	-0.557259	6.217062	6.240561
28.906260	-0.459909	-0.560611	6.210357	6.243929
28.915634	-0.463262	-0.560611	6.207004	6.243929
28.925009	-0.466630	-0.560611	6.210357	6.240561
28.934383	-0.469983	-0.560611	6.217062	6.237209
28.943758	-0.469983	-0.560611	6.217062	6.240561
28.953135	-0.473335	-0.563979	6.217062	6.247282
28.962509	-0.473335	-0.563979	6.217062	6.247282
28.971884	-0.469983	-0.563979	6.217062	6.250635
28.981258	-0.469983	-0.563979	6.217062	6.250635
28.990633	-0.469983	-0.563979	6.217062	6.250635
29.000010	-0.469983	-0.563979	6.217062	6.247282
29.009384	-0.469983	-0.563979	6.213710	6.243929
29.018759	-0.469983	-0.563979	6.213710	6.243929
29.028133	-0.469983	-0.563979	6.213710	6.247282
29.037508	-0.469983	-0.560611	6.210357	6.247282
29.046883	-0.473335	-0.560611	6.213710	6.247282
29.056259	-0.473335	-0.560611	6.217062	6.243929
29.065634	-0.476688	-0.557259	6.217062	6.240561
29.075008	-0.476688	-0.557259	6.213710	6.240561
29.084383	-0.480056	-0.557259	6.207004	6.240561
29.093758	-0.480056	-0.557259	6.203637	6.243929
29.103134	-0.480056	-0.557259	6.210357	6.247282
29.112509	-0.480056	-0.557259	6.213710	6.247282
29.121883	-0.483409	-0.557259	6.220430	6.253987
29.131258	-0.486761	-0.553906	6.220430	6.257355
29.140633	-0.486761	-0.553906	6.220430	6.257355
29.150009	-0.490129	-0.553906	6.213710	6.257355
29.159384	-0.490129	-0.553906	6.207004	6.253987
29.168758	-0.493482	-0.550553	6.203637	6.253987
29.178133	-0.493482	-0.550553	6.207004	6.250635
29.187508	-0.493482	-0.550553	6.213710	6.250635
29.196882	-0.493482	-0.553906	6.217062	6.243929
29.206259	-0.493482	-0.557259	6.217062	6.240561
29.215633	-0.490129	-0.557259	6.213710	6.237209
29.225008	-0.490129	-0.560611	6.213710	6.237209
29.234383	-0.490129	-0.560611	6.210357	6.233856
29.243757	-0.490129	-0.563979	6.213710	6.237209
29.253134	-0.490129	-0.563979	6.213710	6.240561
29.262508	-0.493482	-0.563979	6.213710	6.243929
29.271883	-0.493482	-0.563979	6.217062	6.240561
29.281258	-0.493482	-0.567332	6.223783	6.240561
29.290632	-0.496835	-0.567332	6.227136	6.240561
29.300007	-0.496835	-0.570685	6.227136	6.240561
29.309383	-0.496835	-0.574052	6.220430	6.240561
29.318758	-0.500187	-0.574052	6.217062	6.240561
29.328133	-0.500187	-0.574052	6.220430	6.240561
29.337507	-0.500187	-0.574052	6.220430	6.240561
29.346882	-0.500187	-0.574052	6.223783	6.243929
29.356258	-0.503555	-0.570685	6.227136	6.247282
29.365633	-0.503555	-0.570685	6.233856	6.247282
29.375008	-0.503555	-0.570685	6.237209	6.243929
29.384382	-0.503555	-0.570685	6.237209	6.247282
29.393757	-0.503555	-0.570685	6.233856	6.247282
29.403133	-0.503555	-0.570685	6.230503	6.247282
29.412508	-0.503555	-0.570685	6.227136	6.240561
29.421883	-0.503555	-0.570685	6.227136	6.237209
29.431257	-0.506908	-0.570685	6.230503	6.240561
29.440632	-0.506908	-0.570685	6.230503	6.243929
29.450006	-0.506908	-0.570685	6.233856	6.247282
29.459383	-0.510260	-0.570685	6.237209	6.247282
29.468758	-0.510260	-0.574052	6.233856	6.250635
29.478132	-0.510260	-0.574052	6.233856	6.247282
29.487507	-0.513628	-0.574052	6.230503	6.243929
29.496881	-0.513628	-0.574052	6.230503	6.240561
29.506258	-0.513628	-0.574052	6.230503	6.243929
29.515633	-0.513628	-0.577405	6.227136	6.247282
29.525007	-0.513628	-0.577405	6.227136	6.250635
29.534382	-0.513628	-0.577405	6.230503	6.247282
29.543756	-0.513628	-0.580758	6.230503	6.247282
29.553131	-0.513628	-0.580758	6.227136	6.247282
29.562508	-0.516981	-0.580758	6.220430	6.243929
29.571882	-0.516981	-0.584111	6.217062	6.240561
29.581257	-0.516981	-0.584111	6.213710	6.240561
29.590631	-0.516981	-0.584111	6.217062	6.240561
29.600006	-0.520334	-0.584111	6.217062	6.243929
29.609383	-0.520334	-0.584111	6.223783	6.247282
29.618757	-0.523686	-0.584111	6.230503	6.247282
29.628132	-0.530407	-0.584111	6.240561	6.247282
29.637506	-0.530407	-0.584111	6.237209	6.243929
29.646881	-0.533760	-0.584111	6.230503	6.243929
29.656258	-0.533760	-0.580758	6.223783	6.247282
29.665632	-0.533760	-0.580758	6.227136	6.247282
29.675007	-0.533760	-0.580758	6.230503	6.250635
29.684381	-0.537112	-0.580758	6.230503	6.257355
29.693756	-0.537112	-0.584111	6.227136	6.260708
29.703131	-0.537112	-0.584111	6.227136	6.260708
29.712507	-0.537112	-0.584111	6.227136	6.253987
29.721882	-0.537112	-0.584111	6.227136	6.250635
29.731256	-0.533760	-0.584111	6.227136	6.250635
29.740631	-0.533760	-0.580758	6.227136	6.247282
29.750006	-0.533760	-0.580758	6.227136	6.243929
29.759382	-0.533760	-0.580758	6.230503	6.240561
29.768757	-0.533760	-0.580758	6.230503	6.240561
29.778131	-0.533760	-0.580758	6.230503	6.243929
29.787506	-0.533760	-0.584111	6.230503	6.247282
29.796881	-0.533760	-0.587478	6.233856	6.250635
29.806257	-0.533760	-0.587478	6.237209	6.247282
29.815632	-0.537112	-0.587478	6.237209	6.240561
29.825006	-0.540480	-0.587478	6.237209	6.240561
29.834381	-0.540480	-0.587478	6.233856	6.240561
29.843756	-0.543833	-0.587478	6.237209	6.243929
29.853130	-0.543833	-0.587478	6.237209	6.243929
29.862507	-0.543833	-0.590831	6.237209	6.243929
29.871881	-0.540480	-0.590831	6.233856	6.243929
29.881256	-0.540480	-0.590831	6.233856	6.237209
29.890631	-0.543833	-0.590831	6.233856	6.230503
29.900005	-0.543833	-0.590831	6.233856	6.230503
29.909382	-0.543833	-0.590831	6.230503	6.233856
29.918756	-0.543833	-0.590831	6.227136	6.233856
29.928131	-0.543833	-0.590831	6.227136	6.233856
29.937506	-0.543833	-0.590831	6.230503	6.237209
29.946880	-0.543833	-0.590831	6.230503	6.243929
29.956255	-0.543833	-0.590831	6.233856	6.243929
29.965631	-0.543833	-0.590831	6.230503	6.237209
29.975006	-0.547186	-0.590831	6.230503	6.233856
29.984381	-0.547186	-0.590831	6.227136	6.237209
29.993755	-0.543833	-0.590831	6.227136	6.247282
30.003130	-0.543833	-0.590831	6.227136	6.250635
30.012506	-0.540480	-0.590831	6.227136	6.253987
30.021881	-0.537112	-0.587478	6.230503	6.250635
30.031256	-0.533760	-0.587478	6.233856	6.247282
30.040630	-0.533760	-0.587478	6.233856	6.243929
30.050005	-0.533760	-0.587478	6.233856	6.243929
30.059381	-0.533760	-0.587478	6.237209	6.247282
30.068756	-0.537112	-0.587478	6.237209	6.247282
30.078131	-0.537112	-0.587478	6.237209	6.250635
30.087505	-0.537112	-0.587478	6.237209	6.250635
30.096880	-0.537112	-0.587478	6.240561	6.247282
30.106255	-0.537112	-0.587478	6.243929	6.243929
30.115631	-0.540480	-0.590831	6.240561	6.243929
30.125006	-0.540480	-0.594184	6.230503	6.250635
30.134380	-0.543833	-0.594184	6.227136	6.250635
30.143755	-0.543833	-0.594184	6.223783	6.243929
30.153130	-0.543833	-0.597551	6.223783	6.243929
30.162506	-0.543833	-0.597551	6.223783	6.243929
30.171881	-0.540480	-0.597551	6.223783	6.247282
30.181255	-0.543833	-0.597551	6.223783	6.247282
30.190630	-0.543833	-0.594184	6.220430	6.250635
30.200005	-0.547186	-0.594184	6.220430	6.253987
30.209381	-0.547186	-0.594184	6.220430	6.250635
30.218756	-0.550553	-0.597551	6.217062	6.247282
30.228130	-0.550553	-0.597551	6.213710	6.247282
30.237505	-0.547186	-0.597551	6.210357	6.250635
30.246880	-0.547186	-0.597551	6.210357	6.250635
30.256254	-0.550553	-0.597551	6.210357	6.253987
30.265631	-0.550553	-0.600904	6.213710	6.257355
30.275005	-0.553906	-0.600904	6.217062	6.260708
30.284380	-0.553906	-0.600904	6.227136	6.257355
30.293755	-0.553906	-0.600904	6.227136	6.253987
30.303129	-0.553906	-0.600904	6.230503	6.250635
30.312506	-0.553906	-0.597551	6.230503	6.250635
30.321880	-0.553906	-0.597551	6.233856	6.250635
30.331255	-0.553906	-0.597551	6.233856	6.257355
30.340630	-0.553906	-0.597551	6.230503	6.264061
30.350004	-0.553906	-0.600904	6.223783	6.264061
30.359379	-0.557259	-0.604257	6.223783	6.260708
30.368755	-0.553906	-0.604257	6.223783	6.250635
30.378130	-0.553906	-0.604257	6.223783	6.247282
30.387505	-0.553906	-0.604257	6.223783	6.247282
30.396879	-0.553906	-0.607610	6.227136	6.243929
30.406254	-0.557259	-0.607610	6.227136	6.240561
30.415630	-0.557259	-0.607610	6.230503	6.240561
30.425005	-0.557259	-0.607610	6.233856	6.243929
30.434380	-0.557259	-0.607610	6.233856	6.243929
30.443754	-0.560611	-0.607610	6.233856	6.240561
30.453129	-0.563979	-0.610977	6.233856	6.237209
30.462505	-0.563979	-0.610977	6.230503	6.237209
30.471880	-0.567332	-0.614330	6.230503	6.240561
30.481255	-0.567332	-0.614330	6.223783	6.243929
30.490629	-0.570685	-0.614330	6.220430	6.247282
30.500004	-0.574052	-0.614330	6.220430	6.247282
30.509378	-0.574052	-0.614330	6.220430	6.243929
30.518755	-0.577405	-0.617683	6.217062	6.243929
30.528130	-0.577405	-0.614330	6.213710	6.243929
30.537504	-0.577405	-0.614330	6.213710	6.240561
30.546879	-0.577405	-0.610977	6.217062	6.243929
30.556253	-0.577405	-0.610977	6.220430	6.250635
30.565630	-0.577405	-0.610977	6.220430	6.253987
30.575005	-0.577405	-0.610977	6.223783	6.250635
30.584379	-0.577405	-0.607610	6.227136	6.243929
30.593754	-0.580758	-0.607610	6.227136	6.247282
30.603128	-0.577405	-0.607610	6.230503	6.250635
30.612503	-0.577405	-0.604257	6.233856	6.250635
30.621880	-0.577405	-0.604257	6.237209	6.250635
30.631254	-0.577405	-0.604257	6.237209	6.247282
30.640629	-0.577405	-0.604257	6.233856	6.247282
30.650003	-0.580758	-0.600904	6.233856	6.243929
30.659378	-0.580758	-0.600904	6.233856	6.243929
30.668755	-0.577405	-0.600904	6.233856	6.247282
30.678129	-0.577405	-0.600904	6.233856	6.250635
30.687504	-0.577405	-0.600904	6.233856	6.247282
30.696878	-0.577405	-0.604257	6.233856	6.240561
30.706253	-0.574052	-0.604257	6.233856	6.233856
30.715630	-0.574052	-0.607610	6.240561	6.230503
30.725004	-0.574052	-0.607610	6.240561	6.230503
30.734379	-0.577405	-0.610977	6.237209	6.230503
30.743753	-0.580758	-0.610977	6.233856	6.227136
30.753128	-0.580758	-0.610977	6.237209	6.227136
30.762503	-0.584111	-0.607610	6.237209	6.223783
30.771879	-0.584111	-0.607610	6.233856	6.220430
30.781254	-0.584111	-0.607610	6.227136	6.220430
30.790628	-0.584111	-0.610977	6.220430	6.220430
30.800003	-0.580758	-0.610977	6.220430	6.220430
30.809378	-0.584111	-0.610977	6.223783	6.223783
30.818754	-0.584111	-0.610977	6.223783	6.227136
30.828129	-0.584111	-0.610977	6.227136	6.233856
30.837503	-0.584111	-0.610977	6.233856	6.233856
30.846878	-0.584111	-0.610977	6.233856	6.227136
30.856253	-0.584111	-0.610977	6.230503	6.223783
30.865629	-0.587478	-0.610977	6.230503	6.220430
30.875004	-0.590831	-0.610977	6.233856	6.220430
30.884378	-0.594184	-0.610977	6.240561	6.223783
30.893753	-0.594184	-0.610977	6.240561	6.230503
30.903128	-0.594184	-0.614330	6.237209	6.233856
30.912502	-0.594184	-0.614330	6.233856	6.233856
30.921879	-0.594184	-0.614330	6.227136	6.230503
30.931253	-0.594184	-0.614330	6.227136	6.227136
30.940628	-0.594184	-0.614330	6.227136	6.230503
30.950003	-0.594184	-0.610977	6.227136	6.237209
30.959377	-0.597551	-0.610977	6.220430	6.240561
30.968754	-0.597551	-0.610977	6.223783	6.237209
30.978128	-0.597551	-0.610977	6.227136	6.230503
30.987503	-0.597551	-0.607610	6.230503	6.227136
30.996878	-0.597551	-0.610977	6.227136	6.227136
31.006252	-0.597551	-0.610977	6.227136	6.227136
31.015627	-0.594184	-0.610977	6.227136	6.227136
31.025003	-0.594184	-0.610977	6.230503	6.230503
31.034378	-0.594184	-0.610977	6.230503	6.233856
31.043753	-0.594184	-0.614330	6.230503	6.237209
31.053127	-0.594184	-0.614330	6.233856	6.237209
31.062502	-0.594184	-0.614330	6.233856	6.230503
31.071878	-0.594184	-0.617683	6.233856	6.230503
31.081253	-0.594184	-0.617683	6.233856	6.233856
31.090628	-0.597551	-0.617683	6.233856	6.237209
31.100002	-0.600904	-0.621051	6.233856	6.237209
31.109377	-0.600904	-0.621051	6.233856	6.233856
31.118753	-0.604257	-0.621051	6.230503	6.233856
31.128128	-0.604257	-0.621051	6.227136	6.233856
31.137503	-0.600904	-0.621051	6.223783	6.233856
31.146877	-0.600904	-0.621051	6.227136	6.230503
31.156252	-0.600904	-0.621051	6.230503	6.233856
31.165627	-0.600904	-0.621051	6.233856	6.237209
31.175003	-0.604257	-0.621051	6.230503	6.237209
31.184378	-0.604257	-0.624403	6.223783	6.233856
31.193752	-0.604257	-0.624403	6.220430	6.230503
31.203127	-0.604257	-0.624403	6.220430	6.230503
31.212502	-0.604257	-0.624403	6.223783	6.233856
31.221878	-0.604257	-0.621051	6.227136	6.240561
31.231253	-0.600904	-0.621051	6.233856	6.247282
31.240627	-0.600904	-0.624403	6.237209	6.243929
31.250002	-0.600904	-0.624403	6.233856	6.240561
31.259377	-0.597551	-0.627756	6.227136	6.237209
31.268753	-0.597551	-0.627756	6.227136	6.237209
31.278128	-0.597551	-0.627756	6.230503	6.240561
31.287502	-0.597551	-0.627756	6.233856	6.243929
31.296877	-0.597551	-0.627756	6.233856	6.243929
31.306252	-0.600904	-0.627756	6.233856	6.247282
31.315626	-0.600904	-0.627756	6.237209	6.247282
31.325003	-0.600904	-0.627756	6.237209	6.247282
31.334377	-0.600904	-0.624403	6.233856	6.247282
31.343752	-0.604257	-0.624403	6.230503	6.247282
31.353127	-0.604257	-0.624403	6.227136	6.243929
31.362501	-0.604257	-0.621051	6.230503	6.240561
31.371878	-0.604257	-0.621051	6.230503	6.243929
31.381252	-0.604257	-0.621051	6.233856	6.250635
31.390627	-0.600904	-0.621051	6.230503	6.250635
31.400002	-0.600904	-0.621051	6.230503	6.243929
31.409376	-0.600904	-0.621051	6.227136	6.237209
31.418751	-0.600904	-0.624403	6.227136	6.237209
31.428127	-0.604257	-0.624403	6.227136	6.237209
31.437502	-0.604257	-0.624403	6.227136	6.237209
31.446877	-0.607610	-0.624403	6.227136	6.237209
31.456251	-0.607610	-0.624403	6.227136	6.230503
31.465626	-0.604257	-0.624403	6.227136	6.223783
31.475002	-0.607610	-0.624403	6.223783	6.227136
31.484377	-0.607610	-0.624403	6.223783	6.233856
31.493752	-0.607610	-0.627756	6.223783	6.237209
31.503126	-0.607610	-0.627756	6.223783	6.233856
31.512501	-0.607610	-0.624403	6.220430	6.230503
31.521877	-0.607610	-0.624403	6.217062	6.233856
31.531252	-0.607610	-0.624403	6.220430	6.233856
31.540627	-0.607610	-0.624403	6.223783	6.227136
31.550001	-0.610977	-0.624403	6.227136	6.223783
31.559376	-0.610977	-0.624403	6.230503	6.227136
31.568750	-0.610977	-0.627756	6.230503	6.230503
31.578127	-0.610977	-0.627756	6.233856	6.230503
31.587502	-0.607610	-0.627756	6.237209	6.227136
31.596876	-0.607610	-0.631109	6.237209	6.227136
31.606251	-0.607610	-0.631109	6.233856	6.230503
31.615625	-0.607610	-0.631109	6.230503	6.233856
31.625002	-0.607610	-0.631109	6.230503	6.230503
31.634377	-0.610977	-0.631109	6.230503	6.227136
31.643751	-0.614330	-0.627756	6.237209	6.227136
31.653126	-0.614330	-0.627756	6.243929	6.227136
31.662500	-0.617683	-0.627756	6.243929	6.227136
31.671875	-0.617683	-0.627756	6.240561	6.227136
31.681252	-0.617683	-0.627756	6.237209	6.223783
31.690626	-0.617683	-0.627756	6.233856	6.220430
31.700001	-0.617683	-0.627756	6.237209	6.220430
31.709375	-0.614330	-0.627756	6.243929	6.227136
31.718750	-0.614330	-0.624403	6.247282	6.227136
31.728127	-0.614330	-0.621051	6.247282	6.227136
31.737501	-0.614330	-0.621051	6.243929	6.227136
31.746876	-0.614330	-0.621051	6.243929	6.227136
31.756250	-0.617683	-0.621051	6.247282	6.227136
31.765625	-0.621051	-0.617683	6.250635	6.227136
31.775002	-0.624403	-0.617683	6.247282	6.233856
31.784376	-0.624403	-0.617683	6.243929	6.237209
31.793751	-0.627756	-0.617683	6.243929	6.233856
31.803125	-0.627756	-0.617683	6.243929	6.227136
31.812500	-0.627756	-0.621051	6.243929	6.227136
31.821875	-0.624403	-0.621051	6.237209	6.230503
31.831251	-0.624403	-0.621051	6.233856	6.230503
31.840626	-0.624403	-0.624403	6.233856	6.230503
31.850000	-0.624403	-0.624403	6.233856	6.227136
31.859375	-0.621051	-0.624403	6.233856	6.227136
31.868750	-0.621051	-0.627756	6.237209	6.230503
31.878126	-0.621051	-0.627756	6.237209	6.230503
31.887501	-0.621051	-0.627756	6.237209	6.230503
31.896875	-0.621051	-0.627756	6.237209	6.230503
31.906250	-0.624403	-0.627756	6.240561	6.227136
31.915625	-0.624403	-0.627756	6.243929	6.230503
31.925001	-0.624403	-0.627756	6.243929	6.237209
31.934376	-0.624403	-0.627756	6.243929	6.237209
31.943750	-0.624403	-0.627756	6.243929	6.233856
31.953125	-0.624403	-0.627756	6.243929	6.230503
31.962500	-0.624403	-0.627756	6.243929	6.233856
31.971874	-0.624403	-0.624403	6.247282	6.240561
31.981251	-0.624403	-0.624403	6.247282	6.243929
31.990625	-0.624403	-0.624403	6.247282	6.243929
