21.452927	0.057057	0.124201	-64.017090	-64.151360
21.492014	0.060424	0.124201	-64.013733	-64.164787
21.531101	0.057057	0.127554	-64.017090	-64.174858
21.570189	0.053704	0.130907	-64.030510	-64.178215
21.609276	0.046983	0.137627	-64.033867	-64.184937
21.648363	0.040278	0.140980	-64.027161	-64.201714
21.687450	0.040278	0.144348	-64.017090	-64.218506
21.726538	0.040278	0.147700	-64.017090	-64.221863
21.765625	0.043631	0.147700	-64.023796	-64.225212
21.804712	0.046983	0.151053	-64.023796	-64.235283
21.843801	0.053704	0.154406	-64.023796	-64.248711
21.882889	0.060424	0.157773	-64.030510	-64.258781
21.921976	0.067130	0.161126	-64.043938	-64.258781
21.961063	0.067130	0.164479	-64.047295	-64.265503
22.000151	0.070482	0.167847	-64.047295	-64.278931
22.039238	0.073850	0.171199	-64.050659	-64.295708
22.078325	0.077203	0.174552	-64.060730	-64.302429
22.117413	0.080556	0.181273	-64.070793	-64.312500
22.156500	0.083923	0.184625	-64.067436	-64.332634
22.195587	0.087276	0.187978	-64.074158	-64.352783
22.234674	0.087276	0.191346	-64.084229	-64.362854
22.273762	0.087276	0.194699	-64.101013	-64.362854
22.312851	0.090629	0.198051	-64.107735	-64.369560
22.351938	0.090629	0.204772	-64.104362	-64.393059
22.391026	0.093982	0.208125	-64.101013	-64.409851
22.430113	0.093982	0.214845	-64.114433	-64.416557
22.469200	0.093982	0.221550	-64.124512	-64.419922
22.508287	0.097349	0.228271	-64.124512	-64.433350
22.547375	0.100702	0.231624	-64.121155	-64.446777
22.586462	0.107422	0.238329	-64.127861	-64.460205
22.625549	0.110775	0.245050	-64.137939	-64.466927
22.664637	0.117481	0.248402	-64.144653	-64.480347
22.703724	0.117481	0.258476	-64.151360	-64.503845
22.742811	0.117481	0.265196	-64.161438	-64.527351
22.781900	0.114128	0.275269	-64.168152	-64.544128
22.820988	0.114128	0.288695	-64.171509	-64.560905
22.860075	0.120848	0.298768	-64.174858	-64.587769
22.899162	0.124201	0.315547	-64.181580	-64.614624
22.938250	0.127554	0.328973	-64.195007	-64.638123
22.977337	0.130907	0.345752	-64.205078	-64.664978
23.016424	0.134274	0.362545	-64.208435	-64.695198
23.055511	0.137627	0.382692	-64.215157	-64.725403
23.094599	0.137627	0.399470	-64.221863	-64.748901
23.133686	0.144348	0.416249	-64.231934	-64.775749
23.172773	0.151053	0.433043	-64.242004	-64.802620
23.211861	0.161126	0.449821	-64.252075	-64.832825
23.250950	0.167847	0.469968	-64.265503	-64.866394
23.290037	0.171199	0.493467	-64.278931	-64.903320
23.329124	0.174552	0.523672	-64.292358	-64.943611
23.368212	0.177905	0.557244	-64.292358	-64.993965
23.407299	0.181273	0.594169	-64.292358	-65.040962
23.446386	0.184625	0.637814	-64.299080	-65.084595
23.485474	0.191346	0.684813	-64.302429	-65.134956
23.524561	0.198051	0.735164	-64.309135	-65.192017
23.563648	0.208125	0.785515	-64.322578	-65.255806
23.602736	0.218198	0.839233	-64.342705	-65.316231
23.641823	0.228271	0.903010	-64.359505	-65.383362
23.680912	0.234976	0.973508	-64.372925	-65.457222
23.719999	0.238329	1.057431	-64.393059	-65.541145
23.759087	0.241697	1.154780	-64.413208	-65.621704
23.798174	0.245050	1.272276	-64.433350	-65.712349
23.837261	0.248402	1.409918	-64.446777	-65.819771
23.876348	0.255123	1.574397	-64.460205	-65.940620
23.915436	0.261828	1.779184	-64.480347	-66.071541
23.954523	0.268549	2.030954	-64.500481	-66.215889
23.993610	0.278622	2.346501	-64.510551	-66.393806
24.032698	0.288695	2.745986	-64.527351	-66.618729
24.071785	0.298768	3.259599	-64.550850	-66.890640
24.110872	0.312194	3.910840	-64.584404	-67.229691
24.149961	0.322267	4.736647	-64.607903	-67.669449
24.189049	0.332326	5.777314	-64.628052	-68.263634
24.228136	0.342399	7.063016	-64.648193	-69.049164
24.267223	0.352472	8.590430	-64.678398	-70.056244
24.306311	0.362545	10.332688	-64.705269	-71.355385
24.345398	0.372618	12.162224	-64.725403	-72.990227
24.384485	0.389397	13.834000	-64.748901	-74.950684
24.423573	0.409544	15.012280	-64.785820	-77.172981
24.462660	0.433043	15.257343	-64.826118	-79.485924
24.501747	0.459895	14.196545	-64.866394	-81.651154
24.540834	0.493467	11.675477	-64.899963	-83.463905
24.579922	0.523672	7.979467	-64.936890	-84.773125
24.619011	0.553891	3.736287	-64.980537	-85.588860
24.658098	0.584096	-0.617683	-65.030891	-85.897697
24.697186	0.617668	-4.850805	-65.067810	-85.572083
24.736273	0.654593	-8.805290	-65.104736	-84.494499
24.775360	0.701591	-12.286454	-65.151733	-82.604530
24.814447	0.751957	-14.867947	-65.212158	-80.046532
24.853535	0.809014	-16.093239	-65.272583	-77.166275
24.892622	0.872806	-15.676975	-65.333008	-74.390068
24.931709	0.943303	-13.787016	-65.400154	-72.147621
24.970797	1.020506	-11.131660	-65.480721	-70.600060
25.009884	1.107782	-8.519947	-65.564644	-69.579559
25.048973	1.205131	-6.438643	-65.648567	-68.857803
25.088060	1.319274	-4.928008	-65.745918	-68.313988
25.127148	1.446843	-3.833652	-65.856697	-67.874222
25.166235	1.601264	-3.031328	-65.970840	-67.515030
25.205322	1.792610	-2.423733	-66.084969	-67.233040
25.244410	2.027586	-1.960471	-66.199112	-66.991341
25.283497	2.326355	-1.607984	-66.340103	-66.779854
25.322584	2.702341	-1.342788	-66.507950	-66.581802
25.361671	3.189102	-1.138017	-66.702652	-66.403877
25.400759	3.823564	-0.980243	-66.920845	-66.246109
25.439846	4.669518	-0.856027	-67.179337	-66.105110
25.478933	5.820945	-0.751957	-67.491531	-65.974190
25.518023	7.355079	-0.661328	-67.854080	-65.863419
25.557110	9.386033	-0.580758	-68.297211	-65.769417
25.596197	11.930600	-0.516981	-68.841026	-65.678772
25.635284	14.656440	-0.456557	-69.616478	-65.598206
25.674372	16.949251	-0.402838	-70.858551	-65.517647
25.713459	18.201382	-0.359207	-72.674660	-65.447151
25.752546	18.184603	-0.322267	-74.954033	-65.380005
25.791634	17.009676	-0.292063	-77.528816	-65.316231
25.830721	14.921650	-0.261843	-80.150604	-65.255806
25.869808	12.118593	-0.238344	-82.591103	-65.198738
25.908895	8.634075	-0.218213	-84.712700	-65.145020
25.947983	4.458025	-0.198066	-86.364311	-65.094666
25.987072	-0.268564	-0.181288	-87.341187	-65.054390
26.026159	-5.072355	-0.164494	-87.357971	-65.017464
26.065247	-9.067133	-0.151068	-86.203186	-64.983887
26.104334	-11.564702	-0.140995	-84.048019	-64.943611
26.143421	-12.461006	-0.127569	-81.305382	-64.899963
26.182508	-12.068256	-0.117496	-78.455345	-64.866394
26.221596	-10.883242	-0.107422	-75.850334	-64.842896
26.260683	-9.345755	-0.100717	-73.641464	-64.819397
26.299770	-7.778063	-0.090644	-71.879074	-64.785820
26.338858	-6.347999	-0.083938	-70.519508	-64.755615
26.377945	-5.116001	-0.077218	-69.472137	-64.735474
26.417032	-4.095495	-0.067145	-68.679901	-64.718697
26.456121	-3.283113	-0.060439	-68.082359	-64.691826
26.495209	-2.638578	-0.053719	-67.619102	-64.658272
26.534296	-2.138391	-0.046998	-67.236412	-64.634773
26.573383	-1.759052	-0.040293	-66.920845	-64.621346
26.612471	-1.466990	-0.036940	-66.669075	-64.604553
26.651558	-1.235366	-0.036940	-66.467659	-64.574348
26.690645	-1.057446	-0.036940	-66.289742	-64.544128
26.729733	-0.909746	-0.036940	-66.125259	-64.530701
26.768820	-0.792250	-0.036940	-65.984261	-64.517273
26.807907	-0.694901	-0.036940	-65.870125	-64.500481
26.846994	-0.614330	-0.033572	-65.772774	-64.480347
26.886084	-0.543833	-0.030220	-65.675423	-64.466927
26.925171	-0.469983	-0.026867	-65.561279	-64.463554
26.964258	-0.416264	-0.023499	-65.484077	-64.453484
27.003345	-0.369266	-0.023499	-65.420288	-64.433350
27.042433	-0.328988	-0.023499	-65.349800	-64.416557
27.081520	-0.298783	-0.023499	-65.275940	-64.413208
27.120607	-0.271916	-0.020146	-65.212158	-64.403130
27.159695	-0.248417	-0.020146	-65.165161	-64.379631
27.198782	-0.228286	-0.016794	-65.118164	-64.352783
27.237869	-0.211492	-0.006720	-65.061096	-64.332634
27.276957	-0.194713	0.003353	-65.000671	-64.312500
27.316044	-0.181288	0.020131	-64.967110	-64.285637
27.355133	-0.167862	0.040278	-64.940247	-64.252075
27.394220	-0.154421	0.060424	-64.903320	-64.231934
27.433308	-0.140995	0.073850	-64.863045	-64.225212
27.472395	-0.130922	0.063777	-64.836189	-64.235283
27.511482	-0.124216	0.033557	-64.809326	-64.258781
27.550570	-0.114143	0.000000	-64.779121	-64.282280
27.589657	-0.107422	-0.003368	-64.742195	-64.285637
27.628744	-0.097364	-0.003368	-64.715324	-64.282280
27.667831	-0.090644	-0.003368	-64.698547	-64.272209
27.706919	-0.080571	-0.003368	-64.678398	-64.255432
27.746006	-0.073865	-0.003368	-64.648193	-64.245361
27.785093	-0.067145	-0.003368	-64.621346	-64.238640
27.824183	-0.060439	-0.003368	-64.604553	-64.231934
27.863270	-0.057071	0.000000	-64.584404	-64.218506
27.902357	-0.057071	0.000000	-64.554199	-64.208435
27.941444	-0.057071	0.000000	-64.520630	-64.201714
27.980532	-0.057071	-0.003368	-64.497131	-64.198357
28.019619	-0.053719	-0.003368	-64.480347	-64.195007
28.058706	-0.057071	-0.003368	-64.463554	-64.191658
28.097794	-0.053719	-0.003368	-64.443428	-64.184937
28.136881	-0.053719	-0.003368	-64.426628	-64.178215
28.175968	-0.046998	-0.006720	-64.413208	-64.171509
28.215055	-0.043646	-0.006720	-64.399780	-64.164787
28.254143	-0.040293	-0.006720	-64.389709	-64.161438
28.293232	-0.033572	-0.006720	-64.379631	-64.154716
28.332319	-0.033572	-0.003368	-64.369560	-64.148010
28.371407	-0.030220	0.000000	-64.356133	-64.141289
28.410494	-0.030220	0.000000	-64.342705	-64.144653
28.449581	-0.033572	0.003353	-64.329285	-64.141289
28.488668	-0.036940	0.003353	-64.322578	-64.127861
28.527756	-0.043646	0.000000	-64.315857	-64.114433
28.566843	-0.046998	0.000000	-64.309135	-64.107735
28.605930	-0.050366	0.000000	-64.299080	-64.104362
28.645018	-0.050366	0.003353	-64.292358	-64.097656
28.684105	-0.046998	0.003353	-64.285637	-64.090935
28.723194	-0.043646	0.003353	-64.268860	-64.090935
28.762281	-0.036940	0.006706	-64.255432	-64.094292
28.801369	-0.030220	0.006706	-64.248711	-64.087585
28.840456	-0.026867	0.010058	-64.248711	-64.077515
28.879543	-0.023499	0.013426	-64.245361	-64.070793
28.918631	-0.020146	0.016779	-64.242004	-64.077515
28.957718	-0.020146	0.016779	-64.235283	-64.077515
28.996805	-0.020146	0.016779	-64.228577	-64.064087
29.035892	-0.016794	0.013426	-64.211784	-64.047295
29.074980	-0.016794	0.010058	-64.191658	-64.047295
29.114067	-0.016794	0.006706	-64.174858	-64.054016
29.153154	-0.023499	0.006706	-64.171509	-64.050659
29.192244	-0.030220	0.006706	-64.171509	-64.043938
29.231331	-0.033572	0.010058	-64.161438	-64.043938
29.270418	-0.036940	0.010058	-64.148010	-64.050659
29.309505	-0.040293	0.010058	-64.141289	-64.047295
29.348593	-0.040293	0.010058	-64.141289	-64.037231
29.387680	-0.036940	0.013426	-64.134583	-64.027161
29.426767	-0.030220	0.013426	-64.117790	-64.023796
29.465855	-0.023499	0.013426	-64.111084	-64.027161
29.504942	-0.016794	0.010058	-64.117790	-64.020439
29.544029	-0.013441	0.010058	-64.124512	-64.007011
29.583117	-0.010073	0.006706	-64.117790	-64.007011
29.622204	-0.010073	0.003353	-64.107735	-64.010368
29.661293	-0.010073	0.000000	-64.104362	-64.007011
29.700380	-0.010073	0.000000	-64.101013	-64.000305
29.739468	-0.010073	-0.003368	-64.094292	-63.993587
29.778555	-0.010073	-0.003368	-64.080864	-63.996941
29.817642	-0.010073	-0.006720	-64.074158	-64.000305
29.856730	-0.006720	-0.006720	-64.074158	-63.996941
29.895817	-0.010073	-0.006720	-64.074158	-63.986866
29.934904	-0.013441	-0.010073	-64.064087	-63.986866
29.973991	-0.016794	-0.010073	-64.054016	-63.993587
30.013079	-0.016794	-0.010073	-64.054016	-63.990234
30.052166	-0.016794	-0.010073	-64.054016	-63.980164
30.091253	-0.016794	-0.010073	-64.054016	-63.973442
30.130342	-0.020146	-0.006720	-64.047295	-63.973442
30.169430	-0.023499	-0.006720	-64.047295	-63.980164
30.208517	-0.023499	-0.003368	-64.050659	-63.983517
30.247604	-0.023499	-0.003368	-64.047295	-63.980164
30.286692	-0.020146	-0.003368	-64.040588	-63.976810
30.325779	-0.020146	0.000000	-64.037231	-63.970089
30.364866	-0.020146	0.000000	-64.037231	-63.963367
30.403954	-0.013441	0.003353	-64.030510	-63.966736
30.443041	-0.010073	0.003353	-64.023796	-63.970089
30.482128	-0.006720	0.003353	-64.017090	-63.973442
30.521215	-0.003368	0.003353	-64.020439	-63.970089
30.560305	0.000000	0.006706	-64.017090	-63.963367
30.599392	-0.003368	0.006706	-64.003662	-63.960014
30.638479	-0.003368	0.003353	-63.990234	-63.953312
30.677567	-0.003368	0.003353	-63.990234	-63.946590
30.716654	-0.006720	0.000000	-63.993587	-63.943237
30.755741	-0.006720	-0.006720	-63.993587	-63.943237
30.794828	-0.010073	-0.010073	-63.990234	-63.946590
30.833916	-0.006720	-0.013441	-63.990234	-63.936516
30.873003	-0.003368	-0.013441	-63.990234	-63.923092
30.912090	0.003353	-0.013441	-63.986866	-63.923092
30.951178	0.006706	-0.013441	-63.980164	-63.926445
30.990265	0.010058	-0.010073	-63.973442	-63.923092
31.029354	0.010058	-0.010073	-63.973442	-63.913017
31.068441	0.006706	-0.006720	-63.973442	-63.916370
31.107529	0.006706	-0.006720	-63.970089	-63.929810
31.146616	0.006706	-0.003368	-63.966736	-63.933163
31.185703	0.003353	-0.003368	-63.966736	-63.923092
31.224791	0.000000	-0.006720	-63.960014	-63.913017
31.263878	0.000000	-0.006720	-63.949944	-63.913017
31.302965	0.003353	-0.006720	-63.943237	-63.923092
31.342052	0.003353	-0.006720	-63.953312	-63.919739
31.381140	0.006706	-0.010073	-63.960014	-63.906311
31.420227	0.003353	-0.010073	-63.953312	-63.899593
31.459314	0.003353	-0.010073	-63.939869	-63.899593
31.498404	0.003353	-0.010073	-63.933163	-63.896240
31.537491	0.003353	-0.006720	-63.936516	-63.886166
31.576578	0.000000	-0.003368	-63.939869	-63.879444
31.615665	-0.003368	-0.003368	-63.936516	-63.889519
31.654753	-0.003368	0.000000	-63.939869	-63.899593
31.693840	-0.003368	-0.003368	-63.946590	-63.896240
31.732927	-0.003368	-0.003368	-63.953312	-63.879444
31.772015	-0.006720	-0.010073	-63.943237	-63.876091
31.811102	-0.006720	-0.013441	-63.933163	-63.886166
31.850189	-0.006720	-0.013441	-63.929810	-63.892887
31.889277	-0.010073	-0.013441	-63.933163	-63.889519
31.928364	-0.010073	-0.013441	-63.926445	-63.886166
31.967453	-0.013441	-0.010073	-63.913017	-63.896240
32.006538	-0.020146	-0.006720	-63.906311	-63.902943
32.045628	-0.020146	-0.006720	-63.913017	-63.896240
32.084713	-0.016794	-0.006720	-63.913017	-63.879444
32.123802	-0.010073	-0.006720	-63.902943	-63.869389
32.162888	-0.003368	-0.010073	-63.896240	-63.869389
32.201977	0.000000	-0.013441	-63.899593	-63.869389
32.241066	-0.003368	-0.013441	-63.906311	-63.869389
32.280151	-0.006720	-0.013441	-63.906311	-63.872738
32.319241	-0.006720	-0.013441	-63.902943	-63.872738
32.358326	-0.006720	-0.013441	-63.902943	-63.869389
32.397415	-0.006720	-0.013441	-63.909664	-63.862667
32.436501	-0.010073	-0.010073	-63.906311	-63.859314
32.475590	-0.010073	-0.006720	-63.892887	-63.866020
32.514675	-0.013441	-0.006720	-63.882812	-63.872738
32.553764	-0.016794	-0.006720	-63.882812	-63.876091
32.592850	-0.016794	-0.006720	-63.886166	-63.879444
32.631939	-0.016794	-0.010073	-63.879444	-63.879444
32.671028	-0.016794	-0.010073	-63.866020	-63.882812
32.710114	-0.016794	-0.010073	-63.859314	-63.882812
32.749203	-0.013441	-0.010073	-63.859314	-63.879444
32.788288	-0.016794	-0.006720	-63.859314	-63.872738
32.827377	-0.016794	-0.003368	-63.852592	-63.866020
32.866463	-0.023499	-0.003368	-63.852592	-63.859314
32.905552	-0.026867	-0.006720	-63.862667	-63.855946
32.944637	-0.033572	-0.006720	-63.869389	-63.855946
32.983727	-0.033572	-0.003368	-63.872738	-63.862667
33.022812	-0.030220	-0.003368	-63.879444	-63.862667
33.061901	-0.026867	0.000000	-63.882812	-63.862667
33.100990	-0.023499	0.000000	-63.882812	-63.859314
33.140076	-0.020146	0.000000	-63.876091	-63.855946
33.179165	-0.020146	0.000000	-63.869389	-63.852592
33.218250	-0.020146	0.000000	-63.866020	-63.845886
33.257339	-0.020146	0.000000	-63.862667	-63.845886
33.296425	-0.020146	0.003353	-63.855946	-63.855946
33.335514	-0.016794	0.003353	-63.855946	-63.866020
33.374599	-0.013441	0.003353	-63.855946	-63.866020
33.413689	-0.013441	0.003353	-63.852592	-63.862667
33.452774	-0.016794	0.000000	-63.849239	-63.862667
33.491863	-0.016794	-0.003368	-63.849239	-63.866020
33.530949	-0.016794	-0.006720	-63.859314	-63.866020
33.570038	-0.016794	-0.013441	-63.869389	-63.855946
33.609127	-0.020146	-0.020146	-63.869389	-63.849239
33.648212	-0.023499	-0.026867	-63.862667	-63.849239
33.687302	-0.026867	-0.033572	-63.862667	-63.852592
33.726387	-0.030220	-0.033572	-63.866020	-63.842522
33.765476	-0.033572	-0.033572	-63.862667	-63.835815
33.804562	-0.036940	-0.033572	-63.855946	-63.849239
33.843651	-0.036940	-0.033572	-63.852592	-63.869389
33.882736	-0.036940	-0.030220	-63.859314	-63.876091
33.921825	-0.033572	-0.030220	-63.866020	-63.869389
33.960911	-0.033572	-0.030220	-63.866020	-63.862667
