21.940655	-0.040293	-0.040293	-0.030220	-0.060439
21.979643	-0.050366	-0.040293	-0.030220	-0.060439
22.018633	-0.050366	-0.040293	-0.030220	-0.060439
22.057623	-0.050366	-0.040293	-0.030220	-0.060439
22.096613	-0.050366	-0.040293	-0.030220	-0.060439
22.135603	-0.050366	-0.040293	-0.020146	-0.060439
22.174593	-0.050366	-0.030220	-0.030220	-0.050366
22.213581	-0.050366	-0.030220	-0.040293	-0.050366
22.252571	-0.050366	-0.030220	-0.040293	-0.060439
22.291561	-0.050366	-0.030220	-0.030220	-0.060439
22.330551	-0.050366	-0.030220	-0.030220	-0.060439
22.369541	-0.050366	-0.020146	-0.030220	-0.060439
22.408531	-0.050366	-0.030220	-0.020146	-0.060439
22.447521	-0.050366	-0.030220	-0.020146	-0.070512
22.486509	-0.060439	-0.030220	-0.020146	-0.070512
22.525499	-0.060439	-0.030220	-0.020146	-0.070512
22.564489	-0.070512	-0.030220	-0.030220	-0.060439
22.603479	-0.070512	-0.030220	-0.040293	-0.060439
22.642469	-0.080585	-0.020146	-0.030220	-0.060439
22.681459	-0.080585	-0.030220	-0.030220	-0.060439
22.720448	-0.090659	-0.030220	-0.020146	-0.060439
22.759438	-0.090659	-0.030220	-0.020146	-0.060439
22.798428	-0.090659	-0.030220	-0.020146	-0.060439
22.837418	-0.090659	-0.030220	-0.020146	-0.060439
22.876408	-0.090659	-0.030220	-0.010073	-0.060439
22.915398	-0.100732	-0.030220	-0.010073	-0.050366
22.954386	-0.100732	-0.030220	-0.010073	-0.050366
22.993376	-0.110805	-0.030220	-0.010073	-0.050366
23.032366	-0.110805	-0.030220	0.000000	-0.060439
23.071356	-0.110805	-0.040293	0.000000	-0.070512
23.110346	-0.110805	-0.040293	-0.010073	-0.070512
23.149336	-0.120878	-0.040293	-0.010073	-0.070512
23.188324	-0.130951	-0.030220	0.000000	-0.070512
23.227314	-0.130951	-0.030220	0.010014	-0.070512
23.266304	-0.141025	-0.040293	0.000000	-0.060439
23.305294	-0.151098	-0.040293	0.000000	-0.050366
23.344284	-0.151098	-0.040293	-0.010073	-0.050366
23.383274	-0.161171	-0.040293	0.000000	-0.060439
23.422262	-0.161171	-0.040293	0.010014	-0.060439
23.461252	-0.161171	-0.030220	0.010014	-0.060439
23.500242	-0.171244	-0.030220	-0.010073	-0.060439
23.539232	-0.191391	-0.020146	-0.020146	-0.060439
23.578222	-0.201464	-0.020146	-0.010073	-0.060439
23.617212	-0.211537	-0.030220	0.000000	-0.060439
23.656202	-0.211537	-0.030220	0.010014	-0.060439
23.695190	-0.221610	-0.030220	0.000000	-0.060439
23.734180	-0.221610	-0.030220	0.010014	-0.060439
23.773170	-0.221610	-0.030220	0.020087	-0.060439
23.812160	-0.231683	-0.030220	0.030160	-0.060439
23.851151	-0.241756	-0.020146	0.020087	-0.050366
23.890141	-0.251830	-0.020146	0.020087	-0.050366
23.929129	-0.251830	-0.020146	0.020087	-0.050366
23.968119	-0.251830	-0.020146	0.030160	-0.050366
24.007109	-0.261843	-0.020146	0.040233	-0.050366
24.046099	-0.271916	-0.030220	0.030160	-0.050366
24.085089	-0.271916	-0.030220	0.040233	-0.060439
24.124079	-0.281990	-0.030220	0.040233	-0.060439
24.163067	-0.292063	-0.030220	0.050306	-0.060439
24.202057	-0.302136	-0.030220	0.050306	-0.050366
24.241047	-0.312209	-0.030220	0.050306	-0.060439
24.280037	-0.332355	-0.030220	0.060380	-0.060439
24.319027	-0.342429	-0.030220	0.060380	-0.060439
24.358017	-0.352502	-0.030220	0.070453	-0.060439
24.397005	-0.362575	-0.030220	0.070453	-0.060439
24.435995	-0.372648	-0.030220	0.070453	-0.070512
24.474985	-0.392795	-0.030220	0.080526	-0.070512
24.513975	-0.402868	-0.030220	0.090599	-0.060439
24.552965	-0.412941	-0.020146	0.100672	-0.050366
24.591955	-0.433087	-0.030220	0.100672	-0.040293
24.630943	-0.453234	-0.030220	0.110745	-0.050366
24.669933	-0.463307	-0.030220	0.110745	-0.060439
24.708923	-0.473380	-0.030220	0.110745	-0.060439
24.747913	-0.483453	-0.030220	0.120819	-0.060439
24.786903	-0.493526	-0.030220	0.120819	-0.060439
24.825893	-0.503600	-0.030220	0.130892	-0.060439
24.864883	-0.513673	-0.030220	0.140965	-0.060439
24.903872	-0.533760	-0.030220	0.151038	-0.060439
24.942862	-0.563979	-0.030220	0.161111	-0.060439
24.981852	-0.584126	-0.030220	0.161111	-0.060439
25.020842	-0.614345	-0.030220	0.171185	-0.060439
25.059832	-0.634491	-0.030220	0.181258	-0.060439
25.098822	-0.664711	-0.030220	0.191331	-0.050366
25.137810	-0.684857	-0.040293	0.201404	-0.050366
25.176800	-0.715077	-0.040293	0.211477	-0.060439
25.215790	-0.745296	-0.040293	0.221550	-0.060439
25.254780	-0.765443	-0.040293	0.231624	-0.060439
25.293770	-0.795603	-0.040293	0.231624	-0.060439
25.332760	-0.825822	-0.030220	0.241697	-0.050366
25.371748	-0.856042	-0.030220	0.251770	-0.060439
25.410738	-0.886261	-0.030220	0.261784	-0.060439
25.449728	-0.916481	-0.030220	0.281930	-0.070512
25.488718	-0.956774	-0.030220	0.292003	-0.060439
25.527708	-0.986993	-0.030220	0.302076	-0.060439
25.566698	-1.027286	-0.020146	0.312150	-0.060439
25.605686	-1.077592	-0.020146	0.332296	-0.060439
25.644676	-1.127958	-0.020146	0.352442	-0.060439
25.683666	-1.178324	-0.020146	0.372589	-0.060439
25.722656	-1.228690	-0.030220	0.392735	-0.060439
25.761646	-1.279056	-0.040293	0.412881	-0.070512
25.800636	-1.339436	-0.040293	0.443101	-0.070512
25.839624	-1.409948	-0.030220	0.463247	-0.060439
25.878614	-1.470387	-0.030220	0.483394	-0.060439
25.917604	-1.540899	-0.030220	0.523627	-0.060439
25.956594	-1.621425	-0.030220	0.553846	-0.060439
25.995584	-1.712084	-0.030220	0.584066	-0.060439
26.034575	-1.802742	-0.030220	0.614285	-0.060439
26.073565	-1.913488	-0.040293	0.654578	-0.060439
26.112553	-2.034366	-0.040293	0.704944	-0.060439
26.151543	-2.165258	-0.040293	0.765383	-0.070512
26.190533	-2.326369	-0.040293	0.815690	-0.060439
26.229523	-2.507687	-0.040293	0.886202	-0.060439
26.268513	-2.709091	-0.050366	0.966787	-0.060439
26.307503	-2.950788	-0.040293	1.067460	-0.060439
26.346491	-3.222704	-0.040293	1.168191	-0.050366
26.385481	-3.565133	-0.040293	1.299083	-0.050366
26.424471	-3.988087	-0.030220	1.460254	-0.050366
26.463461	-4.511774	-0.030220	1.671731	-0.060439
26.502451	-5.216718	-0.030220	1.943648	-0.060439
26.541441	-6.193578	-0.020146	2.276003	-0.050366
26.580429	-7.593453	-0.020146	2.719104	-0.050366
26.619419	-9.637833	-0.020146	3.313303	-0.060439
26.658409	-12.538254	-0.030220	4.028320	-0.070512
26.697399	-16.345024	-0.030220	4.793704	-0.070512
26.736389	-20.776213	-0.030220	5.468428	-0.060439
26.775379	-25.076448	-0.030220	5.810857	-0.060439
26.814367	-28.047382	-0.030220	5.730271	-0.060439
26.853357	-28.530777	-0.030220	5.488575	-0.050366
26.892347	-26.506542	-0.020146	5.156279	-0.040293
26.931337	-23.001850	-0.030220	4.733264	-0.030220
26.970327	-19.044041	-0.030220	4.229724	-0.040293
27.009317	-15.358090	-0.030220	3.706038	-0.040293
27.048306	-12.296557	-0.040293	3.192425	-0.050366
27.087296	-9.859383	-0.040293	2.739251	-0.050366
27.126286	-8.006334	-0.040293	2.336383	-0.050366
27.165276	-6.626666	-0.040293	2.014160	-0.060439
27.204266	-5.579293	-0.040293	1.742244	-0.060439
27.243256	-4.793763	-0.030220	1.520693	-0.060439
27.282246	-4.189491	-0.030220	1.339376	-0.050366
27.321234	-3.706098	-0.020146	1.198411	-0.040293
27.360224	-3.333509	-0.020146	1.077533	-0.050366
27.399214	-3.011227	-0.030220	0.986934	-0.050366
27.438204	-2.749383	-0.030220	0.896275	-0.050366
27.477194	-2.527833	-0.030220	0.825763	-0.060439
27.516184	-2.346516	-0.030220	0.755310	-0.060439
27.555172	-2.185404	-0.030220	0.694871	-0.060439
27.594162	-2.044439	-0.030220	0.654578	-0.060439
27.633152	-1.933634	-0.030220	0.614285	-0.060439
27.672142	-1.832902	-0.030220	0.573993	-0.050366
27.711132	-1.752377	-0.030220	0.543773	-0.050366
27.750122	-1.681864	-0.030220	0.523627	-0.050366
27.789110	-1.621425	-0.040293	0.513613	-0.050366
27.828100	-1.581132	-0.040293	0.503540	-0.050366
27.867090	-1.540899	-0.040293	0.473320	-0.050366
27.906080	-1.510680	-0.040293	0.463247	-0.050366
27.945070	-1.480460	-0.040293	0.453174	-0.050366
27.984060	-1.450241	-0.040293	0.453174	-0.040293
28.023048	-1.440167	-0.030220	0.453174	-0.040293
28.062038	-1.430094	-0.030220	0.453174	-0.040293
28.101028	-1.420021	-0.030220	0.443101	-0.040293
28.140018	-1.420021	-0.030220	0.443101	-0.050366
28.179008	-1.420021	-0.030220	0.443101	-0.040293
28.217999	-1.420021	-0.030220	0.443101	-0.040293
28.256987	-1.420021	-0.040293	0.443101	-0.050366
28.295977	-1.430094	-0.040293	0.443101	-0.050366
28.334967	-1.440167	-0.040293	0.443101	-0.050366
28.373957	-1.460314	-0.030220	0.443101	-0.040293
28.412947	-1.470387	-0.030220	0.453174	-0.040293
28.451937	-1.500607	-0.030220	0.463247	-0.040293
28.490927	-1.520753	-0.030220	0.473320	-0.040293
28.529915	-1.560986	-0.030220	0.483394	-0.050366
28.568905	-1.591206	-0.030220	0.483394	-0.060439
28.607895	-1.621425	-0.040293	0.503540	-0.060439
28.646885	-1.651645	-0.040293	0.523627	-0.060439
28.685875	-1.691937	-0.040293	0.543773	-0.050366
28.724865	-1.742303	-0.040293	0.563920	-0.040293
28.763853	-1.792669	-0.040293	0.573993	-0.040293
28.802843	-1.853049	-0.040293	0.604212	-0.050366
28.841833	-1.913488	-0.050366	0.624359	-0.060439
28.880823	-1.984000	-0.050366	0.644505	-0.060439
28.919813	-2.064526	-0.050366	0.664651	-0.060439
28.958803	-2.145112	-0.050366	0.694871	-0.050366
28.997791	-2.235770	-0.040293	0.735164	-0.050366
29.036781	-2.346516	-0.040293	0.775397	-0.050366
29.075771	-2.457321	-0.040293	0.815690	-0.040293
29.114761	-2.588212	-0.040293	0.855982	-0.040293
29.153751	-2.739310	-0.050366	0.896275	-0.040293
29.192741	-2.900422	-0.050366	0.946641	-0.040293
29.231730	-3.081739	-0.050366	1.007080	-0.040293
29.270720	-3.283143	-0.050366	1.077533	-0.040293
29.309710	-3.514767	-0.050366	1.158118	-0.040293
29.348700	-3.786683	-0.050366	1.258850	-0.050366
29.387690	-4.119039	-0.050366	1.369596	-0.050366
29.426680	-4.501700	-0.050366	1.500547	-0.050366
29.465668	-4.964948	-0.050366	1.661658	-0.040293
29.504658	-5.539000	-0.050366	1.863062	-0.040293
29.543648	-6.274164	-0.060439	2.114832	-0.050366
29.582638	-7.240951	-0.060439	2.447188	-0.050366
29.621628	-8.610606	-0.070512	2.930582	-0.050366
29.660618	-10.806084	-0.070512	3.776550	-0.040293
29.699608	-14.209986	-0.070512	5.397975	-0.030220
29.738596	-18.490135	-0.070512	7.714272	-0.030220
29.777586	-22.609116	-0.070512	10.151386	-0.030220
29.816576	-25.670647	-0.080585	12.165546	-0.040293
29.855566	-27.120829	-0.080585	13.323725	-0.040293
29.894556	-26.818693	-0.080585	13.444543	-0.040293
29.933546	-25.086521	-0.080585	12.618780	-0.040293
29.972534	-22.417784	-0.090659	11.168539	-0.040293
30.011524	-19.346119	-0.090659	9.436369	-0.040293
30.050514	-16.264439	-0.090659	7.704198	-0.030220
30.089504	-13.474822	-0.090659	6.163359	-0.030220
30.128494	-11.118233	-0.090659	4.904449	-0.030220
30.167484	-9.184658	-0.100732	3.897369	-0.030220
30.206472	-7.663965	-0.100732	3.131986	-0.030220
30.245462	-6.475568	-0.110805	2.557993	-0.030220
30.284452	-5.549073	-0.110805	2.134979	-0.030220
30.323442	-4.813910	-0.120878	1.812696	-0.020146
30.362432	-4.249930	-0.120878	1.571000	-0.020146
30.401423	-3.786683	-0.120878	1.379669	-0.020146
30.440411	-3.414035	-0.130951	1.228631	-0.020146
30.479401	-3.101826	-0.141025	1.117826	-0.020146
30.518391	-2.850056	-0.141025	1.017153	-0.010073
30.557381	-2.628505	-0.141025	0.926495	0.000000
30.596371	-2.447248	-0.151098	0.855982	0.000000
30.635361	-2.276063	-0.151098	0.785470	0.010014
30.674349	-2.135038	-0.161171	0.735164	0.010014
30.713339	-2.014220	-0.161171	0.684798	0.020087
30.752329	-1.893342	-0.161171	0.644505	0.020087
30.791319	-1.792669	-0.171244	0.614285	0.030160
30.830309	-1.691937	-0.181317	0.584066	0.020087
30.869299	-1.611352	-0.191391	0.553846	0.010014
30.908289	-1.540899	-0.201464	0.523627	0.010014
30.947277	-1.460314	-0.211537	0.483394	0.000000
30.986267	-1.399875	-0.221610	0.453174	0.000000
31.025257	-1.329362	-0.231683	0.433028	0.000000
31.064247	-1.268983	-0.241756	0.412881	0.000000
31.103237	-1.218617	-0.241756	0.392735	0.010014
31.142227	-1.158178	-0.261843	0.372589	0.020087
31.181215	-1.107812	-0.271916	0.342369	0.020087
31.220205	-1.067519	-0.281990	0.322223	0.030160
31.259195	-1.027286	-0.281990	0.302076	0.040233
31.298185	-0.986993	-0.292063	0.292003	0.050306
31.337175	-0.946701	-0.302136	0.281930	0.050306
31.376165	-0.906408	-0.312209	0.271857	0.060380
31.415154	-0.866115	-0.312209	0.251770	0.060380
31.454144	-0.835896	-0.322282	0.241697	0.070453
31.493134	-0.815749	-0.332355	0.231624	0.070453
31.532124	-0.785530	-0.352502	0.221550	0.070453
31.571114	-0.765443	-0.362575	0.211477	0.070453
31.610104	-0.735223	-0.372648	0.191331	0.070453
31.649092	-0.715077	-0.392795	0.171185	0.070453
31.688082	-0.684857	-0.402868	0.171185	0.070453
31.727072	-0.654638	-0.412941	0.171185	0.080526
31.766062	-0.624418	-0.433087	0.171185	0.090599
31.805052	-0.594199	-0.443161	0.171185	0.100672
31.844042	-0.574052	-0.453234	0.161111	0.110745
31.883030	-0.563979	-0.473380	0.151038	0.110745
31.922020	-0.543833	-0.483453	0.140965	0.110745
31.961010	-0.523686	-0.503600	0.130892	0.120819
