20.958424	-0.026867	-0.070497	-62.717945	-62.865646
20.989719	-0.026867	-0.073865	-62.721298	-62.869011
21.021015	-0.026867	-0.073865	-62.721298	-62.872364
21.052311	-0.030220	-0.077218	-62.721298	-62.875717
21.083607	-0.030220	-0.080571	-62.724667	-62.885792
21.114902	-0.030220	-0.083938	-62.728016	-62.889145
21.146198	-0.026867	-0.080571	-62.728016	-62.892513
21.177494	-0.026867	-0.080571	-62.731369	-62.895863
21.208790	-0.026867	-0.083938	-62.731369	-62.905937
21.240086	-0.030220	-0.087291	-62.734722	-62.916012
21.271381	-0.026867	-0.087291	-62.734722	-62.922714
21.302677	-0.030220	-0.087291	-62.734722	-62.926083
21.333973	-0.030220	-0.087291	-62.734722	-62.929436
21.365271	-0.030220	-0.087291	-62.738091	-62.932789
21.396566	-0.030220	-0.087291	-62.738091	-62.932789
21.427862	-0.030220	-0.087291	-62.741444	-62.936142
21.459158	-0.030220	-0.087291	-62.744797	-62.939510
21.490454	-0.033572	-0.090644	-62.751518	-62.946217
21.521749	-0.033572	-0.093997	-62.751518	-62.952934
21.553045	-0.033572	-0.093997	-62.754868	-62.959641
21.584341	-0.033572	-0.097364	-62.758221	-62.963009
21.615637	-0.036940	-0.100717	-62.761589	-62.966362
21.646933	-0.036940	-0.104070	-62.764942	-62.973068
21.678228	-0.033572	-0.104070	-62.764942	-62.979786
21.709524	-0.033572	-0.107422	-62.764942	-62.986507
21.740820	-0.033572	-0.107422	-62.768295	-62.993214
21.772116	-0.040293	-0.107422	-62.771664	-62.996567
21.803411	-0.043646	-0.110790	-62.775017	-63.003288
21.834707	-0.046998	-0.114143	-62.778370	-63.013359
21.866005	-0.050366	-0.117496	-62.781723	-63.023434
21.897301	-0.053719	-0.117496	-62.785088	-63.030140
21.928596	-0.057071	-0.120863	-62.788441	-63.036858
21.959892	-0.057071	-0.124216	-62.788441	-63.043564
21.991188	-0.057071	-0.127569	-62.791794	-63.053638
22.022484	-0.057071	-0.134289	-62.795162	-63.063709
22.053780	-0.063792	-0.137642	-62.805222	-63.073784
22.085075	-0.067145	-0.144362	-62.815292	-63.080490
22.116371	-0.067145	-0.151068	-62.818661	-63.093929
22.147667	-0.067145	-0.157788	-62.825367	-63.107357
22.178963	-0.070497	-0.161141	-62.832088	-63.120781
22.210258	-0.073865	-0.161141	-62.838791	-63.127487
22.241554	-0.073865	-0.161141	-62.842144	-63.137562
22.272850	-0.073865	-0.164494	-62.842144	-63.147633
22.304146	-0.073865	-0.167862	-62.845512	-63.157707
22.335442	-0.077218	-0.171214	-62.852219	-63.161060
22.366739	-0.080571	-0.167862	-62.862293	-63.167782
22.398035	-0.083938	-0.171214	-62.869011	-63.181206
22.429331	-0.087291	-0.177920	-62.879086	-63.194633
22.460627	-0.093997	-0.177920	-62.889145	-63.208057
22.491922	-0.097364	-0.177920	-62.892513	-63.218132
22.523218	-0.097364	-0.181288	-62.895863	-63.228207
22.554514	-0.100717	-0.187993	-62.899216	-63.241631
22.585810	-0.104070	-0.191361	-62.905937	-63.255058
22.617105	-0.110790	-0.194713	-62.916012	-63.268482
22.648401	-0.110790	-0.198066	-62.922714	-63.278557
22.679697	-0.110790	-0.204787	-62.929436	-63.291981
22.710993	-0.110790	-0.211492	-62.936142	-63.312130
22.742289	-0.110790	-0.214845	-62.942863	-63.328907
22.773584	-0.110790	-0.218213	-62.946217	-63.345699
22.804880	-0.110790	-0.224918	-62.949570	-63.365833
22.836176	-0.110790	-0.231639	-62.952934	-63.385979
22.867474	-0.114143	-0.238344	-62.956287	-63.406124
22.898769	-0.117496	-0.241712	-62.959641	-63.419552
22.930065	-0.120863	-0.245064	-62.966362	-63.436329
22.961361	-0.124216	-0.251785	-62.969715	-63.456474
22.992657	-0.127569	-0.258490	-62.979786	-63.476624
23.023952	-0.130922	-0.261843	-62.989861	-63.496754
23.055248	-0.134289	-0.265211	-62.996567	-63.520252
23.086544	-0.134289	-0.275284	-63.006638	-63.547119
23.117840	-0.137642	-0.281990	-63.013359	-63.577324
23.149136	-0.137642	-0.288710	-63.020065	-63.607544
23.180431	-0.137642	-0.295416	-63.023434	-63.631042
23.211727	-0.137642	-0.298783	-63.030140	-63.654541
23.243023	-0.140995	-0.302136	-63.036858	-63.681393
23.274319	-0.144362	-0.308841	-63.046932	-63.711597
23.305614	-0.147715	-0.312209	-63.056992	-63.741817
23.336912	-0.147715	-0.315562	-63.070431	-63.772022
23.368208	-0.151068	-0.318915	-63.083858	-63.805595
23.399504	-0.157788	-0.325635	-63.097282	-63.842522
23.430799	-0.157788	-0.328988	-63.110710	-63.882812
23.462095	-0.157788	-0.335708	-63.120781	-63.919739
23.493391	-0.161141	-0.339061	-63.134209	-63.960014
23.524687	-0.167862	-0.342414	-63.147633	-64.003662
23.555983	-0.174567	-0.345767	-63.157707	-64.047295
23.587278	-0.177920	-0.349134	-63.167782	-64.097656
23.618574	-0.181288	-0.352487	-63.181206	-64.148010
23.649870	-0.184640	-0.352487	-63.194633	-64.201714
23.681166	-0.191361	-0.352487	-63.208057	-64.258781
23.712461	-0.191361	-0.352487	-63.221485	-64.319206
23.743757	-0.194713	-0.359207	-63.234909	-64.386353
23.775053	-0.198066	-0.362560	-63.248352	-64.453484
23.806349	-0.201419	-0.365913	-63.265129	-64.523979
23.837646	-0.204787	-0.365913	-63.281910	-64.594475
23.868942	-0.208139	-0.365913	-63.295334	-64.675049
23.900238	-0.214845	-0.362560	-63.312130	-64.765694
23.931534	-0.221565	-0.362560	-63.328907	-64.859688
23.962830	-0.228286	-0.355840	-63.349052	-64.960388
23.994125	-0.234991	-0.349134	-63.369198	-65.071167
24.025421	-0.241712	-0.339061	-63.396053	-65.195381
24.056717	-0.251785	-0.328988	-63.419552	-65.333008
24.088013	-0.258490	-0.305489	-63.446404	-65.477356
24.119308	-0.261843	-0.275284	-63.466549	-65.638496
24.150604	-0.265211	-0.234991	-63.490047	-65.823120
24.181900	-0.271916	-0.181288	-63.520252	-66.034615
24.213196	-0.278637	-0.110790	-63.547119	-66.279663
24.244492	-0.285342	-0.016794	-63.573971	-66.561653
24.275787	-0.285342	0.097349	-63.597469	-66.887276
24.307083	-0.292063	0.275269	-63.627674	-67.387459
24.338381	-0.298783	0.456542	-63.654541	-67.874222
24.369677	-0.302136	0.681460	-63.684746	-68.458336
24.400972	-0.305489	0.963435	-63.708244	-69.170013
24.432268	-0.305489	1.305848	-63.735096	-70.052895
24.463564	-0.312209	1.718760	-63.772022	-71.147247
24.494860	-0.318915	2.198801	-63.812317	-72.486687
24.526155	-0.322267	2.739265	-63.849239	-74.131577
24.557451	-0.322267	3.303230	-63.886166	-76.118904
24.588747	-0.325635	3.823564	-63.926445	-78.428474
24.620043	-0.328988	4.192829	-63.970089	-81.026764
24.651339	-0.332341	4.259959	-64.030510	-83.759323
24.682634	-0.335708	3.826916	-64.084229	-86.357605
24.713930	-0.342414	2.698988	-64.141289	-88.522835
24.745226	-0.345767	0.805661	-64.201714	-89.915977
24.776522	-0.349134	-1.802698	-64.268860	-90.402740
24.807819	-0.352487	-4.874304	-64.335999	-90.097252
24.839115	-0.352487	-8.093625	-64.406502	-89.251297
24.870411	-0.355840	-11.259228	-64.480347	-88.079720
24.901707	-0.359207	-14.220058	-64.554199	-86.639580
24.933002	-0.359207	-16.898901	-64.634773	-84.893974
24.964298	-0.355840	-19.285694	-64.722046	-82.769020
24.995594	-0.355840	-21.299870	-64.812691	-80.194237
25.026890	-0.349134	-22.854134	-64.910042	-77.189774
25.058186	-0.345767	-23.814232	-65.014091	-73.899956
25.089481	-0.335708	-24.045855	-65.131592	-70.526215
25.120777	-0.325635	-23.092478	-65.259155	-66.746292
25.152073	-0.308841	-21.326721	-65.396797	-64.507202
25.183369	-0.281990	-18.919796	-65.547852	-63.208057
25.214664	-0.241712	-16.230865	-65.719070	-62.761589
25.245960	-0.194713	-13.659448	-65.913765	-62.855587
25.277256	-0.134289	-11.457279	-66.138687	-63.157707
25.308554	-0.050366	-9.654596	-66.390457	-63.479977
25.339849	0.053704	-8.217827	-66.675797	-63.761963
25.371145	0.187978	-7.083178	-67.011490	-63.990234
25.402441	0.355825	-6.173447	-67.410957	-64.154716
25.433737	0.574037	-5.434916	-67.887650	-64.268860
25.465033	0.862733	-4.827306	-68.465057	-64.349426
25.496328	1.235351	-4.320398	-69.163292	-64.416557
25.527624	1.728818	-3.894076	-70.029396	-64.463554
25.558920	2.386779	-3.534883	-71.113678	-64.487053
25.590216	3.262952	-3.232747	-72.483315	-64.490425
25.621511	4.417747	-2.980977	-74.222221	-64.470276
25.652807	5.841091	-2.766132	-76.357246	-64.440056
25.684103	7.287934	-2.578139	-78.797745	-64.399780
25.715399	8.342012	-2.417013	-81.389305	-64.359505
25.746695	8.583725	-2.272666	-83.873466	-64.315857
25.777990	7.804900	-2.145097	-86.021912	-64.278931
25.809288	6.079435	-2.030969	-87.733955	-64.238640
25.840584	3.622144	-1.923546	-88.959244	-64.195007
25.871880	0.721738	-1.822829	-89.727982	-64.154716
25.903175	-2.376735	-1.735553	-90.087173	-64.117790
25.934471	-5.555764	-1.658335	-90.023399	-64.084229
25.965767	-8.724719	-1.584485	-89.496361	-64.043938
25.997063	-11.856765	-1.513988	-88.432190	-64.007011
26.028358	-14.992163	-1.446858	-86.773872	-63.973442
26.059654	-18.043623	-1.389787	-84.481064	-63.946590
26.090950	-20.725832	-1.336068	-81.567230	-63.919739
26.122246	-22.605717	-1.282364	-78.253922	-63.892887
26.153542	-23.287191	-1.232013	-74.923828	-63.862667
26.184837	-22.729933	-1.188368	-71.899208	-63.839169
26.216133	-21.189095	-1.151443	-69.438560	-63.815670
26.247429	-19.047350	-1.117870	-67.609024	-63.792168
26.278725	-16.677349	-1.080945	-66.340103	-63.765316
26.310022	-14.334187	-1.050740	-65.527710	-63.741817
26.341318	-12.202531	-1.020521	-65.047668	-63.725025
26.372614	-10.376349	-0.990301	-64.779121	-63.704891
26.403910	-8.838862	-0.963449	-64.644844	-63.681393
26.435205	-7.563219	-0.936598	-64.581055	-63.657894
26.466501	-6.519213	-0.913098	-64.557556	-63.637749
26.497797	-5.656466	-0.892952	-64.554199	-63.617603
26.529093	-4.944801	-0.869453	-64.557556	-63.594101
26.560389	-4.367396	-0.849321	-64.554199	-63.570618
26.591684	-3.890708	-0.829175	-64.540771	-63.553825
26.622980	-3.497958	-0.809029	-64.517273	-63.537045
26.654276	-3.175691	-0.788897	-64.487053	-63.520252
26.685572	-2.903774	-0.768751	-64.446777	-63.503475
26.716867	-2.672136	-0.748605	-64.399780	-63.490047
26.748163	-2.477437	-0.735179	-64.349426	-63.479977
26.779461	-2.306238	-0.725105	-64.299080	-63.469902
26.810757	-2.155170	-0.711679	-64.252075	-63.456474
26.842052	-2.024248	-0.701606	-64.205078	-63.443050
26.873348	-1.906753	-0.691533	-64.161438	-63.432976
26.904644	-1.775831	-0.678107	-64.107735	-63.419552
26.935940	-1.681834	-0.668034	-64.067436	-63.409477
26.967236	-1.597911	-0.657976	-64.030510	-63.396053
26.998531	-1.520708	-0.647902	-63.996941	-63.385979
27.029827	-1.450211	-0.634477	-63.963367	-63.379257
27.061123	-1.383066	-0.624403	-63.929810	-63.365833
27.092419	-1.319289	-0.614330	-63.896240	-63.355774
27.123714	-1.258865	-0.607610	-63.862667	-63.342331
27.155010	-1.208514	-0.600904	-63.832447	-63.332275
27.186306	-1.158163	-0.594184	-63.798889	-63.322201
27.217602	-1.114517	-0.584111	-63.768669	-63.312130
27.248898	-1.074225	-0.577405	-63.738464	-63.305408
27.280195	-1.037300	-0.570685	-63.714966	-63.298702
27.311491	-1.000375	-0.563979	-63.688099	-63.295334
27.342787	-0.963449	-0.560611	-63.661247	-63.291981
27.374083	-0.929877	-0.557259	-63.634396	-63.288628
27.405378	-0.903025	-0.553906	-63.607544	-63.285275
27.436674	-0.879526	-0.550553	-63.584045	-63.278557
27.467970	-0.852674	-0.547186	-63.560547	-63.275204
27.499266	-0.825822	-0.543833	-63.537045	-63.268482
27.530561	-0.802323	-0.543833	-63.516899	-63.265129
27.561857	-0.782177	-0.540480	-63.500122	-63.265129
27.593153	-0.758678	-0.537112	-63.483326	-63.265129
27.624449	-0.735179	-0.533760	-63.459827	-63.261776
27.655745	-0.715032	-0.533760	-63.439697	-63.261776
27.687040	-0.694901	-0.533760	-63.422905	-63.265129
27.718336	-0.678107	-0.530407	-63.402756	-63.261776
27.749632	-0.657976	-0.530407	-63.379257	-63.258408
27.780930	-0.641182	-0.530407	-63.362480	-63.258408
27.812225	-0.624403	-0.537112	-63.349052	-63.261776
27.843521	-0.610977	-0.543833	-63.338982	-63.261776
27.874817	-0.597551	-0.547186	-63.325554	-63.265129
27.906113	-0.584111	-0.550553	-63.312130	-63.268482
27.937408	-0.574052	-0.557259	-63.302055	-63.278557
27.968704	-0.567332	-0.563979	-63.295334	-63.288628
