21.452927	0.000000	-0.090659	0.000000	0.060380
21.492014	0.000000	-0.090659	0.000000	0.060380
21.531101	-0.010073	-0.100732	-0.010073	0.070453
21.570189	-0.010073	-0.100732	-0.010073	0.080526
21.609276	-0.010073	-0.100732	-0.010073	0.090599
21.648363	-0.010073	-0.100732	0.000000	0.100672
21.687450	-0.010073	-0.110805	0.000000	0.110745
21.726538	-0.020146	-0.110805	0.000000	0.120819
21.765625	-0.020146	-0.120878	0.000000	0.130892
21.804712	-0.020146	-0.120878	0.000000	0.140965
21.843801	-0.030220	-0.130951	0.010014	0.151038
21.882889	-0.030220	-0.141025	0.010014	0.151038
21.921976	-0.030220	-0.151098	0.020087	0.171185
21.961063	-0.030220	-0.151098	0.030160	0.191331
22.000151	-0.040293	-0.151098	0.040233	0.211477
22.039238	-0.040293	-0.161171	0.040233	0.221550
22.078325	-0.040293	-0.171244	0.040233	0.241697
22.117413	-0.040293	-0.181317	0.050306	0.251770
22.156500	-0.040293	-0.201464	0.060380	0.261784
22.195587	-0.040293	-0.221610	0.060380	0.281930
22.234674	-0.040293	-0.231683	0.070453	0.302076
22.273762	-0.040293	-0.241756	0.070453	0.322223
22.312851	-0.040293	-0.251830	0.080526	0.342369
22.351938	-0.050366	-0.271916	0.080526	0.352442
22.391026	-0.060439	-0.281990	0.080526	0.382662
22.430113	-0.070512	-0.302136	0.090599	0.402808
22.469200	-0.070512	-0.312209	0.090599	0.422955
22.508287	-0.080585	-0.322282	0.100672	0.443101
22.547375	-0.080585	-0.342429	0.100672	0.473320
22.586462	-0.080585	-0.362575	0.110745	0.513613
22.625549	-0.080585	-0.382721	0.110745	0.543773
22.664637	-0.080585	-0.402868	0.120819	0.584066
22.703724	-0.090659	-0.423014	0.130892	0.614285
22.742811	-0.090659	-0.453234	0.140965	0.654578
22.781900	-0.100732	-0.473380	0.151038	0.694871
22.820988	-0.100732	-0.503600	0.161111	0.735164
22.860075	-0.110805	-0.543833	0.171185	0.785470
22.899162	-0.120878	-0.574052	0.181258	0.835836
22.938250	-0.120878	-0.624418	0.181258	0.886202
22.977337	-0.130951	-0.674784	0.181258	0.946641
23.016424	-0.130951	-0.725150	0.191331	1.007080
23.055511	-0.141025	-0.785530	0.201404	1.067460
23.094599	-0.141025	-0.856042	0.211477	1.137972
23.133686	-0.151098	-0.926554	0.231624	1.218557
23.172773	-0.161171	-1.017213	0.241697	1.319230
23.211861	-0.171244	-1.127958	0.251770	1.430035
23.250950	-0.181317	-1.248837	0.271857	1.550853
23.290037	-0.191391	-1.399875	0.281930	1.691878
23.329124	-0.201464	-1.581132	0.292003	1.863062
23.368212	-0.211537	-1.802742	0.312150	2.064466
23.407299	-0.231683	-2.074599	0.322223	2.316296
23.446386	-0.241756	-2.406955	0.332296	2.618372
23.485474	-0.251830	-2.819896	0.352442	3.011167
23.524561	-0.271916	-3.323436	0.362515	3.524780
23.563648	-0.281990	-3.957868	0.392735	4.189432
23.602736	-0.292063	-4.733324	0.412881	5.055547
23.641823	-0.302136	-5.679965	0.433028	6.173432
23.680912	-0.312209	-6.757557	0.463247	7.593393
23.719999	-0.332355	-7.945955	0.483394	9.325563
23.759087	-0.342429	-9.114146	0.513613	11.309565
23.798174	-0.362575	-10.121226	0.543773	13.464689
23.837261	-0.382721	-10.755718	0.563920	15.539289
23.876348	-0.402868	-10.846317	0.594139	17.211079
23.915436	-0.423014	-10.312557	0.624359	18.177868
23.954523	-0.453234	-9.224951	0.644505	18.278599
23.993610	-0.473380	-7.804930	0.674725	17.644108
24.032698	-0.503600	-6.193578	0.715017	16.485989
24.071785	-0.533760	-4.390895	0.755310	14.884710
24.110872	-0.563979	-2.406955	0.795543	12.880623
24.149961	-0.604272	-0.251830	0.835836	10.513962
24.189049	-0.634491	1.893282	0.876129	7.935822
24.228136	-0.684857	3.695965	0.926495	5.438209
24.267223	-0.725150	4.823923	0.976861	3.353536
24.306311	-0.775456	5.055547	1.037240	1.994014
24.345398	-0.835896	4.511714	1.107752	1.379669
24.384485	-0.886261	3.605366	1.178265	1.218557
24.423573	-0.956774	2.719104	1.248777	1.208484
24.462660	-1.027286	1.994014	1.339376	1.218557
24.501747	-1.117885	1.440108	1.430035	1.208484
24.540834	-1.228690	1.047313	1.530766	1.178265
24.579922	-1.349509	0.755310	1.641512	1.137972
24.619011	-1.500607	0.543773	1.772463	1.097679
24.658098	-1.671791	0.372589	1.923501	1.057386
24.697186	-1.893342	0.251770	2.094686	1.027226
24.736273	-2.145112	0.151038	2.296150	0.986934
24.775360	-2.467394	0.090599	2.547920	0.956714
24.814447	-2.870202	0.040233	2.849996	0.916421
24.853535	-3.393888	0.020087	3.232718	0.886202
24.892622	-4.098892	0.010014	3.716111	0.845909
24.931709	-5.065680	0.010014	4.360676	0.805616
24.970797	-6.354749	0.000000	5.206585	0.775397
25.009884	-8.036554	-0.010073	6.344616	0.735164
25.048973	-10.091007	-0.020146	7.804871	0.704944
25.088060	-12.155533	-0.030220	9.516954	0.664651
25.127148	-13.827324	-0.040293	11.319637	0.634432
25.166235	-14.814258	-0.040293	12.961149	0.614285
25.205322	-15.096247	-0.040293	14.260292	0.584066
25.244410	-14.804184	-0.040293	15.106260	0.563920
25.283497	-14.028728	-0.030220	15.458763	0.543773
25.322584	-12.820244	-0.030220	15.327811	0.513613
25.361671	-11.057854	-0.030220	14.743686	0.493467
25.400759	-8.570313	-0.030220	13.776898	0.463247
25.439846	-5.428195	-0.030220	12.487829	0.433028
25.478933	-2.044439	-0.020146	10.946989	0.412881
25.518023	0.886202	-0.020146	9.265184	0.402808
25.557110	2.920508	-0.020146	7.573247	0.372589
25.596197	3.998101	-0.010073	6.042480	0.352442
25.635284	4.280090	-0.010073	4.773557	0.342369
25.674372	4.028320	-0.010073	3.776550	0.332296
25.713459	3.504634	-0.010073	3.031313	0.312150
25.752546	2.890289	-0.010073	2.487481	0.302076
25.791634	2.306223	0.000000	2.084613	0.281930
25.830721	1.802683	0.010014	1.802683	0.271857
25.869808	1.369596	0.010014	1.591146	0.261784
25.908895	1.027226	0.020087	1.419961	0.241697
25.947983	0.745237	0.020087	1.299083	0.231624
25.987072	0.523627	0.030160	1.198411	0.221550
26.026159	0.352442	0.030160	1.127899	0.211477
26.065247	0.221550	0.030160	1.067460	0.191331
26.104334	0.130892	0.030160	1.017153	0.171185
26.143421	0.070453	0.040233	0.976861	0.161111
26.182508	0.040233	0.040233	0.926495	0.161111
26.221596	0.010014	0.040233	0.876129	0.151038
26.260683	-0.010073	0.040233	0.835836	0.151038
26.299770	-0.030220	0.050306	0.795543	0.140965
26.338858	-0.040293	0.040233	0.765383	0.130892
26.377945	-0.040293	0.040233	0.735164	0.120819
26.417032	-0.050366	0.050306	0.704944	0.120819
26.456121	-0.060439	0.050306	0.674725	0.110745
26.495209	-0.070512	0.060380	0.644505	0.110745
26.534296	-0.070512	0.060380	0.624359	0.100672
26.573383	-0.070512	0.060380	0.604212	0.090599
26.612471	-0.070512	0.070453	0.573993	0.080526
26.651558	-0.070512	0.070453	0.543773	0.070453
26.690645	-0.070512	0.080526	0.513613	0.070453
26.729733	-0.080585	0.080526	0.483394	0.060380
26.768820	-0.070512	0.090599	0.453174	0.050306
26.807907	-0.070512	0.090599	0.433028	0.040233
26.846994	-0.070512	0.090599	0.402808	0.030160
26.886084	-0.070512	0.090599	0.382662	0.030160
26.925171	-0.070512	0.090599	0.362515	0.030160
26.964258	-0.070512	0.090599	0.342369	0.030160
27.003345	-0.070512	0.090599	0.332296	0.020087
27.042433	-0.070512	0.090599	0.312150	0.020087
27.081520	-0.070512	0.090599	0.302076	0.010014
27.120607	-0.060439	0.090599	0.292003	0.000000
27.159695	-0.050366	0.100672	0.281930	0.000000
27.198782	-0.040293	0.100672	0.271857	0.000000
27.237869	-0.030220	0.100672	0.251770	0.000000
27.276957	-0.030220	0.100672	0.241697	-0.010073
27.316044	-0.030220	0.100672	0.221550	-0.010073
27.355133	-0.020146	0.090599	0.211477	-0.010073
27.394220	-0.020146	0.090599	0.201404	-0.020146
27.433308	-0.020146	0.090599	0.181258	-0.030220
27.472395	-0.010073	0.090599	0.171185	-0.030220
27.511482	-0.010073	0.100672	0.161111	-0.030220
27.550570	-0.010073	0.100672	0.151038	-0.040293
27.589657	0.000000	0.100672	0.151038	-0.040293
27.628744	0.000000	0.100672	0.140965	-0.050366
27.667831	0.000000	0.110745	0.130892	-0.060439
27.706919	0.000000	0.110745	0.120819	-0.060439
27.746006	0.000000	0.110745	0.110745	-0.060439
27.785093	0.010014	0.110745	0.110745	-0.060439
27.824183	0.010014	0.110745	0.100672	-0.060439
27.863270	0.010014	0.120819	0.090599	-0.070512
27.902357	0.010014	0.120819	0.080526	-0.070512
27.941444	0.020087	0.120819	0.080526	-0.070512
27.980532	0.020087	0.110745	0.070453	-0.080585
28.019619	0.020087	0.120819	0.070453	-0.080585
28.058706	0.020087	0.120819	0.060380	-0.080585
28.097794	0.020087	0.120819	0.060380	-0.090659
28.136881	0.020087	0.120819	0.050306	-0.100732
28.175968	0.030160	0.120819	0.050306	-0.100732
28.215055	0.030160	0.120819	0.040233	-0.110805
28.254143	0.040233	0.130892	0.030160	-0.100732
28.293232	0.040233	0.130892	0.020087	-0.100732
28.332319	0.050306	0.130892	0.010014	-0.100732
28.371407	0.050306	0.130892	0.000000	-0.100732
28.410494	0.050306	0.130892	-0.010073	-0.100732
28.449581	0.050306	0.130892	-0.020146	-0.100732
28.488668	0.050306	0.130892	-0.020146	-0.100732
28.527756	0.040233	0.130892	-0.030220	-0.100732
28.566843	0.040233	0.130892	-0.030220	-0.100732
28.605930	0.040233	0.140965	-0.040293	-0.110805
28.645018	0.040233	0.151038	-0.050366	-0.110805
28.684105	0.050306	0.151038	-0.050366	-0.110805
28.723194	0.050306	0.151038	-0.050366	-0.110805
28.762281	0.060380	0.151038	-0.060439	-0.120878
28.801369	0.060380	0.151038	-0.070512	-0.130951
28.840456	0.060380	0.140965	-0.070512	-0.141025
28.879543	0.060380	0.140965	-0.070512	-0.141025
28.918631	0.060380	0.140965	-0.080585	-0.141025
28.957718	0.060380	0.140965	-0.080585	-0.151098
28.996805	0.070453	0.151038	-0.090659	-0.151098
29.035892	0.070453	0.151038	-0.090659	-0.151098
29.074980	0.070453	0.151038	-0.090659	-0.161171
29.114067	0.070453	0.151038	-0.090659	-0.161171
29.153154	0.070453	0.151038	-0.100732	-0.161171
29.192244	0.070453	0.151038	-0.100732	-0.161171
29.231331	0.070453	0.151038	-0.100732	-0.161171
29.270418	0.070453	0.151038	-0.100732	-0.151098
29.309505	0.070453	0.151038	-0.100732	-0.151098
29.348593	0.070453	0.151038	-0.100732	-0.151098
29.387680	0.070453	0.151038	-0.110805	-0.151098
29.426767	0.080526	0.151038	-0.110805	-0.161171
29.465855	0.080526	0.151038	-0.110805	-0.161171
29.504942	0.070453	0.151038	-0.120878	-0.161171
29.544029	0.080526	0.161111	-0.130951	-0.151098
29.583117	0.080526	0.161111	-0.141025	-0.151098
29.622204	0.080526	0.171185	-0.141025	-0.151098
29.661293	0.080526	0.171185	-0.141025	-0.151098
29.700380	0.090599	0.171185	-0.141025	-0.141025
29.739468	0.090599	0.171185	-0.151098	-0.141025
29.778555	0.080526	0.181258	-0.151098	-0.151098
29.817642	0.080526	0.181258	-0.151098	-0.151098
29.856730	0.090599	0.171185	-0.151098	-0.161171
29.895817	0.090599	0.181258	-0.161171	-0.161171
29.934904	0.090599	0.181258	-0.161171	-0.161171
29.973991	0.090599	0.191331	-0.161171	-0.161171
30.013079	0.090599	0.191331	-0.161171	-0.161171
30.052166	0.100672	0.211477	-0.161171	-0.161171
30.091253	0.100672	0.221550	-0.161171	-0.161171
30.130342	0.100672	0.221550	-0.161171	-0.161171
30.169430	0.100672	0.211477	-0.171244	-0.171244
30.208517	0.100672	0.211477	-0.181317	-0.181317
30.247604	0.100672	0.211477	-0.181317	-0.191391
30.286692	0.100672	0.211477	-0.191391	-0.191391
30.325779	0.100672	0.211477	-0.191391	-0.191391
30.364866	0.100672	0.221550	-0.191391	-0.181317
30.403954	0.090599	0.231624	-0.201464	-0.181317
30.443041	0.090599	0.251770	-0.201464	-0.171244
30.482128	0.100672	0.261784	-0.201464	-0.171244
30.521215	0.100672	0.271857	-0.211537	-0.161171
30.560305	0.100672	0.271857	-0.211537	-0.151098
30.599392	0.100672	0.261784	-0.211537	-0.161171
30.638479	0.110745	0.221550	-0.201464	-0.181317
30.677567	0.110745	0.181258	-0.201464	-0.221610
30.716654	0.110745	0.161111	-0.201464	-0.241756
30.755741	0.110745	0.151038	-0.201464	-0.231683
30.794828	0.110745	0.151038	-0.211537	-0.231683
30.833916	0.100672	0.151038	-0.211537	-0.241756
30.873003	0.100672	0.151038	-0.221610	-0.251830
30.912090	0.100672	0.140965	-0.221610	-0.251830
30.951178	0.100672	0.140965	-0.231683	-0.261843
30.990265	0.100672	0.140965	-0.231683	-0.261843
31.029354	0.100672	0.130892	-0.231683	-0.261843
31.068441	0.100672	0.130892	-0.231683	-0.261843
31.107529	0.100672	0.140965	-0.231683	-0.261843
31.146616	0.100672	0.140965	-0.231683	-0.261843
31.185703	0.110745	0.140965	-0.231683	-0.261843
31.224791	0.110745	0.140965	-0.231683	-0.261843
31.263878	0.110745	0.151038	-0.231683	-0.261843
31.302965	0.110745	0.151038	-0.221610	-0.271916
31.342052	0.110745	0.151038	-0.221610	-0.271916
31.381140	0.110745	0.151038	-0.221610	-0.271916
31.420227	0.110745	0.140965	-0.221610	-0.271916
31.459314	0.110745	0.140965	-0.221610	-0.271916
31.498404	0.110745	0.140965	-0.221610	-0.271916
31.537491	0.120819	0.140965	-0.231683	-0.271916
31.576578	0.120819	0.140965	-0.241756	-0.271916
31.615665	0.120819	0.140965	-0.241756	-0.271916
31.654753	0.120819	0.140965	-0.251830	-0.271916
31.693840	0.120819	0.140965	-0.251830	-0.271916
31.732927	0.120819	0.140965	-0.251830	-0.271916
31.772015	0.120819	0.151038	-0.251830	-0.281990
31.811102	0.120819	0.140965	-0.251830	-0.281990
31.850189	0.130892	0.140965	-0.251830	-0.281990
31.889277	0.130892	0.140965	-0.251830	-0.281990
31.928364	0.130892	0.140965	-0.251830	-0.281990
31.967453	0.130892	0.151038	-0.251830	-0.281990
32.006538	0.130892	0.151038	-0.261843	-0.281990
32.045628	0.120819	0.151038	-0.271916	-0.281990
32.084713	0.120819	0.151038	-0.271916	-0.281990
32.123802	0.130892	0.151038	-0.261843	-0.281990
32.162888	0.140965	0.151038	-0.261843	-0.281990
32.201977	0.140965	0.151038	-0.251830	-0.281990
32.241066	0.140965	0.140965	-0.251830	-0.281990
32.280151	0.130892	0.140965	-0.261843	-0.292063
32.319241	0.120819	0.140965	-0.261843	-0.292063
32.358326	0.120819	0.151038	-0.261843	-0.292063
32.397415	0.120819	0.151038	-0.261843	-0.281990
32.436501	0.120819	0.151038	-0.261843	-0.281990
32.475590	0.120819	0.151038	-0.261843	-0.281990
32.514675	0.120819	0.151038	-0.271916	-0.281990
32.553764	0.120819	0.151038	-0.271916	-0.281990
32.592850	0.130892	0.151038	-0.271916	-0.292063
32.631939	0.130892	0.151038	-0.271916	-0.292063
32.671028	0.130892	0.151038	-0.271916	-0.292063
32.710114	0.130892	0.151038	-0.271916	-0.292063
32.749203	0.130892	0.161111	-0.271916	-0.292063
32.788288	0.130892	0.161111	-0.271916	-0.292063
32.827377	0.130892	0.161111	-0.281990	-0.292063
32.866463	0.130892	0.151038	-0.281990	-0.292063
32.905552	0.140965	0.161111	-0.271916	-0.302136
32.944637	0.140965	0.161111	-0.271916	-0.302136
32.983727	0.140965	0.161111	-0.271916	-0.302136
33.022812	0.130892	0.151038	-0.271916	-0.292063
33.061901	0.140965	0.151038	-0.271916	-0.302136
33.100990	0.140965	0.151038	-0.281990	-0.302136
33.140076	0.140965	0.151038	-0.281990	-0.292063
33.179165	0.151038	0.151038	-0.281990	-0.292063
33.218250	0.151038	0.151038	-0.281990	-0.292063
33.257339	0.151038	0.151038	-0.281990	-0.281990
33.296425	0.151038	0.161111	-0.281990	-0.281990
33.335514	0.151038	0.161111	-0.281990	-0.281990
33.374599	0.151038	0.161111	-0.281990	-0.281990
33.413689	0.140965	0.151038	-0.281990	-0.281990
33.452774	0.140965	0.151038	-0.281990	-0.281990
33.491863	0.140965	0.140965	-0.281990	-0.281990
33.530949	0.130892	0.140965	-0.292063	-0.292063
33.570038	0.140965	0.140965	-0.292063	-0.292063
33.609127	0.140965	0.140965	-0.302136	-0.302136
33.648212	0.140965	0.140965	-0.302136	-0.302136
33.687302	0.140965	0.140965	-0.312209	-0.302136
33.726387	0.140965	0.140965	-0.312209	-0.302136
33.765476	0.140965	0.151038	-0.312209	-0.302136
33.804562	0.140965	0.151038	-0.302136	-0.302136
33.843651	0.151038	0.151038	-0.302136	-0.302136
33.882736	0.151038	0.151038	-0.302136	-0.312209
33.921825	0.151038	0.140965	-0.302136	-0.302136
33.960911	0.151038	0.151038	-0.302136	-0.302136
