20.958424	-0.020146	-0.010073	0.010014	0.040233
20.989719	-0.020146	-0.010073	0.010014	0.040233
21.021015	-0.020146	-0.010073	0.010014	0.040233
21.052311	-0.010073	-0.020146	0.000000	0.040233
21.083607	-0.010073	-0.020146	0.000000	0.040233
21.114902	0.000000	-0.030220	0.000000	0.040233
21.146198	0.000000	-0.030220	0.000000	0.040233
21.177494	0.000000	-0.020146	0.000000	0.040233
21.208790	0.000000	-0.010073	0.000000	0.050306
21.240086	0.000000	-0.010073	0.000000	0.060380
21.271381	0.000000	0.000000	0.000000	0.070453
21.302677	0.000000	0.000000	0.010014	0.070453
21.333973	-0.010073	0.000000	0.020087	0.080526
21.365271	-0.010073	-0.010073	0.020087	0.080526
21.396566	-0.010073	-0.010073	0.020087	0.090599
21.427862	-0.010073	-0.010073	0.010014	0.100672
21.459158	-0.010073	-0.010073	0.020087	0.110745
21.490454	-0.010073	-0.010073	0.020087	0.120819
21.521749	-0.010073	-0.010073	0.020087	0.130892
21.553045	-0.010073	0.000000	0.020087	0.140965
21.584341	0.000000	0.000000	0.030160	0.151038
21.615637	0.000000	0.000000	0.030160	0.151038
21.646933	0.010014	0.000000	0.040233	0.151038
21.678228	0.010014	0.010014	0.040233	0.161111
21.709524	0.010014	0.010014	0.050306	0.161111
21.740820	0.010014	0.010014	0.050306	0.171185
21.772116	0.010014	0.010014	0.050306	0.181258
21.803411	0.010014	0.010014	0.060380	0.191331
21.834707	0.010014	0.010014	0.070453	0.191331
21.866005	0.010014	0.010014	0.080526	0.201404
21.897301	0.010014	0.010014	0.080526	0.201404
21.928596	0.010014	0.010014	0.090599	0.211477
21.959892	0.010014	0.020087	0.100672	0.231624
21.991188	0.010014	0.020087	0.100672	0.241697
22.022484	0.010014	0.030160	0.100672	0.251770
22.053780	0.010014	0.030160	0.100672	0.271857
22.085075	0.010014	0.030160	0.110745	0.281930
22.116371	0.000000	0.020087	0.110745	0.292003
22.147667	0.000000	0.020087	0.110745	0.302076
22.178963	0.000000	0.010014	0.120819	0.312150
22.210258	0.000000	0.010014	0.120819	0.322223
22.241554	0.000000	0.020087	0.130892	0.342369
22.272850	0.000000	0.020087	0.130892	0.352442
22.304146	-0.010073	0.020087	0.130892	0.372589
22.335442	0.000000	0.030160	0.140965	0.382662
22.366739	0.000000	0.030160	0.151038	0.392735
22.398035	0.010014	0.040233	0.151038	0.412881
22.429331	0.010014	0.040233	0.161111	0.422955
22.460627	0.020087	0.040233	0.171185	0.433028
22.491922	0.030160	0.050306	0.181258	0.443101
22.523218	0.030160	0.050306	0.181258	0.463247
22.554514	0.030160	0.040233	0.191331	0.483394
22.585810	0.020087	0.050306	0.191331	0.493467
22.617105	0.010014	0.050306	0.201404	0.513613
22.648401	0.010014	0.060380	0.211477	0.543773
22.679697	0.010014	0.050306	0.211477	0.563920
22.710993	0.010014	0.050306	0.221550	0.584066
22.742289	0.020087	0.050306	0.231624	0.594139
22.773584	0.020087	0.050306	0.231624	0.624359
22.804880	0.020087	0.070453	0.241697	0.654578
22.836176	0.020087	0.070453	0.241697	0.684798
22.867474	0.020087	0.080526	0.251770	0.715017
22.898769	0.020087	0.080526	0.261784	0.735164
22.930065	0.020087	0.080526	0.271857	0.765383
22.961361	0.020087	0.070453	0.281930	0.785470
22.992657	0.010014	0.080526	0.292003	0.805616
23.023952	0.010014	0.080526	0.302076	0.845909
23.055248	0.010014	0.080526	0.312150	0.886202
23.086544	0.020087	0.090599	0.322223	0.926495
23.117840	0.030160	0.090599	0.342369	0.976861
23.149136	0.030160	0.090599	0.352442	1.017153
23.180431	0.030160	0.090599	0.362515	1.057386
23.211727	0.030160	0.090599	0.372589	1.097679
23.243023	0.030160	0.090599	0.382662	1.137972
23.274319	0.030160	0.090599	0.392735	1.188338
23.305614	0.040233	0.090599	0.402808	1.248777
23.336912	0.040233	0.100672	0.412881	1.309156
23.368208	0.050306	0.100672	0.422955	1.369596
23.399504	0.050306	0.100672	0.443101	1.440108
23.430799	0.060380	0.100672	0.453174	1.510620
23.462095	0.060380	0.100672	0.463247	1.591146
23.493391	0.060380	0.090599	0.473320	1.681805
23.524687	0.070453	0.090599	0.493467	1.772463
23.555983	0.080526	0.090599	0.513613	1.873136
23.587278	0.100672	0.080526	0.523627	1.983941
23.618574	0.120819	0.070453	0.543773	2.104759
23.649870	0.130892	0.060380	0.553846	2.245784
23.681166	0.140965	0.040233	0.573993	2.406895
23.712461	0.151038	0.020087	0.594139	2.578139
23.743757	0.151038	-0.010073	0.614285	2.769470
23.775053	0.140965	-0.050366	0.644505	3.001094
23.806349	0.140965	-0.090659	0.664651	3.262937
23.837646	0.130892	-0.151098	0.684798	3.575146
23.868942	0.130892	-0.201464	0.704944	3.947735
23.900238	0.120819	-0.271916	0.735164	4.400909
23.931534	0.130892	-0.352502	0.755310	4.934669
23.962830	0.130892	-0.453234	0.795543	5.599380
23.994125	0.140965	-0.553906	0.825763	6.415129
24.025421	0.140965	-0.674784	0.855982	7.432282
24.056717	0.130892	-0.775456	0.886202	8.681059
24.088013	0.130892	-0.856042	0.926495	10.191679
24.119308	0.140965	-0.876188	0.956714	12.014508
24.150604	0.140965	-0.795603	0.997007	14.119328
24.181900	0.140965	-0.584126	1.037240	16.455769
24.213196	0.140965	-0.191391	1.067460	18.913031
24.244492	0.140965	0.422955	1.107752	21.289766
24.275787	0.140965	1.238704	1.158118	23.293854
24.307083	0.130892	2.195418	1.198411	24.623215
24.338381	0.130892	3.182352	1.248777	25.056244
24.369677	0.120819	4.078686	1.309156	24.643362
24.400972	0.120819	4.833996	1.359522	23.646355
24.432268	0.130892	5.448282	1.419961	22.256554
24.463564	0.130892	5.971968	1.480401	20.534456
24.494860	0.130892	6.415129	1.550853	18.429638
24.526155	0.130892	6.838083	1.651585	15.891790
24.557451	0.130892	7.240891	1.722097	12.941003
24.588747	0.120819	7.593393	1.812696	9.597481
24.620043	0.120819	7.835090	1.893282	6.102920
24.651339	0.120819	7.875383	1.994014	2.829909
24.682634	0.110745	7.633686	2.104759	0.161111
24.713930	0.100672	7.079780	2.225637	-1.500607
24.745226	0.090599	6.304324	2.366602	-2.114892
24.776522	0.070453	5.428135	2.507627	-1.984000
24.807819	0.040233	4.582226	2.688885	-1.520753
24.839115	0.000000	3.836989	2.880216	-0.997066
24.870411	-0.050366	3.222644	3.101766	-0.513673
24.901707	-0.100732	2.729177	3.353536	-0.130951
24.933002	-0.171244	2.326310	3.655672	0.151038
24.964298	-0.241756	2.014160	3.998101	0.362515
24.995594	-0.342429	1.752317	4.410982	0.513613
25.026890	-0.463307	1.530766	4.894435	0.624359
25.058186	-0.614345	1.339376	5.498648	0.704944
25.089481	-0.825822	1.178265	6.264031	0.775397
25.120777	-1.117885	1.047313	7.210732	0.825763
25.152073	-1.480460	0.936568	8.439362	0.866055
25.183369	-1.933634	0.845909	9.980202	0.906348
25.214664	-2.457321	0.785470	11.903704	0.926495
25.245960	-3.071666	0.735164	14.290512	0.936568
25.277256	-3.645658	0.694871	16.989529	0.926495
25.308554	-3.957868	0.654578	19.668341	0.906348
25.339849	-3.857195	0.624359	21.984636	0.876129
25.371145	-3.383815	0.594139	23.686647	0.855982
25.402441	-2.658725	0.573993	24.703800	0.825763
25.433737	-1.812756	0.543773	25.096535	0.805616
25.465033	-0.956774	0.523627	24.925350	0.785470
25.496328	-0.141025	0.503540	24.280787	0.765383
25.527624	0.664651	0.473320	23.152887	0.745237
25.558920	1.550853	0.453174	21.511316	0.735164
25.590216	2.638519	0.443101	19.285679	0.715017
25.621511	4.068613	0.422955	16.415478	0.694871
25.652807	5.720198	0.402808	13.061881	0.674725
25.684103	7.261038	0.382662	9.577333	0.664651
25.715399	8.328557	0.362515	6.384909	0.644505
25.746695	8.741498	0.352442	3.786623	0.624359
25.777990	8.550108	0.342369	1.923501	0.604212
25.809288	7.915676	0.332296	0.735164	0.584066
25.840584	7.039487	0.312150	0.120819	0.563920
25.871880	6.092846	0.292003	-0.110805	0.543773
25.903175	5.176365	0.281930	-0.110805	0.523627
25.934471	4.350603	0.271857	0.010014	0.503540
25.965767	3.655672	0.271857	0.161111	0.493467
25.997063	3.071606	0.271857	0.322223	0.483394
26.028358	2.598226	0.271857	0.473320	0.473320
26.059654	2.215564	0.251770	0.594139	0.463247
26.090950	1.903355	0.241697	0.694871	0.453174
26.122246	1.651585	0.231624	0.775397	0.443101
26.153542	1.430035	0.221550	0.845909	0.422955
26.184837	1.258850	0.221550	0.906348	0.412881
26.216133	1.107752	0.211477	0.946641	0.402808
26.247429	0.997007	0.211477	0.966787	0.392735
26.278725	0.906348	0.201404	0.986934	0.382662
26.310022	0.835836	0.211477	0.986934	0.372589
26.341318	0.775397	0.201404	0.986934	0.362515
26.372614	0.735164	0.201404	0.976861	0.352442
26.403910	0.694871	0.201404	0.966787	0.342369
26.435205	0.664651	0.191331	0.946641	0.332296
26.466501	0.634432	0.181258	0.926495	0.312150
26.497797	0.594139	0.171185	0.906348	0.302076
26.529093	0.563920	0.161111	0.876129	0.302076
26.560389	0.533700	0.161111	0.855982	0.302076
26.591684	0.513613	0.151038	0.835836	0.302076
26.622980	0.483394	0.151038	0.805616	0.302076
26.654276	0.463247	0.151038	0.785470	0.292003
26.685572	0.443101	0.151038	0.755310	0.292003
26.716867	0.422955	0.151038	0.735164	0.292003
26.748163	0.402808	0.151038	0.704944	0.281930
26.779461	0.382662	0.151038	0.684798	0.271857
26.810757	0.362515	0.151038	0.664651	0.261784
26.842052	0.342369	0.140965	0.644505	0.251770
26.873348	0.322223	0.130892	0.624359	0.241697
26.904644	0.312150	0.130892	0.604212	0.241697
26.935940	0.302076	0.120819	0.594139	0.241697
26.967236	0.292003	0.120819	0.573993	0.241697
26.998531	0.281930	0.130892	0.553846	0.241697
27.029827	0.271857	0.120819	0.533700	0.231624
27.061123	0.261784	0.120819	0.523627	0.221550
27.092419	0.251770	0.120819	0.503540	0.221550
27.123714	0.241697	0.110745	0.493467	0.211477
27.155010	0.241697	0.110745	0.483394	0.211477
27.186306	0.231624	0.110745	0.463247	0.211477
27.217602	0.231624	0.110745	0.453174	0.211477
27.248898	0.231624	0.100672	0.433028	0.211477
27.280195	0.221550	0.100672	0.422955	0.201404
27.311491	0.221550	0.110745	0.412881	0.201404
27.342787	0.221550	0.110745	0.402808	0.191331
27.374083	0.211477	0.110745	0.392735	0.191331
27.405378	0.201404	0.100672	0.382662	0.191331
27.436674	0.201404	0.100672	0.362515	0.181258
27.467970	0.191331	0.110745	0.352442	0.181258
27.499266	0.181258	0.110745	0.342369	0.191331
27.530561	0.171185	0.110745	0.332296	0.191331
27.561857	0.171185	0.110745	0.322223	0.191331
27.593153	0.171185	0.110745	0.302076	0.191331
27.624449	0.171185	0.110745	0.292003	0.181258
27.655745	0.171185	0.100672	0.292003	0.181258
27.687040	0.161111	0.100672	0.281930	0.181258
27.718336	0.161111	0.090599	0.271857	0.191331
27.749632	0.151038	0.100672	0.261784	0.191331
27.780930	0.151038	0.100672	0.251770	0.201404
27.812225	0.151038	0.100672	0.241697	0.201404
27.843521	0.140965	0.100672	0.231624	0.201404
27.874817	0.130892	0.110745	0.221550	0.201404
27.906113	0.130892	0.110745	0.221550	0.201404
27.937408	0.130892	0.120819	0.221550	0.201404
27.968704	0.120819	0.120819	0.211477	0.211477
