24.983185	0.100672	0.271857	-0.141025	-0.584126
24.992565	0.090599	0.281930	-0.171244	-0.563979
25.001945	0.090599	0.281930	-0.181317	-0.543833
25.011326	0.100672	0.281930	-0.171244	-0.553906
25.020706	0.110745	0.281930	-0.151098	-0.563979
25.030088	0.110745	0.292003	-0.161171	-0.553906
25.039469	0.110745	0.292003	-0.191391	-0.533760
25.048849	0.110745	0.292003	-0.191391	-0.523686
25.058229	0.120819	0.292003	-0.161171	-0.543833
25.067612	0.120819	0.292003	-0.141025	-0.563979
25.076992	0.110745	0.292003	-0.151098	-0.553906
25.086372	0.100672	0.292003	-0.181317	-0.533760
25.095753	0.100672	0.292003	-0.181317	-0.533760
25.105135	0.110745	0.281930	-0.151098	-0.563979
25.114515	0.110745	0.281930	-0.151098	-0.563979
25.123896	0.110745	0.292003	-0.181317	-0.553906
25.133276	0.100672	0.302076	-0.191391	-0.543833
25.142656	0.110745	0.292003	-0.171244	-0.563979
25.152039	0.110745	0.281930	-0.151098	-0.584126
25.161419	0.110745	0.281930	-0.151098	-0.574052
25.170799	0.110745	0.292003	-0.171244	-0.553906
25.180180	0.100672	0.302076	-0.181317	-0.543833
25.189562	0.110745	0.302076	-0.171244	-0.563979
25.198942	0.120819	0.292003	-0.161171	-0.584126
25.208323	0.110745	0.292003	-0.181317	-0.574052
25.217703	0.110745	0.302076	-0.201464	-0.563979
25.227083	0.120819	0.302076	-0.191391	-0.574052
25.236465	0.130892	0.292003	-0.171244	-0.594199
25.245846	0.130892	0.292003	-0.171244	-0.584126
25.255226	0.120819	0.302076	-0.191391	-0.563979
25.264606	0.110745	0.302076	-0.201464	-0.543833
25.273989	0.110745	0.302076	-0.181317	-0.553906
25.283369	0.110745	0.292003	-0.161171	-0.563979
25.292749	0.110745	0.292003	-0.161171	-0.563979
25.302130	0.110745	0.292003	-0.181317	-0.543833
25.311510	0.110745	0.292003	-0.181317	-0.553906
25.320892	0.110745	0.281930	-0.171244	-0.574052
25.330273	0.110745	0.281930	-0.171244	-0.574052
25.339653	0.100672	0.292003	-0.191391	-0.553906
25.349033	0.100672	0.302076	-0.211537	-0.533760
25.358416	0.100672	0.302076	-0.211537	-0.543833
25.367796	0.110745	0.302076	-0.191391	-0.563979
25.377176	0.110745	0.302076	-0.201464	-0.563979
25.386557	0.110745	0.302076	-0.211537	-0.543833
25.395937	0.110745	0.302076	-0.221610	-0.543833
25.405319	0.120819	0.302076	-0.211537	-0.563979
25.414700	0.120819	0.302076	-0.211537	-0.584126
25.424080	0.130892	0.302076	-0.221610	-0.574052
25.433460	0.120819	0.312150	-0.231683	-0.553906
25.442842	0.130892	0.302076	-0.231683	-0.563979
25.452223	0.130892	0.302076	-0.211537	-0.584126
25.461603	0.130892	0.302076	-0.201464	-0.584126
25.470984	0.130892	0.302076	-0.211537	-0.563979
25.480366	0.130892	0.312150	-0.211537	-0.553906
25.489746	0.130892	0.302076	-0.201464	-0.563979
25.499126	0.130892	0.302076	-0.191391	-0.574052
25.508507	0.130892	0.302076	-0.201464	-0.563979
25.517887	0.120819	0.302076	-0.211537	-0.533760
25.527269	0.120819	0.302076	-0.221610	-0.533760
25.536650	0.130892	0.292003	-0.201464	-0.553906
25.546030	0.130892	0.292003	-0.191391	-0.574052
25.555410	0.130892	0.292003	-0.191391	-0.563979
25.564793	0.130892	0.292003	-0.211537	-0.543833
25.574173	0.140965	0.302076	-0.221610	-0.543833
25.583553	0.151038	0.292003	-0.211537	-0.563979
25.592934	0.151038	0.302076	-0.211537	-0.563979
25.602314	0.140965	0.302076	-0.231683	-0.543833
25.611696	0.140965	0.312150	-0.241756	-0.523686
25.621077	0.140965	0.312150	-0.221610	-0.543833
25.630457	0.140965	0.302076	-0.201464	-0.574052
25.639837	0.140965	0.302076	-0.201464	-0.574052
25.649220	0.130892	0.302076	-0.221610	-0.553906
25.658600	0.130892	0.302076	-0.231683	-0.543833
25.667980	0.140965	0.292003	-0.221610	-0.563979
25.677361	0.140965	0.292003	-0.211537	-0.584126
25.686741	0.130892	0.292003	-0.221610	-0.574052
25.696123	0.130892	0.292003	-0.231683	-0.553906
25.705503	0.140965	0.292003	-0.231683	-0.563979
25.714884	0.140965	0.292003	-0.211537	-0.584126
25.724264	0.140965	0.292003	-0.211537	-0.584126
25.733646	0.140965	0.302076	-0.231683	-0.563979
25.743027	0.140965	0.312150	-0.241756	-0.553906
25.752407	0.140965	0.302076	-0.231683	-0.563979
25.761787	0.151038	0.302076	-0.221610	-0.574052
25.771168	0.140965	0.302076	-0.221610	-0.574052
25.780550	0.140965	0.312150	-0.241756	-0.553906
25.789930	0.140965	0.302076	-0.251830	-0.563979
25.799311	0.140965	0.292003	-0.231683	-0.574052
25.808691	0.140965	0.292003	-0.221610	-0.584126
25.818073	0.140965	0.292003	-0.231683	-0.563979
25.827454	0.140965	0.302076	-0.241756	-0.543833
25.836834	0.140965	0.302076	-0.231683	-0.553906
25.846214	0.151038	0.302076	-0.221610	-0.574052
25.855597	0.151038	0.302076	-0.221610	-0.574052
25.864977	0.151038	0.302076	-0.241756	-0.563979
25.874357	0.151038	0.302076	-0.251830	-0.553906
25.883738	0.161111	0.302076	-0.241756	-0.574052
25.893118	0.161111	0.292003	-0.231683	-0.584126
25.902500	0.161111	0.302076	-0.241756	-0.574052
25.911880	0.151038	0.302076	-0.251830	-0.563979
25.921261	0.151038	0.302076	-0.241756	-0.563979
25.930641	0.161111	0.302076	-0.221610	-0.584126
25.940023	0.161111	0.302076	-0.211537	-0.584126
25.949404	0.161111	0.302076	-0.231683	-0.563979
25.958784	0.161111	0.302076	-0.241756	-0.563979
25.968164	0.161111	0.292003	-0.231683	-0.584126
25.977545	0.161111	0.292003	-0.221610	-0.594199
25.986927	0.161111	0.292003	-0.231683	-0.584126
25.996307	0.161111	0.302076	-0.251830	-0.553906
26.005688	0.161111	0.302076	-0.261843	-0.553906
26.015068	0.161111	0.302076	-0.251830	-0.574052
26.024450	0.161111	0.302076	-0.241756	-0.574052
26.033831	0.161111	0.302076	-0.251830	-0.563979
26.043211	0.161111	0.302076	-0.261843	-0.553906
26.052591	0.161111	0.302076	-0.261843	-0.563979
26.061972	0.161111	0.302076	-0.241756	-0.574052
26.071354	0.171185	0.302076	-0.241756	-0.563979
26.080734	0.161111	0.312150	-0.261843	-0.543833
26.090115	0.161111	0.312150	-0.271916	-0.543833
26.099495	0.161111	0.302076	-0.261843	-0.563979
26.108877	0.161111	0.302076	-0.251830	-0.574052
26.118258	0.151038	0.302076	-0.261843	-0.553906
26.127638	0.151038	0.302076	-0.271916	-0.533760
26.137018	0.140965	0.302076	-0.271916	-0.543833
26.146399	0.140965	0.292003	-0.261843	-0.563979
26.155781	0.151038	0.292003	-0.251830	-0.563979
26.165161	0.151038	0.302076	-0.271916	-0.543833
26.174541	0.151038	0.302076	-0.292063	-0.543833
26.183922	0.151038	0.302076	-0.281990	-0.563979
26.193304	0.161111	0.292003	-0.271916	-0.574052
26.202684	0.161111	0.302076	-0.271916	-0.563979
26.212065	0.151038	0.302076	-0.281990	-0.533760
26.221445	0.151038	0.302076	-0.281990	-0.533760
26.230827	0.151038	0.302076	-0.261843	-0.553906
26.240208	0.161111	0.302076	-0.241756	-0.563979
26.249588	0.161111	0.302076	-0.251830	-0.543833
26.258968	0.161111	0.312150	-0.271916	-0.523686
26.268349	0.161111	0.302076	-0.271916	-0.543833
26.277731	0.171185	0.292003	-0.261843	-0.574052
26.287111	0.161111	0.292003	-0.261843	-0.574052
26.296492	0.161111	0.302076	-0.271916	-0.543833
26.305872	0.151038	0.302076	-0.281990	-0.533760
26.315254	0.151038	0.302076	-0.261843	-0.553906
26.324635	0.151038	0.292003	-0.251830	-0.574052
26.334015	0.151038	0.302076	-0.261843	-0.574052
26.343395	0.140965	0.312150	-0.281990	-0.553906
26.352776	0.151038	0.312150	-0.281990	-0.543833
26.362158	0.161111	0.302076	-0.261843	-0.574052
26.371538	0.161111	0.302076	-0.261843	-0.584126
26.380919	0.161111	0.302076	-0.271916	-0.563979
26.390299	0.161111	0.312150	-0.281990	-0.533760
26.399681	0.161111	0.312150	-0.271916	-0.533760
26.409061	0.171185	0.302076	-0.261843	-0.553906
26.418442	0.161111	0.302076	-0.271916	-0.563979
26.427822	0.161111	0.312150	-0.292063	-0.543833
26.437202	0.161111	0.312150	-0.292063	-0.533760
26.446585	0.171185	0.312150	-0.281990	-0.553906
26.455965	0.171185	0.312150	-0.271916	-0.574052
26.465345	0.171185	0.312150	-0.281990	-0.574052
26.474726	0.161111	0.312150	-0.292063	-0.553906
26.484108	0.161111	0.312150	-0.281990	-0.543833
26.493488	0.171185	0.302076	-0.271916	-0.563979
26.502869	0.171185	0.302076	-0.271916	-0.584126
26.512249	0.171185	0.302076	-0.292063	-0.574052
26.521631	0.171185	0.302076	-0.302136	-0.543833
26.531012	0.181258	0.302076	-0.281990	-0.553906
26.540392	0.181258	0.302076	-0.271916	-0.574052
26.549772	0.171185	0.292003	-0.281990	-0.574052
26.559153	0.171185	0.302076	-0.302136	-0.553906
26.568535	0.171185	0.302076	-0.302136	-0.543833
26.577915	0.181258	0.302076	-0.281990	-0.553906
26.587296	0.181258	0.302076	-0.281990	-0.574052
26.596676	0.181258	0.302076	-0.292063	-0.574052
26.606058	0.171185	0.312150	-0.302136	-0.543833
26.615438	0.171185	0.312150	-0.292063	-0.543833
26.624819	0.171185	0.312150	-0.271916	-0.563979
26.634199	0.171185	0.302076	-0.281990	-0.594199
26.643579	0.161111	0.302076	-0.312209	-0.584126
26.652962	0.161111	0.312150	-0.332355	-0.563979
26.662342	0.171185	0.312150	-0.312209	-0.563979
26.671722	0.171185	0.302076	-0.302136	-0.584126
26.681103	0.171185	0.302076	-0.312209	-0.584126
26.690485	0.171185	0.312150	-0.322282	-0.563979
26.699865	0.181258	0.322223	-0.312209	-0.543833
26.709246	0.191331	0.312150	-0.292063	-0.553906
26.718626	0.191331	0.312150	-0.281990	-0.563979
26.728006	0.191331	0.302076	-0.302136	-0.553906
26.737389	0.181258	0.302076	-0.322282	-0.543833
26.746769	0.181258	0.302076	-0.302136	-0.543833
26.756149	0.191331	0.302076	-0.292063	-0.563979
26.765530	0.181258	0.302076	-0.302136	-0.574052
26.774912	0.171185	0.302076	-0.332355	-0.553906
26.784292	0.171185	0.302076	-0.332355	-0.533760
26.793673	0.171185	0.302076	-0.312209	-0.543833
26.803053	0.181258	0.302076	-0.302136	-0.553906
26.812433	0.171185	0.302076	-0.322282	-0.553906
26.821815	0.181258	0.312150	-0.342429	-0.533760
26.831196	0.181258	0.312150	-0.322282	-0.523686
26.840576	0.201404	0.302076	-0.292063	-0.543833
26.849957	0.201404	0.302076	-0.292063	-0.563979
26.859339	0.191331	0.302076	-0.312209	-0.563979
26.868719	0.191331	0.312150	-0.322282	-0.553906
26.878099	0.191331	0.312150	-0.302136	-0.553906
26.887480	0.191331	0.312150	-0.281990	-0.563979
26.896862	0.191331	0.302076	-0.292063	-0.574052
26.906242	0.181258	0.312150	-0.322282	-0.553906
26.915623	0.181258	0.312150	-0.322282	-0.533760
26.925003	0.191331	0.322223	-0.302136	-0.533760
26.934383	0.191331	0.322223	-0.292063	-0.553906
26.943766	0.191331	0.322223	-0.312209	-0.543833
26.953146	0.191331	0.332296	-0.332355	-0.523686
26.962526	0.201404	0.332296	-0.322282	-0.523686
26.971907	0.211477	0.322223	-0.302136	-0.533760
26.981289	0.211477	0.322223	-0.292063	-0.553906
26.990669	0.201404	0.322223	-0.322282	-0.553906
27.000050	0.191331	0.322223	-0.332355	-0.533760
27.009430	0.191331	0.322223	-0.312209	-0.533760
27.018810	0.191331	0.322223	-0.292063	-0.553906
27.028193	0.191331	0.322223	-0.302136	-0.563979
27.037573	0.181258	0.322223	-0.332355	-0.553906
27.046953	0.181258	0.322223	-0.342429	-0.533760
27.056334	0.191331	0.312150	-0.322282	-0.543833
27.065716	0.191331	0.302076	-0.302136	-0.563979
27.075096	0.191331	0.302076	-0.322282	-0.563979
27.084476	0.191331	0.302076	-0.332355	-0.553906
27.093857	0.191331	0.312150	-0.322282	-0.543833
27.103237	0.201404	0.312150	-0.302136	-0.543833
27.112619	0.201404	0.312150	-0.302136	-0.563979
27.122000	0.191331	0.312150	-0.322282	-0.553906
27.131380	0.191331	0.322223	-0.332355	-0.533760
27.140760	0.191331	0.322223	-0.312209	-0.533760
27.150143	0.201404	0.322223	-0.292063	-0.553906
27.159523	0.191331	0.312150	-0.302136	-0.574052
27.168903	0.181258	0.322223	-0.322282	-0.553906
27.178284	0.181258	0.322223	-0.322282	-0.533760
27.187664	0.191331	0.332296	-0.302136	-0.533760
27.197046	0.191331	0.322223	-0.302136	-0.553906
27.206427	0.191331	0.322223	-0.322282	-0.553906
27.215807	0.191331	0.322223	-0.342429	-0.543833
27.225187	0.191331	0.322223	-0.342429	-0.533760
27.234570	0.201404	0.312150	-0.332355	-0.553906
27.243950	0.201404	0.312150	-0.322282	-0.584126
27.253330	0.201404	0.312150	-0.342429	-0.584126
27.262711	0.201404	0.312150	-0.352502	-0.563979
27.272093	0.211477	0.322223	-0.322282	-0.563979
27.281473	0.211477	0.312150	-0.312209	-0.574052
27.290854	0.211477	0.302076	-0.322282	-0.584126
27.300234	0.201404	0.302076	-0.342429	-0.574052
27.309614	0.201404	0.302076	-0.342429	-0.563979
27.318996	0.201404	0.302076	-0.312209	-0.563979
27.328377	0.201404	0.302076	-0.312209	-0.574052
27.337757	0.201404	0.302076	-0.342429	-0.574052
27.347137	0.201404	0.312150	-0.352502	-0.553906
27.356520	0.201404	0.322223	-0.332355	-0.543833
27.365900	0.211477	0.312150	-0.312209	-0.553906
27.375280	0.201404	0.312150	-0.322282	-0.574052
27.384661	0.201404	0.312150	-0.342429	-0.574052
27.394041	0.201404	0.312150	-0.342429	-0.563979
27.403423	0.211477	0.312150	-0.322282	-0.563979
27.412804	0.221550	0.312150	-0.312209	-0.574052
27.422184	0.221550	0.312150	-0.332355	-0.574052
27.431564	0.211477	0.322223	-0.342429	-0.563979
27.440947	0.221550	0.322223	-0.332355	-0.553906
27.450327	0.221550	0.322223	-0.312209	-0.553906
27.459707	0.221550	0.312150	-0.322282	-0.563979
27.469088	0.211477	0.312150	-0.352502	-0.553906
27.478468	0.211477	0.312150	-0.362575	-0.553906
27.487850	0.221550	0.312150	-0.342429	-0.553906
27.497231	0.221550	0.312150	-0.332355	-0.563979
27.506611	0.221550	0.322223	-0.342429	-0.574052
27.515991	0.211477	0.322223	-0.352502	-0.563979
27.525373	0.221550	0.322223	-0.352502	-0.553906
27.534754	0.221550	0.312150	-0.322282	-0.553906
27.544134	0.231624	0.312150	-0.322282	-0.553906
27.553514	0.221550	0.312150	-0.342429	-0.553906
27.562895	0.221550	0.322223	-0.362575	-0.543833
27.572277	0.231624	0.322223	-0.342429	-0.543833
27.581657	0.241697	0.322223	-0.332355	-0.553906
27.591038	0.231624	0.322223	-0.342429	-0.563979
27.600418	0.231624	0.322223	-0.362575	-0.553906
27.609800	0.231624	0.322223	-0.362575	-0.553906
27.619181	0.231624	0.322223	-0.342429	-0.553906
27.628561	0.231624	0.322223	-0.342429	-0.574052
27.637941	0.221550	0.322223	-0.362575	-0.584126
27.647324	0.211477	0.332296	-0.382721	-0.574052
27.656704	0.211477	0.332296	-0.372648	-0.563979
27.666084	0.221550	0.332296	-0.342429	-0.563979
27.675465	0.221550	0.322223	-0.342429	-0.563979
27.684845	0.211477	0.322223	-0.362575	-0.563979
27.694227	0.211477	0.322223	-0.372648	-0.543833
27.703608	0.221550	0.322223	-0.352502	-0.543833
27.712988	0.231624	0.312150	-0.342429	-0.553906
27.722368	0.231624	0.312150	-0.352502	-0.563979
27.731750	0.221550	0.312150	-0.372648	-0.563979
27.741131	0.221550	0.312150	-0.372648	-0.543833
27.750511	0.231624	0.312150	-0.342429	-0.543833
27.759892	0.241697	0.312150	-0.332355	-0.553906
27.769272	0.241697	0.312150	-0.342429	-0.553906
27.778654	0.231624	0.322223	-0.362575	-0.543833
27.788034	0.231624	0.322223	-0.352502	-0.533760
27.797415	0.231624	0.312150	-0.342429	-0.543833
27.806795	0.231624	0.312150	-0.342429	-0.553906
27.816177	0.221550	0.312150	-0.362575	-0.553906
27.825558	0.221550	0.322223	-0.372648	-0.533760
27.834938	0.231624	0.322223	-0.362575	-0.523686
27.844318	0.231624	0.322223	-0.342429	-0.523686
27.853699	0.231624	0.322223	-0.342429	-0.533760
27.863081	0.221550	0.322223	-0.362575	-0.523686
27.872461	0.211477	0.322223	-0.372648	-0.523686
27.881842	0.221550	0.312150	-0.362575	-0.533760
27.891222	0.221550	0.302076	-0.352502	-0.553906
27.900604	0.221550	0.302076	-0.362575	-0.553906
27.909985	0.231624	0.312150	-0.382721	-0.543833
27.919365	0.241697	0.312150	-0.382721	-0.533760
27.928745	0.251770	0.312150	-0.362575	-0.543833
27.938128	0.251770	0.312150	-0.352502	-0.543833
27.947508	0.241697	0.322223	-0.372648	-0.543833
27.956888	0.241697	0.322223	-0.382721	-0.533760
27.966269	0.241697	0.332296	-0.372648	-0.543833
27.975649	0.241697	0.322223	-0.352502	-0.553906
27.985031	0.241697	0.332296	-0.362575	-0.553906
27.994411	0.241697	0.332296	-0.372648	-0.533760
28.003792	0.241697	0.332296	-0.382721	-0.523686
28.013172	0.241697	0.322223	-0.362575	-0.533760
28.022554	0.241697	0.322223	-0.352502	-0.543833
28.031935	0.241697	0.322223	-0.362575	-0.533760
28.041315	0.231624	0.322223	-0.382721	-0.523686
28.050695	0.231624	0.322223	-0.372648	-0.533760
28.060076	0.241697	0.312150	-0.352502	-0.543833
28.069458	0.241697	0.312150	-0.352502	-0.553906
28.078838	0.231624	0.312150	-0.372648	-0.543833
28.088219	0.231624	0.322223	-0.382721	-0.533760
28.097599	0.231624	0.322223	-0.372648	-0.543833
28.106981	0.231624	0.322223	-0.362575	-0.553906
28.116362	0.231624	0.322223	-0.362575	-0.553906
28.125742	0.231624	0.332296	-0.382721	-0.533760
28.135122	0.231624	0.332296	-0.382721	-0.523686
28.144503	0.231624	0.332296	-0.372648	-0.533760
28.153885	0.241697	0.322223	-0.372648	-0.553906
28.163265	0.241697	0.332296	-0.382721	-0.553906
28.172646	0.251770	0.332296	-0.382721	-0.533760
28.182026	0.251770	0.332296	-0.382721	-0.533760
28.191408	0.251770	0.332296	-0.372648	-0.543833
28.200788	0.251770	0.332296	-0.382721	-0.553906
28.210169	0.251770	0.342369	-0.392795	-0.543833
28.219549	0.251770	0.352442	-0.392795	-0.533760
28.228930	0.261784	0.352442	-0.382721	-0.543833
28.238312	0.261784	0.342369	-0.372648	-0.574052
28.247692	0.261784	0.342369	-0.382721	-0.584126
28.257072	0.271857	0.342369	-0.392795	-0.563979
28.266453	0.271857	0.342369	-0.382721	-0.543833
28.275835	0.271857	0.342369	-0.372648	-0.553906
28.285215	0.271857	0.332296	-0.382721	-0.574052
28.294596	0.271857	0.322223	-0.392795	-0.574052
28.303976	0.261784	0.332296	-0.402868	-0.553906
28.313358	0.261784	0.332296	-0.392795	-0.543833
28.322739	0.271857	0.322223	-0.382721	-0.563979
28.332119	0.271857	0.322223	-0.392795	-0.584126
28.341499	0.261784	0.332296	-0.412941	-0.563979
28.350880	0.261784	0.332296	-0.412941	-0.543833
28.360262	0.271857	0.332296	-0.392795	-0.543833
28.369642	0.271857	0.332296	-0.382721	-0.563979
28.379023	0.261784	0.332296	-0.392795	-0.574052
28.388403	0.261784	0.332296	-0.392795	-0.553906
28.397785	0.261784	0.332296	-0.382721	-0.533760
28.407166	0.261784	0.332296	-0.372648	-0.543833
28.416546	0.261784	0.332296	-0.372648	-0.563979
28.425926	0.261784	0.342369	-0.392795	-0.563979
28.435307	0.261784	0.342369	-0.402868	-0.543833
28.444689	0.261784	0.352442	-0.392795	-0.543833
28.454069	0.261784	0.342369	-0.392795	-0.563979
28.463449	0.261784	0.342369	-0.402868	-0.584126
28.472830	0.261784	0.342369	-0.423014	-0.574052
28.482212	0.261784	0.352442	-0.423014	-0.553906
28.491592	0.271857	0.342369	-0.402868	-0.553906
28.500973	0.271857	0.332296	-0.392795	-0.574052
28.510353	0.271857	0.322223	-0.402868	-0.574052
28.519733	0.271857	0.332296	-0.412941	-0.553906
28.529116	0.261784	0.342369	-0.402868	-0.533760
28.538496	0.271857	0.342369	-0.392795	-0.533760
28.547876	0.271857	0.342369	-0.392795	-0.553906
28.557257	0.271857	0.342369	-0.412941	-0.553906
28.566639	0.271857	0.352442	-0.412941	-0.543833
28.576019	0.271857	0.352442	-0.392795	-0.543833
28.585400	0.281930	0.342369	-0.382721	-0.553906
28.594780	0.281930	0.342369	-0.402868	-0.563979
28.604160	0.281930	0.342369	-0.423014	-0.553906
28.613543	0.281930	0.352442	-0.412941	-0.533760
28.622923	0.281930	0.352442	-0.392795	-0.533760
28.632303	0.292003	0.352442	-0.392795	-0.543833
28.641684	0.281930	0.352442	-0.402868	-0.553906
28.651066	0.281930	0.352442	-0.412941	-0.543833
28.660446	0.292003	0.362515	-0.392795	-0.533760
28.669827	0.292003	0.362515	-0.382721	-0.543833
28.679207	0.292003	0.362515	-0.382721	-0.563979
28.688589	0.292003	0.362515	-0.402868	-0.563979
28.697969	0.292003	0.362515	-0.412941	-0.553906
28.707350	0.292003	0.362515	-0.402868	-0.543833
28.716730	0.292003	0.362515	-0.392795	-0.553906
28.726110	0.292003	0.362515	-0.402868	-0.553906
28.735493	0.292003	0.362515	-0.412941	-0.543833
28.744873	0.292003	0.372589	-0.412941	-0.543833
28.754253	0.302076	0.372589	-0.392795	-0.553906
28.763634	0.302076	0.372589	-0.392795	-0.563979
28.773016	0.292003	0.372589	-0.412941	-0.563979
28.782396	0.292003	0.372589	-0.423014	-0.553906
28.791777	0.292003	0.382662	-0.412941	-0.533760
28.801157	0.302076	0.382662	-0.402868	-0.543833
28.810537	0.292003	0.382662	-0.402868	-0.563979
28.819920	0.292003	0.382662	-0.423014	-0.553906
28.829300	0.292003	0.392735	-0.412941	-0.543833
28.838680	0.292003	0.392735	-0.402868	-0.543833
28.848061	0.302076	0.392735	-0.392795	-0.553906
28.857443	0.302076	0.392735	-0.412941	-0.563979
28.866823	0.302076	0.392735	-0.433087	-0.543833
28.876204	0.312150	0.402808	-0.423014	-0.533760
28.885584	0.322223	0.392735	-0.412941	-0.543833
28.894964	0.332296	0.392735	-0.412941	-0.574052
28.904346	0.322223	0.402808	-0.423014	-0.574052
28.913727	0.322223	0.402808	-0.433087	-0.563979
28.923107	0.322223	0.412881	-0.423014	-0.563979
28.932487	0.332296	0.402808	-0.412941	-0.574052
28.941870	0.332296	0.402808	-0.423014	-0.584126
28.951250	0.322223	0.412881	-0.443161	-0.574052
28.960630	0.322223	0.422955	-0.443161	-0.553906
28.970011	0.332296	0.433028	-0.423014	-0.553906
28.979391	0.342369	0.433028	-0.412941	-0.574052
28.988773	0.342369	0.443101	-0.423014	-0.574052
28.998154	0.342369	0.453174	-0.423014	-0.553906
29.007534	0.352442	0.463247	-0.412941	-0.543833
29.016914	0.362515	0.463247	-0.412941	-0.553906
29.026297	0.362515	0.463247	-0.423014	-0.574052
29.035677	0.352442	0.473320	-0.443161	-0.574052
29.045057	0.352442	0.483394	-0.443161	-0.553906
29.054438	0.362515	0.483394	-0.433087	-0.553906
29.063820	0.372589	0.483394	-0.423014	-0.574052
29.073200	0.372589	0.493467	-0.443161	-0.594199
29.082581	0.382662	0.503540	-0.453234	-0.584126
29.091961	0.382662	0.523627	-0.443161	-0.563979
29.101341	0.402808	0.533700	-0.433087	-0.574052
29.110723	0.402808	0.543773	-0.433087	-0.604272
29.120104	0.402808	0.563920	-0.453234	-0.614345
29.129484	0.412881	0.584066	-0.473380	-0.604272
29.138865	0.422955	0.604212	-0.463307	-0.604272
29.148247	0.433028	0.624359	-0.453234	-0.614345
29.157627	0.433028	0.644505	-0.463307	-0.634491
29.167007	0.433028	0.674725	-0.483453	-0.634491
29.176388	0.443101	0.704944	-0.473380	-0.624418
29.185768	0.463247	0.745237	-0.463307	-0.624418
29.195150	0.483394	0.775397	-0.453234	-0.644565
29.204531	0.493467	0.815690	-0.473380	-0.654638
29.213911	0.493467	0.866055	-0.483453	-0.654638
29.223291	0.513613	0.916421	-0.473380	-0.654638
29.232674	0.533700	0.966787	-0.453234	-0.674784
29.242054	0.543773	1.027226	-0.453234	-0.705004
29.251434	0.563920	1.077533	-0.483453	-0.725150
29.260815	0.584066	1.148045	-0.493526	-0.735223
29.270195	0.614285	1.198411	-0.483453	-0.735223
29.279577	0.644505	1.248777	-0.473380	-0.755370
29.288958	0.674725	1.289070	-0.493526	-0.785530
29.298338	0.704944	1.329303	-0.513673	-0.785530
29.307718	0.745237	1.369596	-0.513673	-0.785530
29.317101	0.805616	1.389742	-0.503600	-0.805676
29.326481	0.855982	1.409888	-0.513673	-0.835896
29.335861	0.896275	1.419961	-0.543833	-0.856042
29.345242	0.946641	1.419961	-0.574052	-0.845969
29.354624	1.007080	1.409888	-0.563979	-0.845969
29.364004	1.067460	1.379669	-0.553906	-0.856042
29.373384	1.127899	1.339376	-0.584126	-0.866115
29.382765	1.178265	1.278996	-0.614345	-0.856042
29.392145	1.228631	1.208484	-0.614345	-0.825822
29.401527	1.278996	1.127899	-0.604272	-0.795603
29.410908	1.319230	1.037240	-0.604272	-0.785530
29.420288	1.349449	0.956714	-0.624418	-0.765443
29.429668	1.369596	0.886202	-0.654638	-0.735223
29.439051	1.389742	0.825763	-0.654638	-0.694931
29.448431	1.399815	0.765383	-0.644565	-0.674784
29.457811	1.389742	0.725091	-0.664711	-0.664711
29.467192	1.369596	0.684798	-0.694931	-0.654638
29.476572	1.329303	0.664651	-0.705004	-0.634491
29.485954	1.289070	0.644505	-0.684857	-0.614345
29.495335	1.228631	0.624359	-0.664711	-0.624418
29.504715	1.148045	0.604212	-0.664711	-0.634491
29.514095	1.057386	0.584066	-0.674784	-0.624418
29.523478	0.976861	0.573993	-0.654638	-0.594199
29.532858	0.906348	0.553846	-0.614345	-0.584126
29.542238	0.835836	0.543773	-0.584126	-0.594199
29.551619	0.775397	0.523627	-0.574052	-0.604272
29.560999	0.725091	0.513613	-0.584126	-0.584126
29.570381	0.684798	0.503540	-0.553906	-0.563979
29.579762	0.654578	0.493467	-0.523686	-0.563979
29.589142	0.624359	0.483394	-0.523686	-0.574052
29.598522	0.594139	0.473320	-0.543833	-0.574052
29.607904	0.563920	0.473320	-0.543833	-0.553906
29.617285	0.553846	0.473320	-0.523686	-0.543833
29.626665	0.543773	0.463247	-0.493526	-0.553906
29.636045	0.523627	0.453174	-0.493526	-0.574052
29.645426	0.503540	0.443101	-0.513673	-0.563979
29.654808	0.483394	0.453174	-0.503600	-0.543833
29.664188	0.473320	0.443101	-0.483453	-0.533760
29.673569	0.463247	0.443101	-0.473380	-0.553906
29.682949	0.443101	0.433028	-0.483453	-0.553906
29.692331	0.433028	0.443101	-0.503600	-0.543833
29.701712	0.422955	0.443101	-0.493526	-0.533760
29.711092	0.433028	0.433028	-0.463307	-0.543833
29.720472	0.433028	0.422955	-0.453234	-0.563979
29.729855	0.422955	0.412881	-0.483453	-0.563979
29.739235	0.412881	0.412881	-0.503600	-0.543833
29.748615	0.402808	0.412881	-0.483453	-0.523686
29.757996	0.412881	0.402808	-0.463307	-0.533760
29.767376	0.402808	0.392735	-0.473380	-0.543833
29.776758	0.392735	0.392735	-0.493526	-0.533760
29.786139	0.392735	0.402808	-0.493526	-0.513673
29.795519	0.392735	0.402808	-0.463307	-0.513673
29.804899	0.392735	0.392735	-0.443161	-0.543833
29.814281	0.382662	0.382662	-0.473380	-0.553906
29.823662	0.372589	0.372589	-0.493526	-0.543833
29.833042	0.372589	0.372589	-0.463307	-0.523686
29.842422	0.372589	0.372589	-0.433087	-0.523686
29.851803	0.372589	0.362515	-0.443161	-0.543833
29.861185	0.362515	0.362515	-0.473380	-0.553906
29.870565	0.362515	0.372589	-0.483453	-0.533760
29.879946	0.362515	0.382662	-0.463307	-0.533760
29.889326	0.362515	0.372589	-0.443161	-0.543833
29.898708	0.352442	0.372589	-0.463307	-0.563979
29.908089	0.342369	0.372589	-0.493526	-0.553906
29.917469	0.342369	0.372589	-0.483453	-0.533760
29.926849	0.352442	0.372589	-0.453234	-0.523686
29.936230	0.352442	0.362515	-0.433087	-0.533760
29.945612	0.342369	0.362515	-0.453234	-0.543833
29.954992	0.332296	0.362515	-0.473380	-0.533760
29.964373	0.332296	0.372589	-0.463307	-0.513673
29.973753	0.332296	0.362515	-0.443161	-0.523686
29.983135	0.332296	0.352442	-0.443161	-0.543833
29.992516	0.332296	0.352442	-0.473380	-0.543833
30.001896	0.322223	0.352442	-0.483453	-0.523686
30.011276	0.332296	0.352442	-0.453234	-0.513673
30.020657	0.332296	0.342369	-0.433087	-0.523686
30.030039	0.322223	0.332296	-0.453234	-0.543833
30.039419	0.312150	0.342369	-0.473380	-0.533760
30.048800	0.312150	0.342369	-0.473380	-0.513673
30.058180	0.322223	0.342369	-0.453234	-0.503600
30.067562	0.322223	0.342369	-0.443161	-0.533760
30.076942	0.322223	0.342369	-0.463307	-0.543833
30.086323	0.322223	0.342369	-0.483453	-0.533760
30.095703	0.322223	0.352442	-0.463307	-0.513673
30.105085	0.332296	0.352442	-0.443161	-0.523686
30.114466	0.332296	0.342369	-0.433087	-0.543833
30.123846	0.332296	0.342369	-0.453234	-0.553906
30.133226	0.332296	0.352442	-0.453234	-0.523686
30.142607	0.322223	0.352442	-0.443161	-0.513673
30.151989	0.322223	0.342369	-0.433087	-0.523686
30.161369	0.312150	0.332296	-0.453234	-0.543833
30.170750	0.312150	0.342369	-0.473380	-0.533760
30.180130	0.322223	0.342369	-0.473380	-0.503600
30.189512	0.322223	0.342369	-0.453234	-0.503600
30.198893	0.322223	0.332296	-0.453234	-0.523686
30.208273	0.322223	0.332296	-0.463307	-0.533760
30.217653	0.322223	0.332296	-0.473380	-0.523686
30.227034	0.322223	0.342369	-0.453234	-0.503600
30.236416	0.322223	0.342369	-0.443161	-0.513673
30.245796	0.312150	0.342369	-0.453234	-0.533760
30.255177	0.302076	0.342369	-0.473380	-0.533760
30.264557	0.302076	0.352442	-0.463307	-0.513673
30.273939	0.312150	0.352442	-0.443161	-0.493526
30.283319	0.312150	0.342369	-0.443161	-0.513673
30.292700	0.312150	0.332296	-0.463307	-0.523686
30.302080	0.312150	0.332296	-0.473380	-0.523686
30.311460	0.322223	0.322223	-0.453234	-0.503600
30.320843	0.322223	0.322223	-0.443161	-0.493526
30.330223	0.312150	0.322223	-0.453234	-0.513673
30.339603	0.302076	0.312150	-0.483453	-0.523686
30.348984	0.292003	0.322223	-0.483453	-0.503600
30.358366	0.302076	0.322223	-0.463307	-0.493526
30.367746	0.302076	0.322223	-0.453234	-0.503600
30.377127	0.292003	0.312150	-0.473380	-0.523686
30.386507	0.292003	0.322223	-0.483453	-0.523686
30.395887	0.302076	0.322223	-0.473380	-0.503600
30.405270	0.312150	0.332296	-0.453234	-0.503600
30.414650	0.312150	0.332296	-0.453234	-0.513673
30.424030	0.302076	0.332296	-0.473380	-0.523686
30.433411	0.302076	0.332296	-0.483453	-0.503600
30.442793	0.302076	0.342369	-0.463307	-0.493526
30.452173	0.302076	0.332296	-0.453234	-0.493526
30.461554	0.292003	0.332296	-0.463307	-0.513673
30.470934	0.292003	0.322223	-0.483453	-0.533760
30.480316	0.292003	0.332296	-0.473380	-0.513673
30.489697	0.302076	0.332296	-0.453234	-0.503600
30.499077	0.302076	0.332296	-0.443161	-0.513673
30.508457	0.302076	0.322223	-0.463307	-0.523686
30.517838	0.302076	0.322223	-0.483453	-0.523686
30.527220	0.302076	0.332296	-0.483453	-0.513673
30.536600	0.302076	0.322223	-0.463307	-0.503600
30.545980	0.302076	0.312150	-0.463307	-0.513673
30.555361	0.302076	0.312150	-0.483453	-0.523686
30.564743	0.302076	0.312150	-0.493526	-0.513673
30.574123	0.312150	0.312150	-0.473380	-0.493526
30.583504	0.312150	0.312150	-0.463307	-0.503600
30.592884	0.302076	0.312150	-0.473380	-0.523686
30.602264	0.292003	0.312150	-0.483453	-0.533760
30.611647	0.292003	0.312150	-0.473380	-0.513673
30.621027	0.302076	0.312150	-0.453234	-0.503600
30.630407	0.292003	0.302076	-0.453234	-0.503600
30.639788	0.292003	0.292003	-0.473380	-0.523686
30.649170	0.292003	0.292003	-0.483453	-0.513673
30.658550	0.292003	0.302076	-0.473380	-0.493526
30.667931	0.302076	0.302076	-0.453234	-0.483453
30.677311	0.292003	0.302076	-0.463307	-0.513673
30.686691	0.292003	0.302076	-0.473380	-0.523686
30.696074	0.292003	0.312150	-0.473380	-0.513673
30.705454	0.292003	0.312150	-0.463307	-0.503600
30.714834	0.292003	0.312150	-0.463307	-0.503600
30.724215	0.292003	0.302076	-0.473380	-0.523686
30.733597	0.281930	0.302076	-0.493526	-0.533760
30.742977	0.281930	0.302076	-0.483453	-0.513673
30.752357	0.281930	0.312150	-0.463307	-0.503600
30.761738	0.292003	0.312150	-0.463307	-0.523686
30.771120	0.292003	0.302076	-0.473380	-0.533760
30.780500	0.292003	0.312150	-0.473380	-0.523686
30.789881	0.302076	0.312150	-0.453234	-0.493526
30.799261	0.302076	0.312150	-0.443161	-0.493526
30.808641	0.292003	0.302076	-0.453234	-0.523686
30.818024	0.281930	0.302076	-0.473380	-0.533760
30.827404	0.281930	0.302076	-0.473380	-0.513673
30.836784	0.281930	0.312150	-0.463307	-0.493526
30.846165	0.292003	0.302076	-0.453234	-0.503600
30.855547	0.292003	0.302076	-0.473380	-0.533760
30.864927	0.292003	0.302076	-0.483453	-0.533760
30.874308	0.292003	0.312150	-0.483453	-0.513673
30.883688	0.302076	0.312150	-0.463307	-0.503600
30.893068	0.302076	0.312150	-0.463307	-0.523686
30.902451	0.292003	0.302076	-0.473380	-0.533760
30.911831	0.281930	0.302076	-0.483453	-0.523686
30.921211	0.281930	0.312150	-0.463307	-0.503600
30.930592	0.281930	0.312150	-0.453234	-0.493526
30.939974	0.281930	0.302076	-0.463307	-0.523686
30.949354	0.281930	0.292003	-0.473380	-0.533760
30.958735	0.281930	0.292003	-0.473380	-0.513673
30.968115	0.281930	0.302076	-0.463307	-0.493526
30.977495	0.281930	0.292003	-0.453234	-0.493526
30.986877	0.281930	0.292003	-0.473380	-0.503600
30.996258	0.271857	0.292003	-0.483453	-0.493526
31.005638	0.271857	0.302076	-0.473380	-0.473380
31.015018	0.281930	0.312150	-0.463307	-0.463307
31.024401	0.281930	0.312150	-0.473380	-0.483453
31.033781	0.281930	0.302076	-0.493526	-0.503600
31.043161	0.281930	0.302076	-0.493526	-0.503600
31.052542	0.281930	0.302076	-0.463307	-0.493526
31.061922	0.281930	0.292003	-0.453234	-0.483453
31.071304	0.281930	0.292003	-0.473380	-0.503600
31.080685	0.281930	0.281930	-0.483453	-0.513673
31.090065	0.281930	0.281930	-0.473380	-0.503600
31.099445	0.281930	0.281930	-0.463307	-0.493526
31.108828	0.281930	0.281930	-0.463307	-0.503600
31.118208	0.271857	0.281930	-0.493526	-0.523686
31.127588	0.271857	0.292003	-0.493526	-0.513673
31.136969	0.271857	0.302076	-0.473380	-0.503600
31.146351	0.281930	0.302076	-0.453234	-0.503600
31.155731	0.271857	0.292003	-0.463307	-0.513673
31.165112	0.271857	0.292003	-0.483453	-0.523686
31.174492	0.271857	0.292003	-0.483453	-0.503600
31.183872	0.281930	0.292003	-0.473380	-0.483453
31.193254	0.281930	0.292003	-0.463307	-0.483453
31.202635	0.281930	0.281930	-0.473380	-0.503600
31.212015	0.281930	0.281930	-0.493526	-0.513673
31.221395	0.281930	0.292003	-0.483453	-0.493526
31.230778	0.281930	0.302076	-0.463307	-0.483453
31.240158	0.281930	0.302076	-0.463307	-0.503600
31.249538	0.271857	0.302076	-0.473380	-0.523686
31.258919	0.261784	0.302076	-0.483453	-0.513673
31.268299	0.271857	0.312150	-0.463307	-0.493526
31.277681	0.281930	0.302076	-0.443161	-0.483453
31.287062	0.281930	0.292003	-0.453234	-0.503600
31.296442	0.281930	0.281930	-0.473380	-0.513673
31.305822	0.281930	0.281930	-0.483453	-0.493526
31.315205	0.281930	0.292003	-0.463307	-0.473380
31.324585	0.281930	0.292003	-0.463307	-0.483453
31.333965	0.271857	0.292003	-0.483453	-0.503600
31.343346	0.271857	0.292003	-0.503600	-0.503600
31.352726	0.271857	0.292003	-0.493526	-0.483453
31.362108	0.271857	0.292003	-0.463307	-0.483453
31.371489	0.281930	0.281930	-0.463307	-0.513673
31.380869	0.271857	0.281930	-0.483453	-0.523686
31.390249	0.271857	0.292003	-0.493526	-0.513673
31.399632	0.281930	0.292003	-0.473380	-0.493526
31.409012	0.281930	0.302076	-0.453234	-0.493526
31.418392	0.281930	0.292003	-0.463307	-0.513673
31.427773	0.271857	0.292003	-0.483453	-0.513673
31.437153	0.271857	0.302076	-0.493526	-0.503600
31.446535	0.281930	0.312150	-0.473380	-0.483453
31.455915	0.281930	0.302076	-0.463307	-0.503600
31.465296	0.281930	0.302076	-0.473380	-0.523686
31.474676	0.281930	0.302076	-0.493526	-0.523686
31.484058	0.281930	0.302076	-0.493526	-0.503600
31.493439	0.281930	0.302076	-0.473380	-0.493526
31.502819	0.281930	0.292003	-0.473380	-0.503600
31.512199	0.271857	0.292003	-0.493526	-0.513673
31.521582	0.271857	0.292003	-0.503600	-0.503600
31.530962	0.271857	0.302076	-0.483453	-0.483453
31.540342	0.281930	0.302076	-0.463307	-0.493526
31.549723	0.281930	0.292003	-0.473380	-0.513673
31.559103	0.271857	0.292003	-0.493526	-0.513673
31.568485	0.271857	0.292003	-0.503600	-0.493526
31.577866	0.281930	0.302076	-0.483453	-0.483453
31.587246	0.292003	0.302076	-0.473380	-0.493526
31.596626	0.281930	0.292003	-0.483453	-0.513673
31.606009	0.281930	0.292003	-0.503600	-0.513673
31.615389	0.281930	0.292003	-0.503600	-0.503600
31.624769	0.281930	0.292003	-0.483453	-0.503600
31.634150	0.281930	0.292003	-0.483453	-0.513673
31.643530	0.271857	0.292003	-0.493526	-0.513673
31.652912	0.271857	0.292003	-0.493526	-0.493526
31.662292	0.281930	0.292003	-0.473380	-0.483453
31.671673	0.292003	0.281930	-0.463307	-0.493526
31.681053	0.292003	0.281930	-0.473380	-0.523686
31.690435	0.292003	0.281930	-0.483453	-0.523686
31.699816	0.281930	0.281930	-0.473380	-0.513673
31.709196	0.281930	0.292003	-0.463307	-0.503600
31.718576	0.281930	0.281930	-0.463307	-0.513673
31.727957	0.281930	0.281930	-0.473380	-0.523686
31.737339	0.271857	0.292003	-0.493526	-0.503600
31.746719	0.281930	0.292003	-0.483453	-0.483453
31.756100	0.281930	0.292003	-0.473380	-0.483453
31.765480	0.271857	0.292003	-0.483453	-0.513673
31.774862	0.261784	0.292003	-0.503600	-0.513673
31.784243	0.271857	0.292003	-0.503600	-0.493526
31.793623	0.271857	0.292003	-0.483453	-0.473380
31.803003	0.281930	0.292003	-0.473380	-0.483453
31.812384	0.281930	0.281930	-0.493526	-0.503600
31.821766	0.281930	0.281930	-0.503600	-0.503600
31.831146	0.281930	0.292003	-0.493526	-0.493526
31.840527	0.292003	0.292003	-0.483453	-0.493526
31.849907	0.292003	0.281930	-0.483453	-0.503600
31.859289	0.281930	0.281930	-0.493526	-0.513673
31.868670	0.281930	0.292003	-0.503600	-0.493526
31.878050	0.281930	0.292003	-0.493526	-0.463307
31.887430	0.292003	0.292003	-0.483453	-0.463307
31.896812	0.292003	0.281930	-0.493526	-0.493526
31.906193	0.281930	0.271857	-0.503600	-0.503600
31.915573	0.292003	0.281930	-0.503600	-0.503600
31.924953	0.292003	0.281930	-0.473380	-0.493526
31.934334	0.292003	0.271857	-0.463307	-0.503600
31.943716	0.281930	0.271857	-0.473380	-0.523686
31.953096	0.281930	0.271857	-0.493526	-0.513673
31.962477	0.281930	0.281930	-0.493526	-0.493526
31.971857	0.292003	0.281930	-0.483453	-0.483453
31.981239	0.292003	0.281930	-0.493526	-0.503600
31.990620	0.292003	0.281930	-0.513673	-0.523686
