21.940655	-0.144362	-0.597551	5.062282	5.579248
21.950029	-0.140995	-0.597551	5.062282	5.579248
21.959404	-0.140995	-0.597551	5.062282	5.575895
21.968779	-0.137642	-0.597551	5.062282	5.569175
21.978153	-0.140995	-0.594184	5.065635	5.565822
21.987530	-0.140995	-0.594184	5.062282	5.569175
21.996904	-0.140995	-0.590831	5.062282	5.572528
22.006279	-0.140995	-0.590831	5.062282	5.575895
22.015654	-0.144362	-0.590831	5.062282	5.575895
22.025028	-0.144362	-0.590831	5.062282	5.575895
22.034403	-0.144362	-0.587478	5.058914	5.575895
22.043779	-0.140995	-0.587478	5.062282	5.572528
22.053154	-0.140995	-0.590831	5.062282	5.565822
22.062529	-0.140995	-0.590831	5.062282	5.562469
22.071903	-0.140995	-0.590831	5.062282	5.562469
22.081278	-0.144362	-0.587478	5.062282	5.565822
22.090654	-0.144362	-0.587478	5.062282	5.569175
22.100029	-0.147715	-0.587478	5.065635	5.569175
22.109404	-0.151068	-0.587478	5.065635	5.569175
22.118778	-0.151068	-0.584111	5.065635	5.565822
22.128153	-0.151068	-0.584111	5.062282	5.565822
22.137529	-0.151068	-0.584111	5.062282	5.569175
22.146904	-0.151068	-0.584111	5.065635	5.572528
22.156279	-0.151068	-0.584111	5.068988	5.569175
22.165653	-0.154421	-0.580758	5.072340	5.562469
22.175028	-0.151068	-0.580758	5.072340	5.565822
22.184402	-0.151068	-0.580758	5.079061	5.572528
22.193779	-0.151068	-0.580758	5.089134	5.579248
22.203154	-0.151068	-0.577405	5.095840	5.579248
22.212528	-0.151068	-0.577405	5.095840	5.575895
22.221903	-0.151068	-0.577405	5.092487	5.575895
22.231277	-0.151068	-0.577405	5.089134	5.575895
22.240654	-0.154421	-0.574052	5.089134	5.579248
22.250029	-0.157788	-0.574052	5.089134	5.582601
22.259403	-0.161141	-0.574052	5.089134	5.585968
22.268778	-0.161141	-0.574052	5.089134	5.585968
22.278152	-0.164494	-0.574052	5.089134	5.582601
22.287527	-0.164494	-0.574052	5.085781	5.579248
22.296904	-0.167862	-0.574052	5.085781	5.579248
22.306278	-0.167862	-0.574052	5.085781	5.579248
22.315653	-0.167862	-0.574052	5.085781	5.579248
22.325027	-0.171214	-0.574052	5.089134	5.579248
22.334402	-0.167862	-0.574052	5.092487	5.582601
22.343779	-0.167862	-0.574052	5.095840	5.585968
22.353153	-0.167862	-0.574052	5.095840	5.585968
22.362528	-0.167862	-0.570685	5.099207	5.579248
22.371902	-0.167862	-0.570685	5.099207	5.569175
22.381277	-0.167862	-0.570685	5.099207	5.565822
22.390654	-0.167862	-0.570685	5.092487	5.569175
22.400028	-0.167862	-0.570685	5.092487	5.575895
22.409403	-0.167862	-0.570685	5.099207	5.575895
22.418777	-0.171214	-0.567332	5.102560	5.575895
22.428152	-0.171214	-0.567332	5.102560	5.575895
22.437527	-0.171214	-0.567332	5.099207	5.579248
22.446903	-0.174567	-0.563979	5.099207	5.575895
22.456278	-0.174567	-0.563979	5.099207	5.569175
22.465652	-0.177920	-0.560611	5.095840	5.569175
22.475027	-0.181288	-0.560611	5.095840	5.572528
22.484402	-0.181288	-0.563979	5.095840	5.575895
22.493778	-0.181288	-0.563979	5.099207	5.575895
22.503153	-0.181288	-0.567332	5.099207	5.575895
22.512527	-0.181288	-0.567332	5.099207	5.575895
22.521902	-0.181288	-0.567332	5.099207	5.575895
22.531277	-0.181288	-0.563979	5.099207	5.572528
22.540651	-0.181288	-0.563979	5.102560	5.572528
22.550028	-0.177920	-0.563979	5.102560	5.572528
22.559402	-0.177920	-0.563979	5.105913	5.572528
22.568777	-0.177920	-0.563979	5.102560	5.572528
22.578152	-0.177920	-0.563979	5.102560	5.579248
22.587526	-0.181288	-0.563979	5.102560	5.579248
22.596903	-0.181288	-0.563979	5.105913	5.575895
22.606277	-0.184640	-0.563979	5.105913	5.575895
22.615652	-0.187993	-0.560611	5.102560	5.575895
22.625027	-0.187993	-0.560611	5.102560	5.572528
22.634401	-0.187993	-0.560611	5.102560	5.565822
22.643778	-0.187993	-0.560611	5.102560	5.562469
22.653152	-0.187993	-0.560611	5.102560	5.565822
22.662527	-0.187993	-0.560611	5.105913	5.572528
22.671902	-0.184640	-0.557259	5.109281	5.575895
22.681276	-0.184640	-0.557259	5.112633	5.575895
22.690651	-0.184640	-0.557259	5.112633	5.575895
22.700027	-0.184640	-0.553906	5.109281	5.572528
22.709402	-0.184640	-0.557259	5.109281	5.569175
22.718777	-0.184640	-0.557259	5.109281	5.565822
22.728151	-0.184640	-0.557259	5.109281	5.569175
22.737526	-0.187993	-0.557259	5.115986	5.579248
22.746902	-0.187993	-0.557259	5.119339	5.582601
22.756277	-0.191361	-0.560611	5.119339	5.585968
22.765652	-0.191361	-0.557259	5.115986	5.582601
22.775026	-0.191361	-0.557259	5.115986	5.572528
22.784401	-0.194713	-0.553906	5.112633	5.565822
22.793777	-0.194713	-0.553906	5.109281	5.565822
22.803152	-0.194713	-0.553906	5.112633	5.565822
22.812527	-0.194713	-0.553906	5.115986	5.569175
22.821901	-0.191361	-0.553906	5.122706	5.565822
22.831276	-0.194713	-0.553906	5.122706	5.565822
22.840651	-0.194713	-0.553906	5.122706	5.565822
22.850027	-0.194713	-0.553906	5.126059	5.562469
22.859402	-0.198066	-0.553906	5.129412	5.559102
22.868776	-0.201419	-0.550553	5.129412	5.562469
22.878151	-0.201419	-0.547186	5.126059	5.565822
22.887526	-0.201419	-0.543833	5.126059	5.562469
22.896902	-0.198066	-0.543833	5.129412	5.559102
22.906277	-0.198066	-0.543833	5.132780	5.565822
22.915651	-0.194713	-0.543833	5.132780	5.569175
22.925026	-0.194713	-0.543833	5.132780	5.569175
22.934401	-0.194713	-0.540480	5.132780	5.562469
22.943775	-0.194713	-0.540480	5.132780	5.562469
22.953152	-0.198066	-0.540480	5.132780	5.562469
22.962526	-0.198066	-0.537112	5.136132	5.562469
22.971901	-0.194713	-0.537112	5.139485	5.559102
22.981276	-0.194713	-0.537112	5.139485	5.562469
22.990650	-0.194713	-0.537112	5.136132	5.565822
23.000027	-0.194713	-0.537112	5.132780	5.569175
23.009401	-0.194713	-0.537112	5.132780	5.575895
23.018776	-0.194713	-0.537112	5.136132	5.575895
23.028151	-0.198066	-0.537112	5.136132	5.575895
23.037525	-0.198066	-0.533760	5.132780	5.572528
23.046902	-0.198066	-0.533760	5.129412	5.569175
23.056276	-0.201419	-0.533760	5.129412	5.572528
23.065651	-0.201419	-0.533760	5.139485	5.572528
23.075026	-0.201419	-0.533760	5.142838	5.572528
23.084400	-0.201419	-0.530407	5.142838	5.572528
23.093775	-0.204787	-0.530407	5.139485	5.572528
23.103151	-0.204787	-0.530407	5.139485	5.569175
23.112526	-0.201419	-0.533760	5.139485	5.565822
23.121901	-0.201419	-0.533760	5.136132	5.565822
23.131275	-0.198066	-0.533760	5.129412	5.565822
23.140650	-0.194713	-0.530407	5.129412	5.565822
23.150026	-0.194713	-0.530407	5.132780	5.562469
23.159401	-0.191361	-0.530407	5.136132	5.559102
23.168776	-0.191361	-0.530407	5.139485	5.559102
23.178150	-0.194713	-0.530407	5.139485	5.559102
23.187525	-0.194713	-0.530407	5.139485	5.555749
23.196901	-0.194713	-0.527054	5.139485	5.552396
23.206276	-0.194713	-0.527054	5.136132	5.549028
23.215651	-0.198066	-0.523686	5.139485	5.545676
23.225025	-0.198066	-0.523686	5.139485	5.545676
23.234400	-0.198066	-0.520334	5.142838	5.552396
23.243774	-0.201419	-0.520334	5.146205	5.559102
23.253151	-0.201419	-0.516981	5.146205	5.559102
23.262526	-0.198066	-0.516981	5.146205	5.555749
23.271900	-0.198066	-0.516981	5.142838	5.555749
23.281275	-0.198066	-0.520334	5.142838	5.555749
23.290649	-0.198066	-0.520334	5.146205	5.562469
23.300026	-0.198066	-0.520334	5.149558	5.565822
23.309401	-0.194713	-0.516981	5.146205	5.569175
23.318775	-0.198066	-0.516981	5.139485	5.565822
23.328150	-0.198066	-0.516981	5.142838	5.559102
23.337524	-0.198066	-0.516981	5.146205	5.559102
23.346899	-0.201419	-0.516981	5.149558	5.562469
23.356276	-0.201419	-0.516981	5.146205	5.565822
23.365650	-0.201419	-0.516981	5.142838	5.559102
23.375025	-0.201419	-0.516981	5.142838	5.555749
23.384399	-0.201419	-0.516981	5.146205	5.562469
23.393774	-0.198066	-0.516981	5.146205	5.569175
23.403151	-0.198066	-0.516981	5.146205	5.569175
23.412525	-0.198066	-0.513628	5.152911	5.565822
23.421900	-0.194713	-0.510260	5.156279	5.562469
23.431274	-0.194713	-0.510260	5.152911	5.559102
23.440649	-0.194713	-0.510260	5.152911	5.559102
23.450026	-0.198066	-0.510260	5.152911	5.555749
23.459400	-0.198066	-0.506908	5.156279	5.552396
23.468775	-0.198066	-0.506908	5.156279	5.549028
23.478149	-0.194713	-0.506908	5.152911	5.552396
23.487524	-0.194713	-0.506908	5.152911	5.552396
23.496899	-0.198066	-0.506908	5.152911	5.552396
23.506275	-0.198066	-0.506908	5.156279	5.552396
23.515650	-0.201419	-0.506908	5.159631	5.552396
23.525024	-0.201419	-0.506908	5.156279	5.552396
23.534399	-0.201419	-0.510260	5.149558	5.552396
23.543774	-0.198066	-0.510260	5.146205	5.552396
23.553150	-0.198066	-0.510260	5.146205	5.552396
23.562525	-0.194713	-0.506908	5.149558	5.555749
23.571899	-0.191361	-0.506908	5.152911	5.555749
23.581274	-0.191361	-0.506908	5.159631	5.549028
23.590649	-0.191361	-0.506908	5.162984	5.542323
23.600023	-0.194713	-0.506908	5.162984	5.535603
23.609400	-0.194713	-0.506908	5.159631	5.532250
23.618774	-0.194713	-0.503555	5.162984	5.532250
23.628149	-0.194713	-0.503555	5.166337	5.535603
23.637524	-0.194713	-0.500187	5.166337	5.545676
23.646898	-0.194713	-0.500187	5.162984	5.549028
23.656275	-0.191361	-0.500187	5.159631	5.545676
23.665649	-0.187993	-0.500187	5.162984	5.538970
23.675024	-0.187993	-0.496835	5.166337	5.535603
23.684399	-0.184640	-0.493482	5.169704	5.532250
23.693773	-0.184640	-0.493482	5.169704	5.528897
23.703150	-0.184640	-0.493482	5.169704	5.528897
23.712524	-0.187993	-0.493482	5.169704	5.532250
23.721899	-0.187993	-0.493482	5.173058	5.538970
23.731274	-0.191361	-0.493482	5.169704	5.545676
23.740648	-0.191361	-0.493482	5.166337	5.549028
23.750023	-0.187993	-0.490129	5.162984	5.545676
23.759399	-0.187993	-0.490129	5.159631	5.538970
23.768774	-0.187993	-0.486761	5.162984	5.535603
23.778149	-0.184640	-0.486761	5.162984	5.535603
23.787523	-0.184640	-0.486761	5.159631	5.542323
23.796898	-0.184640	-0.486761	5.156279	5.545676
23.806274	-0.184640	-0.486761	5.156279	5.542323
23.815649	-0.184640	-0.486761	5.159631	5.542323
23.825024	-0.184640	-0.486761	5.159631	5.545676
23.834398	-0.184640	-0.483409	5.159631	5.549028
23.843773	-0.184640	-0.483409	5.162984	5.549028
23.853149	-0.184640	-0.483409	5.166337	5.545676
23.862524	-0.187993	-0.483409	5.166337	5.545676
23.871899	-0.187993	-0.480056	5.159631	5.549028
23.881273	-0.187993	-0.480056	5.159631	5.549028
23.890648	-0.187993	-0.480056	5.159631	5.545676
23.900023	-0.187993	-0.476688	5.162984	5.542323
23.909399	-0.187993	-0.476688	5.162984	5.545676
23.918774	-0.187993	-0.473335	5.159631	5.545676
23.928148	-0.187993	-0.473335	5.159631	5.542323
23.937523	-0.187993	-0.469983	5.159631	5.535603
23.946898	-0.187993	-0.469983	5.162984	5.532250
23.956274	-0.191361	-0.469983	5.166337	5.535603
23.965649	-0.191361	-0.469983	5.166337	5.542323
23.975023	-0.191361	-0.469983	5.166337	5.545676
23.984398	-0.191361	-0.466630	5.166337	5.549028
23.993773	-0.191361	-0.466630	5.166337	5.545676
24.003147	-0.191361	-0.466630	5.166337	5.545676
24.012524	-0.191361	-0.466630	5.162984	5.545676
24.021898	-0.191361	-0.463262	5.162984	5.545676
24.031273	-0.191361	-0.463262	5.166337	5.545676
24.040648	-0.187993	-0.459909	5.169704	5.545676
24.050022	-0.187993	-0.459909	5.173058	5.545676
24.059399	-0.187993	-0.459909	5.173058	5.545676
24.068773	-0.187993	-0.456557	5.176410	5.545676
24.078148	-0.184640	-0.453189	5.179763	5.545676
24.087523	-0.184640	-0.453189	5.176410	5.542323
24.096897	-0.181288	-0.449836	5.179763	5.535603
24.106274	-0.181288	-0.449836	5.186483	5.532250
24.115648	-0.181288	-0.446483	5.193204	5.532250
24.125023	-0.181288	-0.446483	5.189836	5.538970
24.134398	-0.181288	-0.443131	5.179763	5.538970
24.143772	-0.181288	-0.443131	5.176410	5.535603
24.153147	-0.181288	-0.439763	5.179763	5.532250
24.162523	-0.181288	-0.439763	5.183130	5.532250
24.171898	-0.181288	-0.436410	5.183130	5.535603
24.181273	-0.177920	-0.436410	5.186483	5.535603
24.190647	-0.177920	-0.433058	5.189836	5.535603
24.200022	-0.174567	-0.429690	5.189836	5.535603
24.209398	-0.171214	-0.429690	5.193204	5.532250
24.218773	-0.171214	-0.426337	5.196557	5.532250
24.228148	-0.174567	-0.422984	5.203262	5.532250
24.237522	-0.174567	-0.419632	5.203262	5.528897
24.246897	-0.177920	-0.416264	5.203262	5.528897
24.256273	-0.177920	-0.412911	5.199909	5.525529
24.265648	-0.174567	-0.409558	5.193204	5.528897
24.275023	-0.174567	-0.406206	5.189836	5.528897
24.284397	-0.174567	-0.406206	5.193204	5.528897
24.293772	-0.171214	-0.402838	5.196557	5.528897
24.303146	-0.171214	-0.402838	5.196557	5.532250
24.312523	-0.171214	-0.399485	5.193204	5.535603
24.321898	-0.171214	-0.399485	5.193204	5.532250
24.331272	-0.167862	-0.396132	5.196557	5.528897
24.340647	-0.167862	-0.396132	5.199909	5.528897
24.350021	-0.167862	-0.392765	5.199909	5.535603
24.359398	-0.167862	-0.389412	5.199909	5.532250
24.368773	-0.167862	-0.386059	5.196557	5.525529
24.378147	-0.167862	-0.382707	5.196557	5.525529
24.387522	-0.167862	-0.382707	5.199909	5.528897
24.396896	-0.167862	-0.379339	5.206630	5.532250
24.406271	-0.167862	-0.379339	5.209982	5.528897
24.415648	-0.167862	-0.375986	5.206630	5.525529
24.425022	-0.167862	-0.375986	5.203262	5.522177
24.434397	-0.164494	-0.372633	5.206630	5.525529
24.443771	-0.161141	-0.372633	5.209982	5.532250
24.453146	-0.157788	-0.369266	5.213335	5.538970
24.462523	-0.157788	-0.369266	5.216703	5.535603
24.471897	-0.157788	-0.365913	5.216703	5.532250
24.481272	-0.157788	-0.362560	5.216703	5.528897
24.490646	-0.154421	-0.362560	5.216703	5.532250
24.500021	-0.154421	-0.359207	5.223408	5.528897
24.509398	-0.154421	-0.355840	5.226761	5.525529
24.518772	-0.154421	-0.355840	5.226761	5.525529
24.528147	-0.151068	-0.349134	5.223408	5.532250
24.537521	-0.151068	-0.345767	5.220056	5.532250
24.546896	-0.147715	-0.342414	5.223408	5.525529
24.556271	-0.147715	-0.339061	5.230129	5.525529
24.565647	-0.147715	-0.339061	5.226761	5.525529
24.575022	-0.147715	-0.335708	5.223408	5.528897
24.584396	-0.144362	-0.332341	5.223408	5.525529
24.593771	-0.144362	-0.332341	5.223408	5.528897
24.603146	-0.140995	-0.328988	5.223408	5.528897
24.612522	-0.140995	-0.325635	5.223408	5.532250
24.621897	-0.137642	-0.325635	5.220056	5.528897
24.631271	-0.137642	-0.322267	5.216703	5.532250
24.640646	-0.137642	-0.318915	5.216703	5.535603
24.650021	-0.137642	-0.315562	5.216703	5.528897
24.659395	-0.137642	-0.312209	5.220056	5.525529
24.668772	-0.137642	-0.308841	5.226761	5.525529
24.678146	-0.134289	-0.305489	5.226761	5.525529
24.687521	-0.134289	-0.302136	5.223408	5.532250
24.696896	-0.134289	-0.298783	5.216703	5.532250
24.706270	-0.134289	-0.295416	5.213335	5.532250
24.715647	-0.130922	-0.292063	5.216703	5.532250
24.725021	-0.127569	-0.292063	5.223408	5.532250
24.734396	-0.124216	-0.288710	5.226761	5.535603
24.743771	-0.120863	-0.285342	5.223408	5.535603
24.753145	-0.120863	-0.281990	5.223408	5.528897
24.762522	-0.117496	-0.278637	5.223408	5.522177
24.771896	-0.114143	-0.275284	5.226761	5.528897
24.781271	-0.114143	-0.275284	5.226761	5.535603
24.790646	-0.114143	-0.271916	5.226761	5.538970
24.800020	-0.114143	-0.271916	5.230129	5.532250
24.809395	-0.114143	-0.268564	5.233481	5.525529
24.818771	-0.110790	-0.265211	5.236835	5.525529
24.828146	-0.107422	-0.261843	5.236835	5.518824
24.837521	-0.104070	-0.258490	5.236835	5.515471
24.846895	-0.100717	-0.258490	5.236835	5.512104
24.856270	-0.097364	-0.255138	5.236835	5.512104
24.865646	-0.097364	-0.255138	5.236835	5.508751
24.875021	-0.097364	-0.255138	5.236835	5.508751
24.884396	-0.097364	-0.255138	5.236835	5.508751
24.893770	-0.093997	-0.251785	5.236835	5.505398
24.903145	-0.090644	-0.251785	5.236835	5.498677
24.912521	-0.087291	-0.251785	5.236835	5.502030
24.921896	-0.083938	-0.248417	5.240202	5.505398
24.931271	-0.083938	-0.241712	5.240202	5.508751
24.940645	-0.080571	-0.241712	5.243555	5.502030
24.950020	-0.080571	-0.238344	5.243555	5.498677
24.959394	-0.080571	-0.238344	5.240202	5.498677
24.968771	-0.077218	-0.234991	5.236835	5.498677
24.978146	-0.073865	-0.231639	5.236835	5.495325
24.987520	-0.070497	-0.228286	5.243555	5.495325
24.996895	-0.070497	-0.228286	5.250260	5.498677
25.006269	-0.067145	-0.224918	5.253628	5.498677
25.015646	-0.063792	-0.224918	5.250260	5.491972
25.025021	-0.063792	-0.221565	5.246907	5.488605
25.034395	-0.060439	-0.221565	5.243555	5.488605
25.043770	-0.057071	-0.221565	5.236835	5.491972
25.053144	-0.057071	-0.221565	5.233481	5.488605
25.062519	-0.053719	-0.221565	5.233481	5.485251
25.071896	-0.053719	-0.221565	5.236835	5.485251
25.081270	-0.050366	-0.221565	5.236835	5.481899
25.090645	-0.050366	-0.221565	5.233481	5.478546
25.100019	-0.046998	-0.221565	5.230129	5.475178
25.109394	-0.043646	-0.224918	5.233481	5.478546
25.118771	-0.040293	-0.228286	5.240202	5.478546
25.128145	-0.040293	-0.231639	5.240202	5.478546
25.137520	-0.036940	-0.238344	5.240202	5.471826
25.146894	-0.033572	-0.241712	5.240202	5.465105
25.156269	-0.033572	-0.248417	5.240202	5.461752
25.165646	-0.033572	-0.255138	5.240202	5.461752
25.175020	-0.030220	-0.258490	5.233481	5.465105
25.184395	-0.030220	-0.265211	5.226761	5.461752
25.193769	-0.026867	-0.271916	5.223408	5.451679
25.203144	-0.023499	-0.275284	5.223408	5.448327
25.212519	-0.023499	-0.281990	5.223408	5.448327
25.221895	-0.023499	-0.288710	5.226761	5.448327
25.231270	-0.020146	-0.298783	5.223408	5.444974
25.240644	-0.016794	-0.305489	5.220056	5.441606
25.250019	-0.013441	-0.312209	5.220056	5.438253
25.259394	-0.010073	-0.318915	5.216703	5.441606
25.268770	-0.006720	-0.328988	5.216703	5.444974
25.278145	-0.003368	-0.342414	5.216703	5.444974
25.287519	-0.003368	-0.352487	5.223408	5.444974
25.296894	0.000000	-0.365913	5.223408	5.448327
25.306269	0.000000	-0.372633	5.216703	5.444974
25.315645	0.003353	-0.382707	5.213335	5.441606
25.325020	0.006706	-0.389412	5.213335	5.438253
25.334394	0.010058	-0.392765	5.213335	5.438253
25.343769	0.013426	-0.392765	5.213335	5.438253
25.353144	0.016779	-0.389412	5.209982	5.428180
25.362518	0.020131	-0.379339	5.209982	5.421474
25.371895	0.023484	-0.359207	5.206630	5.414754
25.381269	0.023484	-0.325635	5.203262	5.408049
25.390644	0.023484	-0.275284	5.196557	5.404681
25.400019	0.023484	-0.211492	5.196557	5.401328
25.409393	0.023484	-0.127569	5.196557	5.394608
25.418770	0.023484	-0.023499	5.193204	5.384550
25.428144	0.023484	0.110775	5.193204	5.371123
25.437519	0.023484	0.271901	5.189836	5.361051
25.446894	0.023484	0.466615	5.183130	5.347624
25.456268	0.020131	0.691518	5.176410	5.330831
25.465643	0.020131	0.953361	5.173058	5.314052
25.475019	0.016779	1.255497	5.169704	5.290553
25.484394	0.013426	1.597896	5.166337	5.267054
25.493769	0.010058	1.983956	5.166337	5.243555
25.503143	0.010058	2.413645	5.166337	5.216703
25.512518	0.003353	2.876908	5.169704	5.203262
25.521894	0.000000	3.377080	5.166337	5.199909
25.531269	-0.003368	3.894061	5.159631	5.206630
25.540644	-0.006720	4.421100	5.159631	5.209982
25.550018	-0.010073	4.954860	5.162984	5.220056
25.559393	-0.013441	5.485251	5.166337	5.240202
25.568769	-0.020146	6.012291	5.162984	5.267054
25.578144	-0.026867	6.539330	5.156279	5.300626
25.587519	-0.030220	7.059664	5.152911	5.337551
25.596893	-0.036940	7.573277	5.152911	5.374476
25.606268	-0.043646	8.083537	5.152911	5.418107
25.615643	-0.053719	8.590430	5.149558	5.465105
25.625019	-0.060439	9.090617	5.142838	5.508751
25.634394	-0.070497	9.584085	5.136132	5.552396
25.643768	-0.080571	10.060772	5.129412	5.596027
25.653143	-0.090644	10.517329	5.126059	5.643025
25.662518	-0.104070	10.936946	5.119339	5.683318
25.671894	-0.114143	11.306211	5.109281	5.720243
25.681269	-0.127569	11.598259	5.102560	5.753815
25.690643	-0.137642	11.786252	5.092487	5.787373
25.700018	-0.151068	11.843324	5.082414	5.810872
25.709393	-0.161141	11.685551	5.068988	5.834371
25.718767	-0.171214	11.356563	5.058914	5.847797
25.728144	-0.181288	10.839597	5.052209	5.857870
25.737518	-0.187993	10.161489	5.038783	5.864591
25.746893	-0.187993	9.365887	5.025357	5.867943
25.756268	-0.184640	8.503154	5.011916	5.864591
25.765642	-0.167862	7.633701	5.005211	5.857870
25.775019	-0.144362	6.811246	4.998490	5.847797
25.784393	-0.110790	6.066010	4.988417	5.834371
25.793768	-0.060439	5.411401	4.974991	5.814240
25.803143	0.006706	4.850790	4.968286	5.790740
25.812517	0.093982	4.370749	4.964918	5.773947
25.821894	0.208125	3.961191	4.958212	5.760521
25.831268	0.349119	3.612071	4.948139	5.743742
25.840643	0.520319	3.309950	4.941434	5.726948
25.850018	0.721738	3.048107	4.931360	5.710170
25.859392	0.966802	2.819836	4.917934	5.696744
25.868767	1.252130	2.615064	4.904494	5.686670
25.878143	1.577765	2.433777	4.894435	5.679950
25.887518	1.953736	2.272651	4.897788	5.673244
25.896893	2.370000	2.124950	4.914567	5.666524
25.906267	2.819836	1.990661	4.941434	5.653098
25.915642	3.306597	1.869813	4.971638	5.643025
25.925018	3.810138	1.759037	5.011916	5.639672
25.934393	4.330456	1.658320	5.058914	5.636320
25.943768	4.857495	1.544192	5.115986	5.629599
25.953142	5.387902	1.460269	5.179763	5.629599
25.962517	5.911589	1.379699	5.240202	5.626246
25.971893	6.435275	1.305848	5.303979	5.619526
25.981268	6.955594	1.238704	5.374476	5.612821
25.990643	7.472575	1.171574	5.448327	5.612821
26.000017	7.986188	1.111150	5.528897	5.612821
26.009392	8.496433	1.054078	5.612821	5.606100
26.018766	9.003342	1.000360	5.696744	5.602747
26.028143	9.506882	0.953361	5.790740	5.599394
26.037518	10.007069	0.906363	5.888090	5.599394
26.046892	10.493830	0.859380	5.988791	5.599394
26.056267	10.963798	0.819087	6.092861	5.596027
26.065641	11.393488	0.778809	6.196931	5.592674
26.075018	11.762753	0.741884	6.294280	5.589321
26.084393	12.038022	0.708312	6.378203	5.589321
26.093767	12.185722	0.674739	6.445348	5.589321
26.103142	12.168943	0.641167	6.488979	5.592674
26.112516	11.957452	0.610963	6.495699	5.592674
26.121891	11.547908	0.577390	6.458774	5.592674
26.131268	10.967151	0.547171	6.388277	5.592674
26.140642	10.245413	0.520319	6.287560	5.592674
26.150017	9.439736	0.493467	6.180138	5.592674
26.159391	8.610577	0.469968	6.069362	5.592674
26.168766	7.788122	0.446469	5.968660	5.592674
26.178143	7.016018	0.426322	5.874663	5.596027
26.187517	6.317780	0.406191	5.787373	5.592674
26.196892	5.690023	0.382692	5.710170	5.589321
26.206266	5.139485	0.359192	5.649745	5.585968
26.215641	4.666150	0.339046	5.602747	5.589321
26.225018	4.253253	0.318900	5.562469	5.589321
26.234392	3.894061	0.298768	5.522177	5.585968
26.243767	3.585219	0.278622	5.495325	5.582601
26.253141	3.313303	0.261828	5.475178	5.582601
26.262516	3.078312	0.248402	5.458400	5.579248
26.271891	2.870187	0.231624	5.441606	5.575895
26.281267	2.682194	0.214845	5.428180	5.572528
26.290642	2.517700	0.198051	5.418107	5.575895
26.300016	2.366647	0.181273	5.411401	5.579248
26.309391	2.229005	0.167847	5.408049	5.579248
26.318766	2.108157	0.154406	5.404681	5.582601
26.328142	1.994029	0.144348	5.404681	5.582601
26.337517	1.889959	0.130907	5.404681	5.582601
26.346891	1.795962	0.117481	5.401328	5.579248
26.356266	1.708686	0.104055	5.394608	5.582601
26.365641	1.624763	0.090629	5.387902	5.582601
26.375017	1.547545	0.077203	5.384550	5.579248
26.384392	1.477048	0.067130	5.381182	5.579248
26.393766	1.409918	0.057057	5.377829	5.575895
26.403141	1.349494	0.050351	5.371123	5.572528
26.412516	1.289070	0.040278	5.361051	5.569175
26.421890	1.231998	0.030205	5.354330	5.565822
26.431267	1.178280	0.020131	5.354330	5.569175
26.440641	1.127928	0.006706	5.354330	5.569175
26.450016	1.080930	-0.003368	5.350977	5.565822
26.459391	1.037285	-0.013441	5.350977	5.569175
26.468765	0.993654	-0.023499	5.347624	5.572528
26.478142	0.956729	-0.030220	5.340904	5.572528
26.487516	0.919804	-0.040293	5.334184	5.569175
26.496891	0.886232	-0.050366	5.334184	5.565822
26.506266	0.852659	-0.057071	5.334184	5.562469
26.515640	0.819087	-0.063792	5.334184	5.559102
26.525015	0.785515	-0.070497	5.324125	5.559102
26.534391	0.758663	-0.077218	5.317405	5.559102
26.543766	0.728458	-0.083938	5.320758	5.559102
26.553141	0.701591	-0.093997	5.324125	5.555749
26.562515	0.674739	-0.100717	5.324125	5.552396
26.571890	0.647888	-0.107422	5.324125	5.555749
26.581266	0.624388	-0.114143	5.320758	5.555749
26.590641	0.600889	-0.124216	5.317405	5.555749
26.600016	0.580743	-0.130922	5.320758	5.552396
26.609390	0.557244	-0.137642	5.320758	5.555749
26.618765	0.537112	-0.144362	5.324125	5.555749
26.628141	0.513613	-0.154421	5.324125	5.555749
26.637516	0.493467	-0.161141	5.324125	5.552396
26.646891	0.476673	-0.167862	5.327478	5.555749
26.656265	0.456542	-0.171214	5.330831	5.555749
26.665640	0.439748	-0.177920	5.327478	5.552396
26.675014	0.422969	-0.184640	5.324125	5.552396
26.684391	0.406191	-0.187993	5.324125	5.555749
26.693766	0.389397	-0.191361	5.324125	5.559102
26.703140	0.375971	-0.198066	5.320758	5.559102
26.712515	0.362545	-0.201419	5.317405	5.559102
26.721889	0.349119	-0.208139	5.317405	5.555749
26.731266	0.335693	-0.211492	5.317405	5.555749
26.740641	0.322267	-0.218213	5.317405	5.549028
26.750015	0.308827	-0.221565	5.310684	5.545676
26.759390	0.295401	-0.224918	5.307332	5.542323
26.768764	0.281975	-0.228286	5.310684	5.542323
26.778139	0.268549	-0.231639	5.314052	5.545676
26.787516	0.258476	-0.234991	5.317405	5.545676
26.796890	0.245050	-0.238344	5.314052	5.549028
26.806265	0.231624	-0.245064	5.310684	5.552396
26.815639	0.218198	-0.251785	5.310684	5.555749
26.825014	0.204772	-0.258490	5.317405	5.555749
26.834391	0.194699	-0.261843	5.324125	5.555749
26.843765	0.184625	-0.265211	5.324125	5.555749
26.853140	0.174552	-0.268564	5.320758	5.552396
26.862514	0.167847	-0.268564	5.317405	5.549028
26.871889	0.161126	-0.271916	5.324125	5.545676
26.881266	0.154406	-0.275284	5.327478	5.542323
26.890640	0.147700	-0.278637	5.327478	5.538970
26.900015	0.137627	-0.281990	5.327478	5.542323
26.909389	0.130907	-0.285342	5.324125	5.545676
26.918764	0.120848	-0.288710	5.324125	5.545676
26.928139	0.114128	-0.292063	5.324125	5.538970
26.937515	0.107422	-0.295416	5.324125	5.535603
26.946890	0.100702	-0.298783	5.327478	5.538970
26.956264	0.097349	-0.302136	5.327478	5.538970
26.965639	0.090629	-0.305489	5.324125	5.542323
26.975014	0.087276	-0.308841	5.320758	5.538970
26.984390	0.077203	-0.312209	5.320758	5.538970
26.993765	0.070482	-0.315562	5.324125	5.542323
27.003139	0.063777	-0.322267	5.320758	5.545676
27.012514	0.053704	-0.325635	5.317405	5.549028
27.021889	0.046983	-0.325635	5.317405	5.555749
27.031265	0.040278	-0.328988	5.317405	5.555749
27.040640	0.033557	-0.332341	5.320758	5.555749
27.050014	0.026852	-0.335708	5.320758	5.555749
27.059389	0.016779	-0.335708	5.320758	5.552396
27.068764	0.010058	-0.339061	5.320758	5.549028
27.078138	0.003353	-0.342414	5.317405	5.549028
27.087515	-0.003368	-0.345767	5.310684	5.545676
27.096889	-0.010073	-0.352487	5.310684	5.545676
27.106264	-0.016794	-0.355840	5.314052	5.549028
27.115639	-0.023499	-0.355840	5.317405	5.549028
27.125013	-0.030220	-0.359207	5.320758	5.549028
27.134390	-0.036940	-0.362560	5.320758	5.549028
27.143764	-0.043646	-0.362560	5.320758	5.549028
27.153139	-0.046998	-0.365913	5.320758	5.545676
27.162514	-0.050366	-0.365913	5.324125	5.545676
27.171888	-0.057071	-0.369266	5.324125	5.542323
27.181263	-0.060439	-0.369266	5.324125	5.538970
27.190639	-0.063792	-0.372633	5.320758	5.535603
27.200014	-0.067145	-0.375986	5.317405	5.535603
27.209389	-0.070497	-0.379339	5.320758	5.535603
27.218763	-0.077218	-0.379339	5.327478	5.532250
27.228138	-0.080571	-0.382707	5.330831	5.532250
27.237514	-0.087291	-0.382707	5.330831	5.532250
27.246889	-0.090644	-0.382707	5.330831	5.532250
27.256264	-0.097364	-0.386059	5.330831	5.538970
27.265638	-0.100717	-0.386059	5.330831	5.538970
27.275013	-0.100717	-0.389412	5.334184	5.532250
27.284389	-0.104070	-0.389412	5.334184	5.528897
27.293764	-0.107422	-0.392765	5.334184	5.528897
27.303139	-0.114143	-0.396132	5.334184	5.535603
27.312513	-0.117496	-0.399485	5.334184	5.535603
27.321888	-0.124216	-0.402838	5.334184	5.535603
27.331263	-0.130922	-0.406206	5.330831	5.532250
27.340639	-0.134289	-0.409558	5.330831	5.532250
27.350014	-0.137642	-0.412911	5.334184	5.538970
27.359388	-0.144362	-0.412911	5.330831	5.542323
27.368763	-0.151068	-0.416264	5.327478	5.542323
27.378138	-0.154421	-0.419632	5.324125	5.538970
27.387514	-0.161141	-0.422984	5.324125	5.538970
27.396889	-0.161141	-0.422984	5.324125	5.538970
27.406263	-0.164494	-0.422984	5.320758	5.538970
27.415638	-0.167862	-0.426337	5.314052	5.535603
27.425013	-0.171214	-0.429690	5.314052	5.532250
27.434389	-0.174567	-0.429690	5.320758	5.528897
27.443764	-0.177920	-0.433058	5.324125	5.528897
27.453138	-0.181288	-0.433058	5.324125	5.525529
27.462513	-0.181288	-0.433058	5.327478	5.528897
27.471888	-0.184640	-0.436410	5.330831	5.532250
27.481262	-0.187993	-0.436410	5.330831	5.528897
27.490639	-0.191361	-0.436410	5.327478	5.525529
27.500013	-0.194713	-0.436410	5.327478	5.525529
27.509388	-0.201419	-0.439763	5.327478	5.528897
27.518763	-0.204787	-0.439763	5.327478	5.532250
27.528137	-0.204787	-0.443131	5.324125	5.528897
27.537514	-0.208139	-0.443131	5.327478	5.528897
27.546888	-0.208139	-0.443131	5.334184	5.528897
27.556263	-0.208139	-0.443131	5.344257	5.528897
27.565638	-0.211492	-0.443131	5.344257	5.528897
27.575012	-0.214845	-0.443131	5.340904	5.528897
27.584387	-0.218213	-0.443131	5.340904	5.528897
27.593763	-0.224918	-0.443131	5.340904	5.525529
27.603138	-0.231639	-0.446483	5.344257	5.522177
27.612513	-0.234991	-0.449836	5.347624	5.522177
27.621887	-0.238344	-0.449836	5.347624	5.518824
27.631262	-0.238344	-0.453189	5.344257	5.518824
27.640638	-0.241712	-0.453189	5.340904	5.522177
27.650013	-0.245064	-0.456557	5.340904	5.525529
27.659388	-0.245064	-0.456557	5.340904	5.522177
27.668762	-0.245064	-0.456557	5.334184	5.518824
27.678137	-0.245064	-0.456557	5.330831	5.515471
27.687513	-0.245064	-0.456557	5.334184	5.515471
27.696888	-0.248417	-0.456557	5.337551	5.522177
27.706263	-0.251785	-0.459909	5.337551	5.518824
27.715637	-0.255138	-0.459909	5.340904	5.515471
27.725012	-0.261843	-0.459909	5.344257	5.512104
27.734386	-0.265211	-0.459909	5.340904	5.515471
27.743763	-0.268564	-0.463262	5.340904	5.515471
27.753138	-0.271916	-0.463262	5.340904	5.515471
27.762512	-0.275284	-0.466630	5.340904	5.512104
27.771887	-0.278637	-0.469983	5.340904	5.508751
27.781261	-0.281990	-0.469983	5.340904	5.508751
27.790638	-0.285342	-0.473335	5.337551	5.512104
27.800013	-0.285342	-0.473335	5.334184	5.515471
27.809387	-0.288710	-0.476688	5.330831	5.518824
27.818762	-0.292063	-0.480056	5.327478	5.515471
27.828136	-0.292063	-0.480056	5.330831	5.515471
27.837511	-0.295416	-0.480056	5.334184	5.512104
27.846888	-0.295416	-0.476688	5.337551	5.508751
27.856262	-0.295416	-0.473335	5.337551	5.505398
27.865637	-0.295416	-0.473335	5.340904	5.505398
27.875011	-0.298783	-0.473335	5.344257	5.508751
27.884386	-0.298783	-0.476688	5.347624	5.502030
27.893763	-0.302136	-0.476688	5.347624	5.495325
27.903137	-0.302136	-0.480056	5.350977	5.498677
27.912512	-0.305489	-0.480056	5.350977	5.505398
27.921886	-0.308841	-0.483409	5.347624	5.508751
27.931261	-0.312209	-0.483409	5.344257	5.505398
27.940638	-0.312209	-0.483409	5.344257	5.502030
27.950012	-0.315562	-0.483409	5.344257	5.505398
27.959387	-0.315562	-0.486761	5.344257	5.508751
27.968761	-0.315562	-0.486761	5.344257	5.512104
27.978136	-0.315562	-0.486761	5.340904	5.512104
27.987511	-0.315562	-0.486761	5.344257	5.508751
27.996887	-0.315562	-0.486761	5.344257	5.508751
28.006262	-0.318915	-0.486761	5.340904	5.505398
28.015636	-0.318915	-0.486761	5.337551	5.502030
28.025011	-0.318915	-0.486761	5.337551	5.502030
28.034386	-0.322267	-0.486761	5.340904	5.502030
28.043762	-0.325635	-0.486761	5.347624	5.502030
28.053137	-0.328988	-0.490129	5.354330	5.498677
28.062511	-0.332341	-0.490129	5.354330	5.498677
28.071886	-0.332341	-0.493482	5.350977	5.498677
28.081261	-0.332341	-0.493482	5.350977	5.498677
28.090637	-0.332341	-0.493482	5.347624	5.498677
28.100012	-0.335708	-0.493482	5.347624	5.491972
28.109386	-0.339061	-0.496835	5.347624	5.488605
28.118761	-0.342414	-0.496835	5.347624	5.488605
28.128136	-0.342414	-0.496835	5.350977	5.495325
28.137510	-0.345767	-0.496835	5.350977	5.498677
28.146887	-0.345767	-0.496835	5.347624	5.498677
28.156261	-0.345767	-0.500187	5.350977	5.495325
28.165636	-0.349134	-0.500187	5.350977	5.495325
28.175011	-0.349134	-0.503555	5.350977	5.495325
28.184385	-0.352487	-0.506908	5.347624	5.495325
28.193762	-0.352487	-0.506908	5.347624	5.495325
28.203136	-0.355840	-0.506908	5.347624	5.495325
28.212511	-0.355840	-0.506908	5.350977	5.498677
28.221886	-0.359207	-0.503555	5.350977	5.498677
28.231260	-0.359207	-0.506908	5.347624	5.498677
28.240635	-0.359207	-0.510260	5.350977	5.498677
28.250011	-0.362560	-0.510260	5.354330	5.502030
28.259386	-0.362560	-0.513628	5.354330	5.498677
28.268761	-0.362560	-0.513628	5.350977	5.495325
28.278135	-0.365913	-0.513628	5.347624	5.495325
28.287510	-0.369266	-0.513628	5.347624	5.495325
28.296886	-0.369266	-0.513628	5.350977	5.495325
28.306261	-0.369266	-0.513628	5.350977	5.495325
28.315636	-0.369266	-0.513628	5.354330	5.498677
28.325010	-0.369266	-0.516981	5.350977	5.495325
28.334385	-0.372633	-0.516981	5.347624	5.495325
28.343761	-0.375986	-0.516981	5.347624	5.498677
28.353136	-0.375986	-0.520334	5.344257	5.502030
28.362511	-0.379339	-0.523686	5.344257	5.498677
28.371885	-0.379339	-0.523686	5.344257	5.491972
28.381260	-0.382707	-0.527054	5.344257	5.491972
28.390635	-0.382707	-0.527054	5.347624	5.495325
28.400011	-0.386059	-0.523686	5.347624	5.498677
28.409386	-0.389412	-0.523686	5.347624	5.491972
28.418760	-0.392765	-0.520334	5.347624	5.491972
28.428135	-0.392765	-0.520334	5.350977	5.495325
28.437510	-0.396132	-0.520334	5.354330	5.498677
28.446886	-0.399485	-0.523686	5.354330	5.498677
28.456261	-0.399485	-0.527054	5.350977	5.498677
28.465635	-0.399485	-0.527054	5.350977	5.502030
28.475010	-0.399485	-0.527054	5.354330	5.505398
28.484385	-0.399485	-0.527054	5.357683	5.502030
28.493759	-0.399485	-0.527054	5.357683	5.498677
28.503136	-0.399485	-0.527054	5.357683	5.491972
28.512510	-0.399485	-0.530407	5.354330	5.491972
28.521885	-0.399485	-0.530407	5.354330	5.498677
28.531260	-0.399485	-0.530407	5.354330	5.502030
28.540634	-0.399485	-0.530407	5.354330	5.498677
28.550011	-0.399485	-0.530407	5.350977	5.491972
28.559385	-0.399485	-0.527054	5.350977	5.491972
28.568760	-0.402838	-0.527054	5.354330	5.491972
28.578135	-0.402838	-0.527054	5.354330	5.488605
28.587509	-0.402838	-0.530407	5.350977	5.485251
28.596886	-0.402838	-0.530407	5.350977	5.478546
28.606260	-0.406206	-0.533760	5.354330	5.478546
28.615635	-0.406206	-0.533760	5.357683	5.478546
28.625010	-0.409558	-0.537112	5.354330	5.478546
28.634384	-0.409558	-0.537112	5.354330	5.475178
28.643759	-0.412911	-0.537112	5.357683	5.471826
28.653135	-0.416264	-0.533760	5.361051	5.475178
28.662510	-0.419632	-0.530407	5.361051	5.478546
28.671885	-0.419632	-0.530407	5.357683	5.481899
28.681259	-0.422984	-0.530407	5.357683	5.485251
28.690634	-0.426337	-0.530407	5.361051	5.488605
28.700010	-0.426337	-0.530407	5.361051	5.488605
28.709385	-0.426337	-0.533760	5.361051	5.485251
28.718760	-0.426337	-0.533760	5.361051	5.485251
28.728134	-0.426337	-0.537112	5.367756	5.488605
28.737509	-0.429690	-0.537112	5.371123	5.488605
28.746885	-0.429690	-0.537112	5.367756	5.488605
28.756260	-0.429690	-0.537112	5.364403	5.485251
28.765635	-0.429690	-0.533760	5.364403	5.481899
28.775009	-0.433058	-0.533760	5.361051	5.478546
28.784384	-0.436410	-0.537112	5.361051	5.481899
28.793758	-0.439763	-0.537112	5.364403	5.485251
28.803135	-0.439763	-0.540480	5.364403	5.485251
28.812510	-0.439763	-0.540480	5.364403	5.481899
28.821884	-0.439763	-0.540480	5.364403	5.478546
28.831259	-0.439763	-0.540480	5.371123	5.478546
28.840633	-0.439763	-0.543833	5.374476	5.478546
28.850010	-0.443131	-0.543833	5.374476	5.475178
28.859385	-0.443131	-0.543833	5.371123	5.475178
28.868759	-0.443131	-0.543833	5.374476	5.478546
28.878134	-0.443131	-0.543833	5.374476	5.478546
28.887508	-0.443131	-0.543833	5.371123	5.475178
28.896883	-0.439763	-0.543833	5.367756	5.475178
28.906260	-0.443131	-0.543833	5.364403	5.475178
28.915634	-0.443131	-0.543833	5.364403	5.478546
28.925009	-0.443131	-0.543833	5.364403	5.478546
28.934383	-0.446483	-0.543833	5.364403	5.475178
28.943758	-0.446483	-0.547186	5.364403	5.475178
28.953135	-0.449836	-0.547186	5.364403	5.478546
28.962509	-0.449836	-0.550553	5.364403	5.481899
28.971884	-0.449836	-0.550553	5.364403	5.481899
28.981258	-0.449836	-0.550553	5.361051	5.478546
28.990633	-0.449836	-0.550553	5.361051	5.478546
29.000010	-0.449836	-0.550553	5.361051	5.478546
29.009384	-0.449836	-0.550553	5.357683	5.481899
29.018759	-0.453189	-0.547186	5.357683	5.488605
29.028133	-0.453189	-0.547186	5.354330	5.488605
29.037508	-0.456557	-0.547186	5.350977	5.488605
29.046883	-0.456557	-0.547186	5.354330	5.488605
29.056259	-0.459909	-0.547186	5.357683	5.485251
29.065634	-0.463262	-0.547186	5.357683	5.481899
29.075008	-0.463262	-0.550553	5.354330	5.481899
29.084383	-0.459909	-0.550553	5.354330	5.481899
29.093758	-0.459909	-0.550553	5.357683	5.485251
29.103134	-0.459909	-0.550553	5.357683	5.488605
29.112509	-0.459909	-0.553906	5.354330	5.485251
29.121883	-0.459909	-0.553906	5.357683	5.485251
29.131258	-0.459909	-0.557259	5.361051	5.488605
29.140633	-0.459909	-0.560611	5.361051	5.485251
29.150009	-0.459909	-0.560611	5.357683	5.481899
29.159384	-0.459909	-0.560611	5.357683	5.481899
29.168758	-0.463262	-0.560611	5.361051	5.488605
29.178133	-0.466630	-0.560611	5.357683	5.491972
29.187508	-0.466630	-0.560611	5.350977	5.491972
29.196882	-0.466630	-0.560611	5.350977	5.488605
29.206259	-0.469983	-0.563979	5.354330	5.485251
29.215633	-0.469983	-0.567332	5.361051	5.485251
29.225008	-0.469983	-0.567332	5.364403	5.488605
29.234383	-0.469983	-0.567332	5.361051	5.495325
29.243757	-0.469983	-0.567332	5.357683	5.495325
29.253134	-0.473335	-0.567332	5.357683	5.491972
29.262508	-0.473335	-0.563979	5.357683	5.488605
29.271883	-0.473335	-0.563979	5.364403	5.485251
29.281258	-0.476688	-0.560611	5.367756	5.488605
29.290632	-0.476688	-0.560611	5.367756	5.491972
29.300007	-0.480056	-0.560611	5.367756	5.488605
29.309383	-0.480056	-0.560611	5.374476	5.485251
29.318758	-0.480056	-0.560611	5.377829	5.478546
29.328133	-0.483409	-0.557259	5.377829	5.471826
29.337507	-0.483409	-0.557259	5.377829	5.471826
29.346882	-0.483409	-0.557259	5.377829	5.481899
29.356258	-0.483409	-0.553906	5.377829	5.488605
29.365633	-0.483409	-0.557259	5.377829	5.488605
29.375008	-0.483409	-0.557259	5.374476	5.485251
29.384382	-0.483409	-0.557259	5.374476	5.481899
29.393757	-0.483409	-0.557259	5.374476	5.481899
29.403133	-0.483409	-0.557259	5.371123	5.478546
29.412508	-0.483409	-0.557259	5.367756	5.475178
29.421883	-0.486761	-0.560611	5.371123	5.478546
29.431257	-0.486761	-0.563979	5.371123	5.481899
29.440632	-0.486761	-0.563979	5.367756	5.481899
29.450006	-0.486761	-0.563979	5.367756	5.481899
29.459383	-0.490129	-0.563979	5.371123	5.475178
29.468758	-0.490129	-0.563979	5.371123	5.475178
29.478132	-0.493482	-0.563979	5.374476	5.475178
29.487507	-0.490129	-0.563979	5.371123	5.478546
29.496881	-0.490129	-0.563979	5.371123	5.478546
29.506258	-0.490129	-0.563979	5.367756	5.478546
29.515633	-0.490129	-0.563979	5.367756	5.475178
29.525007	-0.490129	-0.563979	5.367756	5.475178
29.534382	-0.493482	-0.563979	5.371123	5.475178
29.543756	-0.493482	-0.563979	5.371123	5.471826
29.553131	-0.493482	-0.563979	5.371123	5.465105
29.562508	-0.496835	-0.560611	5.374476	5.465105
29.571882	-0.496835	-0.560611	5.377829	5.475178
29.581257	-0.496835	-0.563979	5.377829	5.478546
29.590631	-0.496835	-0.563979	5.374476	5.478546
29.600006	-0.496835	-0.563979	5.377829	5.481899
29.609383	-0.496835	-0.563979	5.381182	5.485251
29.618757	-0.496835	-0.563979	5.381182	5.488605
29.628132	-0.496835	-0.563979	5.374476	5.488605
29.637506	-0.500187	-0.560611	5.371123	5.485251
29.646881	-0.503555	-0.560611	5.371123	5.481899
29.656258	-0.506908	-0.563979	5.374476	5.475178
29.665632	-0.506908	-0.563979	5.377829	5.475178
29.675007	-0.503555	-0.560611	5.374476	5.481899
29.684381	-0.500187	-0.560611	5.374476	5.488605
29.693756	-0.500187	-0.557259	5.374476	5.491972
29.703131	-0.500187	-0.557259	5.377829	5.488605
29.712507	-0.503555	-0.557259	5.381182	5.485251
29.721882	-0.503555	-0.560611	5.377829	5.478546
29.731256	-0.506908	-0.560611	5.374476	5.471826
29.740631	-0.506908	-0.563979	5.374476	5.471826
29.750006	-0.506908	-0.563979	5.374476	5.475178
29.759382	-0.506908	-0.567332	5.371123	5.478546
29.768757	-0.506908	-0.567332	5.371123	5.481899
29.778131	-0.506908	-0.567332	5.371123	5.485251
29.787506	-0.506908	-0.563979	5.371123	5.485251
29.796881	-0.506908	-0.563979	5.374476	5.478546
29.806257	-0.506908	-0.563979	5.371123	5.468473
29.815632	-0.506908	-0.563979	5.367756	5.465105
29.825006	-0.510260	-0.563979	5.367756	5.468473
29.834381	-0.510260	-0.567332	5.371123	5.478546
29.843756	-0.510260	-0.567332	5.371123	5.481899
29.853130	-0.510260	-0.567332	5.374476	5.481899
29.862507	-0.510260	-0.567332	5.377829	5.478546
29.871881	-0.506908	-0.567332	5.377829	5.478546
29.881256	-0.506908	-0.567332	5.374476	5.478546
29.890631	-0.506908	-0.567332	5.371123	5.478546
29.900005	-0.503555	-0.567332	5.374476	5.481899
29.909382	-0.503555	-0.570685	5.377829	5.485251
29.918756	-0.503555	-0.570685	5.377829	5.488605
29.928131	-0.503555	-0.570685	5.374476	5.488605
29.937506	-0.503555	-0.567332	5.371123	5.491972
29.946880	-0.506908	-0.567332	5.367756	5.491972
29.956255	-0.506908	-0.570685	5.371123	5.491972
29.965631	-0.506908	-0.574052	5.371123	5.495325
29.975006	-0.506908	-0.577405	5.374476	5.498677
29.984381	-0.506908	-0.577405	5.374476	5.495325
29.993755	-0.506908	-0.577405	5.377829	5.488605
30.003130	-0.510260	-0.577405	5.377829	5.485251
30.012506	-0.510260	-0.577405	5.377829	5.488605
30.021881	-0.510260	-0.577405	5.374476	5.488605
30.031256	-0.510260	-0.577405	5.367756	5.485251
30.040630	-0.510260	-0.577405	5.367756	5.485251
30.050005	-0.510260	-0.580758	5.371123	5.481899
30.059381	-0.510260	-0.580758	5.371123	5.478546
30.068756	-0.513628	-0.580758	5.367756	5.475178
30.078131	-0.516981	-0.580758	5.361051	5.475178
30.087505	-0.516981	-0.580758	5.357683	5.481899
30.096880	-0.520334	-0.580758	5.361051	5.485251
30.106255	-0.520334	-0.580758	5.364403	5.488605
30.115631	-0.520334	-0.577405	5.367756	5.488605
30.125006	-0.516981	-0.577405	5.364403	5.488605
30.134380	-0.513628	-0.577405	5.364403	5.488605
30.143755	-0.513628	-0.580758	5.364403	5.485251
30.153130	-0.513628	-0.580758	5.364403	5.485251
30.162506	-0.513628	-0.580758	5.367756	5.491972
30.171881	-0.513628	-0.580758	5.374476	5.498677
30.181255	-0.516981	-0.577405	5.374476	5.505398
30.190630	-0.516981	-0.577405	5.374476	5.505398
30.200005	-0.516981	-0.577405	5.374476	5.498677
30.209381	-0.516981	-0.577405	5.371123	5.495325
30.218756	-0.516981	-0.577405	5.367756	5.491972
30.228130	-0.520334	-0.580758	5.367756	5.488605
30.237505	-0.520334	-0.580758	5.367756	5.488605
30.246880	-0.520334	-0.580758	5.367756	5.488605
30.256254	-0.520334	-0.580758	5.367756	5.488605
30.265631	-0.520334	-0.580758	5.364403	5.491972
30.275005	-0.520334	-0.580758	5.364403	5.495325
30.284380	-0.520334	-0.580758	5.364403	5.491972
30.293755	-0.520334	-0.580758	5.367756	5.485251
30.303129	-0.520334	-0.577405	5.367756	5.485251
30.312506	-0.520334	-0.577405	5.371123	5.488605
30.321880	-0.520334	-0.577405	5.367756	5.491972
30.331255	-0.520334	-0.577405	5.367756	5.488605
30.340630	-0.523686	-0.577405	5.367756	5.485251
30.350004	-0.523686	-0.577405	5.371123	5.485251
30.359379	-0.523686	-0.577405	5.367756	5.485251
30.368755	-0.520334	-0.577405	5.361051	5.485251
30.378130	-0.520334	-0.577405	5.361051	5.485251
30.387505	-0.523686	-0.577405	5.364403	5.481899
30.396879	-0.523686	-0.577405	5.371123	5.481899
30.406254	-0.527054	-0.580758	5.371123	5.478546
30.415630	-0.527054	-0.577405	5.367756	5.475178
30.425005	-0.527054	-0.577405	5.364403	5.475178
30.434380	-0.527054	-0.577405	5.364403	5.478546
30.443754	-0.530407	-0.577405	5.367756	5.481899
30.453129	-0.530407	-0.577405	5.371123	5.481899
30.462505	-0.530407	-0.577405	5.371123	5.481899
30.471880	-0.527054	-0.577405	5.371123	5.478546
30.481255	-0.527054	-0.577405	5.367756	5.475178
30.490629	-0.527054	-0.577405	5.367756	5.475178
30.500004	-0.527054	-0.580758	5.367756	5.478546
30.509378	-0.530407	-0.580758	5.367756	5.485251
30.518755	-0.530407	-0.580758	5.364403	5.485251
30.528130	-0.530407	-0.577405	5.364403	5.485251
30.537504	-0.530407	-0.577405	5.361051	5.485251
30.546879	-0.530407	-0.574052	5.361051	5.478546
30.556253	-0.530407	-0.570685	5.357683	5.475178
30.565630	-0.533760	-0.574052	5.357683	5.468473
30.575005	-0.533760	-0.574052	5.361051	5.468473
30.584379	-0.530407	-0.577405	5.361051	5.468473
30.593754	-0.530407	-0.577405	5.361051	5.465105
30.603128	-0.527054	-0.577405	5.361051	5.465105
30.612503	-0.527054	-0.577405	5.361051	5.465105
30.621880	-0.527054	-0.577405	5.357683	5.461752
30.631254	-0.527054	-0.577405	5.354330	5.458400
30.640629	-0.527054	-0.577405	5.357683	5.455047
30.650003	-0.527054	-0.577405	5.361051	5.458400
30.659378	-0.527054	-0.577405	5.364403	5.461752
30.668755	-0.527054	-0.580758	5.367756	5.465105
30.678129	-0.527054	-0.580758	5.367756	5.468473
30.687504	-0.530407	-0.580758	5.364403	5.468473
30.696878	-0.530407	-0.580758	5.361051	5.468473
30.706253	-0.533760	-0.580758	5.361051	5.471826
30.715630	-0.533760	-0.577405	5.367756	5.471826
30.725004	-0.533760	-0.577405	5.374476	5.468473
30.734379	-0.537112	-0.577405	5.377829	5.468473
30.743753	-0.533760	-0.577405	5.377829	5.465105
30.753128	-0.533760	-0.574052	5.377829	5.465105
30.762503	-0.533760	-0.574052	5.374476	5.461752
30.771879	-0.533760	-0.574052	5.371123	5.458400
30.781254	-0.537112	-0.574052	5.374476	5.458400
30.790628	-0.537112	-0.574052	5.377829	5.465105
30.800003	-0.537112	-0.570685	5.381182	5.465105
30.809378	-0.537112	-0.570685	5.377829	5.458400
30.818754	-0.537112	-0.570685	5.377829	5.458400
30.828129	-0.533760	-0.570685	5.381182	5.461752
30.837503	-0.533760	-0.570685	5.387902	5.468473
30.846878	-0.530407	-0.574052	5.387902	5.471826
30.856253	-0.530407	-0.574052	5.384550	5.475178
30.865629	-0.530407	-0.574052	5.387902	5.478546
30.875004	-0.533760	-0.574052	5.391255	5.478546
30.884378	-0.537112	-0.570685	5.387902	5.475178
30.893753	-0.537112	-0.570685	5.387902	5.468473
30.903128	-0.537112	-0.570685	5.387902	5.468473
30.912502	-0.533760	-0.570685	5.391255	5.468473
30.921879	-0.533760	-0.574052	5.387902	5.471826
30.931253	-0.530407	-0.577405	5.387902	5.475178
30.940628	-0.530407	-0.577405	5.387902	5.475178
30.950003	-0.533760	-0.577405	5.387902	5.471826
30.959377	-0.533760	-0.577405	5.384550	5.465105
30.968754	-0.537112	-0.580758	5.381182	5.458400
30.978128	-0.537112	-0.580758	5.381182	5.458400
30.987503	-0.540480	-0.580758	5.377829	5.458400
30.996878	-0.543833	-0.580758	5.377829	5.458400
31.006252	-0.543833	-0.580758	5.384550	5.458400
31.015627	-0.540480	-0.577405	5.384550	5.461752
31.025003	-0.540480	-0.577405	5.381182	5.461752
31.034378	-0.537112	-0.574052	5.377829	5.461752
31.043753	-0.537112	-0.574052	5.377829	5.461752
31.053127	-0.537112	-0.574052	5.384550	5.465105
31.062502	-0.537112	-0.574052	5.387902	5.465105
31.071878	-0.537112	-0.574052	5.391255	5.458400
31.081253	-0.537112	-0.574052	5.397975	5.458400
31.090628	-0.537112	-0.574052	5.397975	5.465105
31.100002	-0.537112	-0.574052	5.394608	5.465105
31.109377	-0.533760	-0.574052	5.391255	5.461752
31.118753	-0.537112	-0.574052	5.394608	5.461752
31.128128	-0.540480	-0.577405	5.397975	5.461752
31.137503	-0.540480	-0.577405	5.401328	5.458400
31.146877	-0.543833	-0.577405	5.401328	5.455047
31.156252	-0.547186	-0.577405	5.404681	5.455047
31.165627	-0.547186	-0.574052	5.408049	5.458400
31.175003	-0.543833	-0.574052	5.404681	5.458400
31.184378	-0.543833	-0.574052	5.401328	5.458400
31.193752	-0.543833	-0.574052	5.401328	5.461752
31.203127	-0.543833	-0.574052	5.401328	5.461752
31.212502	-0.543833	-0.574052	5.401328	5.465105
31.221878	-0.543833	-0.574052	5.404681	5.465105
31.231253	-0.543833	-0.574052	5.408049	5.465105
31.240627	-0.547186	-0.570685	5.404681	5.461752
31.250002	-0.547186	-0.570685	5.397975	5.455047
31.259377	-0.550553	-0.570685	5.397975	5.455047
31.268753	-0.550553	-0.570685	5.404681	5.461752
31.278128	-0.550553	-0.574052	5.404681	5.468473
31.287502	-0.547186	-0.574052	5.401328	5.461752
31.296877	-0.547186	-0.574052	5.394608	5.451679
31.306252	-0.550553	-0.570685	5.391255	5.448327
31.315626	-0.550553	-0.570685	5.394608	5.444974
31.325003	-0.550553	-0.570685	5.394608	5.441606
31.334377	-0.550553	-0.570685	5.394608	5.441606
31.343752	-0.550553	-0.570685	5.394608	5.444974
31.353127	-0.550553	-0.574052	5.391255	5.448327
31.362501	-0.550553	-0.574052	5.387902	5.448327
31.371878	-0.547186	-0.574052	5.387902	5.448327
31.381252	-0.547186	-0.570685	5.387902	5.444974
31.390627	-0.547186	-0.570685	5.391255	5.444974
31.400002	-0.547186	-0.570685	5.394608	5.444974
31.409376	-0.547186	-0.570685	5.397975	5.448327
31.418751	-0.547186	-0.570685	5.401328	5.451679
31.428127	-0.550553	-0.570685	5.404681	5.451679
31.437502	-0.550553	-0.570685	5.404681	5.448327
31.446877	-0.553906	-0.570685	5.408049	5.448327
31.456251	-0.553906	-0.570685	5.411401	5.448327
31.465626	-0.553906	-0.570685	5.408049	5.451679
31.475002	-0.553906	-0.567332	5.408049	5.451679
31.484377	-0.553906	-0.563979	5.411401	5.455047
31.493752	-0.553906	-0.563979	5.414754	5.458400
31.503126	-0.553906	-0.563979	5.418107	5.451679
31.512501	-0.553906	-0.563979	5.414754	5.444974
31.521877	-0.553906	-0.563979	5.414754	5.448327
31.531252	-0.550553	-0.567332	5.411401	5.455047
31.540627	-0.550553	-0.567332	5.408049	5.455047
31.550001	-0.547186	-0.563979	5.404681	5.448327
31.559376	-0.547186	-0.563979	5.401328	5.448327
31.568750	-0.547186	-0.563979	5.401328	5.448327
31.578127	-0.547186	-0.563979	5.397975	5.448327
31.587502	-0.550553	-0.563979	5.394608	5.444974
31.596876	-0.553906	-0.563979	5.394608	5.441606
31.606251	-0.553906	-0.563979	5.401328	5.444974
31.615625	-0.557259	-0.563979	5.404681	5.448327
31.625002	-0.557259	-0.563979	5.404681	5.444974
31.634377	-0.560611	-0.563979	5.401328	5.444974
31.643751	-0.560611	-0.563979	5.401328	5.444974
31.653126	-0.560611	-0.567332	5.401328	5.444974
31.662500	-0.563979	-0.567332	5.404681	5.444974
31.671875	-0.563979	-0.567332	5.408049	5.444974
31.681252	-0.563979	-0.567332	5.408049	5.448327
31.690626	-0.563979	-0.567332	5.404681	5.448327
31.700001	-0.563979	-0.567332	5.408049	5.448327
31.709375	-0.563979	-0.567332	5.411401	5.451679
31.718750	-0.563979	-0.567332	5.418107	5.451679
31.728127	-0.560611	-0.567332	5.418107	5.448327
31.737501	-0.560611	-0.570685	5.418107	5.448327
31.746876	-0.560611	-0.570685	5.421474	5.451679
31.756250	-0.560611	-0.570685	5.424828	5.455047
31.765625	-0.560611	-0.570685	5.424828	5.455047
31.775002	-0.563979	-0.570685	5.418107	5.451679
31.784376	-0.560611	-0.570685	5.414754	5.451679
31.793751	-0.560611	-0.570685	5.411401	5.451679
31.803125	-0.560611	-0.570685	5.408049	5.448327
31.812500	-0.557259	-0.570685	5.404681	5.451679
31.821875	-0.560611	-0.570685	5.404681	5.451679
31.831251	-0.560611	-0.570685	5.411401	5.448327
31.840626	-0.563979	-0.570685	5.414754	5.441606
31.850000	-0.563979	-0.570685	5.411401	5.438253
31.859375	-0.567332	-0.570685	5.408049	5.434900
31.868750	-0.567332	-0.567332	5.408049	5.434900
31.878126	-0.570685	-0.563979	5.411401	5.434900
31.887501	-0.570685	-0.560611	5.418107	5.438253
31.896875	-0.570685	-0.560611	5.421474	5.441606
31.906250	-0.570685	-0.560611	5.421474	5.438253
31.915625	-0.567332	-0.560611	5.418107	5.434900
31.925001	-0.567332	-0.560611	5.418107	5.434900
31.934376	-0.563979	-0.560611	5.424828	5.434900
31.943750	-0.563979	-0.563979	5.428180	5.431548
31.953125	-0.563979	-0.563979	5.428180	5.428180
31.962500	-0.563979	-0.563979	5.421474	5.428180
31.971874	-0.563979	-0.563979	5.418107	5.428180
31.981251	-0.563979	-0.563979	5.418107	5.421474
31.990625	-0.563979	-0.563979	5.414754	5.418107
