20.958424	0.020087	0.030160	0.000000	0.040233
20.989719	0.030160	0.020087	0.010014	0.040233
21.021015	0.030160	0.020087	0.010014	0.040233
21.052311	0.030160	0.020087	0.010014	0.050306
21.083607	0.030160	0.030160	0.010014	0.050306
21.114902	0.030160	0.030160	0.000000	0.050306
21.146198	0.030160	0.030160	0.000000	0.060380
21.177494	0.030160	0.030160	0.000000	0.060380
21.208790	0.030160	0.030160	0.000000	0.060380
21.240086	0.030160	0.030160	0.000000	0.070453
21.271381	0.020087	0.030160	0.000000	0.070453
21.302677	0.010014	0.030160	0.000000	0.080526
21.333973	0.010014	0.030160	0.010014	0.080526
21.365271	0.020087	0.030160	0.020087	0.090599
21.396566	0.020087	0.030160	0.020087	0.090599
21.427862	0.020087	0.030160	0.030160	0.100672
21.459158	0.020087	0.040233	0.030160	0.110745
21.490454	0.020087	0.040233	0.030160	0.120819
21.521749	0.030160	0.040233	0.040233	0.120819
21.553045	0.030160	0.040233	0.050306	0.120819
21.584341	0.040233	0.040233	0.050306	0.130892
21.615637	0.040233	0.050306	0.060380	0.140965
21.646933	0.050306	0.050306	0.060380	0.151038
21.678228	0.050306	0.060380	0.070453	0.161111
21.709524	0.040233	0.060380	0.070453	0.171185
21.740820	0.040233	0.050306	0.070453	0.171185
21.772116	0.040233	0.060380	0.070453	0.181258
21.803411	0.030160	0.050306	0.070453	0.191331
21.834707	0.030160	0.050306	0.070453	0.201404
21.866005	0.030160	0.050306	0.080526	0.211477
21.897301	0.030160	0.060380	0.090599	0.221550
21.928596	0.030160	0.060380	0.090599	0.221550
21.959892	0.030160	0.060380	0.100672	0.231624
21.991188	0.030160	0.060380	0.110745	0.241697
22.022484	0.020087	0.060380	0.110745	0.251770
22.053780	0.020087	0.070453	0.110745	0.261784
22.085075	0.030160	0.070453	0.120819	0.281930
22.116371	0.040233	0.070453	0.120819	0.292003
22.147667	0.040233	0.070453	0.130892	0.302076
22.178963	0.050306	0.080526	0.140965	0.312150
22.210258	0.050306	0.070453	0.140965	0.322223
22.241554	0.040233	0.070453	0.140965	0.332296
22.272850	0.040233	0.070453	0.151038	0.342369
22.304146	0.040233	0.070453	0.151038	0.362515
22.335442	0.030160	0.070453	0.161111	0.372589
22.366739	0.040233	0.070453	0.161111	0.392735
22.398035	0.040233	0.070453	0.161111	0.402808
22.429331	0.050306	0.080526	0.171185	0.412881
22.460627	0.050306	0.080526	0.181258	0.422955
22.491922	0.050306	0.080526	0.181258	0.443101
22.523218	0.050306	0.080526	0.191331	0.453174
22.554514	0.040233	0.080526	0.191331	0.473320
22.585810	0.040233	0.090599	0.201404	0.493467
22.617105	0.040233	0.100672	0.221550	0.513613
22.648401	0.040233	0.110745	0.231624	0.533700
22.679697	0.040233	0.110745	0.241697	0.553846
22.710993	0.040233	0.110745	0.251770	0.573993
22.742289	0.040233	0.110745	0.261784	0.604212
22.773584	0.050306	0.110745	0.261784	0.624359
22.804880	0.050306	0.100672	0.261784	0.644505
22.836176	0.060380	0.100672	0.271857	0.664651
22.867474	0.060380	0.110745	0.281930	0.694871
22.898769	0.060380	0.120819	0.292003	0.715017
22.930065	0.070453	0.120819	0.302076	0.745237
22.961361	0.070453	0.120819	0.302076	0.775397
22.992657	0.070453	0.120819	0.312150	0.795543
23.023952	0.070453	0.120819	0.322223	0.825763
23.055248	0.070453	0.130892	0.332296	0.855982
23.086544	0.070453	0.140965	0.342369	0.886202
23.117840	0.060380	0.140965	0.352442	0.916421
23.149136	0.070453	0.140965	0.362515	0.956714
23.180431	0.070453	0.151038	0.382662	0.997007
23.211727	0.080526	0.151038	0.402808	1.037240
23.243023	0.080526	0.151038	0.412881	1.087606
23.274319	0.090599	0.151038	0.433028	1.127899
23.305614	0.090599	0.151038	0.443101	1.178265
23.336912	0.100672	0.151038	0.453174	1.228631
23.368208	0.090599	0.151038	0.463247	1.289070
23.399504	0.090599	0.161111	0.473320	1.339376
23.430799	0.080526	0.171185	0.493467	1.409888
23.462095	0.080526	0.181258	0.503540	1.480401
23.493391	0.090599	0.181258	0.523627	1.550853
23.524687	0.090599	0.181258	0.543773	1.631439
23.555983	0.090599	0.181258	0.563920	1.712024
23.587278	0.090599	0.181258	0.584066	1.792610
23.618574	0.100672	0.181258	0.604212	1.893282
23.649870	0.100672	0.181258	0.624359	2.004087
23.681166	0.110745	0.171185	0.634432	2.114832
23.712461	0.110745	0.161111	0.654578	2.255857
23.743757	0.110745	0.151038	0.674725	2.406895
23.775053	0.110745	0.130892	0.704944	2.568066
23.806349	0.110745	0.110745	0.725091	2.759397
23.837646	0.110745	0.080526	0.755310	2.980947
23.868942	0.120819	0.040233	0.785470	3.222644
23.900238	0.120819	0.000000	0.815690	3.514707
23.931534	0.120819	-0.050366	0.835836	3.867209
23.962830	0.120819	-0.100732	0.866055	4.280090
23.994125	0.120819	-0.171244	0.896275	4.773557
24.025421	0.130892	-0.251830	0.926495	5.377829
24.056717	0.130892	-0.352502	0.956714	6.112993
24.088013	0.130892	-0.453234	0.986934	7.029414
24.119308	0.130892	-0.563979	1.027226	8.157372
24.150604	0.140965	-0.654638	1.067460	9.557188
24.181900	0.140965	-0.694931	1.107752	11.239052
24.213196	0.151038	-0.664711	1.158118	13.263285
24.244492	0.151038	-0.503600	1.198411	15.579581
24.275787	0.140965	-0.171244	1.248777	18.087208
24.307083	0.140965	0.372589	1.299083	20.665348
24.338381	0.140965	1.137972	1.349449	23.052156
24.369677	0.140965	2.114832	1.409888	24.905205
24.400972	0.140965	3.182352	1.470327	25.942505
24.432268	0.151038	4.209578	1.540840	26.033163
24.463564	0.151038	5.095840	1.611292	25.328159
24.494860	0.151038	5.820930	1.691878	24.139822
24.526155	0.161111	6.394982	1.782537	22.598982
24.557451	0.161111	6.868303	1.863062	20.685493
24.588747	0.161111	7.291257	1.963794	18.349052
24.620043	0.151038	7.694125	2.074540	15.559435
24.651339	0.140965	8.066713	2.185345	12.296497
24.682634	0.130892	8.358776	2.356529	8.711279
24.713930	0.120819	8.489728	2.507627	5.095840
24.745226	0.100672	8.368850	2.678812	1.863062
24.776522	0.070453	7.925749	2.870142	-0.513673
24.807819	0.040233	7.190585	3.081679	-1.762450
24.839115	-0.010073	6.264031	3.323376	-2.004147
24.870411	-0.060439	5.317390	3.605366	-1.661718
24.901707	-0.130951	4.451275	3.927588	-1.127958
24.933002	-0.211537	3.726184	4.320383	-0.604272
24.964298	-0.312209	3.142059	4.783630	-0.151098
24.995594	-0.453234	2.668738	5.347610	0.181258
25.026890	-0.624418	2.286077	6.042480	0.422955
25.058186	-0.866115	1.983941	6.928742	0.594139
25.089481	-1.188397	1.742244	8.046568	0.715017
25.120777	-1.591206	1.540840	9.466589	0.805616
25.152073	-2.074599	1.369596	11.279345	0.876129
25.183369	-2.648652	1.218557	13.555347	0.926495
25.214664	-3.262997	1.097679	16.254307	0.966787
25.245960	-3.706098	0.997007	19.144653	0.997007
25.277256	-3.766537	0.916421	21.803379	1.017153
25.308554	-3.403962	0.855982	23.908197	1.027226
25.339849	-2.699018	0.815690	25.338232	1.027226
25.371145	-1.832902	0.785470	26.063324	1.007080
25.402441	-0.926554	0.745237	26.184200	0.986934
25.433737	-0.060439	0.715017	25.751173	0.956714
25.465033	0.765383	0.684798	24.834692	0.926495
25.496328	1.591146	0.654578	23.414730	0.906348
25.527624	2.568066	0.624359	21.400511	0.886202
25.558920	3.867209	0.594139	18.731773	0.855982
25.590216	5.488575	0.573993	15.448689	0.835836
25.621511	7.190585	0.543773	11.803031	0.815690
25.652807	8.529961	0.523627	8.278191	0.795543
25.684103	9.224892	0.503540	5.236804	0.775397
25.715399	9.234964	0.493467	2.940655	0.755310
25.746695	8.701205	0.473320	1.419961	0.735164
25.777990	7.825017	0.453174	0.533700	0.704944
25.809288	6.817937	0.433028	0.120819	0.684798
25.840584	5.800784	0.422955	0.020087	0.674725
25.871880	4.894435	0.402808	0.080526	0.654578
25.903175	4.098833	0.382662	0.221550	0.634432
25.934471	3.444195	0.372589	0.372589	0.624359
25.965767	2.789617	0.362515	0.543773	0.604212
25.997063	2.376676	0.352442	0.664651	0.584066
26.028358	2.034307	0.342369	0.755310	0.563920
26.059654	1.752317	0.332296	0.825763	0.553846
26.090950	1.520693	0.322223	0.886202	0.533700
26.122246	1.319230	0.312150	0.946641	0.523627
26.153542	1.168191	0.302076	0.986934	0.513613
26.184837	1.057386	0.292003	1.027226	0.503540
26.216133	0.966787	0.292003	1.047313	0.493467
26.247429	0.896275	0.281930	1.047313	0.473320
26.278725	0.845909	0.271857	1.047313	0.463247
26.310022	0.795543	0.261784	1.027226	0.443101
26.341318	0.755310	0.251770	1.007080	0.433028
26.372614	0.715017	0.241697	0.976861	0.422955
26.403910	0.674725	0.231624	0.946641	0.412881
26.435205	0.644505	0.231624	0.916421	0.402808
26.466501	0.624359	0.231624	0.896275	0.392735
26.497797	0.594139	0.231624	0.866055	0.382662
26.529093	0.563920	0.221550	0.845909	0.382662
26.560389	0.543773	0.221550	0.825763	0.372589
26.591684	0.513613	0.211477	0.795543	0.362515
26.622980	0.493467	0.211477	0.775397	0.352442
26.654276	0.463247	0.201404	0.745237	0.342369
26.685572	0.453174	0.191331	0.725091	0.332296
26.716867	0.433028	0.191331	0.704944	0.332296
26.748163	0.422955	0.181258	0.684798	0.322223
26.779461	0.402808	0.181258	0.664651	0.322223
26.810757	0.392735	0.181258	0.644505	0.312150
26.842052	0.372589	0.181258	0.624359	0.302076
26.873348	0.362515	0.181258	0.604212	0.302076
26.904644	0.362515	0.181258	0.584066	0.292003
26.935940	0.352442	0.181258	0.573993	0.281930
26.967236	0.332296	0.181258	0.553846	0.271857
26.998531	0.322223	0.171185	0.543773	0.261784
27.029827	0.302076	0.161111	0.523627	0.261784
27.061123	0.281930	0.161111	0.513613	0.251770
27.092419	0.271857	0.151038	0.493467	0.241697
27.123714	0.261784	0.151038	0.483394	0.231624
27.155010	0.261784	0.151038	0.473320	0.231624
27.186306	0.261784	0.151038	0.463247	0.221550
27.217602	0.251770	0.151038	0.443101	0.221550
27.248898	0.251770	0.151038	0.422955	0.221550
27.280195	0.251770	0.140965	0.412881	0.211477
27.311491	0.251770	0.140965	0.392735	0.211477
27.342787	0.251770	0.140965	0.382662	0.211477
27.374083	0.241697	0.140965	0.362515	0.201404
27.405378	0.241697	0.140965	0.352442	0.201404
27.436674	0.221550	0.151038	0.342369	0.201404
27.467970	0.211477	0.151038	0.332296	0.201404
27.499266	0.201404	0.151038	0.322223	0.191331
27.530561	0.191331	0.151038	0.312150	0.191331
27.561857	0.191331	0.151038	0.312150	0.191331
27.593153	0.181258	0.151038	0.302076	0.191331
27.624449	0.171185	0.151038	0.292003	0.201404
27.655745	0.161111	0.151038	0.281930	0.201404
27.687040	0.161111	0.151038	0.271857	0.191331
27.718336	0.161111	0.140965	0.261784	0.191331
27.749632	0.171185	0.140965	0.261784	0.191331
27.780930	0.171185	0.140965	0.261784	0.191331
27.812225	0.171185	0.140965	0.251770	0.191331
27.843521	0.171185	0.140965	0.251770	0.201404
27.874817	0.161111	0.140965	0.241697	0.201404
27.906113	0.161111	0.140965	0.241697	0.211477
27.937408	0.151038	0.140965	0.231624	0.221550
27.968704	0.151038	0.140965	0.231624	0.221550
