22.510115	0.013426	-0.053719	-0.016794	-0.070497
22.549194	0.013426	-0.057071	-0.013441	-0.067145
22.588276	0.013426	-0.060439	-0.010073	-0.063792
22.627357	0.013426	-0.063792	-0.010073	-0.060439
22.666439	0.010058	-0.070497	-0.013441	-0.060439
22.705521	0.010058	-0.073865	-0.016794	-0.060439
22.744602	0.006706	-0.080571	-0.020146	-0.060439
22.783682	0.003353	-0.087291	-0.023499	-0.060439
22.822763	0.003353	-0.090644	-0.020146	-0.057071
22.861845	0.003353	-0.097364	-0.016794	-0.057071
22.900927	0.006706	-0.104070	-0.010073	-0.053719
22.940008	0.006706	-0.114143	-0.006720	-0.050366
22.979090	0.006706	-0.120863	-0.003368	-0.050366
23.018169	0.003353	-0.127569	-0.006720	-0.046998
23.057251	-0.003368	-0.134289	-0.010073	-0.046998
23.096333	-0.006720	-0.144362	-0.013441	-0.043646
23.135414	-0.010073	-0.151068	-0.013441	-0.040293
23.174496	-0.010073	-0.161141	-0.010073	-0.036940
23.213577	-0.010073	-0.167862	-0.003368	-0.033572
23.252657	-0.010073	-0.177920	0.003353	-0.033572
23.291739	-0.013441	-0.187993	0.006706	-0.030220
23.330820	-0.016794	-0.198066	0.003353	-0.023499
23.369902	-0.020146	-0.211492	-0.003368	-0.023499
23.408983	-0.026867	-0.221565	-0.010073	-0.020146
23.448065	-0.030220	-0.234991	-0.013441	-0.016794
23.487144	-0.030220	-0.248417	-0.006720	-0.013441
23.526226	-0.030220	-0.258490	0.000000	-0.010073
23.565308	-0.030220	-0.271916	0.010058	-0.003368
23.604389	-0.030220	-0.285342	0.013426	0.000000
23.643471	-0.033572	-0.298783	0.016779	0.003353
23.682550	-0.040293	-0.312209	0.013426	0.010058
23.721632	-0.043646	-0.328988	0.006706	0.013426
23.760714	-0.050366	-0.342414	0.003353	0.013426
23.799795	-0.057071	-0.359207	0.003353	0.016779
23.838877	-0.060439	-0.379339	0.010058	0.020131
23.877958	-0.063792	-0.399485	0.016779	0.030205
23.917038	-0.067145	-0.422984	0.020131	0.036925
23.956120	-0.073865	-0.443131	0.020131	0.043631
23.995201	-0.077218	-0.469983	0.020131	0.053704
24.034283	-0.087291	-0.493482	0.016779	0.060424
24.073364	-0.093997	-0.523686	0.010058	0.070482
24.112446	-0.100717	-0.550553	0.010058	0.077203
24.151525	-0.104070	-0.584111	0.016779	0.090629
24.190607	-0.107422	-0.614330	0.023484	0.104055
24.229689	-0.110790	-0.647902	0.033557	0.117481
24.268770	-0.114143	-0.688180	0.036925	0.130907
24.307852	-0.124216	-0.731826	0.036925	0.144348
24.346933	-0.130922	-0.778824	0.033557	0.157773
24.386013	-0.137642	-0.835896	0.030205	0.171199
24.425095	-0.147715	-0.892952	0.026852	0.184625
24.464176	-0.157788	-0.963449	0.026852	0.201404
24.503258	-0.164494	-1.037300	0.033557	0.221550
24.542339	-0.171214	-1.124591	0.036925	0.248402
24.581421	-0.177920	-1.228645	0.043631	0.281975
24.620501	-0.187993	-1.346141	0.043631	0.318900
24.659582	-0.198066	-1.490489	0.036925	0.362545
24.698664	-0.208139	-1.665056	0.033557	0.419617
24.737745	-0.218213	-1.876548	0.033557	0.496820
24.776827	-0.228286	-2.141744	0.040278	0.600889
24.815907	-0.238344	-2.474084	0.046983	0.741884
24.854988	-0.245064	-2.883628	0.057057	0.929862
24.894070	-0.255138	-3.400594	0.067130	1.178280
24.933151	-0.265211	-4.035070	0.073850	1.507267
24.972233	-0.278637	-4.793734	0.073850	1.923531
25.011314	-0.295416	-5.690038	0.070482	2.427071
25.050394	-0.312209	-6.687060	0.063777	3.011182
25.089476	-0.328988	-7.720992	0.063777	3.628865
25.128557	-0.342414	-8.718014	0.070482	4.199534
25.167639	-0.355840	-9.574040	0.080556	4.642651
25.206720	-0.372633	-10.185003	0.093982	4.867568
25.245802	-0.386059	-10.507271	0.104055	4.837364
25.284882	-0.406206	-10.524050	0.110775	4.582226
25.323963	-0.429690	-10.258854	0.110775	4.162610
25.363045	-0.453189	-9.715021	0.107422	3.618792
25.402126	-0.480056	-8.892581	0.107422	2.974257
25.441208	-0.503555	-7.808283	0.110775	2.262578
25.480289	-0.530407	-6.499067	0.124201	1.513973
25.519369	-0.553906	-5.082428	0.137627	0.802308
25.558451	-0.580758	-3.732934	0.154406	0.204772
25.597532	-0.610977	-2.605006	0.164479	-0.211492
25.636614	-0.647902	-1.806051	0.174552	-0.416264
25.675695	-0.684828	-1.329362	0.181273	-0.449836
25.714777	-0.725105	-1.070872	0.187978	-0.399485
25.753857	-0.772104	-0.936598	0.198051	-0.318915
25.792938	-0.819102	-0.862747	0.211477	-0.241712
25.832020	-0.872821	-0.809029	0.231624	-0.177920
25.871101	-0.933245	-0.765398	0.251770	-0.127569
25.910183	-1.000375	-0.728473	0.265196	-0.093997
25.949263	-1.074225	-0.694901	0.285327	-0.070497
25.988344	-1.154795	-0.668034	0.305474	-0.050366
26.027426	-1.252145	-0.644535	0.328973	-0.036940
26.066507	-1.362935	-0.624403	0.355825	-0.023499
26.105589	-1.493856	-0.604257	0.389397	-0.010073
26.144670	-1.651630	-0.584111	0.436395	-0.003368
26.183750	-1.846328	-0.560611	0.493467	0.003353
26.222832	-2.088025	-0.537112	0.570670	0.006706
26.261913	-2.400234	-0.510260	0.661314	0.006706
26.300995	-2.813131	-0.490129	0.782162	0.003353
26.340076	-3.363669	-0.469983	0.933230	-0.003368
26.379158	-4.095495	-0.449836	1.134649	-0.010073
26.418238	-5.042150	-0.433058	1.389772	-0.010073
26.457319	-6.196946	-0.412911	1.688540	-0.010073
26.496401	-7.486015	-0.396132	2.004087	-0.006720
26.535482	-8.761660	-0.379339	2.289429	-0.010073
26.574564	-9.882868	-0.365913	2.494201	-0.010073
26.613646	-10.779187	-0.349134	2.584845	-0.013441
26.652725	-11.406928	-0.335708	2.547920	-0.020146
26.691807	-11.749342	-0.318915	2.386779	-0.026867
26.730888	-11.789619	-0.305489	2.118230	-0.030220
26.769970	-11.487499	-0.288710	1.765743	-0.026867
26.809052	-10.789246	-0.275284	1.376346	-0.026867
26.848133	-9.664670	-0.261843	1.000360	-0.026867
26.887213	-8.197680	-0.251785	0.681460	-0.026867
26.926294	-6.599769	-0.238344	0.426322	-0.030220
26.965376	-5.072355	-0.228286	0.231624	-0.033572
27.004457	-3.773227	-0.218213	0.097349	-0.040293
27.043539	-2.568081	-0.208139	0.000000	-0.046998
27.082619	-1.916826	-0.198066	-0.033572	-0.046998
27.121700	-1.483783	-0.187993	-0.043646	-0.046998
27.160782	-1.201794	-0.177920	-0.033572	-0.043646
27.199863	-1.023874	-0.167862	-0.016794	-0.043646
27.238945	-0.909746	-0.157788	0.003353	-0.040293
27.278027	-0.829175	-0.151068	0.023484	-0.043646
27.317106	-0.772104	-0.144362	0.036925	-0.046998
27.356188	-0.725105	-0.137642	0.046983	-0.050366
27.395269	-0.698254	-0.130922	0.053704	-0.053719
27.434351	-0.674754	-0.124216	0.057057	-0.053719
27.473433	-0.654608	-0.114143	0.060424	-0.053719
27.512514	-0.634477	-0.107422	0.063777	-0.053719
27.551594	-0.614330	-0.097364	0.067130	-0.053719
27.590675	-0.590831	-0.090644	0.063777	-0.060439
27.629757	-0.567332	-0.087291	0.060424	-0.063792
27.668839	-0.543833	-0.083938	0.057057	-0.070497
27.707920	-0.523686	-0.077218	0.050351	-0.070497
27.747002	-0.503555	-0.073865	0.043631	-0.070497
27.786081	-0.483409	-0.070497	0.046983	-0.067145
27.825163	-0.459909	-0.063792	0.050351	-0.063792
27.864244	-0.436410	-0.057071	0.053704	-0.063792
27.903326	-0.416264	-0.053719	0.053704	-0.063792
27.942408	-0.396132	-0.050366	0.050351	-0.067145
27.981489	-0.379339	-0.046998	0.043631	-0.070497
28.020569	-0.365913	-0.040293	0.033557	-0.073865
28.059650	-0.349134	-0.036940	0.023484	-0.073865
28.098732	-0.335708	-0.030220	0.020131	-0.073865
28.137814	-0.318915	-0.023499	0.020131	-0.073865
28.176895	-0.305489	-0.020146	0.020131	-0.073865
28.215975	-0.288710	-0.013441	0.023484	-0.073865
28.255056	-0.275284	-0.010073	0.020131	-0.077218
28.294138	-0.261843	-0.010073	0.013426	-0.080571
28.333220	-0.251785	-0.006720	0.010058	-0.087291
28.372301	-0.241712	-0.003368	0.003353	-0.090644
28.411383	-0.231639	0.000000	0.000000	-0.090644
28.450462	-0.218213	0.003353	-0.003368	-0.087291
28.489544	-0.208139	0.006706	0.000000	-0.087291
28.528625	-0.194713	0.010058	0.003353	-0.083938
28.567707	-0.184640	0.013426	0.003353	-0.083938
28.606789	-0.174567	0.016779	0.003353	-0.083938
28.645870	-0.167862	0.020131	-0.003368	-0.083938
28.684950	-0.161141	0.020131	-0.010073	-0.083938
28.724031	-0.151068	0.023484	-0.013441	-0.083938
28.763113	-0.140995	0.026852	-0.016794	-0.080571
28.802195	-0.130922	0.030205	-0.013441	-0.080571
28.841276	-0.124216	0.033557	-0.013441	-0.080571
28.880358	-0.114143	0.036925	-0.010073	-0.087291
28.919437	-0.110790	0.040278	-0.013441	-0.090644
28.958519	-0.104070	0.040278	-0.016794	-0.093997
28.997601	-0.097364	0.043631	-0.020146	-0.097364
29.036682	-0.090644	0.043631	-0.026867	-0.097364
29.075764	-0.087291	0.046983	-0.030220	-0.097364
29.114845	-0.080571	0.050351	-0.026867	-0.097364
29.153925	-0.073865	0.050351	-0.026867	-0.097364
29.193007	-0.067145	0.053704	-0.023499	-0.097364
29.232088	-0.060439	0.057057	-0.023499	-0.097364
29.271170	-0.057071	0.060424	-0.026867	-0.093997
29.310251	-0.050366	0.060424	-0.033572	-0.093997
29.349333	-0.046998	0.063777	-0.036940	-0.093997
29.388412	-0.043646	0.063777	-0.040293	-0.093997
29.427494	-0.036940	0.067130	-0.040293	-0.093997
29.466576	-0.030220	0.070482	-0.036940	-0.093997
29.505657	-0.023499	0.073850	-0.033572	-0.097364
29.544739	-0.020146	0.073850	-0.030220	-0.097364
29.583818	-0.016794	0.073850	-0.033572	-0.104070
29.622900	-0.016794	0.073850	-0.040293	-0.107422
29.661982	-0.013441	0.077203	-0.043646	-0.107422
29.701063	-0.010073	0.080556	-0.046998	-0.110790
29.740145	-0.003368	0.083923	-0.043646	-0.107422
29.779226	0.003353	0.083923	-0.040293	-0.104070
29.818306	0.006706	0.087276	-0.040293	-0.104070
29.857388	0.013426	0.090629	-0.036940	-0.100717
29.896469	0.016779	0.093982	-0.040293	-0.097364
29.935551	0.020131	0.093982	-0.046998	-0.097364
29.974632	0.020131	0.097349	-0.053719	-0.097364
30.013714	0.020131	0.097349	-0.057071	-0.097364
30.052794	0.023484	0.097349	-0.060439	-0.097364
30.091875	0.026852	0.100702	-0.057071	-0.097364
30.130957	0.030205	0.100702	-0.050366	-0.097364
30.170038	0.036925	0.104055	-0.043646	-0.097364
30.209120	0.040278	0.104055	-0.040293	-0.100717
30.248201	0.043631	0.107422	-0.043646	-0.104070
30.287281	0.043631	0.107422	-0.050366	-0.107422
30.326363	0.043631	0.104055	-0.053719	-0.110790
30.365444	0.046983	0.107422	-0.053719	-0.110790
30.404526	0.050351	0.107422	-0.053719	-0.110790
30.443607	0.057057	0.110775	-0.050366	-0.104070
30.482689	0.060424	0.114128	-0.046998	-0.100717
30.521769	0.067130	0.117481	-0.043646	-0.097364
30.560850	0.067130	0.120848	-0.046998	-0.097364
30.599932	0.067130	0.120848	-0.050366	-0.097364
30.639013	0.070482	0.124201	-0.053719	-0.097364
30.678095	0.070482	0.124201	-0.057071	-0.100717
30.717175	0.073850	0.124201	-0.057071	-0.100717
30.756256	0.073850	0.124201	-0.053719	-0.100717
30.795338	0.077203	0.124201	-0.053719	-0.100717
30.834419	0.080556	0.127554	-0.050366	-0.100717
30.873501	0.083923	0.127554	-0.050366	-0.100717
30.912582	0.087276	0.127554	-0.050366	-0.104070
30.951662	0.087276	0.127554	-0.050366	-0.107422
30.990744	0.090629	0.127554	-0.057071	-0.107422
31.029825	0.090629	0.130907	-0.060439	-0.107422
31.068907	0.090629	0.134274	-0.060439	-0.104070
31.107988	0.090629	0.137627	-0.060439	-0.100717
31.147070	0.093982	0.137627	-0.057071	-0.097364
31.186150	0.093982	0.137627	-0.060439	-0.093997
31.225231	0.097349	0.137627	-0.063792	-0.097364
31.264313	0.097349	0.134274	-0.067145	-0.100717
31.303394	0.097349	0.134274	-0.073865	-0.104070
31.342476	0.097349	0.134274	-0.073865	-0.110790
31.381557	0.100702	0.137627	-0.073865	-0.110790
31.420637	0.104055	0.137627	-0.073865	-0.110790
31.459719	0.107422	0.140980	-0.070497	-0.110790
31.498800	0.110775	0.140980	-0.067145	-0.110790
31.537882	0.114128	0.140980	-0.063792	-0.110790
31.576963	0.114128	0.140980	-0.063792	-0.114143
31.616045	0.114128	0.140980	-0.063792	-0.117496
31.655125	0.114128	0.144348	-0.067145	-0.117496
31.694206	0.114128	0.144348	-0.070497	-0.114143
31.733288	0.114128	0.147700	-0.073865	-0.107422
31.772369	0.117481	0.147700	-0.077218	-0.100717
31.811451	0.120848	0.151053	-0.077218	-0.097364
31.850531	0.120848	0.151053	-0.077218	-0.097364
31.889612	0.120848	0.154406	-0.080571	-0.097364
31.928694	0.120848	0.151053	-0.083938	-0.104070
31.967775	0.120848	0.151053	-0.087291	-0.110790
32.006855	0.120848	0.151053	-0.090644	-0.114143
32.045937	0.120848	0.154406	-0.087291	-0.114143
32.085018	0.124201	0.154406	-0.083938	-0.110790
32.124100	0.124201	0.157773	-0.080571	-0.107422
32.163181	0.124201	0.157773	-0.077218	-0.110790
32.202263	0.127554	0.157773	-0.077218	-0.114143
32.241344	0.127554	0.154406	-0.077218	-0.117496
32.280426	0.127554	0.154406	-0.080571	-0.120863
32.319508	0.130907	0.154406	-0.083938	-0.120863
32.358589	0.130907	0.154406	-0.083938	-0.114143
32.397671	0.134274	0.157773	-0.087291	-0.107422
32.436749	0.134274	0.161126	-0.087291	-0.100717
32.475830	0.137627	0.164479	-0.087291	-0.093997
32.514912	0.137627	0.164479	-0.083938	-0.093997
32.553993	0.140980	0.164479	-0.083938	-0.097364
32.593075	0.140980	0.164479	-0.083938	-0.104070
32.632156	0.140980	0.164479	-0.087291	-0.107422
32.671238	0.140980	0.164479	-0.090644	-0.110790
32.710320	0.140980	0.164479	-0.090644	-0.114143
32.749401	0.144348	0.167847	-0.087291	-0.110790
32.788483	0.147700	0.167847	-0.083938	-0.107422
32.827564	0.147700	0.167847	-0.080571	-0.107422
32.866642	0.151053	0.167847	-0.080571	-0.110790
32.905724	0.151053	0.164479	-0.083938	-0.114143
32.944805	0.151053	0.164479	-0.087291	-0.114143
32.983887	0.151053	0.164479	-0.090644	-0.110790
33.022968	0.151053	0.164479	-0.097364	-0.107422
33.062050	0.151053	0.167847	-0.100717	-0.097364
33.101131	0.151053	0.171199	-0.097364	-0.090644
33.140213	0.154406	0.171199	-0.093997	-0.087291
33.179295	0.157773	0.171199	-0.093997	-0.090644
33.218376	0.157773	0.171199	-0.093997	-0.097364
33.257458	0.157773	0.171199	-0.093997	-0.104070
33.296539	0.157773	0.171199	-0.097364	-0.107422
33.335617	0.154406	0.171199	-0.100717	-0.107422
33.374699	0.154406	0.171199	-0.097364	-0.104070
33.413780	0.157773	0.174552	-0.093997	-0.100717
33.452862	0.161126	0.174552	-0.087291	-0.097364
33.491943	0.164479	0.174552	-0.080571	-0.097364
33.531025	0.164479	0.174552	-0.080571	-0.100717
33.570107	0.164479	0.171199	-0.083938	-0.104070
33.609188	0.161126	0.174552	-0.090644	-0.107422
33.648270	0.161126	0.174552	-0.097364	-0.104070
33.687351	0.161126	0.177905	-0.104070	-0.097364
33.726433	0.161126	0.177905	-0.104070	-0.090644
33.765514	0.164479	0.177905	-0.104070	-0.087291
33.804592	0.167847	0.174552	-0.100717	-0.087291
33.843674	0.171199	0.171199	-0.093997	-0.093997
33.882755	0.171199	0.171199	-0.093997	-0.100717
33.921837	0.171199	0.167847	-0.097364	-0.107422
33.960918	0.171199	0.167847	-0.100717	-0.107422
