20.958424	0.010014	-0.020146	-0.020146	-0.030220
20.989719	0.000000	-0.010073	-0.020146	-0.030220
21.021015	0.000000	-0.010073	-0.030220	-0.020146
21.052311	0.000000	-0.010073	-0.030220	-0.020146
21.083607	0.000000	-0.010073	-0.030220	-0.010073
21.114902	0.000000	-0.010073	-0.030220	-0.010073
21.146198	0.000000	-0.010073	-0.030220	-0.010073
21.177494	0.000000	-0.010073	-0.020146	-0.010073
21.208790	0.000000	-0.010073	-0.020146	-0.010073
21.240086	0.000000	-0.020146	-0.020146	-0.020146
21.271381	-0.010073	-0.020146	-0.020146	-0.020146
21.302677	0.000000	-0.020146	-0.020146	-0.020146
21.333973	0.000000	-0.020146	-0.020146	-0.020146
21.365271	0.010014	-0.020146	-0.020146	-0.020146
21.396566	0.010014	-0.020146	-0.020146	-0.020146
21.427862	0.010014	-0.020146	-0.010073	-0.020146
21.459158	0.010014	-0.020146	-0.010073	-0.010073
21.490454	0.000000	-0.020146	-0.010073	-0.010073
21.521749	0.000000	-0.020146	-0.010073	-0.010073
21.553045	0.000000	-0.020146	-0.010073	0.000000
21.584341	-0.010073	-0.020146	-0.020146	0.000000
21.615637	-0.010073	-0.030220	-0.020146	0.010014
21.646933	-0.010073	-0.030220	-0.020146	0.020087
21.678228	0.000000	-0.030220	-0.010073	0.020087
21.709524	0.000000	-0.030220	-0.010073	0.020087
21.740820	0.000000	-0.030220	-0.010073	0.020087
21.772116	0.000000	-0.030220	-0.020146	0.030160
21.803411	-0.010073	-0.020146	-0.020146	0.030160
21.834707	-0.020146	-0.020146	-0.020146	0.040233
21.866005	-0.020146	-0.020146	-0.010073	0.040233
21.897301	-0.020146	-0.010073	-0.010073	0.040233
21.928596	-0.020146	-0.010073	0.000000	0.040233
21.959892	-0.020146	-0.010073	0.000000	0.050306
21.991188	-0.020146	0.000000	0.010014	0.050306
22.022484	-0.020146	0.000000	0.010014	0.060380
22.053780	-0.020146	0.000000	0.010014	0.070453
22.085075	-0.020146	-0.010073	0.000000	0.070453
22.116371	-0.020146	-0.010073	0.000000	0.070453
22.147667	-0.020146	-0.010073	0.000000	0.070453
22.178963	-0.020146	-0.010073	0.000000	0.080526
22.210258	-0.020146	-0.010073	0.000000	0.080526
22.241554	-0.020146	0.000000	0.000000	0.090599
22.272850	-0.020146	0.000000	0.000000	0.100672
22.304146	-0.020146	0.000000	0.000000	0.100672
22.335442	-0.020146	0.000000	-0.010073	0.110745
22.366739	-0.010073	-0.010073	-0.010073	0.120819
22.398035	-0.010073	-0.010073	-0.010073	0.120819
22.429331	-0.010073	-0.010073	-0.010073	0.120819
22.460627	-0.010073	-0.010073	0.000000	0.120819
22.491922	0.000000	-0.010073	0.010014	0.130892
22.523218	0.000000	-0.010073	0.020087	0.130892
22.554514	0.000000	-0.010073	0.020087	0.140965
22.585810	0.000000	0.000000	0.020087	0.151038
22.617105	0.000000	0.000000	0.020087	0.161111
22.648401	0.000000	0.000000	0.020087	0.161111
22.679697	0.010014	0.000000	0.020087	0.171185
22.710993	0.010014	-0.010073	0.030160	0.181258
22.742289	0.020087	-0.010073	0.030160	0.181258
22.773584	0.020087	-0.010073	0.030160	0.191331
22.804880	0.020087	-0.010073	0.040233	0.201404
22.836176	0.020087	-0.010073	0.040233	0.211477
22.867474	0.010014	-0.010073	0.040233	0.231624
22.898769	0.010014	-0.010073	0.040233	0.241697
22.930065	0.000000	-0.010073	0.050306	0.251770
22.961361	0.000000	-0.020146	0.050306	0.261784
22.992657	-0.010073	-0.020146	0.050306	0.271857
23.023952	-0.010073	-0.020146	0.060380	0.292003
23.055248	0.000000	-0.020146	0.060380	0.302076
23.086544	0.000000	-0.020146	0.070453	0.312150
23.117840	0.000000	-0.020146	0.070453	0.332296
23.149136	0.000000	-0.020146	0.080526	0.342369
23.180431	0.000000	-0.020146	0.080526	0.352442
23.211727	0.000000	-0.020146	0.080526	0.372589
23.243023	-0.010073	-0.030220	0.080526	0.392735
23.274319	-0.010073	-0.030220	0.090599	0.422955
23.305614	-0.010073	-0.030220	0.090599	0.443101
23.336912	0.000000	-0.020146	0.090599	0.483394
23.368208	0.000000	-0.020146	0.100672	0.513613
23.399504	0.000000	-0.010073	0.100672	0.543773
23.430799	0.000000	-0.020146	0.100672	0.573993
23.462095	0.000000	-0.020146	0.110745	0.614285
23.493391	0.000000	-0.030220	0.120819	0.644505
23.524687	0.000000	-0.040293	0.130892	0.694871
23.555983	0.000000	-0.060439	0.130892	0.745237
23.587278	0.000000	-0.070512	0.130892	0.805616
23.618574	0.000000	-0.090659	0.130892	0.866055
23.649870	0.000000	-0.100732	0.130892	0.936568
23.681166	0.000000	-0.120878	0.140965	1.027226
23.712461	0.000000	-0.141025	0.140965	1.127899
23.743757	0.000000	-0.171244	0.151038	1.248777
23.775053	-0.010073	-0.201464	0.151038	1.389742
23.806349	-0.010073	-0.241756	0.161111	1.560926
23.837646	-0.010073	-0.281990	0.161111	1.772463
23.868942	-0.010073	-0.332355	0.171185	2.034307
23.900238	-0.020146	-0.382721	0.171185	2.366602
23.931534	-0.020146	-0.433087	0.181258	2.779543
23.962830	-0.020146	-0.493526	0.181258	3.273010
23.994125	-0.020146	-0.533760	0.191331	3.877223
24.025421	-0.020146	-0.563979	0.201404	4.592299
24.056717	-0.010073	-0.553906	0.211477	5.387902
24.088013	0.000000	-0.483453	0.221550	6.243885
24.119308	0.000000	-0.332355	0.231624	7.069707
24.150604	0.000000	-0.120878	0.241697	7.794797
24.181900	0.000000	0.140965	0.251770	8.278191
24.213196	0.000000	0.433028	0.261784	8.469582
24.244492	0.000000	0.704944	0.271857	8.348703
24.275787	0.010014	0.926495	0.292003	8.016348
24.307083	0.010014	1.107752	0.302076	7.543027
24.338381	0.000000	1.258850	0.302076	6.948888
24.369677	0.000000	1.399815	0.312150	6.233811
24.400972	0.000000	1.540840	0.322223	5.367756
24.432268	0.000000	1.691878	0.342369	4.360676
24.463564	-0.010073	1.852989	0.352442	3.232718
24.494860	-0.010073	2.004087	0.372589	2.044380
24.526155	-0.010073	2.114832	0.392735	0.896275
24.557451	-0.010073	2.134979	0.412881	-0.040293
24.588747	-0.020146	2.044380	0.433028	-0.664711
24.620043	-0.020146	1.852989	0.453174	-0.906408
24.651339	-0.020146	1.611292	0.493467	-0.866115
24.682634	-0.030220	1.349449	0.513613	-0.684857
24.713930	-0.030220	1.117826	0.543773	-0.483453
24.745226	-0.040293	0.926495	0.584066	-0.292063
24.776522	-0.040293	0.775397	0.614285	-0.141025
24.807819	-0.040293	0.644505	0.654578	-0.030220
24.839115	-0.040293	0.543773	0.704944	0.040233
24.870411	-0.040293	0.463247	0.745237	0.100672
24.901707	-0.060439	0.402808	0.805616	0.140965
24.933002	-0.070512	0.352442	0.855982	0.181258
24.964298	-0.090659	0.302076	0.926495	0.211477
24.995594	-0.110805	0.261784	1.007080	0.231624
25.026890	-0.130951	0.231624	1.087606	0.241697
25.058186	-0.151098	0.211477	1.198411	0.261784
25.089481	-0.181317	0.201404	1.319230	0.271857
25.120777	-0.231683	0.181258	1.460254	0.271857
25.152073	-0.281990	0.171185	1.631439	0.261784
25.183369	-0.352502	0.161111	1.842916	0.261784
25.214664	-0.443161	0.151038	2.124906	0.251770
25.245960	-0.563979	0.130892	2.477407	0.241697
25.277256	-0.725150	0.120819	2.920508	0.231624
25.308554	-0.906408	0.110745	3.484488	0.231624
25.339849	-1.148105	0.110745	4.189432	0.221550
25.371145	-1.409948	0.100672	5.045474	0.211477
25.402441	-1.641572	0.100672	5.961895	0.211477
25.433737	-1.762450	0.090599	6.848156	0.201404
25.465033	-1.742303	0.080526	7.563174	0.201404
25.496328	-1.591206	0.070453	8.046568	0.191331
25.527624	-1.379728	0.070453	8.298338	0.181258
25.558920	-1.127958	0.060380	8.338631	0.181258
25.590216	-0.866115	0.060380	8.207739	0.171185
25.621511	-0.624418	0.060380	7.905602	0.151038
25.652807	-0.362575	0.060380	7.452428	0.140965
25.684103	-0.070512	0.070453	6.807864	0.140965
25.715399	0.322223	0.070453	5.961895	0.140965
25.746695	0.845909	0.070453	4.914522	0.130892
25.777990	1.450181	0.070453	3.736258	0.130892
25.809288	2.004087	0.070453	2.557993	0.130892
25.840584	2.376676	0.070453	1.540840	0.130892
25.871880	2.527773	0.070453	0.765383	0.130892
25.903175	2.477407	0.060380	0.241697	0.120819
25.934471	2.276003	0.060380	-0.070512	0.120819
25.965767	2.004087	0.050306	-0.201464	0.110745
25.997063	1.712024	0.050306	-0.211537	0.110745
26.028358	1.440108	0.040233	-0.171244	0.110745
26.059654	1.198411	0.030160	-0.110805	0.100672
26.090950	0.986934	0.030160	-0.040293	0.100672
26.122246	0.815690	0.030160	0.020087	0.100672
26.153542	0.684798	0.030160	0.080526	0.100672
26.184837	0.573993	0.030160	0.120819	0.090599
26.216133	0.483394	0.040233	0.161111	0.090599
26.247429	0.402808	0.040233	0.191331	0.080526
26.278725	0.342369	0.030160	0.211477	0.080526
26.310022	0.292003	0.020087	0.231624	0.070453
26.341318	0.251770	0.020087	0.241697	0.060380
26.372614	0.231624	0.020087	0.251770	0.060380
26.403910	0.211477	0.020087	0.251770	0.060380
26.435205	0.191331	0.020087	0.251770	0.060380
26.466501	0.181258	0.020087	0.251770	0.060380
26.497797	0.161111	0.020087	0.241697	0.060380
26.529093	0.151038	0.020087	0.231624	0.060380
26.560389	0.140965	0.020087	0.231624	0.060380
26.591684	0.140965	0.030160	0.221550	0.050306
26.622980	0.140965	0.030160	0.211477	0.040233
26.654276	0.130892	0.030160	0.201404	0.040233
26.685572	0.130892	0.030160	0.201404	0.040233
26.716867	0.120819	0.030160	0.191331	0.040233
26.748163	0.110745	0.030160	0.191331	0.040233
26.779461	0.100672	0.020087	0.181258	0.040233
26.810757	0.090599	0.020087	0.181258	0.040233
26.842052	0.090599	0.020087	0.181258	0.030160
26.873348	0.080526	0.010014	0.171185	0.020087
26.904644	0.070453	0.010014	0.161111	0.020087
26.935940	0.070453	0.010014	0.161111	0.020087
26.967236	0.060380	0.020087	0.151038	0.020087
26.998531	0.060380	0.020087	0.151038	0.020087
27.029827	0.050306	0.020087	0.151038	0.020087
27.061123	0.050306	0.010014	0.140965	0.020087
27.092419	0.040233	0.010014	0.130892	0.020087
27.123714	0.030160	0.010014	0.130892	0.020087
27.155010	0.030160	0.000000	0.130892	0.020087
27.186306	0.030160	0.000000	0.120819	0.020087
27.217602	0.040233	0.000000	0.120819	0.010014
27.248898	0.040233	0.000000	0.110745	0.010014
27.280195	0.040233	0.000000	0.110745	0.010014
27.311491	0.040233	0.000000	0.110745	0.010014
27.342787	0.040233	0.010014	0.100672	0.020087
27.374083	0.030160	0.000000	0.100672	0.020087
27.405378	0.030160	0.000000	0.100672	0.020087
27.436674	0.020087	0.000000	0.090599	0.020087
27.467970	0.020087	0.000000	0.090599	0.020087
27.499266	0.020087	0.000000	0.080526	0.020087
27.530561	0.020087	0.010014	0.080526	0.020087
27.561857	0.020087	0.010014	0.070453	0.020087
27.593153	0.020087	0.020087	0.070453	0.020087
27.624449	0.030160	0.010014	0.060380	0.020087
27.655745	0.030160	0.010014	0.060380	0.020087
27.687040	0.030160	0.000000	0.050306	0.010014
27.718336	0.020087	0.000000	0.050306	0.020087
27.749632	0.020087	0.000000	0.040233	0.020087
27.780930	0.020087	0.000000	0.040233	0.020087
27.812225	0.020087	0.000000	0.040233	0.020087
27.843521	0.020087	-0.010073	0.030160	0.020087
27.874817	0.020087	0.000000	0.020087	0.010014
27.906113	0.020087	0.000000	0.020087	0.010014
27.937408	0.010014	0.000000	0.020087	0.010014
27.968704	0.010014	0.010014	0.020087	0.020087
