21.452927	-0.073865	0.328973	-65.007385	-65.040962
21.492014	-0.070497	0.322267	-65.007385	-65.047668
21.531101	-0.070497	0.308827	-65.014091	-65.047668
21.570189	-0.067145	0.292048	-65.024170	-65.054390
21.609276	-0.063792	0.271901	-65.020813	-65.067810
21.648363	-0.063792	0.255123	-65.017464	-65.087959
21.687450	-0.060439	0.238329	-65.020813	-65.108093
21.726538	-0.057071	0.221550	-65.030891	-65.118164
21.765625	-0.057071	0.211477	-65.034241	-65.131592
21.804712	-0.057071	0.211477	-65.030891	-65.148384
21.843801	-0.057071	0.218198	-65.027534	-65.168518
21.882889	-0.057071	0.224903	-65.034241	-65.188660
21.921976	-0.057071	0.231624	-65.037590	-65.202087
21.961063	-0.053719	0.238329	-65.037590	-65.215515
22.000151	-0.053719	0.241697	-65.034241	-65.228943
22.039238	-0.053719	0.245050	-65.037590	-65.232307
22.078325	-0.050366	0.245050	-65.047668	-65.232307
22.117413	-0.046998	0.234976	-65.047668	-65.232307
22.156500	-0.043646	0.231624	-65.040962	-65.249084
22.195587	-0.040293	0.231624	-65.044312	-65.275940
22.234674	-0.040293	0.234976	-65.057739	-65.299438
22.273762	-0.036940	0.234976	-65.064461	-65.312866
22.312851	-0.036940	0.238329	-65.067810	-65.329659
22.351938	-0.036940	0.241697	-65.071167	-65.353157
22.391026	-0.033572	0.241697	-65.084595	-65.376656
22.430113	-0.030220	0.241697	-65.098015	-65.396797
22.469200	-0.026867	0.248402	-65.104736	-65.410225
22.508287	-0.023499	0.251770	-65.108093	-65.430359
22.547375	-0.020146	0.261828	-65.121513	-65.453857
22.586462	-0.016794	0.268549	-65.138313	-65.470650
22.625549	-0.010073	0.275269	-65.141663	-65.484077
22.664637	-0.010073	0.285327	-65.138313	-65.504227
22.703724	-0.006720	0.295401	-65.141663	-65.537781
22.742811	-0.006720	0.308827	-65.155090	-65.581429
22.781900	-0.006720	0.318900	-65.168518	-65.608276
22.820988	-0.003368	0.328973	-65.175232	-65.625069
22.860075	-0.003368	0.339046	-65.178589	-65.648567
22.899162	0.000000	0.352472	-65.188660	-65.678772
22.938250	0.006706	0.369251	-65.205437	-65.708992
22.977337	0.006706	0.392750	-65.215515	-65.739197
23.016424	0.010058	0.416249	-65.218880	-65.776123
23.055511	0.010058	0.449821	-65.218880	-65.826492
23.094599	0.013426	0.483394	-65.225586	-65.876839
23.133686	0.016779	0.520319	-65.232307	-65.917122
23.172773	0.023484	0.563964	-65.239014	-65.950691
23.211861	0.030205	0.624388	-65.249084	-66.011116
23.250950	0.040278	0.681460	-65.259155	-66.064819
23.290037	0.043631	0.745237	-65.275940	-66.115189
23.329124	0.046983	0.815734	-65.289375	-66.155464
23.368212	0.053704	0.886232	-65.302803	-66.202461
23.407299	0.060424	0.953361	-65.312866	-66.269608
23.446386	0.067130	1.020506	-65.319580	-66.343460
23.485474	0.070482	1.097709	-65.333008	-66.417305
23.524561	0.077203	1.185000	-65.346436	-66.497879
23.563648	0.077203	1.285702	-65.363228	-66.591873
23.602736	0.080556	1.409918	-65.376656	-66.702652
23.641823	0.087276	1.560971	-65.386726	-66.816780
23.680912	0.093982	1.742244	-65.403503	-66.930923
23.719999	0.104055	1.960456	-65.430359	-67.058487
23.759087	0.107422	2.229005	-65.460579	-67.209541
23.798174	0.114128	2.551272	-65.480721	-67.394180
23.837261	0.124201	2.960831	-65.500854	-67.619102
23.876348	0.134274	3.481150	-65.521004	-67.897720
23.915436	0.144348	4.132405	-65.547852	-68.253563
23.954523	0.157773	4.968286	-65.568001	-68.710106
23.993610	0.171199	6.022364	-65.581429	-69.300934
24.032698	0.184625	7.311434	-65.604927	-70.062950
24.071785	0.201404	8.862347	-65.638496	-71.039825
24.110872	0.214845	10.621384	-65.672073	-72.305397
24.149961	0.231624	12.477785	-65.695572	-73.899956
24.189049	0.248402	14.236823	-65.719070	-75.810059
24.228136	0.265196	15.566185	-65.749275	-77.992081
24.267223	0.278622	16.056299	-65.779495	-80.294952
24.306311	0.295401	15.317768	-65.806343	-82.517250
24.345398	0.318900	13.135746	-65.829842	-84.457558
24.384485	0.342399	9.678081	-65.863419	-85.951416
24.423573	0.372618	5.451679	-65.910416	-86.995422
24.462660	0.406191	1.027226	-65.954048	-87.629883
24.501747	0.443116	-3.320038	-65.990967	-87.787659
24.540834	0.483394	-7.559866	-66.024544	-87.331116
24.579922	0.527039	-11.561349	-66.071541	-86.129341
24.619011	0.574037	-15.055940	-66.128609	-84.162163
24.658098	0.624388	-17.660931	-66.185684	-81.587372
24.697186	0.681460	-18.876150	-66.242737	-78.680244
24.736273	0.738516	-18.392742	-66.306534	-75.880554
24.775360	0.805661	-16.361788	-66.383736	-73.594467
24.814447	0.879511	-13.444603	-66.457588	-71.959633
24.853535	0.960082	-10.507271	-66.524727	-70.871979
24.892622	1.054078	-8.060053	-66.605301	-70.106598
24.931709	1.158148	-6.230503	-66.699295	-69.519135
24.970797	1.285702	-4.904509	-66.806717	-69.042442
25.009884	1.433417	-3.920928	-66.914139	-68.653030
25.048973	1.618043	-3.172323	-67.021561	-68.337486
25.088060	1.839608	-2.594933	-67.142410	-68.078995
25.127148	2.118230	-2.141744	-67.280037	-67.854080
25.166235	2.463996	-1.792625	-67.434464	-67.642601
25.205322	2.900407	-1.530781	-67.605675	-67.454605
25.244410	3.457651	-1.332715	-67.807076	-67.303535
25.283497	4.186109	-1.178294	-68.048790	-67.169266
25.322584	5.146205	-1.064166	-68.330765	-67.038345
25.361671	6.418481	-0.973523	-68.649681	-66.914139
25.400759	8.096963	-0.896320	-69.029015	-66.803352
25.439846	10.245413	-0.829175	-69.502342	-66.706001
25.478933	12.836978	-0.762030	-70.096519	-66.612007
25.518023	15.569538	-0.694901	-70.925697	-66.524727
25.557110	17.775059	-0.637829	-72.201340	-66.447525
25.596197	18.886208	-0.584111	-74.037582	-66.383736
25.635284	18.698215	-0.533760	-76.343819	-66.323311
25.674372	17.342001	-0.483409	-78.901810	-66.256180
25.713459	15.109629	-0.429690	-81.516876	-66.189034
25.752546	12.229368	-0.382707	-83.984238	-66.135315
25.791634	8.822068	-0.345767	-86.152824	-66.088318
25.830721	4.891068	-0.318915	-87.952148	-66.044685
25.869808	0.352472	-0.302136	-89.271439	-65.994339
25.908895	-4.578888	-0.281990	-89.892479	-65.947342
25.947983	-9.268552	-0.255138	-89.533287	-65.907043
25.987072	-12.924269	-0.228286	-88.036072	-65.866768
26.026159	-14.955223	-0.204787	-85.625786	-65.826492
26.065247	-15.347987	-0.191361	-82.718674	-65.789551
26.104334	-14.495328	-0.184640	-79.774620	-65.759346
26.143421	-12.914196	-0.171214	-77.122627	-65.732491
26.182508	-11.064514	-0.147715	-74.883537	-65.705627
26.221596	-9.234980	-0.120863	-73.100998	-65.675423
26.260683	-7.596791	-0.100717	-71.728004	-65.641853
26.299770	-6.207019	-0.090644	-70.667206	-65.608276
26.338858	-5.055576	-0.087291	-69.841400	-65.584778
26.377945	-4.125700	-0.083938	-69.200218	-65.564644
26.417032	-3.390536	-0.077218	-68.706749	-65.551208
26.456121	-2.806425	-0.063792	-68.324059	-65.531075
26.495209	-2.353236	-0.053719	-68.015221	-65.510925
26.534296	-2.000749	-0.043646	-67.753372	-65.494148
26.573383	-1.725480	-0.033572	-67.535179	-65.477356
26.612471	-1.507282	-0.030220	-67.353889	-65.460579
26.651558	-1.329362	-0.026867	-67.196114	-65.440430
26.690645	-1.178294	-0.026867	-67.045059	-65.423653
26.729733	-1.050740	-0.026867	-66.907417	-65.416931
26.768820	-0.946671	-0.023499	-66.796646	-65.410225
26.807907	-0.852674	-0.020146	-66.706001	-65.393433
26.846994	-0.775456	-0.016794	-66.618729	-65.366585
26.886084	-0.708327	-0.013441	-66.524727	-65.346436
26.925171	-0.647902	-0.010073	-66.444160	-65.336365
26.964258	-0.597551	-0.006720	-66.373665	-65.326302
27.003345	-0.550553	-0.006720	-66.306534	-65.306160
27.042433	-0.513628	0.000000	-66.239388	-65.282661
27.081520	-0.476688	0.006706	-66.175613	-65.275940
27.120607	-0.443131	0.013426	-66.131966	-65.272583
27.159695	-0.416264	0.020131	-66.095039	-65.255806
27.198782	-0.396132	0.026852	-66.044685	-65.232307
27.237869	-0.379339	0.033557	-65.987617	-65.225586
27.276957	-0.365913	0.036925	-65.933914	-65.225586
27.316044	-0.342414	0.040278	-65.893623	-65.215515
27.355133	-0.322267	0.043631	-65.866768	-65.202087
27.394220	-0.305489	0.053704	-65.836548	-65.188660
27.433308	-0.295416	0.060424	-65.806343	-65.181953
27.472395	-0.281990	0.067130	-65.776123	-65.168518
27.511482	-0.271916	0.067130	-65.752625	-65.151733
27.550570	-0.258490	0.063777	-65.725777	-65.134956
27.589657	-0.241712	0.063777	-65.692200	-65.128235
27.628744	-0.228286	0.063777	-65.665352	-65.128235
27.667831	-0.218213	0.073850	-65.638496	-65.121513
27.706919	-0.208139	0.087276	-65.611649	-65.114815
27.746006	-0.201419	0.107422	-65.581429	-65.111458
27.785093	-0.198066	0.134274	-65.554573	-65.104736
27.824183	-0.194713	0.161126	-65.531075	-65.098015
27.863270	-0.191361	0.187978	-65.507576	-65.084595
27.902357	-0.184640	0.201404	-65.487427	-65.071167
27.941444	-0.177920	0.187978	-65.467285	-65.061096
27.980532	-0.167862	0.157773	-65.453857	-65.047668
28.019619	-0.161141	0.130907	-65.437080	-65.037590
28.058706	-0.157788	0.124201	-65.416931	-65.027534
28.097794	-0.154421	0.127554	-65.400154	-65.027534
28.136881	-0.151068	0.130907	-65.376656	-65.027534
28.175968	-0.147715	0.127554	-65.356506	-65.020813
28.215055	-0.137642	0.120848	-65.336365	-65.007385
28.254143	-0.130922	0.117481	-65.322937	-64.997314
28.293232	-0.127569	0.130907	-65.312866	-65.000671
28.332319	-0.124216	0.157773	-65.306160	-65.004036
28.371407	-0.124216	0.184625	-65.289375	-65.000671
28.410494	-0.124216	0.201404	-65.275940	-64.990593
28.449581	-0.120863	0.198051	-65.265877	-64.983887
28.488668	-0.114143	0.171199	-65.259155	-64.980537
28.527756	-0.110790	0.130907	-65.249084	-64.977173
28.566843	-0.107422	0.087276	-65.232307	-64.967110
28.605930	-0.107422	0.060424	-65.218880	-64.960388
28.645018	-0.107422	0.043631	-65.208809	-64.957039
28.684105	-0.107422	0.026852	-65.195381	-64.953667
28.723194	-0.107422	0.016779	-65.181953	-64.953667
28.762281	-0.104070	0.006706	-65.161812	-64.953667
28.801369	-0.100717	-0.003368	-65.158455	-64.950317
28.840456	-0.097364	-0.013441	-65.155090	-64.943611
28.879543	-0.093997	-0.016794	-65.148384	-64.936890
28.918631	-0.090644	-0.023499	-65.131592	-64.936890
28.957718	-0.090644	-0.023499	-65.124886	-64.936890
28.996805	-0.087291	-0.020146	-65.128235	-64.930168
29.035892	-0.080571	-0.006720	-65.118164	-64.916748
29.074980	-0.073865	0.010058	-65.104736	-64.913391
29.114067	-0.070497	0.016779	-65.094666	-64.920113
29.153154	-0.067145	0.020131	-65.094666	-64.926819
29.192244	-0.063792	0.020131	-65.087959	-64.926819
29.231331	-0.063792	0.023484	-65.077888	-64.923462
29.270418	-0.063792	0.020131	-65.064461	-64.926819
29.309505	-0.063792	0.013426	-65.061096	-64.926819
29.348593	-0.060439	0.010058	-65.064461	-64.913391
29.387680	-0.053719	0.006706	-65.061096	-64.903320
29.426767	-0.050366	0.006706	-65.051033	-64.903320
29.465855	-0.050366	0.006706	-65.037590	-64.910042
29.504942	-0.053719	0.006706	-65.034241	-64.910042
29.544029	-0.053719	0.006706	-65.030891	-64.896614
29.583117	-0.053719	0.003353	-65.020813	-64.893250
29.622204	-0.050366	-0.003368	-65.014091	-64.896614
29.661293	-0.043646	-0.010073	-65.017464	-64.903320
29.700380	-0.040293	-0.016794	-65.020813	-64.896614
29.739468	-0.036940	-0.016794	-65.017464	-64.893250
29.778555	-0.036940	-0.013441	-65.004036	-64.893250
29.817642	-0.036940	-0.010073	-64.990593	-64.899963
29.856730	-0.040293	-0.006720	-64.983887	-64.896614
29.895817	-0.040293	-0.003368	-64.977173	-64.886543
29.934904	-0.036940	-0.003368	-64.967110	-64.879822
29.973991	-0.033572	-0.006720	-64.960388	-64.883171
30.013079	-0.030220	-0.010073	-64.963745	-64.879822
30.052166	-0.026867	-0.010073	-64.970467	-64.869743
30.091253	-0.030220	-0.006720	-64.967110	-64.856323
30.130342	-0.030220	-0.006720	-64.963745	-64.852966
30.169430	-0.033572	-0.006720	-64.960388	-64.852966
30.208517	-0.030220	-0.006720	-64.957039	-64.842896
30.247604	-0.026867	-0.010073	-64.953667	-64.829468
30.286692	-0.023499	-0.013441	-64.950317	-64.826118
30.325779	-0.020146	-0.020146	-64.950317	-64.832825
30.364866	-0.020146	-0.023499	-64.950317	-64.836189
30.403954	-0.023499	-0.023499	-64.943611	-64.832825
30.443041	-0.023499	-0.020146	-64.930168	-64.832825
30.482128	-0.020146	-0.020146	-64.910042	-64.836189
30.521215	-0.013441	-0.016794	-64.896614	-64.839539
30.560305	-0.006720	-0.013441	-64.889893	-64.836189
30.599392	0.000000	-0.016794	-64.886543	-64.826118
30.638479	0.003353	-0.020146	-64.886543	-64.816040
30.677567	0.000000	-0.026867	-64.879822	-64.812691
30.716654	-0.003368	-0.033572	-64.873116	-64.812691
30.755741	0.000000	-0.033572	-64.866394	-64.809326
30.794828	0.003353	-0.033572	-64.866394	-64.809326
30.833916	0.010058	-0.030220	-64.876465	-64.812691
30.873003	0.010058	-0.030220	-64.879822	-64.812691
30.912090	0.006706	-0.030220	-64.876465	-64.809326
30.951178	-0.003368	-0.033572	-64.873116	-64.805969
30.990265	-0.006720	-0.036940	-64.876465	-64.802620
31.029354	-0.010073	-0.040293	-64.879822	-64.799248
31.068441	-0.006720	-0.040293	-64.876465	-64.795898
31.107529	-0.003368	-0.036940	-64.863045	-64.795898
31.146616	-0.003368	-0.036940	-64.856323	-64.795898
31.185703	-0.003368	-0.033572	-64.856323	-64.789192
31.224791	-0.006720	-0.033572	-64.856323	-64.782471
31.263878	-0.010073	-0.036940	-64.849617	-64.782471
31.302965	-0.013441	-0.040293	-64.839539	-64.792542
31.342052	-0.013441	-0.043646	-64.842896	-64.792542
31.381140	-0.013441	-0.040293	-64.849617	-64.782471
31.420227	-0.010073	-0.036940	-64.846245	-64.775749
31.459314	-0.006720	-0.033572	-64.836189	-64.775749
31.498404	-0.006720	-0.033572	-64.832825	-64.772400
31.537491	-0.013441	-0.033572	-64.836189	-64.762321
31.576578	-0.016794	-0.040293	-64.829468	-64.755615
31.615665	-0.020146	-0.043646	-64.819397	-64.758972
31.654753	-0.020146	-0.043646	-64.805969	-64.765694
31.693840	-0.020146	-0.043646	-64.805969	-64.765694
31.732927	-0.020146	-0.043646	-64.809326	-64.755615
31.772015	-0.023499	-0.043646	-64.809326	-64.745544
31.811102	-0.026867	-0.046998	-64.802620	-64.748901
31.850189	-0.033572	-0.046998	-64.802620	-64.748901
31.889277	-0.033572	-0.046998	-64.805969	-64.735474
31.928364	-0.033572	-0.050366	-64.802620	-64.728767
31.967453	-0.036940	-0.053719	-64.792542	-64.735474
32.006538	-0.040293	-0.053719	-64.782471	-64.745544
32.045628	-0.040293	-0.050366	-64.782471	-64.745544
32.084713	-0.040293	-0.050366	-64.779121	-64.738823
32.123802	-0.043646	-0.050366	-64.772400	-64.738823
32.162888	-0.043646	-0.053719	-64.762321	-64.738823
32.201977	-0.046998	-0.053719	-64.758972	-64.738823
32.241066	-0.043646	-0.053719	-64.758972	-64.732117
32.280151	-0.040293	-0.053719	-64.752266	-64.732117
32.319241	-0.036940	-0.050366	-64.748901	-64.742195
32.358326	-0.040293	-0.050366	-64.748901	-64.745544
32.397415	-0.043646	-0.050366	-64.758972	-64.738823
32.436501	-0.046998	-0.050366	-64.762321	-64.728767
32.475590	-0.050366	-0.046998	-64.762321	-64.728767
32.514675	-0.053719	-0.043646	-64.762321	-64.732117
32.553764	-0.057071	-0.040293	-64.758972	-64.732117
32.592850	-0.060439	-0.036940	-64.758972	-64.725403
32.631939	-0.060439	-0.036940	-64.758972	-64.722046
32.671028	-0.063792	-0.043646	-64.758972	-64.722046
32.710114	-0.067145	-0.050366	-64.762321	-64.728767
32.749203	-0.070497	-0.053719	-64.762321	-64.728767
32.788288	-0.070497	-0.053719	-64.758972	-64.728767
32.827377	-0.070497	-0.057071	-64.755615	-64.732117
32.866463	-0.070497	-0.057071	-64.752266	-64.738823
32.905552	-0.070497	-0.057071	-64.748901	-64.735474
32.944637	-0.067145	-0.057071	-64.748901	-64.728767
32.983727	-0.067145	-0.060439	-64.752266	-64.722046
33.022812	-0.067145	-0.060439	-64.755615	-64.718697
33.061901	-0.070497	-0.060439	-64.755615	-64.715324
33.100990	-0.073865	-0.060439	-64.748901	-64.711975
33.140076	-0.077218	-0.057071	-64.742195	-64.708618
33.179165	-0.080571	-0.057071	-64.748901	-64.701897
33.218250	-0.080571	-0.057071	-64.755615	-64.698547
33.257339	-0.080571	-0.057071	-64.755615	-64.701897
33.296425	-0.080571	-0.057071	-64.745544	-64.711975
33.335514	-0.080571	-0.057071	-64.742195	-64.718697
33.374599	-0.080571	-0.060439	-64.745544	-64.718697
33.413689	-0.080571	-0.060439	-64.745544	-64.715324
33.452774	-0.077218	-0.063792	-64.742195	-64.711975
33.491863	-0.073865	-0.067145	-64.735474	-64.711975
33.530949	-0.070497	-0.070497	-64.742195	-64.708618
33.570038	-0.067145	-0.070497	-64.752266	-64.708618
33.609127	-0.067145	-0.067145	-64.752266	-64.711975
33.648212	-0.070497	-0.070497	-64.738823	-64.722046
33.687302	-0.070497	-0.070497	-64.728767	-64.722046
33.726387	-0.070497	-0.070497	-64.732117	-64.718697
33.765476	-0.070497	-0.067145	-64.735474	-64.715324
33.804562	-0.070497	-0.067145	-64.732117	-64.728767
33.843651	-0.070497	-0.063792	-64.728767	-64.738823
33.882736	-0.070497	-0.060439	-64.732117	-64.738823
33.921825	-0.067145	-0.060439	-64.738823	-64.732117
33.960911	-0.063792	-0.060439	-64.735474	-64.732117
