22.510115	0.050306	0.030160	0.000000	-0.090659
22.549194	0.050306	0.040233	0.010014	-0.100732
22.588276	0.050306	0.040233	0.010014	-0.100732
22.627357	0.040233	0.040233	0.000000	-0.080585
22.666439	0.040233	0.040233	0.000000	-0.070512
22.705521	0.030160	0.040233	0.000000	-0.060439
22.744602	0.030160	0.040233	0.000000	-0.060439
22.783682	0.030160	0.030160	0.000000	-0.070512
22.822763	0.040233	0.020087	-0.010073	-0.090659
22.861845	0.040233	0.010014	-0.010073	-0.120878
22.900927	0.040233	-0.010073	-0.010073	-0.151098
22.940008	0.040233	-0.030220	-0.010073	-0.191391
22.979090	0.040233	-0.060439	-0.010073	-0.211537
23.018169	0.030160	-0.080585	0.000000	-0.231683
23.057251	0.030160	-0.070512	0.010014	-0.231683
23.096333	0.020087	-0.020146	0.000000	-0.181317
23.135414	0.020087	0.040233	-0.010073	-0.090659
23.174496	0.020087	0.070453	-0.030220	-0.050366
23.213577	0.020087	0.080526	-0.040293	-0.060439
23.252657	0.030160	0.080526	-0.040293	-0.080585
23.291739	0.030160	0.090599	-0.040293	-0.110805
23.330820	0.040233	0.090599	-0.030220	-0.130951
23.369902	0.030160	0.100672	-0.020146	-0.130951
23.408983	0.030160	0.100672	-0.020146	-0.120878
23.448065	0.030160	0.110745	-0.020146	-0.110805
23.487144	0.030160	0.120819	-0.020146	-0.100732
23.526226	0.040233	0.120819	-0.020146	-0.100732
23.565308	0.050306	0.130892	-0.020146	-0.110805
23.604389	0.060380	0.140965	-0.020146	-0.130951
23.643471	0.060380	0.151038	-0.020146	-0.141025
23.682550	0.060380	0.151038	-0.020146	-0.151098
23.721632	0.060380	0.161111	-0.010073	-0.141025
23.760714	0.060380	0.161111	-0.010073	-0.141025
23.799795	0.070453	0.181258	0.000000	-0.141025
23.838877	0.070453	0.191331	0.000000	-0.161171
23.877958	0.070453	0.191331	0.010014	-0.171244
23.917038	0.070453	0.201404	0.010014	-0.161171
23.956120	0.080526	0.211477	-0.020146	-0.151098
23.995201	0.090599	0.231624	-0.050366	-0.151098
24.034283	0.090599	0.241697	-0.060439	-0.171244
24.073364	0.100672	0.261784	-0.060439	-0.181317
24.112446	0.110745	0.281930	-0.070512	-0.191391
24.151525	0.120819	0.292003	-0.070512	-0.181317
24.190607	0.120819	0.302076	-0.060439	-0.181317
24.229689	0.120819	0.312150	-0.060439	-0.191391
24.268770	0.130892	0.322223	-0.050366	-0.201464
24.307852	0.130892	0.332296	-0.040293	-0.211537
24.346933	0.130892	0.342369	-0.040293	-0.201464
24.386013	0.140965	0.362515	-0.060439	-0.201464
24.425095	0.151038	0.372589	-0.070512	-0.181317
24.464176	0.151038	0.402808	-0.080585	-0.181317
24.503258	0.161111	0.443101	-0.080585	-0.191391
24.542339	0.161111	0.483394	-0.070512	-0.211537
24.581421	0.161111	0.523627	-0.060439	-0.231683
24.620501	0.161111	0.553846	-0.050366	-0.241756
24.659582	0.171185	0.594139	-0.030220	-0.241756
24.698664	0.171185	0.634432	-0.030220	-0.241756
24.737745	0.181258	0.674725	-0.040293	-0.251830
24.776827	0.191331	0.725091	-0.050366	-0.261843
24.815907	0.201404	0.785470	-0.060439	-0.261843
24.854988	0.201404	0.845909	-0.070512	-0.281990
24.894070	0.211477	0.906348	-0.070512	-0.312209
24.933151	0.221550	0.966787	-0.060439	-0.342429
24.972233	0.231624	1.037240	-0.060439	-0.362575
25.011314	0.241697	1.117826	-0.060439	-0.372648
25.050394	0.261784	1.218557	-0.060439	-0.382721
25.089476	0.271857	1.329303	-0.060439	-0.392795
25.128557	0.292003	1.470327	-0.070512	-0.412941
25.167639	0.312150	1.631439	-0.080585	-0.443161
25.206720	0.322223	1.822770	-0.090659	-0.473380
25.245802	0.342369	2.064466	-0.090659	-0.493526
25.284882	0.352442	2.356529	-0.090659	-0.513673
25.323963	0.362515	2.729177	-0.090659	-0.553906
25.363045	0.372589	3.192425	-0.090659	-0.614345
25.402126	0.382662	3.766477	-0.100732	-0.705004
25.441208	0.392735	4.501641	-0.110805	-0.815749
25.480289	0.422955	5.397975	-0.120878	-0.976920
25.519369	0.443101	6.515801	-0.151098	-1.208544
25.558451	0.473320	7.845163	-0.171244	-1.540899
25.597532	0.503540	9.375930	-0.181317	-1.963854
25.636614	0.543773	11.037647	-0.181317	-2.497613
25.675695	0.584066	12.638866	-0.201464	-3.132045
25.714777	0.624359	13.917923	-0.221610	-3.806829
25.753857	0.654578	14.572501	-0.231683	-4.582286
25.792938	0.694871	14.058887	-0.241756	-5.025387
25.832020	0.735164	12.669086	-0.241756	-5.277157
25.871101	0.775397	10.644854	-0.241756	-5.357742
25.910183	0.825763	8.258045	-0.231683	-5.327523
25.949263	0.876129	5.689979	-0.231683	-5.196571
25.988344	0.936568	3.021240	-0.241756	-4.904509
26.027426	1.007080	0.241697	-0.251830	-4.421115
26.066507	1.087606	-2.507687	-0.281990	-3.716171
26.105589	1.168191	-4.944801	-0.302136	-2.860129
26.144670	1.258850	-6.727338	-0.332355	-1.973927
26.183750	1.359522	-7.533014	-0.362575	-1.248837
26.222832	1.480401	-7.251024	-0.372648	-0.815749
26.261913	1.621366	-6.183565	-0.372648	-0.684857
26.300995	1.782537	-4.854202	-0.382721	-0.694931
26.340076	1.983941	-3.685951	-0.382721	-0.705004
26.379158	2.225637	-2.789676	-0.382721	-0.694931
26.418238	2.527773	-2.145112	-0.372648	-0.674784
26.457319	2.900362	-1.651645	-0.372648	-0.654638
26.496401	3.383756	-1.279056	-0.372648	-0.604272
26.535482	3.998101	-0.986993	-0.362575	-0.574052
26.574564	4.783630	-0.755370	-0.352502	-0.543833
26.613646	5.861223	-0.574052	-0.312209	-0.523686
26.652725	7.301331	-0.443161	-0.201464	-0.513673
26.691807	9.144306	-0.342429	0.000000	-0.493526
26.730888	11.218905	-0.271916	0.241697	-0.463307
26.769970	13.162554	-0.211537	0.382662	-0.443161
26.809052	14.592648	-0.171244	0.312150	-0.412941
26.848133	15.267372	-0.130951	-0.020146	-0.372648
26.887213	15.156627	-0.100732	-0.563979	-0.342429
26.926294	14.381170	-0.070512	-1.228690	-0.342429
26.965376	13.092100	-0.050366	-1.933634	-0.342429
27.004457	11.359871	-0.030220	-2.618432	-0.332355
27.043539	9.154379	-0.010073	-3.262997	-0.332355
27.082619	6.415129	0.000000	-3.887355	-0.332355
27.121700	3.192425	0.000000	-4.491627	-0.332355
27.160782	-0.181317	0.010014	-4.944801	-0.322282
27.199863	-3.111899	0.020087	-5.085826	-0.312209
27.238945	-5.126119	0.030160	-4.854202	-0.302136
27.278027	-6.113052	0.030160	-4.330516	-0.281990
27.317106	-6.223798	0.030160	-3.665805	-0.261843
27.356188	-5.770624	0.020087	-3.001153	-0.241756
27.395269	-5.035460	0.020087	-2.406955	-0.241756
27.434351	-4.219711	0.020087	-1.913488	-0.241756
27.473433	-3.444254	0.020087	-1.530826	-0.241756
27.512514	-2.749383	0.020087	-1.238763	-0.251830
27.551594	-2.155185	0.020087	-1.007140	-0.241756
27.590675	-1.671791	0.020087	-0.835896	-0.231683
27.629757	-1.268983	0.030160	-0.715077	-0.221610
27.668839	-0.956774	0.020087	-0.634491	-0.211537
27.707920	-0.725150	0.020087	-0.574052	-0.191391
27.747002	-0.543833	0.010014	-0.523686	-0.181317
27.786081	-0.402868	0.000000	-0.483453	-0.171244
27.825163	-0.302136	0.000000	-0.443161	-0.161171
27.864244	-0.231683	0.000000	-0.412941	-0.161171
27.903326	-0.181317	0.010014	-0.382721	-0.161171
27.942408	-0.141025	0.020087	-0.352502	-0.171244
27.981489	-0.110805	0.020087	-0.332355	-0.171244
28.020569	-0.080585	0.020087	-0.312209	-0.181317
28.059650	-0.060439	0.020087	-0.302136	-0.181317
28.098732	-0.030220	0.010014	-0.292063	-0.181317
28.137814	-0.010073	0.000000	-0.271916	-0.171244
28.176895	0.010014	-0.010073	-0.251830	-0.171244
28.215975	0.020087	-0.010073	-0.241756	-0.181317
28.255056	0.020087	-0.010073	-0.231683	-0.191391
28.294138	0.030160	-0.010073	-0.211537	-0.191391
28.333220	0.030160	-0.010073	-0.191391	-0.181317
28.372301	0.040233	0.000000	-0.161171	-0.161171
28.411383	0.050306	0.000000	-0.151098	-0.141025
28.450462	0.050306	-0.010073	-0.141025	-0.120878
28.489544	0.060380	-0.010073	-0.141025	-0.120878
28.528625	0.060380	-0.010073	-0.151098	-0.110805
28.567707	0.060380	-0.010073	-0.141025	-0.100732
28.606789	0.060380	-0.010073	-0.130951	-0.100732
28.645870	0.060380	0.000000	-0.120878	-0.100732
28.684950	0.050306	0.000000	-0.110805	-0.110805
28.724031	0.040233	0.000000	-0.100732	-0.110805
28.763113	0.030160	0.000000	-0.090659	-0.110805
28.802195	0.020087	-0.010073	-0.080585	-0.090659
28.841276	0.020087	-0.020146	-0.060439	-0.060439
28.880358	0.020087	-0.020146	-0.050366	-0.060439
28.919437	0.020087	-0.030220	-0.050366	-0.080585
28.958519	0.020087	-0.030220	-0.050366	-0.100732
28.997601	0.010014	-0.020146	-0.040293	-0.110805
29.036682	0.010014	-0.010073	-0.030220	-0.130951
29.075764	0.010014	0.000000	-0.040293	-0.130951
29.114845	0.020087	0.000000	-0.070512	-0.130951
29.153925	0.040233	0.010014	-0.080585	-0.120878
29.193007	0.050306	0.010014	-0.080585	-0.100732
29.232088	0.050306	0.010014	-0.080585	-0.090659
29.271170	0.040233	0.010014	-0.070512	-0.070512
29.310251	0.030160	0.000000	-0.070512	-0.050366
29.349333	0.030160	-0.010073	-0.060439	-0.030220
29.388412	0.020087	-0.010073	-0.050366	-0.040293
29.427494	0.020087	-0.020146	-0.040293	-0.060439
29.466576	0.020087	-0.020146	-0.020146	-0.070512
29.505657	0.020087	-0.020146	-0.010073	-0.060439
29.544739	0.030160	-0.020146	0.000000	-0.050366
29.583818	0.030160	-0.020146	0.020087	-0.040293
29.622900	0.030160	-0.010073	0.030160	-0.040293
29.661982	0.030160	0.000000	0.020087	-0.060439
29.701063	0.030160	0.010014	0.020087	-0.070512
29.740145	0.030160	0.020087	0.020087	-0.060439
29.779226	0.030160	0.030160	0.020087	-0.060439
29.818306	0.020087	0.040233	0.030160	-0.050366
29.857388	0.010014	0.040233	0.040233	-0.030220
29.896469	0.010014	0.020087	0.050306	0.000000
29.935551	0.010014	-0.010073	0.040233	0.030160
29.974632	0.020087	-0.030220	0.030160	0.030160
30.013714	0.030160	-0.040293	0.020087	0.010014
30.052794	0.050306	-0.040293	0.020087	-0.030220
30.091875	0.070453	-0.040293	0.020087	-0.050366
30.130957	0.080526	-0.040293	0.030160	-0.050366
30.170038	0.080526	-0.040293	0.040233	-0.050366
30.209120	0.060380	-0.040293	0.060380	-0.070512
30.248201	0.040233	-0.040293	0.070453	-0.090659
30.287281	0.040233	-0.050366	0.070453	-0.080585
30.326363	0.040233	-0.060439	0.070453	-0.060439
30.365444	0.040233	-0.080585	0.050306	-0.050366
30.404526	0.030160	-0.090659	0.020087	-0.050366
30.443607	0.020087	-0.100732	-0.010073	-0.030220
30.482689	0.010014	-0.100732	-0.020146	-0.030220
30.521769	0.000000	-0.100732	-0.010073	-0.040293
30.560850	0.000000	-0.100732	-0.010073	-0.040293
30.599932	0.000000	-0.090659	0.000000	-0.040293
30.639013	0.010014	-0.090659	0.000000	-0.040293
30.678095	0.020087	-0.090659	0.000000	-0.030220
30.717175	0.040233	-0.090659	0.000000	-0.030220
30.756256	0.050306	-0.080585	0.020087	-0.020146
30.795338	0.060380	-0.080585	0.040233	-0.020146
30.834419	0.070453	-0.080585	0.050306	-0.030220
30.873501	0.080526	-0.070512	0.060380	-0.040293
30.912582	0.080526	-0.060439	0.050306	-0.050366
30.951662	0.090599	-0.050366	0.040233	-0.040293
30.990744	0.090599	-0.040293	0.030160	-0.010073
31.029825	0.090599	-0.030220	0.030160	0.020087
31.068907	0.100672	-0.010073	0.030160	0.030160
31.107988	0.110745	0.010014	0.030160	0.040233
31.147070	0.120819	0.020087	0.020087	0.040233
31.186150	0.110745	0.030160	0.020087	0.040233
31.225231	0.100672	0.040233	0.030160	0.040233
31.264313	0.090599	0.050306	0.030160	0.040233
31.303394	0.060380	0.060380	0.010014	0.040233
31.342476	0.040233	0.080526	-0.020146	0.040233
31.381557	0.020087	0.090599	-0.030220	0.040233
31.420637	0.020087	0.100672	-0.020146	0.040233
31.459719	0.020087	0.100672	-0.010073	0.040233
31.498800	0.020087	0.090599	0.010014	0.050306
31.537882	0.030160	0.080526	0.030160	0.060380
31.576963	0.030160	0.060380	0.040233	0.060380
31.616045	0.030160	0.050306	0.050306	0.050306
31.655125	0.030160	0.040233	0.040233	0.030160
31.694206	0.020087	0.030160	0.030160	0.030160
31.733288	0.010014	0.040233	0.030160	0.030160
31.772369	-0.010073	0.040233	0.040233	0.040233
31.811451	-0.010073	0.040233	0.050306	0.040233
31.850531	-0.010073	0.040233	0.030160	0.030160
31.889612	-0.010073	0.050306	0.000000	0.040233
31.928694	-0.010073	0.060380	-0.010073	0.060380
31.967775	0.000000	0.070453	0.000000	0.080526
32.006855	0.000000	0.070453	0.010014	0.090599
32.045937	0.000000	0.080526	0.020087	0.100672
32.085018	-0.010073	0.090599	0.010014	0.090599
32.124100	-0.030220	0.090599	0.000000	0.080526
32.163181	-0.040293	0.110745	-0.010073	0.070453
32.202263	-0.050366	0.130892	-0.010073	0.070453
32.241344	-0.070512	0.151038	-0.010073	0.070453
32.280426	-0.080585	0.151038	-0.010073	0.080526
32.319508	-0.080585	0.161111	0.010014	0.100672
32.358589	-0.090659	0.151038	0.020087	0.120819
32.397671	-0.090659	0.140965	0.010014	0.130892
32.436749	-0.090659	0.130892	0.000000	0.120819
32.475830	-0.090659	0.120819	0.000000	0.100672
32.514912	-0.100732	0.120819	0.020087	0.080526
32.553993	-0.100732	0.120819	0.030160	0.060380
32.593075	-0.100732	0.110745	0.040233	0.060380
32.632156	-0.100732	0.100672	0.040233	0.050306
32.671238	-0.090659	0.090599	0.040233	0.050306
32.710320	-0.080585	0.090599	0.040233	0.060380
32.749401	-0.060439	0.090599	0.020087	0.070453
32.788483	-0.060439	0.090599	0.020087	0.080526
32.827564	-0.050366	0.100672	0.020087	0.090599
32.866642	-0.060439	0.110745	0.030160	0.100672
32.905724	-0.070512	0.120819	0.040233	0.090599
32.944805	-0.080585	0.120819	0.040233	0.080526
32.983887	-0.080585	0.120819	0.040233	0.090599
33.022968	-0.070512	0.100672	0.040233	0.090599
33.062050	-0.070512	0.080526	0.050306	0.090599
33.101131	-0.060439	0.040233	0.050306	0.090599
33.140213	-0.050366	0.010014	0.050306	0.090599
33.179295	-0.050366	-0.010073	0.030160	0.090599
33.218376	-0.050366	-0.020146	0.030160	0.090599
33.257458	-0.050366	-0.030220	0.030160	0.100672
33.296539	-0.050366	-0.030220	0.040233	0.100672
33.335617	-0.070512	-0.030220	0.050306	0.090599
33.374699	-0.080585	-0.030220	0.060380	0.060380
33.413780	-0.090659	-0.030220	0.060380	0.040233
33.452862	-0.090659	-0.030220	0.060380	0.040233
33.491943	-0.090659	-0.020146	0.050306	0.040233
33.531025	-0.090659	-0.020146	0.050306	0.060380
33.570107	-0.090659	-0.020146	0.040233	0.070453
33.609188	-0.080585	-0.030220	0.040233	0.080526
33.648270	-0.070512	-0.040293	0.050306	0.070453
33.687351	-0.060439	-0.050366	0.050306	0.050306
33.726433	-0.050366	-0.060439	0.050306	0.050306
33.765514	-0.050366	-0.060439	0.060380	0.050306
33.804592	-0.050366	-0.050366	0.070453	0.060380
33.843674	-0.050366	-0.050366	0.080526	0.080526
33.882755	-0.060439	-0.050366	0.080526	0.090599
33.921837	-0.060439	-0.050366	0.090599	0.100672
33.960918	-0.050366	-0.050366	0.100672	0.090599
