21.940655	-0.016794	-0.053719	0.030205	-0.067145
21.950029	-0.020146	-0.057071	-0.026867	-0.097364
21.959404	-0.023499	-0.057071	-0.097364	-0.110790
21.968779	-0.026867	-0.057071	-0.161141	-0.100717
21.978153	-0.030220	-0.053719	-0.201419	-0.070497
21.987530	-0.030220	-0.053719	-0.204787	-0.033572
21.996904	-0.026867	-0.050366	-0.181288	-0.006720
22.006279	-0.026867	-0.050366	-0.144362	0.010058
22.015654	-0.023499	-0.050366	-0.104070	0.013426
22.025028	-0.023499	-0.050366	-0.063792	0.006706
22.034403	-0.020146	-0.050366	-0.030220	-0.003368
22.043779	-0.020146	-0.050366	-0.006720	-0.010073
22.053154	-0.020146	-0.050366	0.006706	-0.010073
22.062529	-0.020146	-0.053719	0.003353	-0.003368
22.071903	-0.020146	-0.053719	-0.010073	0.003353
22.081278	-0.020146	-0.050366	-0.023499	0.010058
22.090654	-0.020146	-0.050366	-0.036940	0.010058
22.100029	-0.023499	-0.050366	-0.043646	0.003353
22.109404	-0.023499	-0.050366	-0.036940	-0.003368
22.118778	-0.023499	-0.050366	-0.030220	-0.003368
22.128153	-0.023499	-0.050366	-0.030220	-0.003368
22.137529	-0.023499	-0.050366	-0.043646	-0.010073
22.146904	-0.023499	-0.050366	-0.063792	-0.030220
22.156279	-0.023499	-0.050366	-0.087291	-0.057071
22.165653	-0.023499	-0.050366	-0.107422	-0.077218
22.175028	-0.026867	-0.050366	-0.127569	-0.070497
22.184402	-0.026867	-0.050366	-0.140995	-0.036940
22.193779	-0.026867	-0.046998	-0.140995	0.006706
22.203154	-0.026867	-0.043646	-0.120863	0.043631
22.212528	-0.023499	-0.043646	-0.080571	0.057057
22.221903	-0.020146	-0.043646	-0.026867	0.050351
22.231277	-0.020146	-0.046998	0.016779	0.030205
22.240654	-0.016794	-0.046998	0.036925	0.003353
22.250029	-0.020146	-0.050366	0.023484	-0.023499
22.259403	-0.020146	-0.050366	-0.020146	-0.046998
22.268778	-0.023499	-0.050366	-0.073865	-0.067145
22.278152	-0.026867	-0.053719	-0.120863	-0.080571
22.287527	-0.026867	-0.053719	-0.147715	-0.090644
22.296904	-0.026867	-0.053719	-0.157788	-0.093997
22.306278	-0.026867	-0.053719	-0.151068	-0.083938
22.315653	-0.026867	-0.053719	-0.134289	-0.067145
22.325027	-0.026867	-0.050366	-0.100717	-0.036940
22.334402	-0.023499	-0.046998	-0.053719	-0.003368
22.343779	-0.020146	-0.046998	-0.003368	0.030205
22.353153	-0.020146	-0.046998	0.033557	0.057057
22.362528	-0.016794	-0.046998	0.040278	0.073850
22.371902	-0.016794	-0.046998	0.016779	0.073850
22.381277	-0.020146	-0.046998	-0.016794	0.060424
22.390654	-0.020146	-0.046998	-0.050366	0.033557
22.400028	-0.020146	-0.046998	-0.073865	0.006706
22.409403	-0.020146	-0.046998	-0.080571	-0.013441
22.418777	-0.020146	-0.046998	-0.080571	-0.023499
22.428152	-0.020146	-0.046998	-0.090644	-0.020146
22.437527	-0.020146	-0.046998	-0.104070	-0.006720
22.446903	-0.020146	-0.046998	-0.120863	0.010058
22.456278	-0.020146	-0.046998	-0.124216	0.030205
22.465652	-0.020146	-0.043646	-0.117496	0.050351
22.475027	-0.020146	-0.043646	-0.100717	0.063777
22.484402	-0.020146	-0.043646	-0.083938	0.060424
22.493778	-0.020146	-0.043646	-0.067145	0.040278
22.503153	-0.020146	-0.043646	-0.053719	0.013426
22.512527	-0.016794	-0.046998	-0.043646	-0.013441
22.521902	-0.016794	-0.046998	-0.043646	-0.026867
22.531277	-0.020146	-0.046998	-0.053719	-0.036940
22.540651	-0.020146	-0.046998	-0.067145	-0.040293
22.550028	-0.020146	-0.046998	-0.087291	-0.040293
22.559402	-0.023499	-0.046998	-0.100717	-0.036940
22.568777	-0.023499	-0.046998	-0.104070	-0.026867
22.578152	-0.020146	-0.046998	-0.100717	-0.013441
22.587526	-0.020146	-0.046998	-0.087291	-0.006720
22.596903	-0.020146	-0.046998	-0.070497	0.000000
22.606277	-0.020146	-0.046998	-0.043646	0.006706
22.615652	-0.016794	-0.046998	-0.010073	0.010058
22.625027	-0.016794	-0.046998	0.020131	0.013426
22.634401	-0.013441	-0.043646	0.036925	0.013426
22.643778	-0.013441	-0.043646	0.036925	0.010058
22.653152	-0.013441	-0.043646	0.016779	0.013426
22.662527	-0.013441	-0.040293	-0.010073	0.026852
22.671902	-0.016794	-0.040293	-0.033572	0.033557
22.681276	-0.016794	-0.043646	-0.046998	0.023484
22.690651	-0.016794	-0.043646	-0.053719	-0.010073
22.700027	-0.016794	-0.046998	-0.057071	-0.053719
22.709402	-0.016794	-0.046998	-0.057071	-0.083938
22.718777	-0.016794	-0.046998	-0.050366	-0.090644
22.728151	-0.013441	-0.046998	-0.030220	-0.077218
22.737526	-0.013441	-0.043646	0.003353	-0.057071
22.746902	-0.010073	-0.043646	0.033557	-0.043646
22.756277	-0.010073	-0.043646	0.050351	-0.040293
22.765652	-0.010073	-0.040293	0.046983	-0.040293
22.775026	-0.010073	-0.040293	0.023484	-0.040293
22.784401	-0.010073	-0.040293	-0.006720	-0.023499
22.793777	-0.010073	-0.040293	-0.033572	0.003353
22.803152	-0.013441	-0.036940	-0.053719	0.043631
22.812527	-0.013441	-0.033572	-0.070497	0.080556
22.821901	-0.013441	-0.033572	-0.083938	0.107422
22.831276	-0.013441	-0.033572	-0.090644	0.110775
22.840651	-0.013441	-0.033572	-0.087291	0.093982
22.850027	-0.013441	-0.033572	-0.070497	0.060424
22.859402	-0.013441	-0.036940	-0.053719	0.030205
22.868776	-0.010073	-0.036940	-0.033572	0.013426
22.878151	-0.010073	-0.036940	-0.013441	0.013426
22.887526	-0.010073	-0.033572	0.000000	0.023484
22.896902	-0.010073	-0.033572	0.010058	0.030205
22.906277	-0.010073	-0.033572	0.013426	0.033557
22.915651	-0.010073	-0.033572	0.010058	0.026852
22.925026	-0.010073	-0.033572	0.003353	0.023484
22.934401	-0.010073	-0.033572	-0.006720	0.033557
22.943775	-0.013441	-0.033572	-0.026867	0.053704
22.953152	-0.013441	-0.033572	-0.057071	0.073850
22.962526	-0.016794	-0.033572	-0.087291	0.073850
22.971901	-0.016794	-0.033572	-0.107422	0.033557
22.981276	-0.016794	-0.036940	-0.114143	-0.023499
22.990650	-0.016794	-0.040293	-0.107422	-0.080571
23.000027	-0.013441	-0.040293	-0.087291	-0.110790
23.009401	-0.013441	-0.040293	-0.067145	-0.117496
23.018776	-0.013441	-0.040293	-0.050366	-0.097364
23.028151	-0.010073	-0.036940	-0.040293	-0.073865
23.037525	-0.010073	-0.036940	-0.036940	-0.053719
23.046902	-0.010073	-0.033572	-0.030220	-0.033572
23.056276	-0.006720	-0.033572	-0.016794	-0.003368
23.065651	-0.006720	-0.030220	-0.003368	0.030205
23.075026	-0.006720	-0.030220	0.006706	0.060424
23.084400	-0.006720	-0.026867	0.010058	0.070482
23.093775	-0.006720	-0.026867	0.000000	0.063777
23.103151	-0.010073	-0.030220	-0.020146	0.040278
23.112526	-0.010073	-0.030220	-0.046998	0.023484
23.121901	-0.010073	-0.033572	-0.070497	0.013426
23.131275	-0.013441	-0.033572	-0.087291	0.003353
23.140650	-0.013441	-0.033572	-0.090644	-0.016794
23.150026	-0.010073	-0.033572	-0.083938	-0.050366
23.159401	-0.010073	-0.033572	-0.067145	-0.080571
23.168776	-0.006720	-0.033572	-0.050366	-0.100717
23.178150	-0.006720	-0.033572	-0.033572	-0.097364
23.187525	-0.006720	-0.033572	-0.016794	-0.077218
23.196901	-0.003368	-0.030220	0.000000	-0.053719
23.206276	-0.003368	-0.030220	0.016779	-0.046998
23.215651	-0.003368	-0.033572	0.023484	-0.063792
23.225025	-0.003368	-0.033572	0.016779	-0.083938
23.234400	-0.003368	-0.033572	-0.006720	-0.093997
23.243774	-0.006720	-0.033572	-0.036940	-0.090644
23.253151	-0.010073	-0.033572	-0.070497	-0.083938
23.262526	-0.010073	-0.033572	-0.100717	-0.077218
23.271900	-0.010073	-0.033572	-0.117496	-0.073865
23.281275	-0.010073	-0.033572	-0.127569	-0.070497
23.290649	-0.010073	-0.033572	-0.130922	-0.060439
23.300026	-0.010073	-0.030220	-0.124216	-0.036940
23.309401	-0.010073	-0.030220	-0.104070	-0.010073
23.318775	-0.006720	-0.026867	-0.073865	0.006706
23.328150	-0.006720	-0.026867	-0.036940	0.013426
23.337524	-0.003368	-0.026867	0.003353	0.003353
23.346899	-0.003368	-0.026867	0.036925	-0.010073
23.356276	0.000000	-0.026867	0.063777	-0.030220
23.365650	0.000000	-0.026867	0.067130	-0.043646
23.375025	0.000000	-0.026867	0.050351	-0.046998
23.384399	-0.003368	-0.026867	0.016779	-0.036940
23.393774	-0.003368	-0.023499	-0.026867	-0.010073
23.403151	-0.006720	-0.023499	-0.057071	0.020131
23.412525	-0.006720	-0.023499	-0.070497	0.036925
23.421900	-0.006720	-0.023499	-0.070497	0.026852
23.431274	-0.006720	-0.023499	-0.060439	-0.010073
23.440649	-0.006720	-0.026867	-0.053719	-0.060439
23.450026	-0.006720	-0.030220	-0.053719	-0.117496
23.459400	-0.006720	-0.030220	-0.057071	-0.151068
23.468775	-0.006720	-0.030220	-0.053719	-0.161141
23.478149	-0.006720	-0.030220	-0.050366	-0.140995
23.487524	-0.003368	-0.026867	-0.050366	-0.107422
23.496899	-0.006720	-0.026867	-0.060439	-0.080571
23.506275	-0.006720	-0.023499	-0.080571	-0.063792
23.515650	-0.006720	-0.023499	-0.104070	-0.046998
23.525024	-0.006720	-0.023499	-0.120863	-0.030220
23.534399	-0.006720	-0.020146	-0.127569	-0.013441
23.543774	-0.006720	-0.020146	-0.120863	-0.003368
23.553150	-0.006720	-0.020146	-0.100717	-0.006720
23.562525	-0.003368	-0.023499	-0.067145	-0.030220
23.571899	0.000000	-0.023499	-0.030220	-0.057071
23.581274	0.000000	-0.023499	0.003353	-0.080571
23.590649	0.003353	-0.023499	0.016779	-0.087291
23.600023	0.000000	-0.023499	0.010058	-0.073865
23.609400	0.000000	-0.023499	-0.003368	-0.046998
23.618774	0.000000	-0.020146	-0.020146	-0.016794
23.628149	0.000000	-0.020146	-0.036940	0.020131
23.637524	-0.003368	-0.016794	-0.057071	0.053704
23.646898	-0.003368	-0.016794	-0.067145	0.073850
23.656275	-0.003368	-0.013441	-0.073865	0.083923
23.665649	-0.006720	-0.013441	-0.080571	0.070482
23.675024	-0.006720	-0.016794	-0.087291	0.036925
23.684399	-0.006720	-0.016794	-0.087291	-0.006720
23.693773	-0.003368	-0.020146	-0.077218	-0.050366
23.703150	-0.003368	-0.020146	-0.070497	-0.080571
23.712524	0.000000	-0.020146	-0.063792	-0.097364
23.721899	0.000000	-0.020146	-0.070497	-0.107422
23.731274	0.000000	-0.020146	-0.087291	-0.107422
23.740648	-0.003368	-0.020146	-0.104070	-0.097364
23.750023	-0.003368	-0.016794	-0.117496	-0.077218
23.759399	-0.003368	-0.013441	-0.127569	-0.043646
23.768774	-0.003368	-0.013441	-0.124216	-0.006720
23.778149	0.000000	-0.010073	-0.114143	0.016779
23.787523	0.000000	-0.010073	-0.110790	0.010058
23.796898	0.000000	-0.010073	-0.114143	-0.016794
23.806274	0.000000	-0.013441	-0.120863	-0.050366
23.815649	0.000000	-0.013441	-0.120863	-0.073865
23.825024	0.000000	-0.013441	-0.104070	-0.080571
23.834398	0.003353	-0.013441	-0.080571	-0.077218
23.843773	0.003353	-0.010073	-0.057071	-0.077218
23.853149	0.006706	-0.010073	-0.043646	-0.077218
23.862524	0.006706	-0.010073	-0.043646	-0.073865
23.871899	0.006706	-0.010073	-0.053719	-0.063792
23.881273	0.003353	-0.010073	-0.063792	-0.053719
23.890648	0.003353	-0.010073	-0.070497	-0.046998
23.900023	0.003353	-0.010073	-0.060439	-0.043646
23.909399	0.006706	-0.010073	-0.043646	-0.046998
23.918774	0.006706	-0.006720	-0.016794	-0.060439
23.928148	0.010058	-0.006720	0.000000	-0.077218
23.937523	0.006706	-0.006720	0.000000	-0.093997
23.946898	0.006706	-0.006720	-0.030220	-0.104070
23.956274	0.003353	-0.006720	-0.083938	-0.107422
23.965649	0.000000	-0.006720	-0.137642	-0.093997
23.975023	0.000000	-0.003368	-0.177920	-0.070497
23.984398	0.000000	-0.003368	-0.194713	-0.043646
23.993773	0.000000	-0.003368	-0.191361	-0.023499
24.003147	0.000000	-0.003368	-0.174567	-0.016794
24.012524	0.000000	-0.003368	-0.151068	-0.010073
24.021898	0.003353	0.000000	-0.124216	-0.003368
24.031273	0.003353	0.000000	-0.093997	0.006706
24.040648	0.006706	0.000000	-0.057071	0.020131
24.050022	0.010058	0.003353	-0.023499	0.030205
24.059399	0.013426	0.003353	0.000000	0.030205
24.068773	0.013426	0.003353	-0.003368	0.020131
24.078148	0.013426	0.006706	-0.030220	0.013426
24.087523	0.010058	0.006706	-0.067145	0.013426
24.096897	0.010058	0.010058	-0.097364	0.016779
24.106274	0.010058	0.010058	-0.110790	0.016779
24.115648	0.010058	0.010058	-0.104070	0.006706
24.125023	0.013426	0.010058	-0.087291	-0.010073
24.134398	0.013426	0.010058	-0.063792	-0.030220
24.143772	0.016779	0.010058	-0.043646	-0.053719
24.153147	0.016779	0.010058	-0.026867	-0.073865
24.162523	0.020131	0.010058	-0.016794	-0.080571
24.171898	0.020131	0.010058	-0.010073	-0.073865
24.181273	0.020131	0.010058	-0.010073	-0.060439
24.190647	0.020131	0.013426	-0.010073	-0.050366
24.200022	0.020131	0.013426	-0.016794	-0.046998
24.209398	0.020131	0.016779	-0.036940	-0.043646
24.218773	0.020131	0.016779	-0.070497	-0.040293
24.228148	0.016779	0.016779	-0.100717	-0.030220
24.237522	0.016779	0.020131	-0.117496	-0.016794
24.246897	0.016779	0.023484	-0.114143	-0.003368
24.256273	0.020131	0.023484	-0.097364	0.003353
24.265648	0.020131	0.023484	-0.073865	0.000000
24.275023	0.020131	0.026852	-0.057071	-0.006720
24.284397	0.023484	0.026852	-0.057071	-0.016794
24.293772	0.023484	0.026852	-0.070497	-0.033572
24.303146	0.023484	0.026852	-0.090644	-0.053719
24.312523	0.023484	0.026852	-0.110790	-0.077218
24.321898	0.023484	0.026852	-0.124216	-0.090644
24.331272	0.023484	0.030205	-0.134289	-0.087291
24.340647	0.023484	0.030205	-0.144362	-0.070497
24.350021	0.023484	0.033557	-0.151068	-0.053719
24.359398	0.023484	0.033557	-0.147715	-0.046998
24.368773	0.023484	0.036925	-0.134289	-0.043646
24.378147	0.023484	0.036925	-0.110790	-0.043646
24.387522	0.026852	0.040278	-0.080571	-0.036940
24.396896	0.026852	0.040278	-0.063792	-0.023499
24.406271	0.030205	0.043631	-0.070497	-0.013441
24.415648	0.030205	0.043631	-0.097364	-0.016794
24.425022	0.026852	0.046983	-0.134289	-0.026867
24.434397	0.026852	0.046983	-0.154421	-0.036940
24.443771	0.030205	0.050351	-0.151068	-0.033572
24.453146	0.030205	0.050351	-0.127569	-0.016794
24.462523	0.033557	0.053704	-0.097364	-0.003368
24.471897	0.033557	0.057057	-0.067145	0.000000
24.481272	0.036925	0.057057	-0.036940	-0.006720
24.490646	0.040278	0.060424	-0.016794	-0.016794
24.500021	0.040278	0.060424	-0.003368	-0.030220
24.509398	0.043631	0.063777	0.000000	-0.040293
24.518772	0.043631	0.067130	0.000000	-0.046998
24.528147	0.043631	0.067130	-0.006720	-0.046998
24.537521	0.043631	0.070482	-0.016794	-0.036940
24.546896	0.043631	0.073850	-0.020146	-0.016794
24.556271	0.046983	0.077203	-0.016794	0.003353
24.565647	0.046983	0.080556	-0.013441	0.013426
24.575022	0.046983	0.083923	-0.016794	0.013426
24.584396	0.046983	0.087276	-0.033572	-0.003368
24.593771	0.050351	0.087276	-0.060439	-0.023499
24.603146	0.050351	0.090629	-0.083938	-0.040293
24.612522	0.050351	0.093982	-0.100717	-0.043646
24.621897	0.050351	0.097349	-0.100717	-0.043646
24.631271	0.053704	0.100702	-0.097364	-0.050366
24.640646	0.053704	0.104055	-0.100717	-0.063792
24.650021	0.053704	0.107422	-0.110790	-0.073865
24.659395	0.057057	0.110775	-0.114143	-0.073865
24.668772	0.057057	0.114128	-0.107422	-0.060439
24.678146	0.060424	0.120848	-0.080571	-0.030220
24.687521	0.063777	0.124201	-0.043646	-0.006720
24.696896	0.067130	0.130907	-0.016794	-0.003368
24.706270	0.067130	0.134274	-0.013441	-0.026867
24.715647	0.067130	0.137627	-0.033572	-0.060439
24.725021	0.067130	0.140980	-0.063792	-0.093997
24.734396	0.067130	0.144348	-0.090644	-0.110790
24.743771	0.070482	0.151053	-0.100717	-0.104070
24.753145	0.070482	0.157773	-0.097364	-0.087291
24.762522	0.073850	0.164479	-0.090644	-0.057071
24.771896	0.077203	0.171199	-0.077218	-0.033572
24.781271	0.080556	0.181273	-0.060439	-0.013441
24.790646	0.080556	0.187978	-0.040293	-0.006720
24.800020	0.083923	0.194699	-0.020146	-0.003368
24.809395	0.087276	0.204772	-0.006720	-0.006720
24.818771	0.090629	0.211477	-0.010073	-0.006720
24.828146	0.090629	0.221550	-0.030220	-0.016794
24.837521	0.093982	0.228271	-0.057071	-0.036940
24.846895	0.093982	0.238329	-0.077218	-0.070497
24.856270	0.097349	0.245050	-0.090644	-0.100717
24.865646	0.097349	0.258476	-0.093997	-0.120863
24.875021	0.100702	0.271901	-0.087291	-0.117496
24.884396	0.104055	0.285327	-0.080571	-0.093997
24.893770	0.107422	0.302121	-0.077218	-0.067145
24.903145	0.107422	0.318900	-0.070497	-0.050366
24.912521	0.114128	0.339046	-0.060439	-0.050366
24.921896	0.117481	0.355825	-0.040293	-0.060439
24.931271	0.120848	0.375971	-0.023499	-0.080571
24.940645	0.124201	0.396118	-0.023499	-0.104070
24.950020	0.127554	0.419617	-0.046998	-0.127569
24.959394	0.130907	0.446469	-0.073865	-0.151068
24.968771	0.134274	0.476673	-0.090644	-0.167862
24.978146	0.134274	0.513613	-0.097364	-0.177920
24.987520	0.137627	0.553891	-0.100717	-0.174567
24.996895	0.144348	0.600889	-0.100717	-0.161141
25.006269	0.147700	0.654593	-0.110790	-0.151068
25.015646	0.151053	0.715017	-0.120863	-0.154421
25.025021	0.154406	0.782162	-0.127569	-0.177920
25.034395	0.161126	0.856012	-0.127569	-0.218213
25.043770	0.167847	0.933230	-0.124216	-0.268564
25.053144	0.171199	1.017153	-0.117496	-0.325635
25.062519	0.177905	1.101077	-0.104070	-0.382707
25.071896	0.184625	1.188353	-0.090644	-0.433058
25.081270	0.191346	1.268923	-0.077218	-0.469983
25.090645	0.198051	1.346126	-0.070497	-0.493482
25.100019	0.204772	1.413271	-0.067145	-0.510260
25.109394	0.211477	1.473695	-0.067145	-0.516981
25.118771	0.218198	1.527399	-0.070497	-0.520334
25.128145	0.224903	1.571044	-0.080571	-0.523686
25.137520	0.231624	1.607969	-0.097364	-0.530407
25.146894	0.241697	1.638189	-0.114143	-0.537112
25.156269	0.248402	1.658320	-0.134289	-0.537112
25.165646	0.258476	1.671761	-0.151068	-0.530407
25.175020	0.268549	1.678467	-0.161141	-0.523686
25.184395	0.278622	1.675114	-0.161141	-0.516981
25.193769	0.292048	1.665041	-0.154421	-0.510260
25.203144	0.305474	1.644894	-0.140995	-0.496835
25.212519	0.318900	1.621395	-0.124216	-0.473335
25.221895	0.332326	1.591191	-0.107422	-0.443131
25.231270	0.349119	1.550898	-0.097364	-0.422984
25.240644	0.365898	1.507267	-0.100717	-0.419632
25.250019	0.389397	1.456916	-0.117496	-0.433058
25.259394	0.409544	1.396492	-0.137642	-0.453189
25.268770	0.433043	1.336053	-0.161141	-0.459909
25.278145	0.456542	1.268923	-0.184640	-0.446483
25.287519	0.483394	1.198426	-0.204787	-0.419632
25.296894	0.516966	1.124576	-0.204787	-0.389412
25.306269	0.550538	1.047358	-0.184640	-0.355840
25.315645	0.594169	0.973508	-0.144362	-0.322267
25.325020	0.644535	0.896305	-0.107422	-0.285342
25.334394	0.698239	0.825807	-0.090644	-0.245064
25.343769	0.762016	0.758663	-0.097364	-0.204787
25.353144	0.832513	0.698239	-0.120863	-0.177920
25.362518	0.909731	0.641167	-0.151068	-0.167862
25.371895	0.993654	0.590816	-0.187993	-0.177920
25.381269	1.084283	0.547171	-0.234991	-0.201419
25.390644	1.174927	0.510246	-0.292063	-0.224918
25.400019	1.262203	0.476673	-0.339061	-0.238344
25.409393	1.349494	0.446469	-0.365913	-0.238344
25.418770	1.433417	0.422969	-0.359207	-0.224918
25.428144	1.507267	0.399470	-0.332341	-0.211492
25.437519	1.574397	0.379324	-0.308841	-0.201419
25.446894	1.634821	0.359192	-0.302136	-0.191361
25.456268	1.681820	0.345752	-0.315562	-0.177920
25.465643	1.725465	0.328973	-0.342414	-0.154421
25.475019	1.755685	0.315547	-0.375986	-0.120863
25.484394	1.779184	0.305474	-0.409558	-0.087291
25.493769	1.795962	0.292048	-0.446483	-0.057071
25.503143	1.799315	0.281975	-0.486761	-0.040293
25.512518	1.795962	0.271901	-0.523686	-0.036940
25.521894	1.785889	0.261828	-0.540480	-0.036940
25.531269	1.769111	0.251770	-0.537112	-0.043646
25.540644	1.742244	0.245050	-0.506908	-0.050366
25.550018	1.712039	0.234976	-0.469983	-0.053719
25.559393	1.671761	0.228271	-0.433058	-0.060439
25.568769	1.628116	0.218198	-0.399485	-0.067145
25.578144	1.574397	0.211477	-0.372633	-0.070497
25.587519	1.517341	0.204772	-0.349134	-0.070497
25.596893	1.456916	0.198051	-0.325635	-0.067145
25.606268	1.386419	0.194699	-0.305489	-0.063792
25.615643	1.309201	0.187978	-0.292063	-0.063792
25.625019	1.228631	0.181273	-0.288710	-0.067145
25.634394	1.144707	0.174552	-0.288710	-0.067145
25.643768	1.064152	0.171199	-0.281990	-0.073865
25.653143	0.983581	0.164479	-0.265211	-0.083938
25.662518	0.903010	0.157773	-0.238344	-0.090644
25.671894	0.832513	0.154406	-0.218213	-0.083938
25.681269	0.762016	0.151053	-0.211492	-0.046998
25.690643	0.701591	0.151053	-0.214845	0.006706
25.700018	0.644535	0.151053	-0.218213	0.067130
25.709393	0.597537	0.147700	-0.214845	0.110775
25.718767	0.557244	0.144348	-0.204787	0.124201
25.728144	0.520319	0.140980	-0.194713	0.107422
25.737518	0.486746	0.134274	-0.194713	0.063777
25.746893	0.456542	0.130907	-0.211492	0.013426
25.756268	0.429690	0.124201	-0.234991	-0.030220
25.765642	0.402823	0.117481	-0.258490	-0.063792
25.775019	0.382692	0.114128	-0.265211	-0.093997
25.784393	0.362545	0.107422	-0.248417	-0.114143
25.793768	0.349119	0.104055	-0.208139	-0.124216
25.803143	0.332326	0.100702	-0.144362	-0.117496
25.812517	0.318900	0.100702	-0.087291	-0.100717
25.821894	0.308827	0.097349	-0.043646	-0.083938
25.831268	0.298768	0.097349	-0.010073	-0.067145
25.840643	0.288695	0.093982	0.010058	-0.050366
25.850018	0.278622	0.090629	0.020131	-0.036940
25.859392	0.268549	0.090629	0.023484	-0.030220
25.868767	0.258476	0.087276	0.016779	-0.030220
25.878143	0.248402	0.083923	-0.003368	-0.036940
25.887518	0.238329	0.080556	-0.043646	-0.050366
25.896893	0.228271	0.077203	-0.087291	-0.053719
25.906267	0.221550	0.077203	-0.134289	-0.043646
25.915642	0.211477	0.077203	-0.157788	-0.026867
25.925018	0.204772	0.077203	-0.151068	-0.010073
25.934393	0.201404	0.073850	-0.117496	-0.006720
25.943768	0.198051	0.070482	-0.070497	-0.013441
25.953142	0.194699	0.070482	-0.026867	-0.016794
25.962517	0.187978	0.067130	0.003353	-0.016794
25.971893	0.184625	0.067130	0.016779	-0.006720
25.981268	0.177905	0.067130	0.016779	0.006706
25.990643	0.174552	0.063777	0.013426	0.010058
26.000017	0.167847	0.060424	0.003353	-0.003368
26.009392	0.161126	0.057057	-0.016794	-0.036940
26.018766	0.157773	0.053704	-0.046998	-0.077218
26.028143	0.151053	0.050351	-0.090644	-0.107422
26.037518	0.144348	0.046983	-0.127569	-0.124216
26.046892	0.140980	0.046983	-0.147715	-0.127569
26.056267	0.137627	0.046983	-0.134289	-0.120863
26.065641	0.134274	0.043631	-0.107422	-0.114143
26.075018	0.130907	0.043631	-0.083938	-0.107422
26.084393	0.127554	0.043631	-0.083938	-0.093997
26.093767	0.124201	0.043631	-0.100717	-0.077218
26.103142	0.120848	0.043631	-0.124216	-0.060439
26.112516	0.114128	0.043631	-0.137642	-0.050366
26.121891	0.110775	0.043631	-0.140995	-0.046998
26.131268	0.107422	0.040278	-0.137642	-0.043646
26.140642	0.107422	0.040278	-0.127569	-0.043646
26.150017	0.104055	0.040278	-0.107422	-0.046998
26.159391	0.104055	0.036925	-0.083938	-0.050366
26.168766	0.104055	0.036925	-0.063792	-0.053719
26.178143	0.100702	0.036925	-0.046998	-0.046998
26.187517	0.100702	0.036925	-0.046998	-0.040293
26.196892	0.097349	0.033557	-0.060439	-0.036940
26.206266	0.090629	0.030205	-0.083938	-0.043646
26.215641	0.087276	0.030205	-0.104070	-0.057071
26.225018	0.087276	0.026852	-0.114143	-0.060439
26.234392	0.083923	0.026852	-0.110790	-0.050366
26.243767	0.083923	0.026852	-0.097364	-0.023499
26.253141	0.080556	0.030205	-0.080571	0.010058
26.262516	0.080556	0.030205	-0.067145	0.030205
26.271891	0.077203	0.030205	-0.050366	0.033557
26.281267	0.077203	0.026852	-0.033572	0.016779
26.290642	0.077203	0.026852	-0.016794	-0.010073
26.300016	0.073850	0.023484	-0.016794	-0.043646
26.309391	0.070482	0.020131	-0.023499	-0.080571
26.318766	0.067130	0.016779	-0.040293	-0.120863
26.328142	0.067130	0.013426	-0.057071	-0.151068
26.337517	0.063777	0.013426	-0.070497	-0.171214
26.346891	0.063777	0.010058	-0.077218	-0.174567
26.356266	0.060424	0.010058	-0.080571	-0.161141
26.365641	0.060424	0.013426	-0.087291	-0.130922
26.375017	0.057057	0.013426	-0.087291	-0.077218
26.384392	0.057057	0.016779	-0.087291	-0.016794
26.393766	0.057057	0.020131	-0.077218	0.036925
26.403141	0.053704	0.020131	-0.063792	0.063777
26.412516	0.053704	0.020131	-0.053719	0.057057
26.421890	0.053704	0.013426	-0.053719	0.013426
26.431267	0.053704	0.010058	-0.063792	-0.053719
26.440641	0.050351	0.006706	-0.080571	-0.107422
26.450016	0.050351	0.003353	-0.087291	-0.130922
26.459391	0.046983	0.003353	-0.083938	-0.110790
26.468765	0.046983	0.006706	-0.073865	-0.060439
26.478142	0.043631	0.010058	-0.063792	-0.013441
26.487516	0.043631	0.010058	-0.063792	0.013426
26.496891	0.040278	0.010058	-0.073865	0.013426
26.506266	0.036925	0.006706	-0.083938	-0.013441
26.515640	0.036925	0.003353	-0.090644	-0.040293
26.525015	0.036925	0.003353	-0.090644	-0.063792
26.534391	0.033557	0.000000	-0.083938	-0.077218
26.543766	0.033557	0.000000	-0.080571	-0.090644
26.553141	0.033557	0.000000	-0.080571	-0.104070
26.562515	0.033557	-0.003368	-0.073865	-0.107422
26.571890	0.033557	0.000000	-0.060439	-0.097364
26.581266	0.033557	0.000000	-0.046998	-0.067145
26.590641	0.033557	0.000000	-0.040293	-0.026867
26.600016	0.030205	0.003353	-0.043646	0.010058
26.609390	0.030205	0.003353	-0.057071	0.036925
26.618765	0.026852	0.003353	-0.067145	0.040278
26.628141	0.026852	0.003353	-0.063792	0.023484
26.637516	0.026852	0.000000	-0.046998	-0.013441
26.646891	0.026852	-0.003368	-0.026867	-0.053719
26.656265	0.026852	-0.003368	-0.013441	-0.083938
26.665640	0.026852	-0.006720	-0.020146	-0.097364
26.675014	0.026852	-0.006720	-0.040293	-0.090644
26.684391	0.023484	-0.003368	-0.053719	-0.067145
26.693766	0.023484	-0.003368	-0.060439	-0.043646
26.703140	0.023484	-0.003368	-0.060439	-0.030220
26.712515	0.020131	-0.003368	-0.063792	-0.026867
26.721889	0.020131	-0.003368	-0.070497	-0.026867
26.731266	0.020131	-0.003368	-0.080571	-0.023499
26.740641	0.016779	-0.003368	-0.087291	-0.013441
26.750015	0.016779	-0.003368	-0.077218	-0.003368
26.759390	0.016779	-0.003368	-0.050366	0.000000
26.768764	0.016779	-0.003368	-0.010073	0.000000
26.778139	0.016779	-0.006720	0.020131	-0.003368
26.787516	0.016779	-0.006720	0.030205	-0.003368
26.796890	0.016779	-0.006720	0.006706	0.000000
26.806265	0.013426	-0.010073	-0.033572	0.006706
26.815639	0.010058	-0.010073	-0.080571	0.006706
26.825014	0.010058	-0.010073	-0.110790	0.000000
26.834391	0.006706	-0.010073	-0.124216	-0.016794
26.843765	0.006706	-0.010073	-0.124216	-0.026867
26.853140	0.006706	-0.010073	-0.114143	-0.023499
26.862514	0.006706	-0.010073	-0.100717	-0.016794
26.871889	0.006706	-0.010073	-0.077218	-0.006720
26.881266	0.006706	-0.010073	-0.043646	0.006706
26.890640	0.010058	-0.010073	-0.006720	0.020131
26.900015	0.010058	-0.010073	0.020131	0.026852
26.909389	0.010058	-0.010073	0.026852	0.030205
26.918764	0.010058	-0.010073	0.010058	0.020131
26.928139	0.006706	-0.013441	-0.023499	0.000000
26.937515	0.003353	-0.013441	-0.057071	-0.026867
26.946890	0.003353	-0.013441	-0.083938	-0.050366
26.956264	0.000000	-0.016794	-0.093997	-0.073865
26.965639	0.000000	-0.016794	-0.093997	-0.087291
26.975014	0.000000	-0.020146	-0.090644	-0.100717
26.984390	0.000000	-0.020146	-0.090644	-0.110790
26.993765	0.000000	-0.020146	-0.087291	-0.114143
27.003139	0.000000	-0.020146	-0.080571	-0.107422
27.012514	0.000000	-0.020146	-0.070497	-0.083938
27.021889	0.000000	-0.020146	-0.063792	-0.050366
27.031265	0.000000	-0.016794	-0.063792	-0.016794
27.040640	0.000000	-0.016794	-0.070497	0.006706
27.050014	-0.003368	-0.016794	-0.090644	0.020131
27.059389	-0.003368	-0.016794	-0.110790	0.020131
27.068764	-0.003368	-0.013441	-0.127569	0.020131
27.078138	-0.006720	-0.016794	-0.127569	0.016779
27.087515	-0.006720	-0.016794	-0.110790	0.003353
27.096889	-0.003368	-0.016794	-0.083938	-0.013441
27.106264	-0.003368	-0.020146	-0.050366	-0.033572
27.115639	0.000000	-0.020146	-0.016794	-0.046998
27.125013	0.000000	-0.020146	0.006706	-0.046998
27.134390	0.000000	-0.020146	0.006706	-0.033572
27.143764	0.000000	-0.020146	-0.013441	-0.013441
27.153139	-0.003368	-0.020146	-0.050366	0.000000
27.162514	-0.006720	-0.020146	-0.090644	0.013426
27.171888	-0.006720	-0.020146	-0.114143	0.016779
27.181263	-0.010073	-0.020146	-0.110790	0.020131
27.190639	-0.006720	-0.020146	-0.080571	0.026852
27.200014	-0.006720	-0.020146	-0.040293	0.033557
27.209389	-0.003368	-0.020146	-0.010073	0.036925
27.218763	-0.003368	-0.020146	0.006706	0.023484
27.228138	-0.006720	-0.020146	0.006706	0.000000
27.237514	-0.006720	-0.023499	-0.003368	-0.023499
27.246889	-0.010073	-0.023499	-0.020146	-0.043646
27.256264	-0.010073	-0.023499	-0.036940	-0.050366
27.265638	-0.010073	-0.023499	-0.046998	-0.053719
27.275013	-0.010073	-0.023499	-0.053719	-0.053719
27.284389	-0.010073	-0.023499	-0.057071	-0.050366
27.293764	-0.013441	-0.023499	-0.053719	-0.046998
27.303139	-0.010073	-0.023499	-0.043646	-0.043646
27.312513	-0.010073	-0.023499	-0.026867	-0.043646
27.321888	-0.010073	-0.023499	-0.006720	-0.043646
27.331263	-0.010073	-0.023499	0.020131	-0.046998
27.340639	-0.006720	-0.023499	0.046983	-0.043646
27.350014	-0.006720	-0.026867	0.070482	-0.036940
27.359388	-0.006720	-0.026867	0.070482	-0.033572
27.368763	-0.006720	-0.026867	0.040278	-0.030220
27.378138	-0.010073	-0.026867	-0.010073	-0.033572
27.387514	-0.013441	-0.026867	-0.063792	-0.036940
27.396889	-0.016794	-0.026867	-0.097364	-0.036940
27.406263	-0.016794	-0.026867	-0.100717	-0.033572
27.415638	-0.016794	-0.026867	-0.083938	-0.026867
27.425013	-0.016794	-0.026867	-0.060439	-0.020146
27.434389	-0.016794	-0.026867	-0.040293	-0.020146
27.443764	-0.016794	-0.026867	-0.030220	-0.020146
27.453138	-0.016794	-0.026867	-0.023499	-0.026867
27.462513	-0.016794	-0.026867	-0.013441	-0.033572
27.471888	-0.013441	-0.030220	0.000000	-0.043646
27.481262	-0.013441	-0.030220	0.003353	-0.053719
27.490639	-0.013441	-0.026867	-0.003368	-0.057071
27.500013	-0.016794	-0.026867	-0.013441	-0.060439
27.509388	-0.016794	-0.026867	-0.016794	-0.060439
27.518763	-0.016794	-0.030220	-0.010073	-0.057071
27.528137	-0.013441	-0.030220	0.000000	-0.057071
27.537514	-0.013441	-0.030220	0.006706	-0.060439
27.546888	-0.016794	-0.030220	-0.003368	-0.073865
27.556263	-0.016794	-0.030220	-0.020146	-0.090644
27.565638	-0.016794	-0.030220	-0.033572	-0.107422
27.575012	-0.016794	-0.033572	-0.040293	-0.110790
27.584387	-0.020146	-0.033572	-0.043646	-0.100717
27.593763	-0.020146	-0.030220	-0.053719	-0.080571
27.603138	-0.020146	-0.030220	-0.067145	-0.057071
27.612513	-0.023499	-0.030220	-0.080571	-0.043646
27.621887	-0.023499	-0.030220	-0.087291	-0.036940
27.631262	-0.023499	-0.030220	-0.090644	-0.040293
27.640638	-0.023499	-0.030220	-0.097364	-0.043646
27.650013	-0.023499	-0.030220	-0.107422	-0.040293
27.659388	-0.023499	-0.026867	-0.114143	-0.036940
27.668762	-0.023499	-0.030220	-0.107422	-0.043646
27.678137	-0.023499	-0.030220	-0.083938	-0.057071
27.687513	-0.020146	-0.030220	-0.053719	-0.080571
27.696888	-0.020146	-0.033572	-0.030220	-0.104070
27.706263	-0.020146	-0.033572	-0.030220	-0.114143
27.715637	-0.020146	-0.033572	-0.050366	-0.110790
27.725012	-0.023499	-0.033572	-0.080571	-0.093997
27.734386	-0.023499	-0.033572	-0.100717	-0.080571
27.743763	-0.023499	-0.033572	-0.104070	-0.070497
27.753138	-0.023499	-0.033572	-0.083938	-0.073865
27.762512	-0.023499	-0.033572	-0.053719	-0.080571
27.771887	-0.023499	-0.033572	-0.016794	-0.080571
27.781261	-0.020146	-0.033572	0.016779	-0.080571
27.790638	-0.020146	-0.033572	0.046983	-0.077218
27.800013	-0.016794	-0.033572	0.070482	-0.080571
27.809387	-0.016794	-0.033572	0.080556	-0.083938
27.818762	-0.016794	-0.033572	0.067130	-0.080571
27.828136	-0.020146	-0.033572	0.016779	-0.070497
27.837511	-0.023499	-0.033572	-0.050366	-0.057071
27.846888	-0.026867	-0.033572	-0.117496	-0.046998
27.856262	-0.026867	-0.033572	-0.154421	-0.046998
27.865637	-0.030220	-0.033572	-0.157788	-0.057071
27.875011	-0.026867	-0.033572	-0.127569	-0.073865
27.884386	-0.026867	-0.036940	-0.083938	-0.093997
27.893763	-0.023499	-0.036940	-0.050366	-0.110790
27.903137	-0.023499	-0.036940	-0.026867	-0.117496
27.912512	-0.023499	-0.036940	-0.016794	-0.107422
27.921886	-0.023499	-0.036940	-0.013441	-0.087291
27.931261	-0.023499	-0.033572	-0.020146	-0.070497
27.940638	-0.023499	-0.033572	-0.036940	-0.067145
27.950012	-0.026867	-0.033572	-0.063792	-0.067145
27.959387	-0.026867	-0.033572	-0.104070	-0.067145
27.968761	-0.030220	-0.033572	-0.140995	-0.063792
27.978136	-0.030220	-0.033572	-0.164494	-0.060439
27.987511	-0.033572	-0.033572	-0.164494	-0.073865
27.996887	-0.033572	-0.036940	-0.137642	-0.100717
28.006262	-0.030220	-0.036940	-0.083938	-0.137642
28.015636	-0.026867	-0.040293	-0.020146	-0.167862
28.025011	-0.023499	-0.040293	0.046983	-0.181288
28.034386	-0.020146	-0.040293	0.093982	-0.161141
28.043762	-0.020146	-0.040293	0.114128	-0.117496
28.053137	-0.020146	-0.036940	0.104055	-0.057071
28.062511	-0.023499	-0.033572	0.077203	-0.006720
28.071886	-0.023499	-0.033572	0.040278	0.023484
28.081261	-0.026867	-0.033572	0.006706	0.033557
28.090637	-0.026867	-0.033572	-0.016794	0.020131
28.100012	-0.030220	-0.036940	-0.040293	-0.016794
28.109386	-0.030220	-0.036940	-0.063792	-0.060439
28.118761	-0.033572	-0.040293	-0.090644	-0.104070
28.128136	-0.033572	-0.040293	-0.110790	-0.130922
28.137510	-0.033572	-0.040293	-0.104070	-0.137642
28.146887	-0.030220	-0.036940	-0.070497	-0.117496
28.156261	-0.030220	-0.036940	-0.020146	-0.077218
28.165636	-0.026867	-0.033572	0.026852	-0.026867
28.175011	-0.026867	-0.033572	0.050351	0.016779
28.184385	-0.026867	-0.033572	0.050351	0.053704
28.193762	-0.026867	-0.033572	0.036925	0.063777
28.203136	-0.026867	-0.033572	0.023484	0.050351
28.212511	-0.026867	-0.036940	0.013426	0.020131
28.221886	-0.026867	-0.036940	0.000000	-0.006720
28.231260	-0.026867	-0.040293	-0.020146	-0.026867
28.240635	-0.030220	-0.040293	-0.050366	-0.040293
28.250011	-0.030220	-0.040293	-0.077218	-0.050366
28.259386	-0.030220	-0.040293	-0.093997	-0.067145
28.268761	-0.030220	-0.040293	-0.097364	-0.090644
28.278135	-0.030220	-0.043646	-0.090644	-0.107422
28.287510	-0.033572	-0.043646	-0.093997	-0.110790
28.296886	-0.033572	-0.040293	-0.100717	-0.093997
28.306261	-0.033572	-0.040293	-0.110790	-0.067145
28.315636	-0.033572	-0.040293	-0.114143	-0.043646
28.325010	-0.033572	-0.036940	-0.117496	-0.030220
28.334385	-0.036940	-0.040293	-0.120863	-0.026867
28.343761	-0.036940	-0.040293	-0.120863	-0.030220
28.353136	-0.036940	-0.040293	-0.120863	-0.033572
28.362511	-0.036940	-0.040293	-0.117496	-0.040293
28.371885	-0.033572	-0.040293	-0.100717	-0.046998
28.381260	-0.033572	-0.040293	-0.077218	-0.050366
28.390635	-0.033572	-0.040293	-0.057071	-0.046998
28.400011	-0.033572	-0.040293	-0.040293	-0.040293
28.409386	-0.033572	-0.040293	-0.030220	-0.030220
28.418760	-0.033572	-0.040293	-0.023499	-0.023499
28.428135	-0.030220	-0.040293	-0.013441	-0.020146
28.437510	-0.030220	-0.036940	-0.003368	-0.020146
28.446886	-0.030220	-0.036940	0.000000	-0.016794
28.456261	-0.030220	-0.036940	-0.013441	-0.006720
28.465635	-0.033572	-0.036940	-0.043646	0.013426
28.475010	-0.036940	-0.033572	-0.080571	0.026852
28.484385	-0.036940	-0.033572	-0.104070	0.026852
28.493759	-0.040293	-0.036940	-0.110790	0.010058
28.503136	-0.040293	-0.040293	-0.093997	-0.023499
28.512510	-0.040293	-0.040293	-0.070497	-0.067145
28.521885	-0.040293	-0.043646	-0.046998	-0.100717
28.531260	-0.036940	-0.043646	-0.033572	-0.124216
28.540634	-0.036940	-0.043646	-0.033572	-0.124216
28.550011	-0.036940	-0.043646	-0.043646	-0.110790
28.559385	-0.036940	-0.043646	-0.057071	-0.087291
28.568760	-0.036940	-0.040293	-0.070497	-0.060439
28.578135	-0.036940	-0.040293	-0.083938	-0.040293
28.587509	-0.040293	-0.040293	-0.093997	-0.023499
28.596886	-0.040293	-0.040293	-0.100717	-0.006720
28.606260	-0.040293	-0.036940	-0.093997	0.013426
28.615635	-0.040293	-0.036940	-0.083938	0.030205
28.625010	-0.036940	-0.036940	-0.070497	0.040278
28.634384	-0.036940	-0.036940	-0.067145	0.036925
28.643759	-0.040293	-0.040293	-0.073865	0.016779
28.653135	-0.040293	-0.040293	-0.080571	-0.013441
28.662510	-0.040293	-0.043646	-0.073865	-0.046998
28.671885	-0.036940	-0.043646	-0.050366	-0.070497
28.681259	-0.036940	-0.043646	-0.030220	-0.080571
28.690634	-0.036940	-0.043646	-0.023499	-0.083938
28.700010	-0.036940	-0.043646	-0.033572	-0.080571
28.709385	-0.036940	-0.043646	-0.053719	-0.077218
28.718760	-0.040293	-0.043646	-0.070497	-0.077218
28.728134	-0.040293	-0.043646	-0.077218	-0.083938
28.737509	-0.036940	-0.043646	-0.070497	-0.090644
28.746885	-0.036940	-0.043646	-0.060439	-0.097364
28.756260	-0.036940	-0.043646	-0.057071	-0.097364
28.765635	-0.040293	-0.043646	-0.060439	-0.090644
28.775009	-0.040293	-0.043646	-0.060439	-0.087291
28.784384	-0.036940	-0.043646	-0.053719	-0.083938
28.793758	-0.036940	-0.043646	-0.036940	-0.087291
28.803135	-0.036940	-0.043646	-0.020146	-0.093997
28.812510	-0.036940	-0.043646	-0.016794	-0.100717
28.821884	-0.036940	-0.043646	-0.033572	-0.104070
28.831259	-0.040293	-0.043646	-0.063792	-0.104070
28.840633	-0.040293	-0.046998	-0.090644	-0.107422
28.850010	-0.040293	-0.046998	-0.110790	-0.117496
28.859385	-0.040293	-0.046998	-0.110790	-0.130922
28.868759	-0.040293	-0.046998	-0.097364	-0.134289
28.878134	-0.040293	-0.046998	-0.077218	-0.117496
28.887508	-0.040293	-0.043646	-0.053719	-0.087291
28.896883	-0.040293	-0.043646	-0.040293	-0.050366
28.906260	-0.040293	-0.040293	-0.033572	-0.026867
28.915634	-0.040293	-0.040293	-0.030220	-0.013441
28.925009	-0.040293	-0.040293	-0.026867	-0.013441
28.934383	-0.040293	-0.040293	-0.020146	-0.023499
28.943758	-0.040293	-0.040293	-0.010073	-0.036940
28.953135	-0.040293	-0.043646	-0.006720	-0.053719
28.962509	-0.040293	-0.043646	-0.013441	-0.080571
28.971884	-0.040293	-0.046998	-0.030220	-0.100717
28.981258	-0.040293	-0.046998	-0.050366	-0.120863
28.990633	-0.040293	-0.046998	-0.063792	-0.130922
29.000010	-0.040293	-0.046998	-0.070497	-0.130922
29.009384	-0.040293	-0.046998	-0.073865	-0.117496
29.018759	-0.040293	-0.046998	-0.077218	-0.087291
29.028133	-0.040293	-0.043646	-0.083938	-0.043646
29.037508	-0.043646	-0.043646	-0.090644	0.006706
29.046883	-0.043646	-0.040293	-0.100717	0.057057
29.056259	-0.043646	-0.040293	-0.114143	0.087276
29.065634	-0.046998	-0.040293	-0.117496	0.097349
29.075008	-0.043646	-0.040293	-0.110790	0.090629
29.084383	-0.043646	-0.040293	-0.083938	0.070482
29.093758	-0.040293	-0.040293	-0.046998	0.036925
29.103134	-0.040293	-0.043646	-0.010073	-0.003368
29.112509	-0.036940	-0.043646	0.003353	-0.040293
29.121883	-0.036940	-0.046998	-0.006720	-0.073865
29.131258	-0.040293	-0.046998	-0.033572	-0.093997
29.140633	-0.040293	-0.046998	-0.060439	-0.104070
29.150009	-0.040293	-0.046998	-0.070497	-0.097364
29.159384	-0.040293	-0.046998	-0.060439	-0.080571
29.168758	-0.040293	-0.046998	-0.030220	-0.060439
29.178133	-0.040293	-0.046998	0.003353	-0.030220
29.187508	-0.036940	-0.043646	0.023484	0.000000
29.196882	-0.036940	-0.043646	0.023484	0.036925
29.206259	-0.040293	-0.040293	0.006706	0.070482
29.215633	-0.040293	-0.040293	-0.023499	0.090629
29.225008	-0.040293	-0.040293	-0.057071	0.083923
29.234383	-0.043646	-0.040293	-0.077218	0.053704
29.243757	-0.043646	-0.043646	-0.077218	0.006706
29.253134	-0.043646	-0.046998	-0.063792	-0.050366
29.262508	-0.040293	-0.050366	-0.043646	-0.107422
29.271883	-0.040293	-0.053719	-0.020146	-0.157788
29.281258	-0.040293	-0.053719	0.003353	-0.187993
29.290632	-0.036940	-0.053719	0.016779	-0.191361
29.300007	-0.036940	-0.053719	0.030205	-0.164494
29.309383	-0.036940	-0.050366	0.040278	-0.117496
29.318758	-0.036940	-0.050366	0.046983	-0.050366
29.328133	-0.036940	-0.046998	0.046983	0.010058
29.337507	-0.036940	-0.043646	0.033557	0.057057
29.346882	-0.036940	-0.040293	0.010058	0.080556
29.356258	-0.040293	-0.040293	-0.010073	0.073850
29.365633	-0.040293	-0.040293	-0.020146	0.040278
29.375008	-0.040293	-0.043646	-0.013441	-0.013441
29.384382	-0.040293	-0.050366	0.006706	-0.077218
29.393757	-0.036940	-0.053719	0.026852	-0.130922
29.403133	-0.036940	-0.053719	0.036925	-0.161141
29.412508	-0.036940	-0.053719	0.033557	-0.164494
29.421883	-0.036940	-0.053719	0.023484	-0.144362
29.431257	-0.040293	-0.053719	0.003353	-0.107422
29.440632	-0.040293	-0.050366	-0.023499	-0.070497
29.450006	-0.040293	-0.046998	-0.050366	-0.036940
29.459383	-0.040293	-0.046998	-0.073865	-0.006720
29.468758	-0.043646	-0.043646	-0.087291	0.013426
29.478132	-0.040293	-0.043646	-0.083938	0.023484
29.487507	-0.040293	-0.043646	-0.063792	0.020131
29.496881	-0.040293	-0.046998	-0.033572	0.003353
29.506258	-0.036940	-0.046998	-0.006720	-0.010073
29.515633	-0.040293	-0.046998	0.000000	-0.023499
29.525007	-0.040293	-0.046998	-0.003368	-0.030220
29.534382	-0.040293	-0.046998	-0.010073	-0.026867
29.543756	-0.040293	-0.046998	-0.003368	-0.026867
29.553131	-0.040293	-0.046998	0.006706	-0.026867
29.562508	-0.040293	-0.046998	0.020131	-0.036940
29.571882	-0.036940	-0.050366	0.023484	-0.057071
29.581257	-0.036940	-0.050366	0.023484	-0.080571
29.590631	-0.040293	-0.050366	0.013426	-0.110790
29.600006	-0.040293	-0.050366	0.006706	-0.127569
29.609383	-0.040293	-0.053719	0.013426	-0.134289
29.618757	-0.036940	-0.050366	0.020131	-0.124216
29.628132	-0.036940	-0.050366	0.013426	-0.110790
29.637506	-0.040293	-0.050366	-0.020146	-0.097364
29.646881	-0.043646	-0.050366	-0.070497	-0.083938
29.656258	-0.046998	-0.050366	-0.117496	-0.080571
29.665632	-0.046998	-0.050366	-0.140995	-0.087291
29.675007	-0.046998	-0.050366	-0.134289	-0.093997
29.684381	-0.046998	-0.050366	-0.100717	-0.107422
29.693756	-0.043646	-0.053719	-0.057071	-0.117496
29.703131	-0.043646	-0.053719	-0.020146	-0.117496
29.712507	-0.040293	-0.053719	0.006706	-0.097364
29.721882	-0.040293	-0.050366	0.013426	-0.063792
29.731256	-0.040293	-0.050366	0.003353	-0.023499
29.740631	-0.043646	-0.046998	-0.026867	0.006706
29.750006	-0.046998	-0.043646	-0.070497	0.023484
29.759382	-0.046998	-0.043646	-0.093997	0.023484
29.768757	-0.046998	-0.046998	-0.097364	0.006706
29.778131	-0.046998	-0.046998	-0.080571	-0.020146
29.787506	-0.046998	-0.050366	-0.057071	-0.053719
29.796881	-0.046998	-0.050366	-0.030220	-0.090644
29.806257	-0.043646	-0.053719	-0.010073	-0.124216
29.815632	-0.043646	-0.057071	0.013426	-0.151068
29.825006	-0.040293	-0.057071	0.030205	-0.164494
29.834381	-0.040293	-0.057071	0.036925	-0.161141
29.843756	-0.040293	-0.057071	0.020131	-0.134289
29.853130	-0.043646	-0.053719	-0.010073	-0.100717
29.862507	-0.046998	-0.053719	-0.046998	-0.063792
29.871881	-0.046998	-0.050366	-0.067145	-0.033572
29.881256	-0.050366	-0.050366	-0.067145	-0.020146
29.890631	-0.046998	-0.050366	-0.050366	-0.020146
29.900005	-0.046998	-0.050366	-0.020146	-0.033572
29.909382	-0.046998	-0.050366	0.003353	-0.053719
29.918756	-0.046998	-0.053719	0.016779	-0.070497
29.928131	-0.046998	-0.053719	0.016779	-0.083938
29.937506	-0.046998	-0.053719	0.013426	-0.093997
29.946880	-0.046998	-0.053719	0.006706	-0.097364
29.956255	-0.046998	-0.053719	-0.006720	-0.097364
29.965631	-0.046998	-0.053719	-0.026867	-0.090644
29.975006	-0.046998	-0.053719	-0.050366	-0.080571
29.984381	-0.050366	-0.053719	-0.070497	-0.067145
29.993755	-0.050366	-0.050366	-0.073865	-0.053719
30.003130	-0.046998	-0.050366	-0.060439	-0.046998
30.012506	-0.046998	-0.050366	-0.036940	-0.033572
30.021881	-0.043646	-0.050366	-0.010073	-0.016794
30.031256	-0.043646	-0.050366	0.006706	0.003353
30.040630	-0.043646	-0.046998	0.003353	0.016779
30.050005	-0.046998	-0.050366	-0.013441	0.016779
30.059381	-0.046998	-0.050366	-0.033572	-0.010073
30.068756	-0.046998	-0.053719	-0.043646	-0.046998
30.078131	-0.046998	-0.053719	-0.053719	-0.080571
30.087505	-0.046998	-0.057071	-0.057071	-0.097364
30.096880	-0.046998	-0.057071	-0.060439	-0.093997
30.106255	-0.050366	-0.053719	-0.060439	-0.077218
30.115631	-0.050366	-0.053719	-0.053719	-0.050366
30.125006	-0.046998	-0.050366	-0.036940	-0.020146
30.134380	-0.046998	-0.050366	-0.020146	0.003353
30.143755	-0.046998	-0.050366	-0.006720	0.020131
30.153130	-0.046998	-0.050366	-0.006720	0.030205
30.162506	-0.050366	-0.046998	-0.026867	0.040278
30.171881	-0.050366	-0.046998	-0.053719	0.040278
30.181255	-0.050366	-0.050366	-0.080571	0.030205
30.190630	-0.053719	-0.050366	-0.093997	0.006706
30.200005	-0.053719	-0.050366	-0.093997	-0.023499
30.209381	-0.053719	-0.053719	-0.083938	-0.060439
30.218756	-0.050366	-0.053719	-0.070497	-0.093997
30.228130	-0.050366	-0.053719	-0.057071	-0.104070
30.237505	-0.050366	-0.053719	-0.043646	-0.097364
30.246880	-0.050366	-0.053719	-0.016794	-0.080571
30.256254	-0.050366	-0.053719	0.010058	-0.060439
30.265631	-0.050366	-0.050366	0.030205	-0.040293
30.275005	-0.046998	-0.050366	0.030205	-0.023499
30.284380	-0.050366	-0.050366	0.006706	-0.003368
30.293755	-0.050366	-0.050366	-0.026867	0.013426
30.303129	-0.053719	-0.050366	-0.067145	0.016779
30.312506	-0.057071	-0.050366	-0.114143	0.003353
30.321880	-0.057071	-0.053719	-0.144362	-0.020146
30.331255	-0.057071	-0.053719	-0.164494	-0.050366
30.340630	-0.060439	-0.053719	-0.167862	-0.070497
30.350004	-0.060439	-0.057071	-0.140995	-0.083938
30.359379	-0.057071	-0.057071	-0.093997	-0.087291
30.368755	-0.053719	-0.057071	-0.033572	-0.080571
30.378130	-0.050366	-0.053719	0.020131	-0.060439
30.387505	-0.050366	-0.053719	0.050351	-0.023499
30.396879	-0.050366	-0.050366	0.060424	0.016779
30.406254	-0.046998	-0.050366	0.053704	0.057057
30.415630	-0.050366	-0.050366	0.033557	0.077203
30.425005	-0.050366	-0.046998	0.003353	0.080556
30.434380	-0.053719	-0.046998	-0.036940	0.070482
30.443754	-0.053719	-0.050366	-0.070497	0.050351
30.453129	-0.057071	-0.050366	-0.090644	0.026852
30.462505	-0.057071	-0.050366	-0.090644	0.003353
30.471880	-0.053719	-0.053719	-0.080571	-0.016794
30.481255	-0.053719	-0.053719	-0.063792	-0.043646
30.490629	-0.050366	-0.057071	-0.053719	-0.067145
30.500004	-0.053719	-0.057071	-0.057071	-0.080571
30.509378	-0.053719	-0.057071	-0.067145	-0.070497
30.518755	-0.053719	-0.053719	-0.083938	-0.043646
30.528130	-0.057071	-0.053719	-0.104070	-0.010073
30.537504	-0.057071	-0.053719	-0.120863	0.013426
30.546879	-0.057071	-0.053719	-0.127569	0.020131
30.556253	-0.057071	-0.053719	-0.120863	0.013426
30.565630	-0.057071	-0.053719	-0.097364	-0.010073
30.575005	-0.053719	-0.057071	-0.063792	-0.033572
30.584379	-0.053719	-0.057071	-0.030220	-0.046998
30.593754	-0.050366	-0.057071	-0.003368	-0.053719
30.603128	-0.050366	-0.057071	0.013426	-0.050366
30.612503	-0.050366	-0.057071	0.013426	-0.040293
30.621880	-0.050366	-0.053719	-0.003368	-0.026867
30.631254	-0.053719	-0.053719	-0.033572	-0.003368
30.640629	-0.053719	-0.053719	-0.077218	0.016779
30.650003	-0.057071	-0.053719	-0.120863	0.030205
30.659378	-0.060439	-0.053719	-0.151068	0.033557
30.668755	-0.060439	-0.053719	-0.147715	0.020131
30.678129	-0.057071	-0.053719	-0.107422	-0.003368
30.687504	-0.053719	-0.057071	-0.050366	-0.046998
30.696878	-0.053719	-0.057071	0.003353	-0.090644
30.706253	-0.050366	-0.060439	0.036925	-0.124216
30.715630	-0.050366	-0.060439	0.046983	-0.140995
30.725004	-0.053719	-0.060439	0.040278	-0.130922
30.734379	-0.053719	-0.060439	0.023484	-0.107422
30.743753	-0.053719	-0.057071	0.003353	-0.073865
30.753128	-0.053719	-0.057071	-0.030220	-0.036940
30.762503	-0.057071	-0.053719	-0.070497	0.000000
30.771879	-0.057071	-0.053719	-0.114143	0.023484
30.781254	-0.060439	-0.053719	-0.151068	0.043631
30.790628	-0.060439	-0.050366	-0.164494	0.053704
30.800003	-0.060439	-0.050366	-0.144362	0.060424
30.809378	-0.057071	-0.050366	-0.107422	0.046983
30.818754	-0.057071	-0.053719	-0.060439	0.016779
30.828129	-0.053719	-0.053719	-0.023499	-0.033572
30.837503	-0.053719	-0.057071	-0.006720	-0.083938
30.846878	-0.053719	-0.060439	-0.013441	-0.114143
30.856253	-0.057071	-0.060439	-0.030220	-0.117496
30.865629	-0.057071	-0.057071	-0.046998	-0.087291
30.875004	-0.057071	-0.057071	-0.050366	-0.046998
30.884378	-0.057071	-0.053719	-0.053719	-0.006720
30.893753	-0.057071	-0.053719	-0.060439	0.016779
30.903128	-0.057071	-0.053719	-0.077218	0.033557
30.912502	-0.057071	-0.050366	-0.097364	0.046983
30.921879	-0.060439	-0.050366	-0.117496	0.053704
30.931253	-0.060439	-0.050366	-0.124216	0.043631
30.940628	-0.060439	-0.053719	-0.120863	0.010058
30.950003	-0.060439	-0.057071	-0.104070	-0.040293
30.959377	-0.060439	-0.060439	-0.090644	-0.093997
30.968754	-0.060439	-0.060439	-0.090644	-0.134289
30.978128	-0.060439	-0.063792	-0.107422	-0.154421
30.987503	-0.060439	-0.063792	-0.127569	-0.151068
30.996878	-0.063792	-0.060439	-0.144362	-0.134289
31.006252	-0.063792	-0.060439	-0.144362	-0.107422
31.015627	-0.063792	-0.057071	-0.134289	-0.070497
31.025003	-0.063792	-0.057071	-0.114143	-0.023499
31.034378	-0.060439	-0.053719	-0.097364	0.016779
31.043753	-0.060439	-0.053719	-0.080571	0.043631
31.053127	-0.060439	-0.053719	-0.067145	0.046983
31.062502	-0.060439	-0.053719	-0.053719	0.026852
31.071878	-0.057071	-0.057071	-0.036940	-0.006720
31.081253	-0.060439	-0.060439	-0.026867	-0.040293
31.090628	-0.060439	-0.060439	-0.023499	-0.070497
31.100002	-0.060439	-0.063792	-0.030220	-0.093997
31.109377	-0.060439	-0.063792	-0.040293	-0.114143
31.118753	-0.060439	-0.063792	-0.053719	-0.137642
31.128128	-0.060439	-0.063792	-0.067145	-0.151068
31.137503	-0.063792	-0.063792	-0.083938	-0.151068
31.146877	-0.063792	-0.060439	-0.097364	-0.134289
31.156252	-0.063792	-0.060439	-0.100717	-0.100717
31.165627	-0.063792	-0.057071	-0.090644	-0.063792
31.175003	-0.060439	-0.053719	-0.073865	-0.026867
31.184378	-0.060439	-0.053719	-0.053719	0.003353
31.193752	-0.060439	-0.050366	-0.036940	0.023484
31.203127	-0.060439	-0.053719	-0.033572	0.026852
31.212502	-0.060439	-0.053719	-0.040293	0.016779
31.221878	-0.060439	-0.057071	-0.053719	-0.016794
31.231253	-0.060439	-0.060439	-0.070497	-0.063792
31.240627	-0.060439	-0.063792	-0.090644	-0.110790
31.250002	-0.063792	-0.063792	-0.104070	-0.137642
31.259377	-0.063792	-0.063792	-0.107422	-0.130922
31.268753	-0.063792	-0.063792	-0.104070	-0.107422
31.278128	-0.060439	-0.060439	-0.087291	-0.073865
31.287502	-0.060439	-0.060439	-0.067145	-0.046998
31.296877	-0.060439	-0.060439	-0.043646	-0.030220
31.306252	-0.060439	-0.057071	-0.036940	-0.026867
31.315626	-0.060439	-0.057071	-0.043646	-0.030220
31.325003	-0.060439	-0.057071	-0.063792	-0.036940
31.334377	-0.060439	-0.060439	-0.087291	-0.046998
31.343752	-0.060439	-0.060439	-0.100717	-0.060439
31.353127	-0.060439	-0.060439	-0.100717	-0.070497
31.362501	-0.060439	-0.060439	-0.093997	-0.073865
31.371878	-0.060439	-0.060439	-0.087291	-0.063792
31.381252	-0.060439	-0.060439	-0.087291	-0.046998
31.390627	-0.063792	-0.060439	-0.093997	-0.026867
31.400002	-0.063792	-0.057071	-0.097364	-0.013441
31.409376	-0.063792	-0.057071	-0.083938	0.000000
31.418751	-0.063792	-0.057071	-0.060439	0.003353
31.428127	-0.060439	-0.057071	-0.033572	0.003353
31.437502	-0.060439	-0.057071	-0.016794	-0.006720
31.446877	-0.060439	-0.057071	-0.016794	-0.023499
31.456251	-0.060439	-0.060439	-0.026867	-0.046998
31.465626	-0.063792	-0.063792	-0.036940	-0.073865
31.475002	-0.063792	-0.063792	-0.043646	-0.104070
31.484377	-0.063792	-0.067145	-0.046998	-0.127569
31.493752	-0.063792	-0.067145	-0.040293	-0.130922
31.503126	-0.060439	-0.063792	-0.033572	-0.110790
31.512501	-0.060439	-0.063792	-0.023499	-0.077218
31.521877	-0.060439	-0.063792	-0.016794	-0.046998
31.531252	-0.063792	-0.063792	-0.016794	-0.033572
31.540627	-0.063792	-0.063792	-0.016794	-0.033572
31.550001	-0.063792	-0.060439	-0.020146	-0.033572
31.559376	-0.063792	-0.060439	-0.023499	-0.030220
31.568750	-0.063792	-0.060439	-0.026867	-0.023499
31.578127	-0.063792	-0.060439	-0.030220	-0.016794
31.587502	-0.063792	-0.060439	-0.033572	-0.016794
31.596876	-0.063792	-0.060439	-0.046998	-0.030220
31.606251	-0.063792	-0.063792	-0.067145	-0.053719
31.615625	-0.067145	-0.063792	-0.087291	-0.077218
31.625002	-0.067145	-0.063792	-0.104070	-0.087291
31.634377	-0.067145	-0.063792	-0.100717	-0.077218
31.643751	-0.063792	-0.063792	-0.073865	-0.060439
31.653126	-0.063792	-0.060439	-0.043646	-0.050366
31.662500	-0.060439	-0.060439	-0.023499	-0.050366
31.671875	-0.060439	-0.063792	-0.023499	-0.053719
31.681252	-0.063792	-0.063792	-0.043646	-0.053719
31.690626	-0.063792	-0.060439	-0.067145	-0.033572
31.700001	-0.063792	-0.060439	-0.077218	0.000000
31.709375	-0.063792	-0.057071	-0.067145	0.036925
31.718750	-0.063792	-0.057071	-0.053719	0.070482
31.728127	-0.063792	-0.053719	-0.046998	0.097349
31.737501	-0.063792	-0.053719	-0.053719	0.114128
31.746876	-0.067145	-0.053719	-0.067145	0.120848
31.756250	-0.067145	-0.053719	-0.080571	0.117481
31.765625	-0.067145	-0.053719	-0.083938	0.100702
31.775002	-0.067145	-0.057071	-0.077218	0.070482
31.784376	-0.067145	-0.057071	-0.070497	0.033557
31.793751	-0.067145	-0.060439	-0.067145	0.003353
31.803125	-0.067145	-0.060439	-0.067145	-0.016794
31.812500	-0.067145	-0.063792	-0.073865	-0.023499
31.821875	-0.067145	-0.063792	-0.077218	-0.020146
31.831251	-0.067145	-0.063792	-0.077218	-0.013441
31.840626	-0.067145	-0.060439	-0.070497	0.010058
31.850000	-0.067145	-0.060439	-0.053719	0.040278
31.859375	-0.063792	-0.060439	-0.030220	0.067130
31.868750	-0.063792	-0.060439	-0.006720	0.070482
31.878126	-0.060439	-0.060439	0.016779	0.040278
31.887501	-0.060439	-0.063792	0.023484	-0.016794
31.896875	-0.063792	-0.067145	0.013426	-0.073865
31.906250	-0.063792	-0.067145	-0.016794	-0.117496
31.915625	-0.067145	-0.070497	-0.046998	-0.130922
31.925001	-0.067145	-0.067145	-0.067145	-0.114143
31.934376	-0.067145	-0.067145	-0.077218	-0.080571
31.943750	-0.067145	-0.063792	-0.073865	-0.036940
31.953125	-0.067145	-0.060439	-0.070497	0.013426
31.962500	-0.067145	-0.060439	-0.057071	0.057057
31.971874	-0.063792	-0.057071	-0.040293	0.080556
31.981251	-0.063792	-0.057071	-0.010073	0.080556
31.990625	-0.060439	-0.060439	0.023484	0.060424
