20.958424	0.010058	-0.043646	-63.671322	-63.748524
20.989719	0.010058	-0.043646	-63.667969	-63.755245
21.021015	0.013426	-0.046998	-63.667969	-63.761963
21.052311	0.010058	-0.046998	-63.667969	-63.768669
21.083607	0.006706	-0.046998	-63.674675	-63.772022
21.114902	0.003353	-0.046998	-63.678040	-63.772022
21.146198	0.003353	-0.050366	-63.678040	-63.778744
21.177494	0.003353	-0.053719	-63.674675	-63.782097
21.208790	0.003353	-0.057071	-63.674675	-63.785465
21.240086	0.000000	-0.057071	-63.678040	-63.792168
21.271381	0.000000	-0.057071	-63.678040	-63.795521
21.302677	0.003353	-0.057071	-63.678040	-63.802242
21.333973	0.003353	-0.060439	-63.678040	-63.812317
21.365271	0.003353	-0.063792	-63.684746	-63.822388
21.396566	0.000000	-0.063792	-63.694820	-63.829094
21.427862	-0.003368	-0.067145	-63.701527	-63.835815
21.459158	-0.003368	-0.070497	-63.704891	-63.842522
21.490454	-0.003368	-0.073865	-63.708244	-63.842522
21.521749	-0.003368	-0.073865	-63.711597	-63.845886
21.553045	-0.006720	-0.077218	-63.711597	-63.852592
21.584341	-0.006720	-0.080571	-63.708244	-63.855946
21.615637	-0.006720	-0.083938	-63.708244	-63.862667
21.646933	-0.003368	-0.083938	-63.708244	-63.869389
21.678228	-0.003368	-0.083938	-63.708244	-63.876091
21.709524	-0.003368	-0.087291	-63.708244	-63.886166
21.740820	-0.003368	-0.087291	-63.711597	-63.896240
21.772116	-0.006720	-0.090644	-63.714966	-63.899593
21.803411	-0.010073	-0.090644	-63.718319	-63.906311
21.834707	-0.013441	-0.093997	-63.725025	-63.913017
21.866005	-0.016794	-0.093997	-63.731747	-63.919739
21.897301	-0.016794	-0.093997	-63.731747	-63.923092
21.928596	-0.016794	-0.093997	-63.731747	-63.926445
21.959892	-0.016794	-0.097364	-63.735096	-63.933163
21.991188	-0.020146	-0.104070	-63.741817	-63.946590
22.022484	-0.023499	-0.107422	-63.745171	-63.960014
22.053780	-0.023499	-0.110790	-63.751892	-63.966736
22.085075	-0.020146	-0.110790	-63.755245	-63.976810
22.116371	-0.020146	-0.114143	-63.761963	-63.986866
22.147667	-0.023499	-0.120863	-63.768669	-63.996941
22.178963	-0.026867	-0.120863	-63.772022	-64.007011
22.210258	-0.026867	-0.120863	-63.772022	-64.013733
22.241554	-0.026867	-0.124216	-63.775391	-64.027161
22.272850	-0.026867	-0.127569	-63.778744	-64.040588
22.304146	-0.030220	-0.130922	-63.782097	-64.057365
22.335442	-0.030220	-0.130922	-63.782097	-64.067436
22.366739	-0.030220	-0.134289	-63.785465	-64.077515
22.398035	-0.036940	-0.137642	-63.792168	-64.090935
22.429331	-0.040293	-0.144362	-63.802242	-64.104362
22.460627	-0.043646	-0.147715	-63.812317	-64.117790
22.491922	-0.043646	-0.147715	-63.819019	-64.131218
22.523218	-0.046998	-0.151068	-63.825741	-64.141289
22.554514	-0.050366	-0.154421	-63.835815	-64.154716
22.585810	-0.053719	-0.161141	-63.845886	-64.171509
22.617105	-0.053719	-0.164494	-63.849239	-64.188286
22.648401	-0.053719	-0.167862	-63.855946	-64.205078
22.679697	-0.057071	-0.171214	-63.862667	-64.225212
22.710993	-0.063792	-0.174567	-63.872738	-64.245361
22.742289	-0.067145	-0.181288	-63.879444	-64.265503
22.773584	-0.070497	-0.184640	-63.886166	-64.282280
22.804880	-0.070497	-0.187993	-63.892887	-64.302429
22.836176	-0.073865	-0.191361	-63.902943	-64.322578
22.867474	-0.077218	-0.194713	-63.909664	-64.339355
22.898769	-0.073865	-0.198066	-63.909664	-64.356133
22.930065	-0.070497	-0.201419	-63.909664	-64.376282
22.961361	-0.073865	-0.204787	-63.916370	-64.399780
22.992657	-0.077218	-0.208139	-63.919739	-64.426628
23.023952	-0.077218	-0.208139	-63.926445	-64.456848
23.055248	-0.073865	-0.214845	-63.929810	-64.487053
23.086544	-0.073865	-0.214845	-63.939869	-64.517273
23.117840	-0.080571	-0.214845	-63.956661	-64.544128
23.149136	-0.083938	-0.214845	-63.970089	-64.574348
23.180431	-0.083938	-0.218213	-63.976810	-64.607903
23.211727	-0.083938	-0.221565	-63.986866	-64.644844
23.243023	-0.087291	-0.221565	-63.996941	-64.681770
23.274319	-0.090644	-0.218213	-64.007011	-64.718697
23.305614	-0.093997	-0.218213	-64.017090	-64.758972
23.336912	-0.097364	-0.218213	-64.023796	-64.809326
23.368208	-0.100717	-0.218213	-64.033867	-64.859688
23.399504	-0.104070	-0.218213	-64.047295	-64.910042
23.430799	-0.104070	-0.218213	-64.064087	-64.963745
23.462095	-0.107422	-0.214845	-64.080864	-65.020813
23.493391	-0.110790	-0.214845	-64.097656	-65.084595
23.524687	-0.114143	-0.211492	-64.111084	-65.145020
23.555983	-0.114143	-0.204787	-64.124512	-65.208809
23.587278	-0.117496	-0.201419	-64.134583	-65.282661
23.618574	-0.117496	-0.194713	-64.144653	-65.363228
23.649870	-0.120863	-0.187993	-64.158081	-65.450508
23.681166	-0.124216	-0.174567	-64.171509	-65.544502
23.712461	-0.127569	-0.154421	-64.188286	-65.645203
23.743757	-0.134289	-0.134289	-64.205078	-65.759346
23.775053	-0.137642	-0.107422	-64.221863	-65.883545
23.806349	-0.140995	-0.070497	-64.238640	-66.021187
23.837646	-0.144362	-0.020146	-64.258781	-66.172241
23.868942	-0.147715	0.036925	-64.285637	-66.353531
23.900238	-0.154421	0.107422	-64.309135	-66.561653
23.931534	-0.161141	0.201404	-64.329285	-66.796646
23.962830	-0.164494	0.318900	-64.346062	-67.075264
23.994125	-0.167862	0.459895	-64.369560	-67.404259
24.025421	-0.171214	0.631094	-64.393059	-67.803726
24.056717	-0.174567	0.842586	-64.419922	-68.283768
24.088013	-0.174567	1.104429	-64.443428	-68.871246
24.119308	-0.177920	1.426697	-64.466927	-69.586273
24.150604	-0.181288	1.809388	-64.497131	-70.482582
24.181900	-0.184640	2.259225	-64.530701	-71.583656
24.213196	-0.187993	2.779543	-64.560905	-72.919724
24.244492	-0.187993	3.346875	-64.594475	-74.534416
24.275787	-0.187993	3.900766	-64.628052	-76.431099
24.307083	-0.194713	4.367381	-64.668327	-78.566116
24.338381	-0.198066	4.615798	-64.708618	-80.842140
24.369677	-0.198066	4.491597	-64.748901	-83.054367
24.400972	-0.194713	3.806770	-64.789192	-84.914116
24.432268	-0.198066	2.447218	-64.836189	-86.169617
24.463564	-0.198066	0.439748	-64.886543	-86.653008
24.494860	-0.194713	-2.064526	-64.940247	-86.424736
24.526155	-0.191361	-4.803806	-64.990593	-85.686203
24.557451	-0.187993	-7.543072	-65.047668	-84.648911
24.588747	-0.191361	-10.178283	-65.111458	-83.423630
24.620043	-0.191361	-12.622148	-65.178589	-81.970062
24.651339	-0.184640	-14.834374	-65.245735	-80.227806
24.682634	-0.177920	-16.784773	-65.319580	-78.139786
24.713930	-0.171214	-18.396109	-65.400154	-75.672417
24.745226	-0.164494	-19.560963	-65.494148	-72.916374
24.776522	-0.147715	-20.155148	-65.588150	-70.052895
24.807819	-0.127569	-20.024225	-65.692200	-67.313614
24.839115	-0.104070	-19.094349	-65.802994	-65.047668
24.870411	-0.077218	-17.425940	-65.933914	-63.533680
24.901707	-0.036940	-15.274137	-66.074890	-62.842144
24.933002	0.013426	-13.008192	-66.229317	-62.808590
24.964298	0.080556	-10.903388	-66.403877	-63.107357
24.995594	0.164479	-9.130910	-66.605301	-63.486679
25.026890	0.265196	-7.704213	-66.840279	-63.839169
25.058186	0.389397	-6.562844	-67.108841	-64.134583
25.089481	0.550538	-5.656466	-67.424385	-64.372925
25.120777	0.755310	-4.934728	-67.807076	-64.544128
25.152073	1.013786	-4.343897	-68.270340	-64.664978
25.183369	1.352847	-3.853783	-68.830956	-64.755615
25.214664	1.792610	-3.447592	-69.525841	-64.826118
25.245960	2.373353	-3.105193	-70.391937	-64.879822
25.277256	3.128678	-2.816483	-71.479591	-64.903320
25.308554	4.135757	-2.571434	-72.852585	-64.903320
25.339849	5.397975	-2.366662	-74.534416	-64.893250
25.371145	6.764248	-2.192095	-76.478096	-64.876465
25.402441	7.925764	-2.044394	-78.576195	-64.856323
25.433737	8.489728	-1.913473	-80.623924	-64.832825
25.465033	8.207739	-1.795977	-82.423256	-64.805969
25.496328	7.052943	-1.691908	-83.870094	-64.782471
25.527624	5.186483	-1.601279	-84.910751	-64.755615
25.558920	2.850041	-1.513988	-85.568726	-64.722046
25.590216	0.241697	-1.433432	-85.890991	-64.688477
25.621511	-2.477437	-1.359567	-85.894348	-64.658272
25.652807	-5.206645	-1.295790	-85.551933	-64.628052
25.684103	-7.955983	-1.235366	-84.816772	-64.601196
25.715399	-10.718763	-1.178294	-83.625046	-64.577698
25.746695	-13.471455	-1.127943	-81.936493	-64.554199
25.777990	-16.110018	-1.084298	-79.717545	-64.534050
25.809288	-18.292040	-1.044020	-77.075630	-64.513924
25.840584	-19.597889	-1.000375	-74.282646	-64.490425
25.871880	-19.819454	-0.963449	-71.617233	-64.466927
25.903175	-19.013777	-0.929877	-69.361359	-64.446777
25.934471	-17.472939	-0.899673	-67.632523	-64.430000
25.965767	-15.542701	-0.869453	-66.410583	-64.409851
25.997063	-13.491601	-0.835896	-65.621704	-64.383003
26.028358	-11.547923	-0.805676	-65.165161	-64.359505
26.059654	-9.805664	-0.778824	-64.926819	-64.342705
26.090950	-8.318528	-0.755325	-64.822746	-64.329285
26.122246	-7.086530	-0.728473	-64.795898	-64.312500
26.153542	-6.066024	-0.701606	-64.809326	-64.295708
26.184837	-5.223423	-0.684828	-64.839539	-64.275581
26.216133	-4.538610	-0.668034	-64.879822	-64.262138
26.247429	-3.971279	-0.654608	-64.913391	-64.248711
26.278725	-3.501311	-0.634477	-64.933540	-64.231934
26.310022	-3.121972	-0.617683	-64.943611	-64.215157
26.341318	-2.806425	-0.600904	-64.943611	-64.205078
26.372614	-2.490863	-0.590831	-64.926819	-64.191658
26.403910	-2.282739	-0.577405	-64.899963	-64.181580
26.435205	-2.104819	-0.560611	-64.869743	-64.168152
26.466501	-1.953751	-0.547186	-64.836189	-64.161438
26.497797	-1.822829	-0.533760	-64.802620	-64.154716
26.529093	-1.708701	-0.523686	-64.769043	-64.151360
26.560389	-1.604632	-0.516981	-64.738823	-64.141289
26.591684	-1.513988	-0.506908	-64.711975	-64.131218
26.622980	-1.430064	-0.496835	-64.685120	-64.117790
26.654276	-1.349509	-0.483409	-64.658272	-64.104362
26.685572	-1.275644	-0.476688	-64.634773	-64.090935
26.716867	-1.211867	-0.466630	-64.607903	-64.084229
26.748163	-1.151443	-0.456557	-64.584404	-64.074158
26.779461	-1.097724	-0.449836	-64.557556	-64.064087
26.810757	-1.047373	-0.439763	-64.530701	-64.057365
26.842052	-1.000375	-0.436410	-64.507202	-64.054016
26.873348	-0.960097	-0.429690	-64.487053	-64.050659
26.904644	-0.923172	-0.419632	-64.470276	-64.047295
26.935940	-0.889599	-0.412911	-64.453484	-64.037231
26.967236	-0.852674	-0.406206	-64.433350	-64.030510
26.998531	-0.819102	-0.399485	-64.409851	-64.023796
27.029827	-0.792250	-0.392765	-64.389709	-64.013733
27.061123	-0.765398	-0.386059	-64.366203	-64.007011
27.092419	-0.738531	-0.379339	-64.342705	-64.000305
27.123714	-0.715032	-0.375986	-64.322578	-64.000305
27.155010	-0.691533	-0.372633	-64.302429	-63.996941
27.186306	-0.671402	-0.365913	-64.289001	-63.990234
27.217602	-0.647902	-0.359207	-64.272209	-63.983517
27.248898	-0.624403	-0.355840	-64.255432	-63.980164
27.280195	-0.604257	-0.352487	-64.238640	-63.976810
27.311491	-0.587478	-0.349134	-64.225212	-63.966736
27.342787	-0.574052	-0.342414	-64.211784	-63.960014
27.374083	-0.557259	-0.339061	-64.195007	-63.956661
27.405378	-0.540480	-0.339061	-64.181580	-63.956661
27.436674	-0.523686	-0.335708	-64.164787	-63.956661
27.467970	-0.513628	-0.335708	-64.151360	-63.953312
27.499266	-0.503555	-0.335708	-64.137939	-63.956661
27.530561	-0.490129	-0.335708	-64.124512	-63.960014
27.561857	-0.480056	-0.335708	-64.111084	-63.963367
27.593153	-0.463262	-0.335708	-64.104362	-63.966736
27.624449	-0.449836	-0.332341	-64.097656	-63.963367
27.655745	-0.439763	-0.335708	-64.090935	-63.963367
27.687040	-0.429690	-0.339061	-64.080864	-63.966736
27.718336	-0.416264	-0.339061	-64.064087	-63.970089
27.749632	-0.406206	-0.339061	-64.050659	-63.970089
27.780930	-0.396132	-0.339061	-64.037231	-63.966736
27.812225	-0.386059	-0.339061	-64.030510	-63.966736
27.843521	-0.379339	-0.342414	-64.020439	-63.970089
27.874817	-0.372633	-0.342414	-64.010368	-63.973442
27.906113	-0.365913	-0.342414	-63.996941	-63.976810
27.937408	-0.359207	-0.345767	-63.993587	-63.983517
27.968704	-0.355840	-0.352487	-63.990234	-63.990234
