20.958424	-0.010073	-0.040293	0.020087	0.020087
20.989719	-0.010073	-0.040293	0.030160	0.020087
21.021015	-0.010073	-0.040293	0.030160	0.020087
21.052311	-0.020146	-0.040293	0.020087	0.010014
21.083607	-0.020146	-0.040293	0.020087	0.000000
21.114902	-0.020146	-0.040293	0.020087	0.000000
21.146198	-0.020146	-0.030220	0.020087	0.000000
21.177494	-0.020146	-0.030220	0.020087	0.000000
21.208790	-0.020146	-0.020146	0.020087	0.010014
21.240086	-0.020146	-0.020146	0.020087	0.010014
21.271381	-0.010073	-0.020146	0.030160	0.010014
21.302677	-0.010073	-0.020146	0.030160	0.010014
21.333973	-0.010073	-0.030220	0.030160	0.010014
21.365271	-0.010073	-0.040293	0.030160	0.010014
21.396566	-0.020146	-0.040293	0.030160	0.010014
21.427862	-0.020146	-0.040293	0.020087	0.020087
21.459158	-0.030220	-0.040293	0.020087	0.020087
21.490454	-0.030220	-0.040293	0.020087	0.020087
21.521749	-0.030220	-0.040293	0.020087	0.020087
21.553045	-0.020146	-0.040293	0.020087	0.020087
21.584341	-0.020146	-0.050366	0.020087	0.020087
21.615637	-0.020146	-0.050366	0.020087	0.020087
21.646933	-0.020146	-0.060439	0.020087	0.020087
21.678228	-0.020146	-0.050366	0.020087	0.020087
21.709524	-0.020146	-0.050366	0.020087	0.020087
21.740820	-0.020146	-0.040293	0.030160	0.020087
21.772116	-0.030220	-0.040293	0.030160	0.020087
21.803411	-0.030220	-0.040293	0.030160	0.020087
21.834707	-0.030220	-0.050366	0.030160	0.020087
21.866005	-0.030220	-0.060439	0.030160	0.020087
21.897301	-0.030220	-0.070512	0.030160	0.020087
21.928596	-0.040293	-0.070512	0.020087	0.020087
21.959892	-0.040293	-0.070512	0.020087	0.020087
21.991188	-0.040293	-0.070512	0.030160	0.020087
22.022484	-0.040293	-0.060439	0.030160	0.020087
22.053780	-0.040293	-0.060439	0.030160	0.030160
22.085075	-0.030220	-0.060439	0.040233	0.030160
22.116371	-0.030220	-0.050366	0.040233	0.030160
22.147667	-0.030220	-0.050366	0.040233	0.030160
22.178963	-0.030220	-0.050366	0.040233	0.030160
22.210258	-0.020146	-0.050366	0.040233	0.040233
22.241554	-0.020146	-0.050366	0.040233	0.040233
22.272850	-0.020146	-0.050366	0.030160	0.040233
22.304146	-0.030220	-0.050366	0.030160	0.040233
22.335442	-0.030220	-0.050366	0.030160	0.050306
22.366739	-0.030220	-0.060439	0.040233	0.050306
22.398035	-0.030220	-0.070512	0.040233	0.060380
22.429331	-0.030220	-0.070512	0.040233	0.060380
22.460627	-0.030220	-0.070512	0.050306	0.060380
22.491922	-0.030220	-0.070512	0.040233	0.060380
22.523218	-0.040293	-0.070512	0.040233	0.060380
22.554514	-0.050366	-0.080585	0.040233	0.060380
22.585810	-0.050366	-0.080585	0.050306	0.060380
22.617105	-0.040293	-0.080585	0.050306	0.060380
22.648401	-0.040293	-0.090659	0.050306	0.060380
22.679697	-0.030220	-0.090659	0.060380	0.060380
22.710993	-0.030220	-0.100732	0.060380	0.060380
22.742289	-0.030220	-0.090659	0.050306	0.070453
22.773584	-0.040293	-0.100732	0.050306	0.070453
22.804880	-0.050366	-0.100732	0.050306	0.080526
22.836176	-0.050366	-0.100732	0.050306	0.080526
22.867474	-0.050366	-0.100732	0.050306	0.090599
22.898769	-0.050366	-0.090659	0.060380	0.090599
22.930065	-0.040293	-0.090659	0.050306	0.100672
22.961361	-0.040293	-0.090659	0.050306	0.100672
22.992657	-0.050366	-0.090659	0.050306	0.110745
23.023952	-0.050366	-0.100732	0.050306	0.110745
23.055248	-0.050366	-0.120878	0.050306	0.120819
23.086544	-0.060439	-0.130951	0.060380	0.120819
23.117840	-0.060439	-0.141025	0.060380	0.120819
23.149136	-0.050366	-0.141025	0.060380	0.130892
23.180431	-0.050366	-0.151098	0.060380	0.140965
23.211727	-0.060439	-0.151098	0.060380	0.151038
23.243023	-0.060439	-0.151098	0.060380	0.161111
23.274319	-0.070512	-0.161171	0.060380	0.171185
23.305614	-0.070512	-0.181317	0.060380	0.181258
23.336912	-0.070512	-0.191391	0.060380	0.191331
23.368208	-0.070512	-0.201464	0.060380	0.211477
23.399504	-0.060439	-0.211537	0.060380	0.221550
23.430799	-0.060439	-0.221610	0.070453	0.241697
23.462095	-0.060439	-0.241756	0.080526	0.271857
23.493391	-0.050366	-0.261843	0.080526	0.302076
23.524687	-0.060439	-0.281990	0.080526	0.332296
23.555983	-0.070512	-0.312209	0.080526	0.382662
23.587278	-0.080585	-0.342429	0.080526	0.422955
23.618574	-0.090659	-0.382721	0.080526	0.483394
23.649870	-0.090659	-0.423014	0.080526	0.563920
23.681166	-0.080585	-0.473380	0.090599	0.654578
23.712461	-0.080585	-0.533760	0.090599	0.765383
23.743757	-0.080585	-0.594199	0.100672	0.906348
23.775053	-0.080585	-0.664711	0.100672	1.077533
23.806349	-0.080585	-0.745296	0.100672	1.268923
23.837646	-0.080585	-0.835896	0.100672	1.480401
23.868942	-0.090659	-0.926554	0.100672	1.701951
23.900238	-0.090659	-1.007140	0.110745	1.923501
23.931534	-0.100732	-1.067519	0.120819	2.114832
23.962830	-0.110805	-1.117885	0.130892	2.235711
23.994125	-0.120878	-1.148105	0.130892	2.276003
24.025421	-0.120878	-1.158178	0.140965	2.225637
24.056717	-0.130951	-1.148105	0.140965	2.104759
24.088013	-0.141025	-1.148105	0.140965	1.923501
24.119308	-0.151098	-1.138031	0.140965	1.712024
24.150604	-0.151098	-1.127958	0.140965	1.480401
24.181900	-0.151098	-1.087666	0.151038	1.218557
24.213196	-0.151098	-1.027286	0.161111	0.936568
24.244492	-0.151098	-0.936627	0.181258	0.634432
24.275787	-0.161171	-0.825822	0.201404	0.312150
24.307083	-0.171244	-0.684857	0.211477	0.000000
24.338381	-0.181317	-0.523686	0.231624	-0.271916
24.369677	-0.191391	-0.382721	0.241697	-0.483453
24.400972	-0.211537	-0.251830	0.251770	-0.604272
24.432268	-0.221610	-0.171244	0.261784	-0.624418
24.463564	-0.241756	-0.110805	0.281930	-0.563979
24.494860	-0.261843	-0.080585	0.312150	-0.483453
24.526155	-0.281990	-0.080585	0.342369	-0.382721
24.557451	-0.312209	-0.080585	0.372589	-0.302136
24.588747	-0.342429	-0.080585	0.422955	-0.231683
24.620043	-0.382721	-0.090659	0.473320	-0.171244
24.651339	-0.443161	-0.100732	0.543773	-0.130951
24.682634	-0.513673	-0.110805	0.634432	-0.110805
24.713930	-0.594199	-0.110805	0.735164	-0.080585
24.745226	-0.694931	-0.110805	0.876129	-0.060439
24.776522	-0.815749	-0.110805	1.047313	-0.040293
24.807819	-0.966847	-0.110805	1.248777	-0.030220
24.839115	-1.127958	-0.110805	1.470327	-0.020146
24.870411	-1.289070	-0.100732	1.691878	-0.010073
24.901707	-1.430094	-0.100732	1.873136	0.000000
24.933002	-1.530826	-0.100732	2.004087	0.010014
24.964298	-1.581132	-0.100732	2.064466	0.020087
24.995594	-1.601279	-0.110805	2.064466	0.020087
25.026890	-1.601279	-0.110805	2.004087	0.020087
25.058186	-1.581132	-0.110805	1.883209	0.020087
25.089481	-1.550913	-0.110805	1.722097	0.020087
25.120777	-1.510680	-0.100732	1.520693	0.020087
25.152073	-1.440167	-0.090659	1.278996	0.020087
25.183369	-1.329362	-0.090659	1.007080	0.020087
25.214664	-1.168251	-0.090659	0.694871	0.020087
25.245960	-0.946701	-0.090659	0.382662	0.020087
25.277256	-0.705004	-0.090659	0.090599	0.020087
25.308554	-0.412941	-0.090659	-0.211537	0.030160
25.339849	-0.231683	-0.080585	-0.372648	0.020087
25.371145	-0.090659	-0.070512	-0.453234	0.020087
25.402441	-0.010073	-0.070512	-0.473380	0.020087
25.433737	0.030160	-0.060439	-0.453234	0.030160
25.465033	0.030160	-0.060439	-0.402868	0.030160
25.496328	0.010014	-0.070512	-0.332355	0.030160
25.527624	-0.010073	-0.070512	-0.271916	0.030160
25.558920	-0.030220	-0.070512	-0.201464	0.030160
25.590216	-0.050366	-0.070512	-0.151098	0.030160
25.621511	-0.070512	-0.070512	-0.110805	0.020087
25.652807	-0.080585	-0.070512	-0.080585	0.020087
25.684103	-0.090659	-0.060439	-0.060439	0.020087
25.715399	-0.100732	-0.060439	-0.040293	0.020087
25.746695	-0.100732	-0.050366	-0.020146	0.020087
25.777990	-0.110805	-0.060439	-0.010073	0.020087
25.809288	-0.110805	-0.060439	0.010014	0.020087
25.840584	-0.110805	-0.060439	0.010014	0.010014
25.871880	-0.120878	-0.060439	0.010014	0.010014
25.903175	-0.120878	-0.060439	0.020087	0.020087
25.934471	-0.110805	-0.050366	0.030160	0.020087
25.965767	-0.110805	-0.040293	0.030160	0.020087
25.997063	-0.100732	-0.040293	0.030160	0.020087
26.028358	-0.100732	-0.050366	0.030160	0.020087
26.059654	-0.090659	-0.050366	0.030160	0.020087
26.090950	-0.090659	-0.060439	0.030160	0.020087
26.122246	-0.080585	-0.060439	0.030160	0.020087
26.153542	-0.080585	-0.070512	0.040233	0.020087
26.184837	-0.080585	-0.070512	0.040233	0.020087
26.216133	-0.070512	-0.060439	0.040233	0.020087
26.247429	-0.070512	-0.050366	0.030160	0.020087
26.278725	-0.070512	-0.050366	0.030160	0.020087
26.310022	-0.070512	-0.050366	0.030160	0.020087
26.341318	-0.070512	-0.040293	0.030160	0.020087
26.372614	-0.080585	-0.040293	0.030160	0.010014
26.403910	-0.080585	-0.040293	0.030160	0.010014
26.435205	-0.080585	-0.050366	0.030160	0.010014
26.466501	-0.080585	-0.050366	0.030160	0.020087
26.497797	-0.070512	-0.040293	0.030160	0.020087
26.529093	-0.070512	-0.040293	0.030160	0.020087
26.560389	-0.080585	-0.040293	0.030160	0.020087
26.591684	-0.080585	-0.040293	0.030160	0.020087
26.622980	-0.080585	-0.040293	0.030160	0.020087
26.654276	-0.080585	-0.040293	0.030160	0.020087
26.685572	-0.080585	-0.050366	0.030160	0.020087
26.716867	-0.070512	-0.050366	0.030160	0.010014
26.748163	-0.070512	-0.050366	0.030160	0.000000
26.779461	-0.070512	-0.050366	0.030160	0.000000
26.810757	-0.070512	-0.050366	0.030160	0.010014
26.842052	-0.070512	-0.040293	0.030160	0.010014
26.873348	-0.070512	-0.040293	0.020087	0.010014
26.904644	-0.060439	-0.040293	0.030160	0.010014
26.935940	-0.050366	-0.040293	0.030160	0.010014
26.967236	-0.050366	-0.040293	0.030160	0.000000
26.998531	-0.050366	-0.030220	0.040233	0.010014
27.029827	-0.040293	-0.030220	0.040233	0.010014
27.061123	-0.040293	-0.020146	0.040233	0.010014
27.092419	-0.040293	-0.030220	0.030160	0.010014
27.123714	-0.030220	-0.030220	0.030160	0.010014
27.155010	-0.030220	-0.040293	0.030160	0.010014
27.186306	-0.030220	-0.040293	0.030160	0.010014
27.217602	-0.030220	-0.040293	0.020087	0.010014
27.248898	-0.030220	-0.040293	0.010014	0.010014
27.280195	-0.030220	-0.040293	0.010014	0.010014
27.311491	-0.030220	-0.040293	0.010014	0.010014
27.342787	-0.030220	-0.030220	0.010014	0.010014
27.374083	-0.030220	-0.030220	0.020087	0.020087
27.405378	-0.030220	-0.030220	0.020087	0.020087
27.436674	-0.030220	-0.030220	0.020087	0.020087
27.467970	-0.030220	-0.030220	0.020087	0.020087
27.499266	-0.030220	-0.040293	0.020087	0.010014
27.530561	-0.030220	-0.040293	0.020087	0.010014
27.561857	-0.040293	-0.030220	0.020087	0.020087
27.593153	-0.040293	-0.030220	0.020087	0.020087
27.624449	-0.040293	-0.030220	0.010014	0.020087
27.655745	-0.040293	-0.030220	0.010014	0.020087
27.687040	-0.030220	-0.030220	0.010014	0.020087
27.718336	-0.030220	-0.040293	0.010014	0.020087
27.749632	-0.030220	-0.040293	0.010014	0.010014
27.780930	-0.030220	-0.050366	0.010014	0.010014
27.812225	-0.030220	-0.050366	0.000000	0.010014
27.843521	-0.040293	-0.050366	0.000000	0.010014
27.874817	-0.040293	-0.050366	0.000000	0.010014
27.906113	-0.040293	-0.050366	0.010014	0.010014
27.937408	-0.030220	-0.040293	0.010014	0.020087
27.968704	-0.030220	-0.030220	0.020087	0.020087
