26.000483	0.000000	0.040233	0.020087	0.100672
26.031731	0.000000	0.040233	0.020087	0.110745
26.062979	0.000000	0.040233	0.020087	0.110745
26.094227	0.000000	0.050306	0.020087	0.100672
26.125475	0.000000	0.060380	0.020087	0.110745
26.156723	0.000000	0.060380	0.020087	0.110745
26.187971	0.010014	0.060380	0.020087	0.110745
26.219219	0.010014	0.060380	0.030160	0.110745
26.250467	0.010014	0.050306	0.030160	0.110745
26.281715	0.010014	0.050306	0.030160	0.100672
26.312963	0.010014	0.060380	0.030160	0.100672
26.344212	0.000000	0.070453	0.020087	0.110745
26.375460	-0.010073	0.070453	0.020087	0.110745
26.406708	-0.010073	0.070453	0.020087	0.110745
26.437956	0.000000	0.070453	0.020087	0.120819
26.469204	0.000000	0.070453	0.020087	0.120819
26.500452	0.000000	0.060380	0.020087	0.130892
26.531700	0.000000	0.050306	0.020087	0.120819
26.562948	0.000000	0.040233	0.020087	0.120819
26.594196	0.000000	0.040233	0.020087	0.120819
26.625444	-0.010073	0.040233	0.020087	0.120819
26.656693	-0.020146	0.040233	0.010014	0.110745
26.687941	-0.020146	0.040233	0.010014	0.110745
26.719189	-0.020146	0.050306	0.010014	0.110745
26.750437	-0.010073	0.060380	0.010014	0.110745
26.781685	-0.020146	0.060380	0.010014	0.110745
26.812933	-0.030220	0.060380	0.000000	0.100672
26.844181	-0.030220	0.070453	0.000000	0.100672
26.875429	-0.030220	0.070453	0.000000	0.100672
26.906677	-0.040293	0.070453	0.000000	0.100672
26.937925	-0.040293	0.060380	0.000000	0.100672
26.969173	-0.040293	0.050306	0.000000	0.100672
27.000422	-0.040293	0.060380	0.000000	0.110745
27.031670	-0.030220	0.060380	0.010014	0.110745
27.062918	-0.030220	0.060380	0.020087	0.120819
27.094166	-0.030220	0.050306	0.020087	0.110745
27.125414	-0.040293	0.050306	0.020087	0.110745
27.156662	-0.040293	0.040233	0.010014	0.110745
27.187910	-0.040293	0.050306	0.010014	0.110745
27.219158	-0.050366	0.040233	0.010014	0.100672
27.250406	-0.050366	0.040233	0.020087	0.090599
27.281654	-0.040293	0.040233	0.020087	0.090599
27.312902	-0.030220	0.050306	0.020087	0.090599
27.344151	-0.020146	0.050306	0.020087	0.080526
27.375399	-0.020146	0.040233	0.020087	0.080526
27.406647	-0.020146	0.040233	0.020087	0.070453
27.437895	-0.010073	0.030160	0.020087	0.070453
27.469143	-0.010073	0.040233	0.020087	0.080526
27.500391	-0.020146	0.030160	0.020087	0.080526
27.531639	-0.020146	0.030160	0.020087	0.090599
27.562887	-0.020146	0.040233	0.020087	0.090599
27.594135	-0.010073	0.040233	0.020087	0.090599
27.625383	-0.010073	0.040233	0.020087	0.090599
27.656631	-0.010073	0.040233	0.020087	0.090599
27.687880	-0.010073	0.040233	0.020087	0.090599
27.719128	-0.010073	0.040233	0.030160	0.100672
27.750376	-0.010073	0.040233	0.040233	0.100672
27.781624	-0.010073	0.030160	0.050306	0.110745
27.812872	-0.010073	0.030160	0.050306	0.110745
27.844120	0.000000	0.020087	0.050306	0.100672
27.875368	0.010014	0.020087	0.050306	0.100672
27.906616	0.020087	0.030160	0.050306	0.100672
27.937866	0.020087	0.040233	0.050306	0.100672
27.969114	0.030160	0.040233	0.050306	0.100672
28.000362	0.030160	0.040233	0.050306	0.100672
28.031610	0.030160	0.050306	0.050306	0.100672
28.062859	0.030160	0.060380	0.050306	0.110745
28.094107	0.030160	0.060380	0.050306	0.110745
28.125355	0.030160	0.070453	0.060380	0.120819
28.156603	0.030160	0.080526	0.070453	0.120819
28.187851	0.030160	0.090599	0.070453	0.130892
28.219099	0.030160	0.110745	0.070453	0.130892
28.250347	0.040233	0.120819	0.070453	0.130892
28.281595	0.040233	0.130892	0.070453	0.130892
28.312843	0.050306	0.151038	0.070453	0.140965
28.344091	0.050306	0.181258	0.070453	0.161111
28.375340	0.050306	0.221550	0.070453	0.191331
28.406588	0.040233	0.271857	0.070453	0.221550
28.437836	0.040233	0.332296	0.070453	0.271857
28.469084	0.040233	0.412881	0.070453	0.332296
28.500332	0.040233	0.503540	0.070453	0.402808
28.531580	0.040233	0.584066	0.070453	0.493467
28.562828	0.040233	0.644505	0.060380	0.594139
28.594076	0.040233	0.664651	0.060380	0.694871
28.625324	0.050306	0.624359	0.060380	0.765383
28.656572	0.050306	0.503540	0.060380	0.735164
28.687820	0.050306	0.362515	0.060380	0.614285
28.719069	0.050306	0.261784	0.060380	0.483394
28.750317	0.050306	0.191331	0.070453	0.382662
28.781565	0.060380	0.161111	0.080526	0.312150
28.812813	0.060380	0.140965	0.080526	0.261784
28.844061	0.070453	0.120819	0.080526	0.231624
28.875309	0.070453	0.110745	0.080526	0.211477
28.906557	0.070453	0.110745	0.080526	0.191331
28.937805	0.070453	0.110745	0.090599	0.181258
28.969053	0.060380	0.100672	0.080526	0.171185
29.000301	0.060380	0.100672	0.080526	0.161111
29.031549	0.060380	0.090599	0.070453	0.151038
29.062798	0.060380	0.090599	0.070453	0.140965
29.094046	0.060380	0.090599	0.070453	0.140965
29.125294	0.060380	0.090599	0.070453	0.130892
29.156542	0.060380	0.080526	0.070453	0.120819
29.187790	0.070453	0.080526	0.070453	0.110745
29.219038	0.060380	0.080526	0.080526	0.110745
29.250286	0.060380	0.080526	0.080526	0.110745
29.281534	0.060380	0.080526	0.090599	0.110745
29.312782	0.070453	0.080526	0.090599	0.110745
29.344030	0.080526	0.080526	0.090599	0.110745
29.375278	0.090599	0.080526	0.090599	0.110745
29.406527	0.100672	0.080526	0.090599	0.100672
29.437775	0.110745	0.070453	0.090599	0.100672
29.469023	0.130892	0.080526	0.100672	0.100672
29.500271	0.151038	0.090599	0.120819	0.100672
29.531519	0.171185	0.080526	0.130892	0.100672
29.562767	0.191331	0.080526	0.161111	0.100672
29.594015	0.241697	0.080526	0.191331	0.100672
29.625263	0.322223	0.080526	0.241697	0.100672
29.656511	0.412881	0.080526	0.352442	0.110745
29.687759	0.483394	0.080526	0.523627	0.110745
29.719007	0.493467	0.080526	0.694871	0.110745
29.750256	0.463247	0.080526	0.805616	0.110745
29.781504	0.412881	0.080526	0.815690	0.110745
29.812752	0.352442	0.080526	0.755310	0.100672
29.844000	0.302076	0.080526	0.664651	0.100672
29.875248	0.251770	0.070453	0.553846	0.100672
29.906496	0.211477	0.070453	0.453174	0.100672
29.937744	0.171185	0.070453	0.372589	0.100672
29.968992	0.140965	0.070453	0.302076	0.100672
30.000240	0.120819	0.070453	0.251770	0.100672
30.031488	0.110745	0.070453	0.211477	0.100672
30.062737	0.100672	0.080526	0.191331	0.110745
30.093985	0.090599	0.080526	0.161111	0.110745
30.125233	0.080526	0.070453	0.151038	0.110745
30.156481	0.070453	0.060380	0.140965	0.100672
30.187729	0.070453	0.060380	0.130892	0.100672
30.218977	0.060380	0.060380	0.130892	0.100672
30.250225	0.060380	0.050306	0.120819	0.100672
30.281473	0.060380	0.050306	0.110745	0.090599
30.312721	0.060380	0.050306	0.100672	0.090599
30.343969	0.060380	0.050306	0.090599	0.100672
30.375219	0.060380	0.050306	0.080526	0.100672
30.406467	0.050306	0.050306	0.070453	0.100672
30.437716	0.040233	0.040233	0.060380	0.090599
30.468964	0.040233	0.040233	0.060380	0.080526
30.500212	0.040233	0.040233	0.070453	0.070453
30.531460	0.030160	0.030160	0.070453	0.070453
30.562708	0.030160	0.030160	0.070453	0.070453
30.593956	0.030160	0.020087	0.070453	0.060380
30.625204	0.030160	0.030160	0.070453	0.060380
30.656452	0.030160	0.030160	0.070453	0.060380
30.687700	0.030160	0.030160	0.060380	0.070453
30.718948	0.030160	0.030160	0.060380	0.070453
30.750196	0.040233	0.030160	0.060380	0.070453
30.781445	0.050306	0.020087	0.060380	0.070453
30.812693	0.060380	0.020087	0.070453	0.060380
30.843941	0.050306	0.020087	0.070453	0.060380
30.875189	0.040233	0.020087	0.060380	0.060380
30.906437	0.040233	0.020087	0.060380	0.060380
30.937685	0.040233	0.020087	0.070453	0.070453
30.968933	0.040233	0.020087	0.070453	0.070453
31.000181	0.040233	0.010014	0.070453	0.060380
31.031429	0.040233	0.010014	0.070453	0.060380
31.062677	0.050306	0.020087	0.070453	0.050306
31.093925	0.050306	0.020087	0.070453	0.050306
31.125174	0.050306	0.020087	0.070453	0.050306
31.156422	0.050306	0.020087	0.070453	0.050306
31.187670	0.050306	0.010014	0.060380	0.050306
31.218918	0.050306	0.010014	0.070453	0.050306
31.250166	0.050306	0.010014	0.070453	0.050306
31.281414	0.050306	0.010014	0.070453	0.060380
31.312662	0.050306	0.010014	0.070453	0.060380
31.343910	0.060380	0.010014	0.070453	0.060380
31.375158	0.050306	0.020087	0.070453	0.060380
31.406406	0.050306	0.020087	0.070453	0.060380
31.437654	0.040233	0.020087	0.060380	0.060380
31.468903	0.040233	0.020087	0.060380	0.060380
31.500151	0.040233	0.020087	0.050306	0.060380
31.531399	0.050306	0.020087	0.050306	0.060380
31.562647	0.040233	0.030160	0.050306	0.070453
31.593895	0.040233	0.030160	0.050306	0.070453
31.625143	0.040233	0.030160	0.060380	0.070453
31.656391	0.050306	0.030160	0.070453	0.060380
31.687639	0.060380	0.030160	0.070453	0.060380
31.718887	0.060380	0.030160	0.070453	0.060380
31.750135	0.060380	0.030160	0.070453	0.060380
31.781384	0.060380	0.030160	0.060380	0.060380
31.812632	0.060380	0.040233	0.060380	0.070453
31.843880	0.060380	0.040233	0.060380	0.070453
31.875128	0.060380	0.040233	0.060380	0.070453
31.906376	0.060380	0.040233	0.060380	0.070453
31.937624	0.060380	0.040233	0.070453	0.070453
31.968872	0.060380	0.040233	0.070453	0.070453
32.000122	0.050306	0.030160	0.070453	0.060380
32.031368	0.050306	0.030160	0.070453	0.060380
32.062618	0.050306	0.030160	0.060380	0.060380
32.093864	0.050306	0.030160	0.060380	0.060380
32.125114	0.040233	0.030160	0.060380	0.060380
32.156361	0.040233	0.030160	0.060380	0.060380
32.187611	0.030160	0.030160	0.060380	0.060380
32.218857	0.040233	0.030160	0.070453	0.060380
32.250107	0.040233	0.030160	0.070453	0.060380
32.281353	0.040233	0.030160	0.070453	0.060380
32.312603	0.030160	0.030160	0.060380	0.060380
32.343849	0.030160	0.030160	0.060380	0.060380
32.375099	0.040233	0.040233	0.060380	0.070453
32.406345	0.040233	0.040233	0.060380	0.060380
32.437595	0.040233	0.040233	0.050306	0.060380
32.468842	0.030160	0.040233	0.050306	0.060380
32.500092	0.030160	0.040233	0.050306	0.070453
32.531338	0.030160	0.050306	0.050306	0.070453
32.562588	0.020087	0.050306	0.050306	0.080526
32.593834	0.010014	0.050306	0.050306	0.080526
32.625084	0.010014	0.060380	0.050306	0.090599
32.656330	0.020087	0.070453	0.050306	0.090599
32.687580	0.020087	0.070453	0.050306	0.100672
32.718826	0.020087	0.070453	0.040233	0.090599
32.750076	0.020087	0.060380	0.040233	0.090599
32.781322	0.030160	0.060380	0.040233	0.090599
32.812572	0.030160	0.060380	0.040233	0.080526
32.843819	0.020087	0.070453	0.040233	0.080526
32.875069	0.020087	0.070453	0.040233	0.070453
32.906315	0.020087	0.080526	0.040233	0.070453
32.937565	0.030160	0.080526	0.050306	0.080526
32.968811	0.030160	0.090599	0.050306	0.080526
33.000061	0.030160	0.090599	0.050306	0.090599
33.031307	0.030160	0.080526	0.050306	0.080526
33.062557	0.030160	0.070453	0.050306	0.080526
33.093803	0.020087	0.060380	0.050306	0.080526
33.125053	0.010014	0.050306	0.040233	0.080526
33.156300	0.000000	0.050306	0.040233	0.080526
33.187550	0.000000	0.050306	0.040233	0.080526
33.218796	0.000000	0.050306	0.040233	0.080526
33.250046	0.010014	0.060380	0.040233	0.080526
33.281292	0.010014	0.060380	0.040233	0.070453
33.312542	0.010014	0.060380	0.040233	0.070453
33.343788	0.010014	0.050306	0.040233	0.060380
33.375038	0.010014	0.050306	0.040233	0.060380
33.406284	0.000000	0.050306	0.040233	0.060380
33.437534	0.000000	0.040233	0.030160	0.050306
33.468781	0.000000	0.040233	0.030160	0.050306
33.500031	0.000000	0.040233	0.030160	0.050306
33.531277	0.010014	0.040233	0.040233	0.050306
33.562527	0.010014	0.040233	0.040233	0.060380
33.593773	0.010014	0.030160	0.040233	0.050306
33.625023	0.010014	0.030160	0.040233	0.050306
33.656269	0.010014	0.020087	0.030160	0.050306
33.687519	0.010014	0.020087	0.030160	0.040233
33.718765	0.010014	0.010014	0.030160	0.040233
33.750015	0.010014	0.010014	0.030160	0.040233
33.781261	0.020087	0.010014	0.040233	0.050306
33.812511	0.020087	0.020087	0.040233	0.050306
33.843758	0.020087	0.020087	0.050306	0.050306
33.875008	0.020087	0.020087	0.050306	0.050306
33.906254	0.010014	0.010014	0.040233	0.050306
33.937504	0.010014	0.010014	0.040233	0.040233
33.968750	0.010014	0.010014	0.030160	0.040233
