22.510115	-0.020146	-0.050366	-0.070512	-0.110805
22.549194	-0.020146	-0.050366	-0.070512	-0.110805
22.588276	-0.020146	-0.050366	-0.060439	-0.100732
22.627357	-0.020146	-0.060439	-0.050366	-0.110805
22.666439	-0.020146	-0.060439	-0.050366	-0.110805
22.705521	-0.030220	-0.070512	-0.040293	-0.110805
22.744602	-0.030220	-0.070512	-0.050366	-0.100732
22.783682	-0.020146	-0.070512	-0.060439	-0.100732
22.822763	-0.020146	-0.080585	-0.070512	-0.090659
22.861845	-0.020146	-0.080585	-0.070512	-0.090659
22.900927	-0.020146	-0.090659	-0.070512	-0.080585
22.940008	-0.020146	-0.090659	-0.060439	-0.070512
22.979090	-0.020146	-0.100732	-0.060439	-0.070512
23.018169	-0.020146	-0.110805	-0.060439	-0.070512
23.057251	-0.030220	-0.120878	-0.060439	-0.060439
23.096333	-0.040293	-0.130951	-0.060439	-0.060439
23.135414	-0.040293	-0.130951	-0.060439	-0.060439
23.174496	-0.040293	-0.141025	-0.060439	-0.060439
23.213577	-0.030220	-0.141025	-0.060439	-0.050366
23.252657	-0.030220	-0.141025	-0.050366	-0.040293
23.291739	-0.030220	-0.151098	-0.050366	-0.040293
23.330820	-0.030220	-0.161171	-0.040293	-0.030220
23.369902	-0.030220	-0.171244	-0.040293	-0.030220
23.408983	-0.030220	-0.181317	-0.040293	-0.020146
23.448065	-0.020146	-0.191391	-0.040293	-0.030220
23.487144	-0.020146	-0.211537	-0.050366	-0.030220
23.526226	-0.030220	-0.231683	-0.050366	-0.040293
23.565308	-0.030220	-0.251830	-0.040293	-0.040293
23.604389	-0.040293	-0.261843	-0.040293	-0.030220
23.643471	-0.040293	-0.281990	-0.030220	-0.020146
23.682550	-0.040293	-0.302136	-0.030220	-0.010073
23.721632	-0.050366	-0.312209	-0.030220	-0.010073
23.760714	-0.060439	-0.322282	-0.040293	-0.010073
23.799795	-0.070512	-0.332355	-0.050366	0.000000
23.838877	-0.080585	-0.352502	-0.050366	0.000000
23.877958	-0.090659	-0.372648	-0.050366	0.000000
23.917038	-0.090659	-0.382721	-0.050366	0.010014
23.956120	-0.100732	-0.402868	-0.040293	0.030160
23.995201	-0.110805	-0.433087	-0.040293	0.040233
24.034283	-0.120878	-0.453234	-0.050366	0.050306
24.073364	-0.141025	-0.483453	-0.060439	0.060380
24.112446	-0.141025	-0.503600	-0.060439	0.070453
24.151525	-0.141025	-0.523686	-0.050366	0.080526
24.190607	-0.151098	-0.553906	-0.040293	0.090599
24.229689	-0.151098	-0.594199	-0.030220	0.090599
24.268770	-0.161171	-0.634491	-0.020146	0.100672
24.307852	-0.171244	-0.674784	-0.010073	0.110745
24.346933	-0.181317	-0.725150	-0.010073	0.130892
24.386013	-0.181317	-0.775456	-0.010073	0.161111
24.425095	-0.191391	-0.835896	-0.010073	0.181258
24.464176	-0.201464	-0.896335	-0.010073	0.201404
24.503258	-0.211537	-0.966847	-0.010073	0.221550
24.542339	-0.211537	-1.057446	-0.010073	0.241697
24.581421	-0.221610	-1.158178	0.000000	0.271857
24.620501	-0.221610	-1.309216	0.010014	0.312150
24.659582	-0.221610	-1.470387	0.020087	0.352442
24.698664	-0.231683	-1.651645	0.020087	0.402808
24.737745	-0.241756	-1.873195	0.020087	0.473320
24.776827	-0.251830	-2.145112	0.030160	0.563920
24.815907	-0.271916	-2.487540	0.030160	0.694871
24.854988	-0.292063	-2.900422	0.040233	0.855982
24.894070	-0.302136	-3.414035	0.040233	1.077533
24.933151	-0.322282	-4.048526	0.050306	1.359522
24.972233	-0.342429	-4.813910	0.060380	1.701951
25.011314	-0.362575	-5.700111	0.060380	2.124906
25.050394	-0.382721	-6.666958	0.060380	2.628446
25.089476	-0.402868	-7.633746	0.070453	3.172278
25.128557	-0.423014	-8.530021	0.080526	3.706038
25.167639	-0.443161	-9.235024	0.090599	4.179358
25.206720	-0.463307	-9.668053	0.100672	4.521787
25.245802	-0.483453	-9.798944	0.110745	4.723191
25.284882	-0.513673	-9.657979	0.120819	4.793704
25.323963	-0.543833	-9.255171	0.130892	4.753411
25.363045	-0.574052	-8.610606	0.130892	4.612446
25.402126	-0.614345	-7.764637	0.140965	4.380822
25.441208	-0.644565	-6.727338	0.161111	4.038393
25.480289	-0.684857	-5.508780	0.171185	3.534853
25.519369	-0.725150	-4.149199	0.191331	2.890289
25.558451	-0.765443	-2.729237	0.211477	2.114832
25.597532	-0.815749	-1.399875	0.231624	1.299083
25.636614	-0.876188	-0.352502	0.241697	0.553846
25.675695	-0.936627	0.322223	0.261784	0.020087
25.714777	-1.017213	0.584066	0.271857	-0.261843
25.753857	-1.097739	0.563920	0.281930	-0.332355
25.792938	-1.198471	0.402808	0.302076	-0.271916
25.832020	-1.319289	0.211477	0.322223	-0.191391
25.871101	-1.450241	0.060380	0.362515	-0.120878
25.910183	-1.611352	-0.060439	0.402808	-0.080585
25.949263	-1.812756	-0.141025	0.453174	-0.060439
25.988344	-2.044439	-0.201464	0.513613	-0.050366
26.027426	-2.356589	-0.251830	0.594139	-0.030220
26.066507	-2.739310	-0.281990	0.674725	-0.020146
26.105589	-3.252923	-0.292063	0.785470	0.000000
26.144670	-3.937721	-0.312209	0.916421	0.010014
26.183750	-4.823983	-0.322282	1.057386	0.020087
26.222832	-5.901575	-0.322282	1.228631	0.020087
26.261913	-7.089913	-0.322282	1.409888	0.030160
26.300995	-8.258104	-0.312209	1.621366	0.020087
26.340076	-9.285331	-0.302136	1.832843	0.020087
26.379158	-10.091007	-0.281990	2.034307	0.020087
26.418238	-10.614693	-0.271916	2.205491	0.020087
26.457319	-10.866463	-0.261843	2.366602	0.010014
26.496401	-10.856390	-0.251830	2.507627	0.010014
26.535482	-10.614693	-0.251830	2.628446	0.010014
26.574564	-10.131300	-0.241756	2.709031	0.010014
26.613646	-9.375990	-0.231683	2.729177	0.000000
26.652725	-8.278251	-0.221610	2.678812	-0.010073
26.691807	-6.828070	-0.201464	2.547920	-0.020146
26.730888	-5.136192	-0.191391	2.326310	-0.030220
26.769970	-3.434181	-0.191391	2.024233	-0.030220
26.809052	-1.933634	-0.181317	1.661658	-0.030220
26.848133	-0.825822	-0.171244	1.299083	-0.030220
26.887213	-0.130951	-0.161171	0.966787	-0.030220
26.926294	0.221550	-0.151098	0.694871	-0.040293
26.965376	0.342369	-0.151098	0.493467	-0.040293
27.004457	0.322223	-0.141025	0.352442	-0.040293
27.043539	0.241697	-0.141025	0.261784	-0.050366
27.082619	0.140965	-0.130951	0.201404	-0.050366
27.121700	0.040233	-0.130951	0.161111	-0.050366
27.160782	-0.050366	-0.120878	0.140965	-0.050366
27.199863	-0.110805	-0.120878	0.130892	-0.050366
27.238945	-0.171244	-0.120878	0.120819	-0.050366
27.278027	-0.221610	-0.110805	0.120819	-0.050366
27.317106	-0.261843	-0.110805	0.110745	-0.060439
27.356188	-0.281990	-0.100732	0.100672	-0.060439
27.395269	-0.302136	-0.090659	0.090599	-0.060439
27.434351	-0.312209	-0.090659	0.100672	-0.060439
27.473433	-0.322282	-0.070512	0.100672	-0.060439
27.512514	-0.322282	-0.060439	0.090599	-0.060439
27.551594	-0.312209	-0.050366	0.080526	-0.060439
27.590675	-0.302136	-0.050366	0.070453	-0.070512
27.629757	-0.292063	-0.050366	0.060380	-0.080585
27.668839	-0.281990	-0.050366	0.050306	-0.090659
27.707920	-0.271916	-0.050366	0.050306	-0.090659
27.747002	-0.271916	-0.040293	0.040233	-0.090659
27.786081	-0.261843	-0.040293	0.040233	-0.090659
27.825163	-0.251830	-0.040293	0.040233	-0.080585
27.864244	-0.241756	-0.040293	0.040233	-0.090659
27.903326	-0.231683	-0.030220	0.030160	-0.090659
27.942408	-0.231683	-0.030220	0.030160	-0.080585
27.981489	-0.221610	-0.030220	0.020087	-0.090659
28.020569	-0.211537	-0.020146	0.010014	-0.090659
28.059650	-0.201464	-0.020146	-0.010073	-0.100732
28.098732	-0.191391	-0.020146	-0.020146	-0.100732
28.137814	-0.191391	-0.020146	-0.020146	-0.100732
28.176895	-0.181317	-0.010073	-0.030220	-0.100732
28.215975	-0.181317	-0.010073	-0.030220	-0.100732
28.255056	-0.171244	-0.010073	-0.030220	-0.100732
28.294138	-0.161171	0.000000	-0.030220	-0.100732
28.333220	-0.151098	0.000000	-0.030220	-0.100732
28.372301	-0.130951	0.000000	-0.040293	-0.100732
28.411383	-0.120878	0.000000	-0.040293	-0.100732
28.450462	-0.110805	0.010014	-0.040293	-0.100732
28.489544	-0.100732	0.010014	-0.030220	-0.090659
28.528625	-0.090659	0.020087	-0.020146	-0.090659
28.567707	-0.080585	0.020087	-0.020146	-0.090659
28.606789	-0.070512	0.010014	-0.020146	-0.100732
28.645870	-0.070512	0.010014	-0.030220	-0.100732
28.684950	-0.070512	0.020087	-0.040293	-0.110805
28.724031	-0.070512	0.020087	-0.050366	-0.110805
28.763113	-0.070512	0.030160	-0.050366	-0.110805
28.802195	-0.060439	0.040233	-0.060439	-0.110805
28.841276	-0.060439	0.040233	-0.060439	-0.100732
28.880358	-0.050366	0.040233	-0.060439	-0.100732
28.919437	-0.050366	0.040233	-0.070512	-0.100732
28.958519	-0.050366	0.040233	-0.070512	-0.110805
28.997601	-0.040293	0.050306	-0.080585	-0.110805
29.036682	-0.040293	0.050306	-0.080585	-0.110805
29.075764	-0.040293	0.050306	-0.080585	-0.110805
29.114845	-0.040293	0.050306	-0.080585	-0.110805
29.153925	-0.040293	0.050306	-0.080585	-0.110805
29.193007	-0.030220	0.050306	-0.080585	-0.110805
29.232088	-0.030220	0.060380	-0.080585	-0.110805
29.271170	-0.030220	0.060380	-0.080585	-0.120878
29.310251	-0.020146	0.060380	-0.090659	-0.130951
29.349333	-0.020146	0.050306	-0.090659	-0.130951
29.388412	-0.020146	0.050306	-0.090659	-0.130951
29.427494	-0.010073	0.060380	-0.100732	-0.130951
29.466576	0.000000	0.060380	-0.100732	-0.120878
29.505657	0.010014	0.070453	-0.100732	-0.110805
29.544739	0.010014	0.070453	-0.100732	-0.100732
29.583818	0.010014	0.070453	-0.100732	-0.110805
29.622900	0.010014	0.080526	-0.100732	-0.120878
29.661982	0.010014	0.080526	-0.100732	-0.120878
29.701063	0.010014	0.080526	-0.110805	-0.120878
29.740145	0.020087	0.080526	-0.110805	-0.110805
29.779226	0.020087	0.080526	-0.110805	-0.110805
29.818306	0.030160	0.080526	-0.100732	-0.110805
29.857388	0.030160	0.080526	-0.100732	-0.110805
29.896469	0.030160	0.080526	-0.110805	-0.120878
29.935551	0.030160	0.090599	-0.120878	-0.120878
29.974632	0.030160	0.090599	-0.120878	-0.130951
30.013714	0.040233	0.090599	-0.130951	-0.141025
30.052794	0.040233	0.090599	-0.130951	-0.130951
30.091875	0.040233	0.090599	-0.130951	-0.130951
30.130957	0.040233	0.100672	-0.130951	-0.130951
30.170038	0.050306	0.100672	-0.120878	-0.130951
30.209120	0.050306	0.090599	-0.120878	-0.130951
30.248201	0.050306	0.090599	-0.120878	-0.130951
30.287281	0.050306	0.090599	-0.120878	-0.130951
30.326363	0.050306	0.090599	-0.130951	-0.130951
30.365444	0.060380	0.090599	-0.141025	-0.130951
30.404526	0.060380	0.100672	-0.141025	-0.130951
30.443607	0.070453	0.100672	-0.141025	-0.130951
30.482689	0.060380	0.100672	-0.141025	-0.130951
30.521769	0.060380	0.100672	-0.141025	-0.130951
30.560850	0.060380	0.100672	-0.141025	-0.141025
30.599932	0.060380	0.090599	-0.141025	-0.151098
30.639013	0.060380	0.100672	-0.151098	-0.161171
30.678095	0.060380	0.100672	-0.151098	-0.161171
30.717175	0.070453	0.100672	-0.151098	-0.171244
30.756256	0.080526	0.090599	-0.141025	-0.161171
30.795338	0.080526	0.090599	-0.151098	-0.161171
30.834419	0.080526	0.090599	-0.151098	-0.151098
30.873501	0.080526	0.090599	-0.161171	-0.141025
30.912582	0.080526	0.090599	-0.161171	-0.141025
30.951662	0.080526	0.100672	-0.171244	-0.141025
30.990744	0.080526	0.100672	-0.171244	-0.141025
31.029825	0.070453	0.110745	-0.171244	-0.151098
31.068907	0.070453	0.120819	-0.171244	-0.151098
31.107988	0.070453	0.120819	-0.161171	-0.141025
31.147070	0.080526	0.120819	-0.151098	-0.141025
31.186150	0.080526	0.120819	-0.141025	-0.141025
31.225231	0.080526	0.110745	-0.141025	-0.151098
31.264313	0.080526	0.110745	-0.151098	-0.161171
31.303394	0.080526	0.110745	-0.161171	-0.161171
31.342476	0.080526	0.110745	-0.171244	-0.171244
31.381557	0.080526	0.110745	-0.181317	-0.161171
31.420637	0.090599	0.110745	-0.181317	-0.161171
31.459719	0.090599	0.120819	-0.171244	-0.151098
31.498800	0.090599	0.120819	-0.171244	-0.151098
31.537882	0.100672	0.120819	-0.171244	-0.151098
31.576963	0.100672	0.120819	-0.171244	-0.151098
31.616045	0.100672	0.120819	-0.181317	-0.161171
31.655125	0.100672	0.120819	-0.191391	-0.161171
31.694206	0.110745	0.120819	-0.201464	-0.161171
31.733288	0.100672	0.120819	-0.191391	-0.161171
31.772369	0.100672	0.120819	-0.181317	-0.151098
31.811451	0.100672	0.120819	-0.171244	-0.151098
31.850531	0.100672	0.120819	-0.171244	-0.151098
31.889612	0.110745	0.120819	-0.161171	-0.151098
31.928694	0.100672	0.130892	-0.151098	-0.151098
31.967775	0.100672	0.120819	-0.161171	-0.161171
32.006855	0.100672	0.130892	-0.161171	-0.161171
32.045937	0.100672	0.130892	-0.161171	-0.151098
32.085018	0.110745	0.140965	-0.161171	-0.141025
32.124100	0.110745	0.140965	-0.151098	-0.141025
32.163181	0.120819	0.151038	-0.151098	-0.151098
32.202263	0.120819	0.140965	-0.151098	-0.161171
32.241344	0.120819	0.140965	-0.151098	-0.171244
32.280426	0.110745	0.140965	-0.161171	-0.181317
32.319508	0.110745	0.130892	-0.171244	-0.181317
32.358589	0.110745	0.140965	-0.171244	-0.181317
32.397671	0.110745	0.140965	-0.161171	-0.171244
32.436749	0.110745	0.140965	-0.161171	-0.181317
32.475830	0.110745	0.140965	-0.161171	-0.171244
32.514912	0.120819	0.140965	-0.161171	-0.171244
32.553993	0.120819	0.140965	-0.161171	-0.171244
32.593075	0.120819	0.140965	-0.161171	-0.171244
32.632156	0.120819	0.140965	-0.161171	-0.161171
32.671238	0.120819	0.140965	-0.151098	-0.161171
32.710320	0.120819	0.140965	-0.151098	-0.161171
32.749401	0.120819	0.140965	-0.151098	-0.161171
32.788483	0.120819	0.140965	-0.151098	-0.171244
32.827564	0.120819	0.140965	-0.161171	-0.181317
32.866642	0.120819	0.140965	-0.171244	-0.191391
32.905724	0.120819	0.130892	-0.171244	-0.191391
32.944805	0.120819	0.130892	-0.171244	-0.191391
32.983887	0.130892	0.130892	-0.171244	-0.191391
33.022968	0.130892	0.120819	-0.171244	-0.181317
33.062050	0.130892	0.120819	-0.171244	-0.181317
33.101131	0.130892	0.120819	-0.171244	-0.171244
33.140213	0.130892	0.130892	-0.171244	-0.181317
33.179295	0.130892	0.130892	-0.181317	-0.181317
33.218376	0.140965	0.140965	-0.171244	-0.181317
33.257458	0.140965	0.140965	-0.171244	-0.181317
33.296539	0.151038	0.140965	-0.161171	-0.181317
33.335617	0.151038	0.140965	-0.161171	-0.181317
33.374699	0.151038	0.140965	-0.161171	-0.171244
33.413780	0.151038	0.140965	-0.161171	-0.161171
33.452862	0.151038	0.140965	-0.161171	-0.151098
33.491943	0.151038	0.140965	-0.161171	-0.151098
33.531025	0.140965	0.151038	-0.161171	-0.151098
33.570107	0.140965	0.151038	-0.171244	-0.151098
33.609188	0.140965	0.151038	-0.181317	-0.171244
33.648270	0.140965	0.151038	-0.181317	-0.171244
33.687351	0.140965	0.161111	-0.191391	-0.171244
33.726433	0.140965	0.161111	-0.191391	-0.171244
33.765514	0.140965	0.161111	-0.191391	-0.171244
33.804592	0.140965	0.161111	-0.181317	-0.181317
33.843674	0.151038	0.161111	-0.171244	-0.191391
33.882755	0.151038	0.151038	-0.181317	-0.191391
33.921837	0.151038	0.151038	-0.181317	-0.191391
33.960918	0.151038	0.151038	-0.181317	-0.191391
