21.940655	-0.006720	-0.026867	0.006706	0.013426
21.979643	-0.006720	-0.026867	0.006706	0.013426
22.018633	-0.006720	-0.026867	0.003353	0.013426
22.057623	-0.006720	-0.026867	0.003353	0.016779
22.096613	-0.006720	-0.026867	0.006706	0.016779
22.135603	-0.006720	-0.026867	0.006706	0.016779
22.174593	-0.006720	-0.026867	0.010058	0.016779
22.213581	-0.010073	-0.026867	0.010058	0.016779
22.252571	-0.010073	-0.030220	0.013426	0.013426
22.291561	-0.006720	-0.030220	0.013426	0.010058
22.330551	-0.006720	-0.030220	0.013426	0.010058
22.369541	-0.006720	-0.030220	0.010058	0.010058
22.408531	-0.006720	-0.030220	0.010058	0.013426
22.447521	-0.006720	-0.030220	0.010058	0.016779
22.486509	-0.006720	-0.030220	0.010058	0.016779
22.525499	-0.006720	-0.030220	0.013426	0.020131
22.564489	-0.006720	-0.030220	0.013426	0.020131
22.603479	-0.006720	-0.030220	0.010058	0.023484
22.642469	-0.006720	-0.030220	0.006706	0.023484
22.681459	-0.010073	-0.030220	0.010058	0.020131
22.720448	-0.010073	-0.026867	0.013426	0.016779
22.759438	-0.006720	-0.026867	0.016779	0.013426
22.798428	-0.006720	-0.030220	0.016779	0.013426
22.837418	-0.006720	-0.030220	0.016779	0.013426
22.876408	-0.006720	-0.030220	0.013426	0.013426
22.915398	-0.006720	-0.030220	0.013426	0.010058
22.954386	-0.006720	-0.033572	0.010058	0.010058
22.993376	-0.006720	-0.033572	0.010058	0.010058
23.032366	-0.006720	-0.033572	0.010058	0.010058
23.071356	-0.006720	-0.030220	0.010058	0.013426
23.110346	-0.006720	-0.030220	0.010058	0.013426
23.149336	-0.006720	-0.026867	0.010058	0.016779
23.188324	-0.006720	-0.026867	0.010058	0.016779
23.227314	-0.003368	-0.030220	0.006706	0.013426
23.266304	-0.003368	-0.030220	0.006706	0.010058
23.305294	-0.006720	-0.030220	0.010058	0.010058
23.344284	-0.006720	-0.030220	0.010058	0.010058
23.383274	-0.006720	-0.030220	0.006706	0.010058
23.422262	-0.006720	-0.030220	0.006706	0.013426
23.461252	-0.010073	-0.030220	0.010058	0.016779
23.500242	-0.010073	-0.030220	0.010058	0.020131
23.539232	-0.010073	-0.033572	0.010058	0.016779
23.578222	-0.010073	-0.033572	0.010058	0.013426
23.617212	-0.010073	-0.033572	0.010058	0.016779
23.656202	-0.010073	-0.033572	0.010058	0.020131
23.695190	-0.010073	-0.033572	0.010058	0.020131
23.734180	-0.010073	-0.033572	0.010058	0.016779
23.773170	-0.013441	-0.036940	0.010058	0.016779
23.812160	-0.013441	-0.036940	0.010058	0.016779
23.851151	-0.010073	-0.040293	0.006706	0.016779
23.890141	-0.010073	-0.043646	0.006706	0.016779
23.929129	-0.010073	-0.043646	0.010058	0.013426
23.968119	-0.010073	-0.046998	0.010058	0.010058
24.007109	-0.010073	-0.050366	0.010058	0.010058
24.046099	-0.010073	-0.050366	0.006706	0.013426
24.085089	-0.013441	-0.053719	0.010058	0.010058
24.124079	-0.013441	-0.057071	0.013426	0.010058
24.163067	-0.013441	-0.063792	0.013426	0.010058
24.202057	-0.013441	-0.067145	0.010058	0.010058
24.241047	-0.013441	-0.073865	0.010058	0.013426
24.280037	-0.013441	-0.080571	0.006706	0.010058
24.319027	-0.013441	-0.093997	0.006706	0.010058
24.358017	-0.016794	-0.107422	0.006706	0.006706
24.397005	-0.016794	-0.127569	0.003353	0.006706
24.435995	-0.016794	-0.151068	0.000000	0.003353
24.474985	-0.016794	-0.181288	-0.003368	0.000000
24.513975	-0.016794	-0.218213	0.000000	0.003353
24.552965	-0.020146	-0.265211	0.000000	0.006706
24.591955	-0.020146	-0.318915	-0.003368	0.010058
24.630943	-0.020146	-0.382707	-0.003368	0.013426
24.669933	-0.023499	-0.453189	-0.003368	0.020131
24.708923	-0.020146	-0.523686	0.003353	0.030205
24.747913	-0.020146	-0.577405	0.006706	0.036925
24.786903	-0.023499	-0.597551	0.010058	0.036925
24.825893	-0.023499	-0.563979	0.010058	0.030205
24.864883	-0.023499	-0.449836	0.010058	0.010058
24.903872	-0.026867	-0.248417	0.006706	-0.030220
24.942862	-0.026867	0.023484	0.003353	-0.080571
24.981852	-0.026867	0.322267	0.003353	-0.134289
25.020842	-0.030220	0.600889	0.003353	-0.177920
25.059832	-0.033572	0.812382	0.003353	-0.204787
25.098822	-0.036940	0.916436	0.003353	-0.211492
25.137810	-0.036940	0.889584	0.006706	-0.184640
25.176800	-0.040293	0.738516	0.006706	-0.134289
25.215790	-0.043646	0.527039	0.003353	-0.073865
25.254780	-0.046998	0.345752	0.000000	-0.030220
25.293770	-0.050366	0.228271	0.000000	-0.006720
25.332760	-0.057071	0.164479	-0.003368	0.003353
25.371748	-0.063792	0.124201	-0.010073	0.003353
25.410738	-0.073865	0.097349	-0.010073	0.006706
25.449728	-0.083938	0.077203	-0.013441	0.010058
25.488718	-0.093997	0.060424	-0.016794	0.010058
25.527708	-0.110790	0.050351	-0.023499	0.006706
25.566698	-0.130922	0.040278	-0.026867	0.006706
25.605686	-0.157788	0.033557	-0.033572	0.006706
25.644676	-0.191361	0.026852	-0.040293	0.010058
25.683666	-0.238344	0.023484	-0.057071	0.010058
25.722656	-0.298783	0.016779	-0.073865	0.010058
25.761646	-0.379339	0.013426	-0.093997	0.010058
25.800636	-0.480056	0.010058	-0.120863	0.010058
25.839624	-0.580758	0.006706	-0.157788	0.013426
25.878614	-0.651255	0.003353	-0.198066	0.016779
25.917604	-0.654608	0.003353	-0.224918	0.020131
25.956594	-0.570685	0.000000	-0.228286	0.020131
25.995584	-0.399485	0.000000	-0.208139	0.020131
26.034575	-0.147715	0.000000	-0.161141	0.020131
26.073565	0.174552	-0.003368	-0.090644	0.016779
26.112553	0.506893	-0.006720	-0.003368	0.013426
26.151543	0.765383	-0.006720	0.070482	0.013426
26.190533	0.882864	-0.010073	0.104055	0.016779
26.229523	0.866085	-0.010073	0.100702	0.020131
26.268513	0.765383	-0.013441	0.077203	0.016779
26.307503	0.627741	-0.013441	0.053704	0.016779
26.346491	0.496820	-0.013441	0.030205	0.020131
26.385481	0.382692	-0.013441	0.016779	0.023484
26.424471	0.292048	-0.013441	0.006706	0.020131
26.463461	0.221550	-0.013441	0.000000	0.016779
26.502451	0.171199	-0.013441	-0.003368	0.020131
26.541441	0.134274	-0.013441	-0.006720	0.020131
26.580429	0.107422	-0.013441	-0.006720	0.020131
26.619419	0.087276	-0.013441	-0.006720	0.020131
26.658409	0.070482	-0.013441	-0.003368	0.016779
26.697399	0.060424	-0.016794	-0.003368	0.016779
26.736389	0.050351	-0.016794	-0.003368	0.013426
26.775379	0.043631	-0.016794	-0.003368	0.013426
26.814367	0.033557	-0.016794	0.000000	0.013426
26.853357	0.026852	-0.013441	0.003353	0.010058
26.892347	0.023484	-0.013441	0.003353	0.006706
26.931337	0.020131	-0.010073	0.003353	0.003353
26.970327	0.013426	-0.010073	0.003353	0.006706
27.009317	0.010058	-0.010073	0.006706	0.006706
27.048306	0.010058	-0.010073	0.006706	0.010058
27.087296	0.006706	-0.010073	0.006706	0.013426
27.126286	0.006706	-0.010073	0.006706	0.013426
27.165276	0.006706	-0.010073	0.010058	0.010058
27.204266	0.006706	-0.013441	0.010058	0.006706
27.243256	0.006706	-0.013441	0.010058	0.010058
27.282246	0.006706	-0.013441	0.010058	0.013426
27.321234	0.003353	-0.013441	0.010058	0.016779
27.360224	0.003353	-0.013441	0.010058	0.013426
27.399214	0.003353	-0.013441	0.010058	0.016779
27.438204	0.003353	-0.013441	0.010058	0.016779
27.477194	0.003353	-0.013441	0.006706	0.020131
27.516184	0.003353	-0.013441	0.003353	0.020131
27.555172	0.003353	-0.016794	0.003353	0.016779
27.594162	0.003353	-0.016794	0.003353	0.016779
27.633152	0.003353	-0.013441	0.003353	0.016779
27.672142	0.003353	-0.013441	0.003353	0.020131
27.711132	0.000000	-0.016794	0.003353	0.016779
27.750122	0.000000	-0.016794	0.000000	0.016779
27.789110	0.000000	-0.020146	0.003353	0.013426
27.828100	0.000000	-0.020146	0.006706	0.013426
27.867090	0.000000	-0.020146	0.006706	0.016779
27.906080	-0.003368	-0.016794	0.006706	0.016779
27.945070	-0.003368	-0.016794	0.003353	0.016779
27.984060	-0.003368	-0.016794	0.006706	0.016779
28.023048	-0.003368	-0.013441	0.006706	0.016779
28.062038	-0.003368	-0.013441	0.003353	0.013426
28.101028	-0.003368	-0.016794	0.000000	0.010058
28.140018	-0.003368	-0.016794	-0.003368	0.010058
28.179008	-0.003368	-0.016794	0.000000	0.016779
28.217999	-0.003368	-0.016794	0.003353	0.020131
28.256987	-0.003368	-0.020146	0.003353	0.016779
28.295977	-0.003368	-0.020146	0.000000	0.016779
28.334967	-0.003368	-0.020146	0.000000	0.016779
28.373957	-0.003368	-0.020146	0.003353	0.020131
28.412947	-0.003368	-0.016794	0.006706	0.016779
28.451937	-0.003368	-0.016794	0.006706	0.016779
28.490927	-0.003368	-0.016794	0.010058	0.016779
28.529915	-0.003368	-0.016794	0.010058	0.020131
28.568905	-0.003368	-0.016794	0.010058	0.016779
28.607895	-0.003368	-0.016794	0.006706	0.013426
28.646885	0.000000	-0.013441	0.010058	0.010058
28.685875	0.000000	-0.013441	0.010058	0.013426
28.724865	0.000000	-0.013441	0.010058	0.016779
28.763853	-0.003368	-0.013441	0.006706	0.016779
28.802843	-0.003368	-0.013441	0.003353	0.013426
28.841833	-0.006720	-0.013441	0.003353	0.013426
28.880823	-0.006720	-0.013441	0.006706	0.013426
28.919813	-0.006720	-0.013441	0.006706	0.013426
28.958803	-0.006720	-0.013441	0.006706	0.013426
28.997791	-0.006720	-0.013441	0.006706	0.010058
29.036781	-0.006720	-0.013441	0.010058	0.013426
29.075771	-0.006720	-0.013441	0.010058	0.016779
29.114761	-0.006720	-0.013441	0.010058	0.016779
29.153751	-0.003368	-0.013441	0.010058	0.016779
29.192741	-0.003368	-0.013441	0.010058	0.016779
29.231730	-0.003368	-0.013441	0.010058	0.016779
29.270720	-0.003368	-0.013441	0.010058	0.016779
29.309710	-0.003368	-0.013441	0.013426	0.020131
29.348700	-0.003368	-0.010073	0.013426	0.023484
29.387690	-0.006720	-0.010073	0.016779	0.023484
29.426680	-0.006720	-0.010073	0.013426	0.020131
29.465668	-0.010073	-0.013441	0.010058	0.020131
29.504658	-0.006720	-0.013441	0.010058	0.020131
29.543648	-0.006720	-0.013441	0.010058	0.020131
29.582638	-0.006720	-0.013441	0.013426	0.020131
29.621628	-0.006720	-0.013441	0.013426	0.020131
29.660618	-0.006720	-0.013441	0.010058	0.016779
29.699608	-0.006720	-0.013441	0.006706	0.016779
29.738596	-0.003368	-0.013441	0.010058	0.013426
29.777586	-0.003368	-0.010073	0.013426	0.010058
29.816576	-0.003368	-0.013441	0.013426	0.013426
29.855566	-0.003368	-0.013441	0.010058	0.013426
29.894556	-0.003368	-0.013441	0.010058	0.016779
29.933546	-0.003368	-0.013441	0.013426	0.016779
29.972534	-0.003368	-0.013441	0.013426	0.016779
30.011524	-0.003368	-0.013441	0.013426	0.016779
30.050514	-0.003368	-0.010073	0.010058	0.013426
30.089504	-0.003368	-0.010073	0.010058	0.016779
30.128494	-0.006720	-0.010073	0.010058	0.016779
30.167484	-0.006720	-0.010073	0.013426	0.020131
30.206472	-0.003368	-0.010073	0.013426	0.020131
30.245462	-0.003368	-0.013441	0.006706	0.016779
30.284452	-0.003368	-0.013441	0.003353	0.016779
30.323442	-0.003368	-0.013441	0.006706	0.020131
30.362432	-0.006720	-0.013441	0.006706	0.016779
30.401423	-0.006720	-0.010073	0.006706	0.013426
30.440411	-0.006720	-0.013441	0.006706	0.010058
30.479401	-0.006720	-0.013441	0.010058	0.016779
30.518391	-0.010073	-0.013441	0.013426	0.020131
30.557381	-0.010073	-0.010073	0.013426	0.020131
30.596371	-0.010073	-0.010073	0.013426	0.013426
30.635361	-0.010073	-0.013441	0.013426	0.010058
30.674349	-0.010073	-0.013441	0.016779	0.013426
30.713339	-0.010073	-0.013441	0.016779	0.020131
30.752329	-0.010073	-0.010073	0.016779	0.020131
30.791319	-0.010073	-0.010073	0.013426	0.016779
30.830309	-0.010073	-0.010073	0.013426	0.013426
30.869299	-0.013441	-0.010073	0.013426	0.016779
30.908289	-0.013441	-0.010073	0.013426	0.020131
30.947277	-0.013441	-0.010073	0.016779	0.016779
30.986267	-0.013441	-0.010073	0.020131	0.016779
31.025257	-0.013441	-0.010073	0.020131	0.016779
31.064247	-0.013441	-0.010073	0.020131	0.016779
31.103237	-0.016794	-0.010073	0.020131	0.016779
31.142227	-0.016794	-0.010073	0.020131	0.013426
31.181215	-0.016794	-0.010073	0.023484	0.010058
31.220205	-0.016794	-0.013441	0.023484	0.010058
31.259195	-0.016794	-0.013441	0.023484	0.010058
31.298185	-0.016794	-0.010073	0.020131	0.013426
31.337175	-0.016794	-0.010073	0.020131	0.013426
31.376165	-0.016794	-0.010073	0.023484	0.010058
31.415154	-0.016794	-0.010073	0.023484	0.010058
31.454144	-0.016794	-0.010073	0.020131	0.010058
31.493134	-0.016794	-0.010073	0.020131	0.013426
31.532124	-0.016794	-0.010073	0.020131	0.016779
31.571114	-0.013441	-0.010073	0.026852	0.020131
31.610104	-0.013441	-0.010073	0.030205	0.020131
31.649092	-0.013441	-0.010073	0.026852	0.020131
31.688082	-0.016794	-0.010073	0.026852	0.020131
31.727072	-0.016794	-0.013441	0.026852	0.020131
31.766062	-0.016794	-0.013441	0.030205	0.020131
31.805052	-0.016794	-0.013441	0.030205	0.020131
31.844042	-0.016794	-0.013441	0.030205	0.023484
31.883030	-0.013441	-0.013441	0.030205	0.026852
31.922020	-0.013441	-0.013441	0.030205	0.030205
31.961010	-0.013441	-0.016794	0.030205	0.030205
