20.958424	0.043631	0.043631	-67.588882	-67.669449
20.989719	0.036925	0.046983	-67.595604	-67.676155
21.021015	0.033557	0.046983	-67.602310	-67.679527
21.052311	0.030205	0.046983	-67.602310	-67.679527
21.083607	0.030205	0.046983	-67.598953	-67.679527
21.114902	0.030205	0.043631	-67.602310	-67.679527
21.146198	0.030205	0.043631	-67.602310	-67.679527
21.177494	0.033557	0.040278	-67.602310	-67.676155
21.208790	0.036925	0.040278	-67.602310	-67.672806
21.240086	0.036925	0.033557	-67.605675	-67.679527
21.271381	0.033557	0.023484	-67.612381	-67.689598
21.302677	0.033557	0.020131	-67.612381	-67.696304
21.333973	0.040278	0.023484	-67.605675	-67.689598
21.365271	0.046983	0.030205	-67.602310	-67.682877
21.396566	0.046983	0.030205	-67.602310	-67.679527
21.427862	0.046983	0.026852	-67.602310	-67.682877
21.459158	0.057057	0.030205	-67.595604	-67.682877
21.490454	0.063777	0.036925	-67.585526	-67.679527
21.521749	0.060424	0.043631	-67.585526	-67.676155
21.553045	0.046983	0.040278	-67.595604	-67.676155
21.584341	0.036925	0.030205	-67.605675	-67.686234
21.615637	0.030205	0.023484	-67.609024	-67.696304
21.646933	0.030205	0.023484	-67.609024	-67.699654
21.678228	0.026852	0.023484	-67.612381	-67.703026
21.709524	0.030205	0.016779	-67.612381	-67.716446
21.740820	0.033557	0.013426	-67.602310	-67.726524
21.772116	0.036925	0.013426	-67.588882	-67.726524
21.803411	0.036925	0.016779	-67.592232	-67.719803
21.834707	0.033557	0.020131	-67.602310	-67.713097
21.866005	0.030205	0.020131	-67.615730	-67.713097
21.897301	0.030205	0.016779	-67.622452	-67.719803
21.928596	0.030205	0.013426	-67.622452	-67.729874
21.959892	0.033557	0.010058	-67.622452	-67.739952
21.991188	0.036925	0.000000	-67.622452	-67.753372
22.022484	0.036925	-0.003368	-67.629173	-67.760094
22.053780	0.033557	0.003353	-67.629173	-67.753372
22.085075	0.033557	0.010058	-67.622452	-67.743301
22.116371	0.036925	0.010058	-67.615730	-67.746651
22.147667	0.033557	0.003353	-67.615730	-67.753372
22.178963	0.033557	0.003353	-67.619102	-67.750023
22.210258	0.040278	0.006706	-67.615730	-67.746651
22.241554	0.046983	0.006706	-67.605675	-67.739952
22.272850	0.053704	0.006706	-67.595604	-67.739952
22.304146	0.053704	0.010058	-67.598953	-67.746651
22.335442	0.050351	0.010058	-67.602310	-67.753372
22.366739	0.046983	0.010058	-67.605675	-67.756729
22.398035	0.043631	0.010058	-67.605675	-67.760094
22.429331	0.040278	0.010058	-67.612381	-67.763451
22.460627	0.033557	0.006706	-67.619102	-67.763451
22.491922	0.030205	0.010058	-67.622452	-67.756729
22.523218	0.030205	0.010058	-67.625809	-67.750023
22.554514	0.030205	0.006706	-67.632523	-67.750023
22.585810	0.033557	0.000000	-67.629173	-67.756729
22.617105	0.036925	-0.010073	-67.629173	-67.773521
22.648401	0.043631	-0.020146	-67.622452	-67.783577
22.679697	0.046983	-0.033572	-67.619102	-67.790298
22.710993	0.043631	-0.046998	-67.622452	-67.793655
22.742289	0.033557	-0.060439	-67.625809	-67.793655
22.773584	0.026852	-0.073865	-67.629173	-67.797020
22.804880	0.030205	-0.093997	-67.622452	-67.803726
22.836176	0.036925	-0.110790	-67.615730	-67.823875
22.867474	0.036925	-0.127569	-67.622452	-67.857445
22.898769	0.030205	-0.147715	-67.639229	-67.901077
22.930065	0.023484	-0.154421	-67.645950	-67.917870
22.961361	0.016779	-0.127569	-67.649307	-67.874222
22.992657	0.013426	-0.080571	-67.656029	-67.793655
23.023952	0.013426	-0.043646	-67.649307	-67.729874
23.055248	0.020131	-0.033572	-67.645950	-67.719803
23.086544	0.033557	-0.033572	-67.632523	-67.723152
23.117840	0.043631	-0.040293	-67.625809	-67.733231
23.149136	0.040278	-0.050366	-67.629173	-67.756729
23.180431	0.036925	-0.057071	-67.632523	-67.770157
23.211727	0.033557	-0.053719	-67.642601	-67.763451
23.243023	0.026852	-0.046998	-67.656029	-67.760094
23.274319	0.020131	-0.043646	-67.669449	-67.760094
23.305614	0.013426	-0.040293	-67.676155	-67.760094
23.336912	0.010058	-0.036940	-67.676155	-67.756729
23.368208	0.013426	-0.030220	-67.672806	-67.753372
23.399504	0.013426	-0.023499	-67.672806	-67.756729
23.430799	0.016779	-0.020146	-67.662727	-67.763451
23.462095	0.013426	-0.020146	-67.656029	-67.776871
23.493391	0.006706	-0.020146	-67.659378	-67.793655
23.524687	0.003353	-0.016794	-67.666100	-67.800369
23.555983	0.006706	-0.013441	-67.669449	-67.800369
23.587278	0.013426	-0.020146	-67.662727	-67.810448
23.618574	0.023484	-0.030220	-67.656029	-67.827225
23.649870	0.030205	-0.036940	-67.645950	-67.840652
23.681166	0.030205	-0.040293	-67.642601	-67.847374
23.712461	0.023484	-0.040293	-67.652672	-67.854080
23.743757	0.020131	-0.036940	-67.662727	-67.860794
23.775053	0.020131	-0.036940	-67.662727	-67.870872
23.806349	0.020131	-0.033572	-67.662727	-67.887650
23.837646	0.020131	-0.036940	-67.666100	-67.917870
23.868942	0.023484	-0.040293	-67.672806	-67.938004
23.900238	0.020131	-0.036940	-67.679527	-67.954796
23.931534	0.010058	-0.030220	-67.696304	-67.961502
23.962830	0.000000	-0.023499	-67.716446	-67.974937
23.994125	-0.006720	-0.016794	-67.736595	-67.998421
24.025421	-0.010073	-0.016794	-67.746651	-68.031998
24.056717	-0.010073	-0.016794	-67.753372	-68.068924
24.088013	-0.010073	0.003353	-67.750023	-68.092422
24.119308	0.003353	0.030205	-67.726524	-68.112564
24.150604	0.013426	0.057057	-67.706375	-68.146141
24.181900	0.013426	0.083923	-67.699654	-68.189781
24.213196	0.013426	0.110775	-67.706375	-68.246841
24.244492	0.013426	0.144348	-67.709732	-68.320694
24.275787	0.020131	0.187978	-67.716446	-68.418053
24.307083	0.016779	0.238329	-67.733231	-68.538902
24.338381	0.013426	0.295401	-67.750023	-68.696678
24.369677	0.013426	0.362545	-67.760094	-68.881302
24.400972	0.013426	0.429690	-67.763451	-69.112938
24.432268	0.010058	0.500172	-67.766800	-69.381493
24.463564	0.006706	0.557244	-67.776871	-69.693703
24.494860	0.000000	0.587463	-67.776871	-70.032745
24.526155	0.003353	0.570670	-67.770157	-70.371788
24.557451	0.006706	0.486746	-67.766800	-70.673927
24.588747	0.000000	0.315547	-67.776871	-70.895477
24.620043	-0.010073	0.050351	-67.793655	-71.009621
24.651339	-0.010073	-0.292063	-67.803726	-71.019691
24.682634	-0.003368	-0.691533	-67.800369	-70.959267
24.713930	0.003353	-1.107797	-67.797020	-70.855202
24.745226	0.000000	-1.507282	-67.803726	-70.710854
24.776522	-0.003368	-1.873180	-67.817154	-70.516136
24.807819	0.000000	-2.202168	-67.823875	-70.274445
24.839115	0.000000	-2.497584	-67.830574	-69.989098
24.870411	0.000000	-2.749354	-67.847374	-69.646698
24.901707	-0.003368	-2.937347	-67.860794	-69.257286
24.933002	0.000000	-3.051475	-67.874222	-68.847748
24.964298	0.006706	-3.071621	-67.887650	-68.444908
24.995594	0.010058	-2.980977	-67.907799	-68.082359
25.026890	0.010058	-2.772853	-67.921219	-67.800369
25.058186	0.016779	-2.474084	-67.931297	-67.635880
25.089481	0.020131	-2.135024	-67.941368	-67.575455
25.120777	0.023484	-1.802698	-67.954796	-67.575455
25.152073	0.030205	-1.507282	-67.978294	-67.602310
25.183369	0.040278	-1.268938	-68.008499	-67.645950
25.214664	0.053704	-1.080945	-68.031998	-67.686234
25.245960	0.073850	-0.919819	-68.058861	-67.713097
25.277256	0.090629	-0.792250	-68.105850	-67.736595
25.308554	0.107422	-0.694901	-68.166283	-67.756729
25.339849	0.127554	-0.614330	-68.233414	-67.776871
25.371145	0.157773	-0.550553	-68.303909	-67.790298
25.402441	0.201404	-0.493482	-68.381134	-67.803726
25.433737	0.261828	-0.436410	-68.465057	-67.803726
25.465033	0.342399	-0.389412	-68.572479	-67.800369
25.496328	0.439748	-0.352487	-68.723526	-67.807076
25.527624	0.563964	-0.328988	-68.924950	-67.803726
25.558920	0.725091	-0.308841	-69.170013	-67.807076
25.590216	0.913084	-0.295416	-69.458710	-67.813797
25.621511	1.070857	-0.285342	-69.784325	-67.823875
25.652807	1.151428	-0.278637	-70.109947	-67.837296
25.684103	1.111150	-0.265211	-70.398659	-67.837296
25.715399	0.950009	-0.245064	-70.633636	-67.820518
25.746695	0.681460	-0.224918	-70.801483	-67.807076
25.777990	0.335693	-0.211492	-70.912270	-67.793655
25.809288	-0.043646	-0.204787	-70.969330	-67.783577
25.840584	-0.439763	-0.187993	-70.972694	-67.763451
25.871880	-0.839248	-0.171214	-70.925697	-67.746651
25.903175	-1.235366	-0.154421	-70.824982	-67.736595
25.934471	-1.628131	-0.147715	-70.657135	-67.739952
25.965767	-2.017543	-0.137642	-70.412086	-67.739952
25.997063	-2.390161	-0.120863	-70.103241	-67.729874
26.028358	-2.769500	-0.114143	-69.626556	-67.733231
26.059654	-2.940700	-0.110790	-69.213646	-67.739952
26.090950	-2.950773	-0.110790	-68.824249	-67.750023
26.122246	-2.809778	-0.117496	-68.488556	-67.763451
26.153542	-2.574787	-0.117496	-68.230064	-67.760094
26.184837	-2.289444	-0.117496	-68.052139	-67.753372
26.216133	-1.990676	-0.114143	-67.938004	-67.743301
26.247429	-1.698628	-0.114143	-67.860794	-67.736595
26.278725	-1.436785	-0.110790	-67.813797	-67.736595
26.310022	-1.215219	-0.107422	-67.793655	-67.733231
26.341318	-1.030594	-0.100717	-67.786949	-67.729874
26.372614	-0.879526	-0.093997	-67.786949	-67.733231
26.403910	-0.755325	-0.087291	-67.793655	-67.736595
26.435205	-0.651255	-0.077218	-67.800369	-67.729874
26.466501	-0.563979	-0.070497	-67.803726	-67.723152
26.497797	-0.490129	-0.067145	-67.803726	-67.726524
26.529093	-0.433058	-0.070497	-67.807076	-67.736595
26.560389	-0.382707	-0.070497	-67.807076	-67.736595
26.591684	-0.339061	-0.070497	-67.797020	-67.733231
26.622980	-0.305489	-0.070497	-67.793655	-67.736595
26.654276	-0.285342	-0.060439	-67.793655	-67.729874
26.685572	-0.265211	-0.057071	-67.797020	-67.726524
26.716867	-0.245064	-0.053719	-67.790298	-67.726524
26.748163	-0.224918	-0.053719	-67.780228	-67.723152
26.779461	-0.211492	-0.050366	-67.773521	-67.713097
26.810757	-0.198066	-0.040293	-67.773521	-67.696304
26.842052	-0.181288	-0.033572	-67.776871	-67.682877
26.873348	-0.161141	-0.033572	-67.763451	-67.689598
26.904644	-0.154421	-0.040293	-67.760094	-67.706375
26.935940	-0.154421	-0.043646	-67.770157	-67.719803
26.967236	-0.151068	-0.043646	-67.770157	-67.723152
26.998531	-0.134289	-0.036940	-67.750023	-67.719803
27.029827	-0.120863	-0.033572	-67.733231	-67.713097
27.061123	-0.114143	-0.036940	-67.729874	-67.709732
27.092419	-0.114143	-0.043646	-67.729874	-67.713097
27.123714	-0.107422	-0.046998	-67.729874	-67.716446
27.155010	-0.104070	-0.040293	-67.729874	-67.709732
27.186306	-0.097364	-0.036940	-67.729874	-67.706375
27.217602	-0.087291	-0.040293	-67.723152	-67.713097
27.248898	-0.077218	-0.046998	-67.713097	-67.716446
27.280195	-0.067145	-0.043646	-67.709732	-67.716446
27.311491	-0.063792	-0.040293	-67.709732	-67.716446
27.342787	-0.057071	-0.040293	-67.709732	-67.719803
27.374083	-0.050366	-0.040293	-67.709732	-67.723152
27.405378	-0.046998	-0.036940	-67.713097	-67.716446
27.436674	-0.050366	-0.033572	-67.726524	-67.706375
27.467970	-0.046998	-0.036940	-67.729874	-67.699654
27.499266	-0.043646	-0.043646	-67.719803	-67.706375
27.530561	-0.036940	-0.046998	-67.713097	-67.716446
27.561857	-0.033572	-0.040293	-67.713097	-67.709732
27.593153	-0.033572	-0.023499	-67.723152	-67.686234
27.624449	-0.030220	-0.006720	-67.723152	-67.672806
27.655745	-0.026867	-0.003368	-67.719803	-67.676155
27.687040	-0.020146	-0.006720	-67.716446	-67.689598
27.718336	-0.020146	-0.016794	-67.716446	-67.703026
27.749632	-0.020146	-0.023499	-67.716446	-67.709732
27.780930	-0.020146	-0.023499	-67.713097	-67.709732
27.812225	-0.020146	-0.020146	-67.716446	-67.706375
27.843521	-0.016794	-0.020146	-67.713097	-67.703026
27.874817	-0.010073	-0.013441	-67.703026	-67.692947
27.906113	-0.006720	-0.013441	-67.692947	-67.686234
27.937408	-0.006720	-0.016794	-67.686234	-67.686234
27.968704	-0.010073	-0.013441	-67.682877	-67.682877
