26.019428	0.060380	0.221550	-0.130951	-0.503600
26.028803	0.060380	0.221550	-0.130951	-0.513673
26.038176	0.060380	0.221550	-0.130951	-0.513673
26.047550	0.060380	0.221550	-0.141025	-0.513673
26.056923	0.060380	0.221550	-0.141025	-0.513673
26.066298	0.060380	0.221550	-0.151098	-0.503600
26.075672	0.060380	0.221550	-0.141025	-0.503600
26.085045	0.060380	0.221550	-0.141025	-0.493526
26.094419	0.060380	0.221550	-0.151098	-0.503600
26.103794	0.060380	0.221550	-0.151098	-0.503600
26.113167	0.060380	0.221550	-0.161171	-0.503600
26.122541	0.060380	0.221550	-0.161171	-0.513673
26.131916	0.070453	0.221550	-0.161171	-0.523686
26.141289	0.070453	0.221550	-0.161171	-0.523686
26.150663	0.070453	0.221550	-0.171244	-0.503600
26.160038	0.070453	0.221550	-0.171244	-0.493526
26.169411	0.070453	0.221550	-0.181317	-0.493526
26.178785	0.060380	0.211477	-0.191391	-0.493526
26.188158	0.060380	0.211477	-0.181317	-0.493526
26.197533	0.060380	0.211477	-0.171244	-0.493526
26.206907	0.070453	0.211477	-0.161171	-0.503600
26.216280	0.060380	0.211477	-0.161171	-0.513673
26.225655	0.060380	0.211477	-0.161171	-0.523686
26.235029	0.060380	0.211477	-0.161171	-0.513673
26.244402	0.070453	0.211477	-0.161171	-0.503600
26.253777	0.070453	0.211477	-0.161171	-0.493526
26.263151	0.070453	0.221550	-0.161171	-0.503600
26.272524	0.070453	0.221550	-0.171244	-0.503600
26.281898	0.080526	0.221550	-0.171244	-0.503600
26.291273	0.090599	0.231624	-0.161171	-0.503600
26.300646	0.100672	0.231624	-0.151098	-0.503600
26.310020	0.100672	0.221550	-0.151098	-0.503600
26.319393	0.100672	0.221550	-0.161171	-0.493526
26.328768	0.090599	0.231624	-0.161171	-0.483453
26.338142	0.080526	0.231624	-0.161171	-0.483453
26.347515	0.080526	0.221550	-0.171244	-0.503600
26.356890	0.090599	0.221550	-0.181317	-0.523686
26.366264	0.090599	0.221550	-0.181317	-0.533760
26.375637	0.100672	0.221550	-0.171244	-0.533760
26.385012	0.100672	0.221550	-0.171244	-0.533760
26.394386	0.100672	0.221550	-0.171244	-0.523686
26.403759	0.090599	0.221550	-0.181317	-0.513673
26.413134	0.080526	0.231624	-0.191391	-0.503600
26.422508	0.080526	0.231624	-0.191391	-0.493526
26.431881	0.080526	0.221550	-0.201464	-0.503600
26.441256	0.080526	0.221550	-0.211537	-0.513673
26.450628	0.080526	0.221550	-0.201464	-0.513673
26.460003	0.080526	0.221550	-0.191391	-0.513673
26.469378	0.080526	0.221550	-0.181317	-0.513673
26.478750	0.080526	0.221550	-0.181317	-0.503600
26.488125	0.080526	0.221550	-0.181317	-0.513673
26.497499	0.080526	0.221550	-0.181317	-0.513673
26.506872	0.080526	0.231624	-0.171244	-0.503600
26.516247	0.080526	0.231624	-0.171244	-0.493526
26.525621	0.090599	0.231624	-0.171244	-0.493526
26.534994	0.090599	0.221550	-0.171244	-0.503600
26.544369	0.090599	0.221550	-0.181317	-0.503600
26.553743	0.090599	0.221550	-0.171244	-0.503600
26.563116	0.090599	0.221550	-0.181317	-0.493526
26.572491	0.090599	0.221550	-0.191391	-0.503600
26.581863	0.090599	0.221550	-0.201464	-0.503600
26.591238	0.090599	0.221550	-0.211537	-0.503600
26.600613	0.090599	0.211477	-0.201464	-0.503600
26.609985	0.090599	0.211477	-0.211537	-0.503600
26.619360	0.090599	0.211477	-0.211537	-0.513673
26.628735	0.090599	0.211477	-0.211537	-0.523686
26.638107	0.080526	0.211477	-0.201464	-0.513673
26.647482	0.080526	0.211477	-0.201464	-0.513673
26.656857	0.080526	0.211477	-0.201464	-0.513673
26.666229	0.080526	0.211477	-0.201464	-0.513673
26.675604	0.080526	0.221550	-0.191391	-0.503600
26.684978	0.080526	0.221550	-0.191391	-0.503600
26.694351	0.090599	0.231624	-0.191391	-0.493526
26.703726	0.100672	0.231624	-0.191391	-0.503600
26.713099	0.100672	0.231624	-0.191391	-0.513673
26.722473	0.100672	0.231624	-0.191391	-0.513673
26.731848	0.100672	0.231624	-0.191391	-0.503600
26.741220	0.110745	0.231624	-0.181317	-0.493526
26.750595	0.110745	0.221550	-0.181317	-0.503600
26.759970	0.110745	0.221550	-0.191391	-0.503600
26.769342	0.110745	0.211477	-0.191391	-0.503600
26.778717	0.100672	0.221550	-0.181317	-0.493526
26.788092	0.100672	0.221550	-0.181317	-0.503600
26.797464	0.100672	0.221550	-0.191391	-0.513673
26.806839	0.100672	0.221550	-0.191391	-0.523686
26.816214	0.100672	0.231624	-0.191391	-0.513673
26.825586	0.110745	0.231624	-0.201464	-0.513673
26.834961	0.110745	0.231624	-0.201464	-0.503600
26.844334	0.120819	0.231624	-0.201464	-0.503600
26.853708	0.120819	0.231624	-0.201464	-0.503600
26.863083	0.120819	0.231624	-0.211537	-0.493526
26.872456	0.120819	0.231624	-0.201464	-0.493526
26.881830	0.110745	0.231624	-0.201464	-0.503600
26.891205	0.110745	0.231624	-0.201464	-0.503600
26.900578	0.110745	0.231624	-0.201464	-0.513673
26.909952	0.110745	0.231624	-0.201464	-0.503600
26.919327	0.110745	0.231624	-0.201464	-0.503600
26.928699	0.110745	0.231624	-0.201464	-0.493526
26.938074	0.100672	0.231624	-0.201464	-0.493526
26.947449	0.100672	0.231624	-0.201464	-0.493526
26.956821	0.100672	0.241697	-0.191391	-0.483453
26.966196	0.090599	0.241697	-0.191391	-0.483453
26.975569	0.090599	0.231624	-0.191391	-0.493526
26.984943	0.090599	0.231624	-0.181317	-0.493526
26.994318	0.100672	0.231624	-0.181317	-0.493526
27.003691	0.100672	0.231624	-0.181317	-0.493526
27.013065	0.100672	0.231624	-0.181317	-0.503600
27.022440	0.100672	0.231624	-0.191391	-0.513673
27.031813	0.100672	0.231624	-0.191391	-0.513673
27.041187	0.100672	0.231624	-0.191391	-0.523686
27.050562	0.100672	0.231624	-0.191391	-0.523686
27.059935	0.100672	0.231624	-0.191391	-0.523686
27.069309	0.100672	0.231624	-0.191391	-0.523686
27.078684	0.100672	0.231624	-0.201464	-0.513673
27.088057	0.100672	0.231624	-0.211537	-0.513673
27.097431	0.110745	0.241697	-0.211537	-0.513673
27.106804	0.110745	0.231624	-0.211537	-0.523686
27.116179	0.110745	0.231624	-0.221610	-0.523686
27.125553	0.110745	0.231624	-0.231683	-0.523686
27.134926	0.110745	0.221550	-0.231683	-0.513673
27.144300	0.110745	0.221550	-0.221610	-0.503600
27.153675	0.120819	0.231624	-0.211537	-0.493526
27.163048	0.120819	0.231624	-0.211537	-0.493526
27.172422	0.120819	0.231624	-0.221610	-0.493526
27.181797	0.120819	0.231624	-0.231683	-0.493526
27.191170	0.120819	0.231624	-0.221610	-0.503600
27.200544	0.120819	0.231624	-0.221610	-0.503600
27.209919	0.120819	0.231624	-0.221610	-0.493526
27.219292	0.110745	0.241697	-0.221610	-0.493526
27.228666	0.100672	0.231624	-0.231683	-0.483453
27.238039	0.100672	0.231624	-0.231683	-0.493526
27.247414	0.100672	0.231624	-0.241756	-0.493526
27.256788	0.100672	0.231624	-0.251830	-0.493526
27.266161	0.100672	0.221550	-0.251830	-0.503600
27.275536	0.110745	0.221550	-0.251830	-0.513673
27.284910	0.110745	0.231624	-0.231683	-0.513673
27.294283	0.110745	0.231624	-0.231683	-0.503600
27.303658	0.110745	0.231624	-0.231683	-0.503600
27.313032	0.110745	0.241697	-0.231683	-0.503600
27.322405	0.110745	0.241697	-0.231683	-0.503600
27.331779	0.110745	0.241697	-0.231683	-0.493526
27.341154	0.100672	0.231624	-0.231683	-0.493526
27.350527	0.100672	0.231624	-0.241756	-0.503600
27.359901	0.100672	0.231624	-0.241756	-0.503600
27.369274	0.110745	0.231624	-0.241756	-0.503600
27.378649	0.110745	0.231624	-0.231683	-0.493526
27.388023	0.110745	0.231624	-0.231683	-0.493526
27.397396	0.110745	0.231624	-0.241756	-0.503600
27.406771	0.110745	0.241697	-0.241756	-0.503600
27.416145	0.110745	0.241697	-0.251830	-0.493526
27.425518	0.110745	0.241697	-0.251830	-0.483453
27.434893	0.110745	0.241697	-0.251830	-0.483453
27.444267	0.120819	0.241697	-0.251830	-0.483453
27.453640	0.120819	0.231624	-0.241756	-0.493526
27.463015	0.120819	0.231624	-0.231683	-0.493526
27.472389	0.120819	0.231624	-0.221610	-0.493526
27.481762	0.120819	0.241697	-0.231683	-0.503600
27.491137	0.120819	0.241697	-0.241756	-0.513673
27.500509	0.110745	0.241697	-0.241756	-0.513673
27.509884	0.110745	0.241697	-0.231683	-0.513673
27.519258	0.110745	0.241697	-0.221610	-0.513673
27.528631	0.110745	0.241697	-0.231683	-0.513673
27.538006	0.110745	0.231624	-0.231683	-0.523686
27.547380	0.110745	0.231624	-0.231683	-0.513673
27.556753	0.110745	0.231624	-0.231683	-0.513673
27.566128	0.120819	0.231624	-0.241756	-0.513673
27.575502	0.110745	0.231624	-0.261843	-0.513673
27.584875	0.110745	0.231624	-0.271916	-0.503600
27.594250	0.110745	0.231624	-0.271916	-0.503600
27.603624	0.110745	0.231624	-0.261843	-0.503600
27.612997	0.110745	0.231624	-0.261843	-0.503600
27.622372	0.110745	0.231624	-0.261843	-0.503600
27.631744	0.120819	0.241697	-0.251830	-0.493526
27.641119	0.130892	0.251770	-0.241756	-0.493526
27.650494	0.130892	0.251770	-0.241756	-0.493526
27.659866	0.130892	0.251770	-0.241756	-0.493526
27.669241	0.130892	0.251770	-0.251830	-0.503600
27.678616	0.130892	0.251770	-0.241756	-0.493526
27.687988	0.120819	0.251770	-0.221610	-0.493526
27.697363	0.120819	0.251770	-0.221610	-0.493526
27.706738	0.120819	0.251770	-0.221610	-0.503600
27.716110	0.110745	0.251770	-0.221610	-0.503600
27.725485	0.110745	0.251770	-0.221610	-0.503600
27.734859	0.110745	0.251770	-0.231683	-0.493526
27.744232	0.110745	0.251770	-0.231683	-0.503600
27.753607	0.110745	0.251770	-0.241756	-0.513673
27.762980	0.110745	0.251770	-0.251830	-0.523686
27.772354	0.110745	0.251770	-0.251830	-0.523686
27.781729	0.110745	0.251770	-0.261843	-0.523686
27.791101	0.110745	0.251770	-0.261843	-0.523686
27.800476	0.110745	0.251770	-0.261843	-0.523686
27.809851	0.120819	0.261784	-0.261843	-0.513673
27.819223	0.120819	0.261784	-0.261843	-0.503600
27.828598	0.120819	0.261784	-0.271916	-0.503600
27.837973	0.120819	0.261784	-0.271916	-0.503600
27.847345	0.120819	0.251770	-0.271916	-0.513673
27.856720	0.110745	0.251770	-0.271916	-0.513673
27.866095	0.110745	0.251770	-0.261843	-0.503600
27.875467	0.110745	0.251770	-0.261843	-0.513673
27.884842	0.120819	0.261784	-0.251830	-0.513673
27.894215	0.120819	0.261784	-0.251830	-0.513673
27.903589	0.130892	0.261784	-0.241756	-0.503600
27.912964	0.130892	0.261784	-0.241756	-0.503600
27.922337	0.140965	0.271857	-0.241756	-0.503600
27.931711	0.140965	0.271857	-0.241756	-0.513673
27.941086	0.140965	0.281930	-0.251830	-0.513673
27.950459	0.140965	0.281930	-0.251830	-0.513673
27.959833	0.140965	0.281930	-0.251830	-0.523686
27.969208	0.140965	0.281930	-0.251830	-0.533760
27.978580	0.130892	0.292003	-0.251830	-0.533760
27.987955	0.130892	0.292003	-0.251830	-0.523686
27.997330	0.120819	0.302076	-0.251830	-0.533760
28.006702	0.120819	0.302076	-0.251830	-0.543833
28.016077	0.120819	0.312150	-0.261843	-0.553906
28.025450	0.130892	0.312150	-0.261843	-0.553906
28.034824	0.120819	0.322223	-0.261843	-0.553906
28.044199	0.120819	0.332296	-0.261843	-0.553906
28.053572	0.120819	0.342369	-0.261843	-0.563979
28.062946	0.120819	0.342369	-0.261843	-0.563979
28.072321	0.130892	0.352442	-0.271916	-0.574052
28.081694	0.130892	0.362515	-0.281990	-0.584126
28.091068	0.130892	0.362515	-0.292063	-0.594199
28.100443	0.130892	0.372589	-0.281990	-0.604272
28.109816	0.140965	0.382662	-0.271916	-0.604272
28.119190	0.140965	0.402808	-0.271916	-0.604272
28.128565	0.140965	0.412881	-0.271916	-0.614345
28.137938	0.140965	0.422955	-0.271916	-0.614345
28.147312	0.140965	0.422955	-0.271916	-0.614345
28.156685	0.140965	0.422955	-0.261843	-0.614345
28.166059	0.140965	0.412881	-0.261843	-0.604272
28.175434	0.130892	0.392735	-0.271916	-0.594199
28.184807	0.130892	0.372589	-0.271916	-0.584126
28.194181	0.120819	0.362515	-0.281990	-0.584126
28.203556	0.120819	0.352442	-0.271916	-0.584126
28.212929	0.120819	0.342369	-0.271916	-0.574052
28.222303	0.120819	0.332296	-0.271916	-0.574052
28.231678	0.130892	0.332296	-0.271916	-0.563979
28.241051	0.140965	0.322223	-0.271916	-0.563979
28.250425	0.151038	0.322223	-0.271916	-0.553906
28.259800	0.151038	0.312150	-0.281990	-0.553906
28.269173	0.151038	0.312150	-0.292063	-0.543833
28.278547	0.151038	0.302076	-0.281990	-0.533760
28.287920	0.151038	0.292003	-0.281990	-0.523686
28.297295	0.151038	0.292003	-0.281990	-0.513673
28.306669	0.140965	0.281930	-0.292063	-0.513673
28.316042	0.140965	0.281930	-0.292063	-0.523686
28.325417	0.140965	0.281930	-0.281990	-0.523686
28.334791	0.140965	0.281930	-0.271916	-0.513673
28.344164	0.140965	0.271857	-0.281990	-0.513673
28.353539	0.130892	0.271857	-0.281990	-0.513673
28.362913	0.130892	0.271857	-0.292063	-0.523686
28.372286	0.130892	0.271857	-0.281990	-0.523686
28.381660	0.130892	0.271857	-0.281990	-0.513673
28.391035	0.130892	0.271857	-0.281990	-0.503600
28.400408	0.130892	0.271857	-0.292063	-0.503600
28.409782	0.130892	0.271857	-0.292063	-0.503600
28.419155	0.130892	0.261784	-0.292063	-0.503600
28.428530	0.130892	0.261784	-0.292063	-0.493526
28.437904	0.130892	0.251770	-0.302136	-0.503600
28.447277	0.130892	0.251770	-0.312209	-0.513673
28.456652	0.140965	0.241697	-0.302136	-0.513673
28.466026	0.140965	0.241697	-0.302136	-0.503600
28.475399	0.140965	0.241697	-0.292063	-0.493526
28.484774	0.140965	0.241697	-0.302136	-0.503600
28.494148	0.151038	0.241697	-0.312209	-0.513673
28.503521	0.151038	0.241697	-0.302136	-0.513673
28.512896	0.151038	0.241697	-0.292063	-0.493526
28.522270	0.151038	0.241697	-0.292063	-0.503600
28.531643	0.140965	0.241697	-0.302136	-0.503600
28.541018	0.140965	0.241697	-0.302136	-0.513673
28.550390	0.151038	0.241697	-0.302136	-0.503600
28.559765	0.151038	0.241697	-0.292063	-0.493526
28.569139	0.151038	0.241697	-0.302136	-0.493526
28.578512	0.140965	0.231624	-0.312209	-0.493526
28.587887	0.140965	0.231624	-0.312209	-0.493526
28.597261	0.140965	0.221550	-0.312209	-0.493526
28.606634	0.140965	0.221550	-0.302136	-0.493526
28.616009	0.140965	0.221550	-0.312209	-0.483453
28.625383	0.140965	0.221550	-0.312209	-0.483453
28.634756	0.140965	0.221550	-0.292063	-0.483453
28.644131	0.140965	0.231624	-0.281990	-0.473380
28.653505	0.140965	0.231624	-0.271916	-0.463307
28.662878	0.140965	0.231624	-0.281990	-0.473380
28.672253	0.140965	0.231624	-0.281990	-0.493526
28.681625	0.140965	0.231624	-0.281990	-0.503600
28.691000	0.140965	0.231624	-0.281990	-0.503600
28.700375	0.151038	0.231624	-0.292063	-0.503600
28.709747	0.140965	0.231624	-0.302136	-0.503600
28.719122	0.151038	0.241697	-0.312209	-0.503600
28.728497	0.151038	0.241697	-0.302136	-0.493526
28.737869	0.161111	0.251770	-0.302136	-0.483453
28.747244	0.151038	0.251770	-0.322282	-0.483453
28.756618	0.151038	0.241697	-0.332355	-0.483453
28.765991	0.140965	0.241697	-0.332355	-0.493526
28.775366	0.151038	0.241697	-0.322282	-0.483453
28.784740	0.151038	0.241697	-0.322282	-0.473380
28.794113	0.151038	0.231624	-0.332355	-0.473380
28.803488	0.151038	0.231624	-0.332355	-0.473380
28.812860	0.151038	0.221550	-0.322282	-0.463307
28.822235	0.151038	0.221550	-0.322282	-0.463307
28.831610	0.151038	0.221550	-0.312209	-0.463307
28.840982	0.140965	0.221550	-0.322282	-0.473380
28.850357	0.140965	0.221550	-0.322282	-0.473380
28.859732	0.151038	0.221550	-0.312209	-0.473380
28.869104	0.161111	0.221550	-0.302136	-0.473380
28.878479	0.161111	0.231624	-0.292063	-0.483453
28.887854	0.161111	0.231624	-0.292063	-0.483453
28.897226	0.151038	0.231624	-0.292063	-0.483453
28.906601	0.151038	0.231624	-0.292063	-0.473380
28.915976	0.151038	0.231624	-0.292063	-0.473380
28.925348	0.151038	0.231624	-0.292063	-0.483453
28.934723	0.151038	0.231624	-0.292063	-0.483453
28.944096	0.151038	0.231624	-0.292063	-0.483453
28.953470	0.151038	0.231624	-0.302136	-0.483453
28.962845	0.161111	0.231624	-0.302136	-0.493526
28.972218	0.161111	0.231624	-0.312209	-0.493526
28.981592	0.161111	0.231624	-0.312209	-0.493526
28.990967	0.161111	0.231624	-0.312209	-0.483453
29.000340	0.151038	0.231624	-0.312209	-0.483453
29.009714	0.151038	0.231624	-0.322282	-0.493526
29.019089	0.151038	0.231624	-0.322282	-0.493526
29.028461	0.151038	0.231624	-0.322282	-0.493526
29.037836	0.151038	0.231624	-0.312209	-0.493526
29.047211	0.151038	0.231624	-0.312209	-0.483453
29.056583	0.151038	0.231624	-0.312209	-0.483453
29.065958	0.161111	0.231624	-0.312209	-0.483453
29.075331	0.161111	0.231624	-0.302136	-0.473380
29.084705	0.161111	0.231624	-0.302136	-0.473380
29.094080	0.161111	0.231624	-0.302136	-0.473380
29.103453	0.161111	0.231624	-0.302136	-0.473380
29.112827	0.161111	0.231624	-0.292063	-0.483453
29.122202	0.171185	0.231624	-0.302136	-0.483453
29.131575	0.171185	0.231624	-0.312209	-0.473380
29.140949	0.171185	0.241697	-0.312209	-0.473380
29.150324	0.161111	0.241697	-0.312209	-0.473380
29.159697	0.161111	0.241697	-0.312209	-0.473380
29.169071	0.161111	0.241697	-0.322282	-0.473380
29.178446	0.161111	0.241697	-0.322282	-0.483453
29.187819	0.161111	0.231624	-0.322282	-0.483453
29.197193	0.161111	0.231624	-0.322282	-0.493526
29.206566	0.161111	0.231624	-0.322282	-0.493526
29.215940	0.171185	0.221550	-0.322282	-0.493526
29.225315	0.171185	0.221550	-0.332355	-0.483453
29.234688	0.161111	0.221550	-0.342429	-0.483453
29.244062	0.161111	0.231624	-0.332355	-0.473380
29.253437	0.161111	0.231624	-0.342429	-0.483453
29.262810	0.161111	0.221550	-0.352502	-0.483453
29.272184	0.161111	0.221550	-0.352502	-0.473380
29.281559	0.161111	0.221550	-0.342429	-0.473380
29.290932	0.171185	0.221550	-0.332355	-0.473380
29.300306	0.161111	0.231624	-0.332355	-0.463307
29.309681	0.161111	0.231624	-0.342429	-0.463307
29.319054	0.161111	0.231624	-0.342429	-0.463307
29.328428	0.171185	0.231624	-0.332355	-0.463307
29.337801	0.171185	0.231624	-0.322282	-0.463307
29.347176	0.171185	0.231624	-0.322282	-0.463307
29.356550	0.181258	0.231624	-0.322282	-0.463307
29.365923	0.181258	0.231624	-0.312209	-0.473380
29.375298	0.181258	0.231624	-0.302136	-0.473380
29.384672	0.171185	0.231624	-0.302136	-0.473380
29.394045	0.161111	0.231624	-0.312209	-0.473380
29.403419	0.161111	0.221550	-0.322282	-0.473380
29.412794	0.161111	0.221550	-0.322282	-0.483453
29.422167	0.171185	0.221550	-0.322282	-0.483453
29.431541	0.171185	0.221550	-0.322282	-0.483453
29.440916	0.171185	0.211477	-0.322282	-0.493526
29.450289	0.171185	0.211477	-0.332355	-0.493526
29.459663	0.171185	0.211477	-0.332355	-0.493526
29.469036	0.171185	0.211477	-0.322282	-0.483453
29.478411	0.171185	0.211477	-0.332355	-0.483453
29.487785	0.161111	0.211477	-0.342429	-0.483453
29.497158	0.161111	0.221550	-0.342429	-0.483453
29.506533	0.161111	0.221550	-0.342429	-0.473380
29.515907	0.171185	0.221550	-0.342429	-0.473380
29.525280	0.171185	0.221550	-0.342429	-0.463307
29.534655	0.171185	0.221550	-0.342429	-0.463307
29.544029	0.181258	0.221550	-0.332355	-0.453234
29.553402	0.181258	0.231624	-0.332355	-0.443161
29.562777	0.181258	0.231624	-0.332355	-0.443161
29.572151	0.181258	0.231624	-0.332355	-0.453234
29.581524	0.181258	0.231624	-0.332355	-0.453234
29.590899	0.181258	0.231624	-0.332355	-0.453234
29.600271	0.181258	0.231624	-0.322282	-0.463307
29.609646	0.191331	0.231624	-0.322282	-0.463307
29.619020	0.191331	0.231624	-0.322282	-0.473380
29.628393	0.191331	0.231624	-0.322282	-0.473380
29.637768	0.191331	0.231624	-0.312209	-0.473380
29.647142	0.191331	0.231624	-0.312209	-0.473380
29.656515	0.181258	0.231624	-0.312209	-0.483453
29.665890	0.181258	0.231624	-0.332355	-0.483453
29.675264	0.181258	0.231624	-0.332355	-0.493526
29.684637	0.181258	0.221550	-0.332355	-0.493526
29.694012	0.181258	0.221550	-0.332355	-0.493526
29.703386	0.181258	0.221550	-0.342429	-0.493526
29.712759	0.181258	0.221550	-0.362575	-0.483453
29.722134	0.181258	0.231624	-0.362575	-0.483453
29.731506	0.181258	0.231624	-0.372648	-0.473380
29.740881	0.181258	0.231624	-0.382721	-0.473380
29.750256	0.181258	0.231624	-0.382721	-0.483453
29.759628	0.181258	0.231624	-0.382721	-0.483453
29.769003	0.181258	0.231624	-0.372648	-0.473380
29.778378	0.181258	0.231624	-0.362575	-0.463307
29.787750	0.181258	0.231624	-0.342429	-0.463307
29.797125	0.181258	0.231624	-0.342429	-0.453234
29.806499	0.181258	0.231624	-0.342429	-0.443161
29.815872	0.181258	0.221550	-0.342429	-0.443161
29.825247	0.181258	0.221550	-0.342429	-0.443161
29.834621	0.181258	0.221550	-0.342429	-0.443161
29.843994	0.181258	0.221550	-0.352502	-0.453234
29.853369	0.181258	0.221550	-0.342429	-0.443161
29.862741	0.191331	0.221550	-0.342429	-0.443161
29.872116	0.191331	0.221550	-0.332355	-0.443161
29.881491	0.191331	0.231624	-0.332355	-0.453234
29.890863	0.181258	0.231624	-0.342429	-0.463307
29.900238	0.181258	0.231624	-0.342429	-0.463307
29.909613	0.191331	0.231624	-0.352502	-0.463307
29.918985	0.191331	0.231624	-0.352502	-0.473380
29.928360	0.191331	0.221550	-0.352502	-0.493526
29.937735	0.191331	0.221550	-0.352502	-0.493526
29.947107	0.181258	0.221550	-0.352502	-0.483453
29.956482	0.181258	0.221550	-0.362575	-0.483453
29.965857	0.181258	0.221550	-0.362575	-0.483453
29.975229	0.171185	0.221550	-0.372648	-0.483453
29.984604	0.171185	0.221550	-0.372648	-0.483453
29.993977	0.181258	0.221550	-0.372648	-0.483453
30.003351	0.191331	0.221550	-0.372648	-0.483453
30.012726	0.201404	0.221550	-0.362575	-0.483453
30.022099	0.201404	0.221550	-0.362575	-0.473380
30.031473	0.201404	0.221550	-0.352502	-0.473380
30.040848	0.201404	0.221550	-0.362575	-0.473380
30.050220	0.201404	0.221550	-0.352502	-0.473380
30.059595	0.201404	0.211477	-0.342429	-0.473380
30.068970	0.201404	0.211477	-0.342429	-0.473380
30.078342	0.191331	0.211477	-0.342429	-0.473380
30.087717	0.201404	0.221550	-0.352502	-0.473380
30.097092	0.201404	0.221550	-0.342429	-0.473380
30.106464	0.211477	0.221550	-0.342429	-0.473380
30.115839	0.211477	0.221550	-0.342429	-0.463307
30.125212	0.211477	0.221550	-0.352502	-0.453234
30.134586	0.211477	0.221550	-0.362575	-0.443161
30.143961	0.211477	0.211477	-0.372648	-0.443161
30.153334	0.211477	0.211477	-0.382721	-0.443161
30.162708	0.201404	0.211477	-0.382721	-0.443161
30.172083	0.201404	0.211477	-0.382721	-0.453234
30.181456	0.201404	0.211477	-0.382721	-0.453234
30.190830	0.201404	0.211477	-0.372648	-0.463307
30.200205	0.211477	0.211477	-0.362575	-0.453234
30.209578	0.211477	0.211477	-0.372648	-0.463307
30.218952	0.211477	0.211477	-0.382721	-0.463307
30.228327	0.211477	0.211477	-0.382721	-0.463307
30.237700	0.231624	0.201404	-0.382721	-0.463307
30.247074	0.231624	0.201404	-0.382721	-0.453234
30.256447	0.241697	0.201404	-0.392795	-0.453234
30.265821	0.241697	0.201404	-0.402868	-0.453234
30.275196	0.241697	0.201404	-0.402868	-0.443161
30.284569	0.241697	0.201404	-0.392795	-0.443161
30.293943	0.241697	0.201404	-0.392795	-0.443161
30.303318	0.241697	0.201404	-0.392795	-0.443161
30.312691	0.251770	0.211477	-0.392795	-0.443161
30.322065	0.261784	0.211477	-0.382721	-0.443161
30.331440	0.271857	0.211477	-0.382721	-0.443161
30.340813	0.281930	0.211477	-0.382721	-0.443161
30.350187	0.292003	0.211477	-0.382721	-0.453234
30.359562	0.302076	0.211477	-0.392795	-0.463307
30.368935	0.322223	0.201404	-0.392795	-0.463307
30.378309	0.332296	0.201404	-0.402868	-0.463307
30.387682	0.342369	0.201404	-0.423014	-0.463307
30.397057	0.352442	0.191331	-0.463307	-0.463307
30.406431	0.362515	0.191331	-0.483453	-0.473380
30.415804	0.372589	0.201404	-0.483453	-0.463307
30.425179	0.382662	0.201404	-0.483453	-0.453234
30.434553	0.382662	0.201404	-0.493526	-0.463307
30.443926	0.372589	0.201404	-0.503600	-0.463307
30.453300	0.362515	0.211477	-0.493526	-0.463307
30.462675	0.352442	0.211477	-0.483453	-0.453234
30.472048	0.342369	0.211477	-0.473380	-0.453234
30.481422	0.332296	0.211477	-0.473380	-0.453234
30.490797	0.322223	0.211477	-0.453234	-0.463307
30.500170	0.312150	0.201404	-0.433087	-0.463307
30.509544	0.302076	0.201404	-0.423014	-0.453234
30.518917	0.292003	0.201404	-0.423014	-0.453234
30.528292	0.281930	0.201404	-0.423014	-0.453234
30.537666	0.281930	0.201404	-0.412941	-0.443161
30.547039	0.271857	0.201404	-0.402868	-0.443161
30.556414	0.271857	0.201404	-0.392795	-0.433087
30.565788	0.261784	0.211477	-0.392795	-0.423014
30.575161	0.251770	0.211477	-0.392795	-0.433087
30.584536	0.251770	0.201404	-0.392795	-0.443161
30.593910	0.251770	0.201404	-0.372648	-0.443161
30.603283	0.251770	0.211477	-0.362575	-0.433087
30.612658	0.241697	0.211477	-0.372648	-0.443161
30.622032	0.241697	0.211477	-0.382721	-0.443161
30.631405	0.241697	0.211477	-0.382721	-0.443161
30.640779	0.241697	0.211477	-0.382721	-0.433087
30.650152	0.241697	0.211477	-0.392795	-0.443161
30.659527	0.241697	0.211477	-0.392795	-0.453234
30.668901	0.241697	0.201404	-0.392795	-0.453234
30.678274	0.241697	0.201404	-0.392795	-0.453234
30.687649	0.231624	0.211477	-0.392795	-0.453234
30.697023	0.231624	0.211477	-0.392795	-0.453234
30.706396	0.221550	0.211477	-0.392795	-0.453234
30.715771	0.221550	0.211477	-0.392795	-0.453234
30.725145	0.221550	0.211477	-0.392795	-0.443161
30.734518	0.221550	0.211477	-0.392795	-0.443161
30.743893	0.221550	0.211477	-0.382721	-0.443161
30.753267	0.211477	0.211477	-0.382721	-0.443161
30.762640	0.211477	0.211477	-0.382721	-0.443161
30.772015	0.201404	0.211477	-0.382721	-0.433087
30.781387	0.201404	0.201404	-0.382721	-0.433087
30.790762	0.201404	0.201404	-0.372648	-0.433087
30.800137	0.201404	0.191331	-0.372648	-0.433087
30.809509	0.191331	0.201404	-0.372648	-0.443161
30.818884	0.201404	0.201404	-0.372648	-0.433087
30.828259	0.201404	0.191331	-0.372648	-0.433087
30.837631	0.201404	0.191331	-0.372648	-0.443161
30.847006	0.201404	0.191331	-0.372648	-0.453234
30.856380	0.211477	0.201404	-0.382721	-0.453234
30.865753	0.211477	0.201404	-0.382721	-0.443161
30.875128	0.211477	0.201404	-0.392795	-0.443161
30.884502	0.211477	0.201404	-0.402868	-0.453234
30.893875	0.211477	0.201404	-0.402868	-0.453234
30.903250	0.211477	0.201404	-0.402868	-0.443161
30.912622	0.201404	0.201404	-0.402868	-0.443161
30.921997	0.201404	0.201404	-0.402868	-0.443161
30.931372	0.201404	0.201404	-0.402868	-0.443161
30.940744	0.201404	0.201404	-0.402868	-0.443161
30.950119	0.201404	0.191331	-0.402868	-0.433087
30.959494	0.201404	0.191331	-0.402868	-0.433087
30.968866	0.201404	0.191331	-0.402868	-0.433087
30.978241	0.211477	0.191331	-0.402868	-0.423014
30.987616	0.211477	0.191331	-0.402868	-0.433087
30.996988	0.201404	0.191331	-0.392795	-0.433087
31.006363	0.201404	0.191331	-0.382721	-0.433087
31.015738	0.191331	0.201404	-0.382721	-0.433087
31.025110	0.191331	0.201404	-0.382721	-0.423014
31.034485	0.191331	0.211477	-0.382721	-0.423014
31.043858	0.191331	0.211477	-0.382721	-0.412941
31.053232	0.191331	0.211477	-0.372648	-0.402868
31.062607	0.191331	0.211477	-0.362575	-0.412941
31.071980	0.191331	0.201404	-0.362575	-0.423014
31.081354	0.191331	0.201404	-0.362575	-0.423014
31.090729	0.191331	0.201404	-0.372648	-0.423014
31.100101	0.191331	0.201404	-0.382721	-0.433087
31.109476	0.191331	0.201404	-0.382721	-0.443161
31.118851	0.191331	0.211477	-0.382721	-0.443161
31.128223	0.191331	0.211477	-0.392795	-0.443161
31.137598	0.191331	0.211477	-0.402868	-0.443161
31.146973	0.201404	0.211477	-0.402868	-0.463307
31.156345	0.201404	0.201404	-0.402868	-0.453234
31.165720	0.201404	0.201404	-0.402868	-0.443161
31.175093	0.201404	0.201404	-0.402868	-0.433087
31.184467	0.201404	0.191331	-0.402868	-0.433087
31.193842	0.201404	0.201404	-0.392795	-0.423014
31.203215	0.211477	0.201404	-0.382721	-0.412941
31.212589	0.201404	0.201404	-0.382721	-0.402868
31.221964	0.201404	0.201404	-0.382721	-0.402868
31.231337	0.211477	0.201404	-0.382721	-0.412941
31.240711	0.211477	0.211477	-0.372648	-0.412941
31.250086	0.211477	0.211477	-0.382721	-0.412941
31.259459	0.211477	0.211477	-0.382721	-0.412941
31.268833	0.211477	0.211477	-0.382721	-0.412941
31.278208	0.211477	0.211477	-0.372648	-0.423014
31.287580	0.201404	0.221550	-0.372648	-0.423014
31.296955	0.201404	0.221550	-0.372648	-0.423014
31.306328	0.201404	0.221550	-0.372648	-0.423014
31.315702	0.201404	0.211477	-0.372648	-0.433087
31.325077	0.201404	0.201404	-0.372648	-0.433087
31.334450	0.201404	0.201404	-0.372648	-0.433087
31.343824	0.201404	0.201404	-0.382721	-0.433087
31.353199	0.201404	0.201404	-0.392795	-0.433087
31.362572	0.201404	0.201404	-0.392795	-0.443161
31.371946	0.201404	0.201404	-0.402868	-0.443161
31.381321	0.191331	0.201404	-0.402868	-0.433087
31.390694	0.191331	0.201404	-0.412941	-0.433087
31.400068	0.191331	0.191331	-0.412941	-0.433087
31.409443	0.191331	0.191331	-0.412941	-0.433087
31.418816	0.201404	0.201404	-0.402868	-0.433087
31.428190	0.201404	0.201404	-0.392795	-0.433087
31.437563	0.211477	0.201404	-0.392795	-0.433087
31.446938	0.211477	0.191331	-0.392795	-0.433087
31.456312	0.211477	0.191331	-0.392795	-0.433087
31.465685	0.201404	0.191331	-0.382721	-0.423014
31.475060	0.201404	0.191331	-0.392795	-0.423014
31.484434	0.201404	0.191331	-0.402868	-0.412941
31.493807	0.201404	0.191331	-0.402868	-0.412941
31.503181	0.201404	0.191331	-0.392795	-0.412941
31.512556	0.201404	0.191331	-0.382721	-0.402868
31.521929	0.201404	0.191331	-0.392795	-0.392795
31.531303	0.201404	0.191331	-0.392795	-0.392795
31.540678	0.201404	0.191331	-0.382721	-0.402868
31.550051	0.201404	0.191331	-0.372648	-0.412941
31.559425	0.201404	0.191331	-0.372648	-0.423014
31.568798	0.201404	0.191331	-0.372648	-0.423014
31.578173	0.201404	0.191331	-0.382721	-0.433087
31.587547	0.201404	0.181258	-0.382721	-0.443161
31.596920	0.201404	0.181258	-0.382721	-0.443161
31.606295	0.191331	0.181258	-0.392795	-0.433087
31.615669	0.191331	0.191331	-0.412941	-0.433087
31.625042	0.191331	0.191331	-0.412941	-0.433087
31.634417	0.191331	0.201404	-0.412941	-0.433087
31.643791	0.191331	0.201404	-0.402868	-0.433087
31.653164	0.181258	0.201404	-0.412941	-0.433087
31.662539	0.181258	0.201404	-0.412941	-0.433087
31.671913	0.181258	0.201404	-0.412941	-0.423014
31.681286	0.191331	0.191331	-0.402868	-0.423014
31.690660	0.191331	0.191331	-0.402868	-0.412941
31.700033	0.191331	0.181258	-0.402868	-0.402868
31.709408	0.191331	0.181258	-0.412941	-0.402868
31.718782	0.191331	0.181258	-0.402868	-0.412941
31.728155	0.191331	0.181258	-0.392795	-0.412941
31.737530	0.191331	0.191331	-0.392795	-0.402868
31.746904	0.191331	0.191331	-0.402868	-0.402868
31.756277	0.191331	0.201404	-0.402868	-0.402868
31.765652	0.201404	0.201404	-0.392795	-0.402868
31.775026	0.201404	0.201404	-0.392795	-0.402868
31.784399	0.201404	0.201404	-0.402868	-0.392795
31.793774	0.201404	0.191331	-0.402868	-0.402868
31.803148	0.201404	0.191331	-0.402868	-0.402868
31.812521	0.201404	0.191331	-0.402868	-0.412941
31.821896	0.201404	0.191331	-0.402868	-0.423014
31.831268	0.201404	0.191331	-0.402868	-0.433087
31.840643	0.191331	0.181258	-0.402868	-0.453234
31.850018	0.191331	0.181258	-0.402868	-0.453234
31.859390	0.191331	0.181258	-0.402868	-0.453234
31.868765	0.191331	0.181258	-0.412941	-0.443161
31.878139	0.191331	0.191331	-0.423014	-0.443161
31.887512	0.191331	0.191331	-0.423014	-0.433087
31.896887	0.201404	0.191331	-0.412941	-0.423014
31.906261	0.201404	0.191331	-0.412941	-0.412941
31.915634	0.201404	0.201404	-0.412941	-0.412941
31.925009	0.201404	0.191331	-0.412941	-0.412941
31.934383	0.191331	0.191331	-0.423014	-0.412941
31.943756	0.191331	0.191331	-0.423014	-0.402868
31.953131	0.191331	0.191331	-0.412941	-0.402868
31.962503	0.181258	0.191331	-0.412941	-0.402868
31.971878	0.191331	0.191331	-0.402868	-0.402868
31.981253	0.191331	0.191331	-0.402868	-0.402868
31.990625	0.191331	0.191331	-0.392795	-0.392795
