24.983185	-0.396132	-1.054093	109.997246	109.997246
24.992565	-0.396132	-1.054093	109.997246	109.997246
25.001945	-0.396132	-1.054093	109.997246	109.997246
25.011326	-0.396132	-1.054093	109.997246	109.997246
25.020706	-0.396132	-1.054093	109.997246	109.997246
25.030088	-0.399485	-1.057446	109.997246	109.997246
25.039469	-0.402838	-1.057446	109.997246	109.997246
25.048849	-0.406206	-1.060799	109.997246	109.997246
25.058229	-0.412911	-1.060799	109.997246	109.997246
25.067612	-0.416264	-1.057446	109.997246	109.997246
25.076992	-0.419632	-1.054093	109.997246	109.997246
25.086372	-0.419632	-1.050740	109.997246	109.997246
25.095753	-0.422984	-1.050740	109.997246	109.997246
25.105135	-0.426337	-1.054093	109.997246	109.997246
25.114515	-0.426337	-1.054093	109.997246	109.997246
25.123896	-0.433058	-1.050740	109.997246	109.997246
25.133276	-0.433058	-1.050740	109.997246	109.997246
25.142656	-0.436410	-1.050740	109.997246	109.997246
25.152039	-0.439763	-1.050740	109.997246	109.997246
25.161419	-0.443131	-1.050740	109.997246	109.997246
25.170799	-0.443131	-1.054093	109.997246	109.997246
25.180180	-0.443131	-1.054093	109.997246	109.997246
25.189562	-0.446483	-1.057446	109.997246	109.997246
25.198942	-0.449836	-1.057446	109.997246	109.997246
25.208323	-0.453189	-1.057446	109.997246	109.997246
25.217703	-0.453189	-1.060799	109.997246	109.997246
25.227083	-0.453189	-1.060799	109.997246	109.997246
25.236465	-0.453189	-1.060799	109.997246	109.997246
25.245846	-0.453189	-1.060799	109.997246	109.997246
25.255226	-0.456557	-1.060799	109.997246	109.997246
25.264606	-0.456557	-1.064166	109.997246	109.997246
25.273989	-0.459909	-1.064166	109.997246	109.997246
25.283369	-0.463262	-1.064166	109.997246	109.997246
25.292749	-0.463262	-1.064166	109.997246	109.997246
25.302130	-0.466630	-1.064166	109.997246	109.997246
25.311510	-0.469983	-1.064166	109.997246	109.997246
25.320892	-0.473335	-1.060799	109.997246	109.997246
25.330273	-0.473335	-1.060799	109.997246	109.997246
25.339653	-0.473335	-1.060799	109.997246	109.997246
25.349033	-0.473335	-1.057446	109.997246	109.997246
25.358416	-0.476688	-1.057446	109.997246	109.997246
25.367796	-0.480056	-1.060799	109.997246	109.997246
25.377176	-0.483409	-1.060799	109.997246	109.997246
25.386557	-0.483409	-1.060799	109.997246	109.997246
25.395937	-0.483409	-1.060799	109.997246	109.997246
25.405319	-0.486761	-1.060799	109.997246	109.997246
25.414700	-0.486761	-1.064166	109.997246	109.997246
25.424080	-0.490129	-1.064166	109.997246	109.997246
25.433460	-0.490129	-1.067519	109.997246	109.997246
25.442842	-0.493482	-1.067519	109.997246	109.997246
25.452223	-0.493482	-1.067519	109.997246	109.997246
25.461603	-0.496835	-1.070872	109.997246	109.997246
25.470984	-0.496835	-1.070872	109.997246	109.997246
25.480366	-0.496835	-1.067519	109.997246	109.997246
25.489746	-0.500187	-1.067519	109.997246	109.997246
25.499126	-0.503555	-1.067519	109.997246	109.997246
25.508507	-0.503555	-1.067519	109.997246	109.997246
25.517887	-0.503555	-1.067519	109.997246	109.997246
25.527269	-0.503555	-1.067519	109.997246	109.997246
25.536650	-0.506908	-1.064166	109.997246	109.997246
25.546030	-0.510260	-1.064166	109.997246	109.997246
25.555410	-0.513628	-1.064166	109.997246	109.997246
25.564793	-0.516981	-1.064166	109.997246	109.997246
25.574173	-0.516981	-1.067519	109.997246	109.997246
25.583553	-0.520334	-1.067519	109.997246	109.997246
25.592934	-0.523686	-1.070872	109.997246	109.997246
25.602314	-0.523686	-1.074225	109.997246	109.997246
25.611696	-0.527054	-1.074225	109.997246	109.997246
25.621077	-0.530407	-1.077592	109.997246	109.997246
25.630457	-0.530407	-1.077592	109.997246	109.997246
25.639837	-0.530407	-1.077592	109.997246	109.997246
25.649220	-0.533760	-1.077592	109.997246	109.997246
25.658600	-0.533760	-1.074225	109.997246	109.997246
25.667980	-0.537112	-1.074225	109.997246	109.997246
25.677361	-0.540480	-1.074225	109.997246	109.997246
25.686741	-0.543833	-1.074225	109.997246	109.997246
25.696123	-0.547186	-1.074225	109.997246	109.997246
25.705503	-0.550553	-1.074225	109.997246	109.997246
25.714884	-0.553906	-1.070872	109.997246	109.997246
25.724264	-0.557259	-1.070872	109.997246	109.997246
25.733646	-0.557259	-1.067519	109.997246	109.997246
25.743027	-0.560611	-1.067519	109.997246	109.997246
25.752407	-0.560611	-1.067519	109.997246	109.997246
25.761787	-0.563979	-1.067519	109.997246	109.997246
25.771168	-0.563979	-1.070872	109.997246	109.997246
25.780550	-0.567332	-1.070872	109.997246	109.997246
25.789930	-0.567332	-1.070872	109.997246	109.997246
25.799311	-0.567332	-1.070872	109.997246	109.997246
25.808691	-0.567332	-1.067519	109.997246	109.997246
25.818073	-0.570685	-1.070872	109.997246	109.997246
25.827454	-0.570685	-1.070872	109.997246	109.997246
25.836834	-0.570685	-1.070872	109.997246	109.997246
25.846214	-0.574052	-1.070872	109.997246	109.997246
25.855597	-0.574052	-1.070872	109.997246	109.997246
25.864977	-0.577405	-1.070872	109.997246	109.997246
25.874357	-0.580758	-1.070872	109.997246	109.997246
25.883738	-0.580758	-1.070872	109.997246	109.997246
25.893118	-0.580758	-1.070872	109.997246	109.997246
25.902500	-0.580758	-1.070872	109.997246	109.997246
25.911880	-0.580758	-1.070872	109.997246	109.997246
25.921261	-0.580758	-1.070872	109.997246	109.997246
25.930641	-0.580758	-1.070872	109.997246	109.997246
25.940023	-0.580758	-1.067519	109.997246	109.997246
25.949404	-0.580758	-1.067519	109.997246	109.997246
25.958784	-0.580758	-1.067519	109.997246	109.997246
25.968164	-0.580758	-1.070872	109.997246	109.997246
25.977545	-0.584111	-1.070872	109.997246	109.997246
25.986927	-0.587478	-1.070872	109.997246	109.997246
25.996307	-0.587478	-1.074225	109.997246	109.997246
26.005688	-0.590831	-1.077592	109.997246	109.997246
26.015068	-0.590831	-1.080945	109.997246	109.997246
26.024450	-0.594184	-1.084298	109.997246	109.997246
26.033831	-0.597551	-1.087666	109.997246	109.997246
26.043211	-0.597551	-1.091018	109.997246	109.997246
26.052591	-0.597551	-1.091018	109.997246	109.997246
26.061972	-0.594184	-1.087666	109.997246	109.997246
26.071354	-0.594184	-1.087666	109.997246	109.997246
26.080734	-0.597551	-1.087666	109.997246	109.997246
26.090115	-0.600904	-1.087666	109.997246	109.997246
26.099495	-0.604257	-1.091018	109.997246	109.997246
26.108877	-0.607610	-1.091018	109.997246	109.997246
26.118258	-0.607610	-1.087666	109.997246	109.997246
26.127638	-0.610977	-1.087666	109.997246	109.997246
26.137018	-0.614330	-1.084298	109.997246	109.997246
26.146399	-0.617683	-1.084298	109.997246	109.997246
26.155781	-0.617683	-1.087666	109.997246	109.997246
26.165161	-0.621051	-1.091018	109.997246	109.997246
26.174541	-0.621051	-1.091018	109.997246	109.997246
26.183922	-0.621051	-1.094371	109.997246	109.997246
26.193304	-0.624403	-1.094371	109.997246	109.997246
26.202684	-0.624403	-1.091018	109.997246	109.997246
26.212065	-0.624403	-1.091018	109.997246	109.997246
26.221445	-0.624403	-1.091018	109.997246	109.997246
26.230827	-0.624403	-1.091018	109.997246	109.997246
26.240208	-0.627756	-1.091018	109.997246	109.997246
26.249588	-0.627756	-1.091018	109.997246	109.997246
26.258968	-0.627756	-1.094371	109.997246	109.997246
26.268349	-0.627756	-1.094371	109.997246	109.997246
26.277731	-0.631109	-1.097724	109.997246	109.997246
26.287111	-0.634477	-1.097724	109.997246	109.997246
26.296492	-0.637829	-1.097724	109.997246	109.997246
26.305872	-0.641182	-1.097724	109.997246	109.997246
26.315254	-0.644535	-1.094371	109.997246	109.997246
26.324635	-0.647902	-1.094371	109.997246	109.997246
26.334015	-0.647902	-1.094371	109.997246	109.997246
26.343395	-0.647902	-1.094371	109.997246	109.997246
26.352776	-0.647902	-1.094371	109.997246	109.997246
26.362158	-0.647902	-1.094371	109.997246	109.997246
26.371538	-0.651255	-1.097724	109.997246	109.997246
26.380919	-0.654608	-1.101092	109.997246	109.997246
26.390299	-0.654608	-1.101092	109.997246	109.997246
26.399681	-0.654608	-1.104444	109.997246	109.997246
26.409061	-0.654608	-1.104444	109.997246	109.997246
26.418442	-0.654608	-1.104444	109.997246	109.997246
26.427822	-0.657976	-1.104444	109.997246	109.997246
26.437202	-0.661328	-1.104444	109.997246	109.997246
26.446585	-0.664681	-1.104444	109.997246	109.997246
26.455965	-0.664681	-1.101092	109.997246	109.997246
26.465345	-0.668034	-1.101092	109.997246	109.997246
26.474726	-0.671402	-1.104444	109.997246	109.997246
26.484108	-0.671402	-1.107797	109.997246	109.997246
26.493488	-0.674754	-1.107797	109.997246	109.997246
26.502869	-0.674754	-1.107797	109.997246	109.997246
26.512249	-0.678107	-1.107797	109.997246	109.997246
26.521631	-0.681475	-1.107797	109.997246	109.997246
26.531012	-0.681475	-1.107797	109.997246	109.997246
26.540392	-0.681475	-1.107797	109.997246	109.997246
26.549772	-0.681475	-1.111165	109.997246	109.997246
26.559153	-0.684828	-1.111165	109.997246	109.997246
26.568535	-0.684828	-1.107797	109.997246	109.997246
26.577915	-0.688180	-1.107797	109.997246	109.997246
26.587296	-0.691533	-1.111165	109.997246	109.997246
26.596676	-0.698254	-1.111165	109.997246	109.997246
26.606058	-0.698254	-1.111165	109.997246	109.997246
26.615438	-0.701606	-1.114517	109.997246	109.997246
26.624819	-0.701606	-1.114517	109.997246	109.997246
26.634199	-0.704974	-1.114517	109.997246	109.997246
26.643579	-0.704974	-1.114517	109.997246	109.997246
26.652962	-0.704974	-1.111165	109.997246	109.997246
26.662342	-0.704974	-1.111165	109.997246	109.997246
26.671722	-0.708327	-1.111165	109.997246	109.997246
26.681103	-0.711679	-1.111165	109.997246	109.997246
26.690485	-0.711679	-1.114517	109.997246	109.997246
26.699865	-0.715032	-1.114517	109.997246	109.997246
26.709246	-0.715032	-1.114517	109.997246	109.997246
26.718626	-0.718400	-1.114517	109.997246	109.997246
26.728006	-0.718400	-1.114517	109.997246	109.997246
26.737389	-0.718400	-1.114517	109.997246	109.997246
26.746769	-0.718400	-1.117870	109.997246	109.997246
26.756149	-0.718400	-1.117870	109.997246	109.997246
26.765530	-0.721753	-1.121223	109.997246	109.997246
26.774912	-0.725105	-1.121223	109.997246	109.997246
26.784292	-0.728473	-1.121223	109.997246	109.997246
26.793673	-0.728473	-1.121223	109.997246	109.997246
26.803053	-0.728473	-1.124591	109.997246	109.997246
26.812433	-0.728473	-1.124591	109.997246	109.997246
26.821815	-0.731826	-1.121223	109.997246	109.997246
26.831196	-0.731826	-1.121223	109.997246	109.997246
26.840576	-0.731826	-1.121223	109.997246	109.997246
26.849957	-0.735179	-1.121223	109.997246	109.997246
26.859339	-0.738531	-1.117870	109.997246	109.997246
26.868719	-0.738531	-1.117870	109.997246	109.997246
26.878099	-0.741899	-1.117870	109.997246	109.997246
26.887480	-0.741899	-1.117870	109.997246	109.997246
26.896862	-0.741899	-1.117870	109.997246	109.997246
26.906242	-0.745252	-1.121223	109.997246	109.997246
26.915623	-0.745252	-1.121223	109.997246	109.997246
26.925003	-0.745252	-1.121223	109.997246	109.997246
26.934383	-0.741899	-1.121223	109.997246	109.997246
26.943766	-0.741899	-1.121223	109.997246	109.997246
26.953146	-0.745252	-1.121223	109.997246	109.997246
26.962526	-0.745252	-1.121223	109.997246	109.997246
26.971907	-0.748605	-1.121223	109.997246	109.997246
26.981289	-0.748605	-1.124591	109.997246	109.997246
26.990669	-0.751957	-1.127943	109.997246	109.997246
27.000050	-0.755325	-1.131296	109.997246	109.997246
27.009430	-0.758678	-1.131296	109.997246	109.997246
27.018810	-0.762030	-1.131296	109.997246	109.997246
27.028193	-0.765398	-1.131296	109.997246	109.997246
27.037573	-0.768751	-1.134664	109.997246	109.997246
27.046953	-0.775456	-1.134664	109.997246	109.997246
27.056334	-0.775456	-1.134664	109.997246	109.997246
27.065716	-0.775456	-1.138017	109.997246	109.997246
27.075096	-0.778824	-1.134664	109.997246	109.997246
27.084476	-0.778824	-1.134664	109.997246	109.997246
27.093857	-0.778824	-1.134664	109.997246	109.997246
27.103237	-0.782177	-1.134664	109.997246	109.997246
27.112619	-0.782177	-1.134664	109.997246	109.997246
27.122000	-0.785530	-1.131296	109.997246	109.997246
27.131380	-0.785530	-1.131296	109.997246	109.997246
27.140760	-0.788897	-1.131296	109.997246	109.997246
27.150143	-0.785530	-1.131296	109.997246	109.997246
27.159523	-0.788897	-1.131296	109.997246	109.997246
27.168903	-0.788897	-1.134664	109.997246	109.997246
27.178284	-0.792250	-1.134664	109.997246	109.997246
27.187664	-0.792250	-1.134664	109.997246	109.997246
27.197046	-0.792250	-1.138017	109.997246	109.997246
27.206427	-0.792250	-1.138017	109.997246	109.997246
27.215807	-0.792250	-1.141369	109.997246	109.997246
27.225187	-0.792250	-1.144722	109.997246	109.997246
27.234570	-0.792250	-1.144722	109.997246	109.997246
27.243950	-0.792250	-1.144722	109.997246	109.997246
27.253330	-0.795603	-1.144722	109.997246	109.997246
27.262711	-0.795603	-1.144722	109.997246	109.997246
27.272093	-0.798956	-1.144722	109.997246	109.997246
27.281473	-0.798956	-1.148090	109.997246	109.997246
27.290854	-0.802323	-1.151443	109.997246	109.997246
27.300234	-0.805676	-1.151443	109.997246	109.997246
27.309614	-0.809029	-1.151443	109.997246	109.997246
27.318996	-0.812396	-1.151443	109.997246	109.997246
27.328377	-0.815749	-1.148090	109.997246	109.997246
27.337757	-0.819102	-1.144722	109.997246	109.997246
27.347137	-0.819102	-1.144722	109.997246	109.997246
27.356520	-0.822455	-1.141369	109.997246	109.997246
27.365900	-0.822455	-1.144722	109.997246	109.997246
27.375280	-0.822455	-1.144722	109.997246	109.997246
27.384661	-0.825822	-1.144722	109.997246	109.997246
27.394041	-0.825822	-1.148090	109.997246	109.997246
27.403423	-0.829175	-1.148090	109.997246	109.997246
27.412804	-0.829175	-1.151443	109.997246	109.997246
27.422184	-0.832528	-1.151443	109.997246	109.997246
27.431564	-0.832528	-1.154795	109.997246	109.997246
27.440947	-0.832528	-1.154795	109.997246	109.997246
27.450327	-0.832528	-1.158163	109.997246	109.997246
27.459707	-0.832528	-1.161516	109.997246	109.997246
27.469088	-0.832528	-1.161516	109.997246	109.997246
27.478468	-0.832528	-1.161516	109.997246	109.997246
27.487850	-0.832528	-1.161516	109.997246	109.997246
27.497231	-0.832528	-1.161516	109.997246	109.997246
27.506611	-0.832528	-1.164868	109.997246	109.997246
27.515991	-0.832528	-1.164868	109.997246	109.997246
27.525373	-0.835896	-1.168221	109.997246	109.997246
27.534754	-0.839248	-1.171589	109.997246	109.997246
27.544134	-0.839248	-1.171589	109.997246	109.997246
27.553514	-0.842601	-1.171589	109.997246	109.997246
27.562895	-0.842601	-1.174942	109.997246	109.997246
27.572277	-0.845954	-1.174942	109.997246	109.997246
27.581657	-0.845954	-1.178294	109.997246	109.997246
27.591038	-0.845954	-1.178294	109.997246	109.997246
27.600418	-0.845954	-1.181647	109.997246	109.997246
27.609800	-0.849321	-1.181647	109.997246	109.997246
27.619181	-0.852674	-1.181647	109.997246	109.997246
27.628561	-0.852674	-1.181647	109.997246	109.997246
27.637941	-0.856027	-1.181647	109.997246	109.997246
27.647324	-0.859380	-1.181647	109.997246	109.997246
27.656704	-0.862747	-1.181647	109.997246	109.997246
27.666084	-0.862747	-1.185015	109.997246	109.997246
27.675465	-0.862747	-1.188368	109.997246	109.997246
27.684845	-0.866100	-1.188368	109.997246	109.997246
27.694227	-0.869453	-1.188368	109.997246	109.997246
27.703608	-0.872821	-1.188368	109.997246	109.997246
27.712988	-0.876173	-1.185015	109.997246	109.997246
27.722368	-0.876173	-1.185015	109.997246	109.997246
27.731750	-0.876173	-1.185015	109.997246	109.997246
27.741131	-0.879526	-1.185015	109.997246	109.997246
27.750511	-0.879526	-1.185015	109.997246	109.997246
27.759892	-0.879526	-1.188368	109.997246	109.997246
27.769272	-0.882879	-1.191720	109.997246	109.997246
27.778654	-0.886247	-1.195088	109.997246	109.997246
27.788034	-0.892952	-1.195088	109.997246	109.997246
27.797415	-0.896320	-1.198441	109.997246	109.997246
27.806795	-0.899673	-1.198441	109.997246	109.997246
27.816177	-0.903025	-1.198441	109.997246	109.997246
27.825558	-0.906378	-1.198441	109.997246	109.997246
27.834938	-0.909746	-1.201794	109.997246	109.997246
27.844318	-0.909746	-1.205146	109.997246	109.997246
27.853699	-0.909746	-1.208514	109.997246	109.997246
27.863081	-0.913098	-1.208514	109.997246	109.997246
27.872461	-0.913098	-1.211867	109.997246	109.997246
27.881842	-0.916451	-1.211867	109.997246	109.997246
27.891222	-0.919819	-1.215219	109.997246	109.997246
27.900604	-0.919819	-1.215219	109.997246	109.997246
27.909985	-0.919819	-1.218587	109.997246	109.997246
27.919365	-0.916451	-1.218587	109.997246	109.997246
27.928745	-0.916451	-1.221940	109.997246	109.997246
27.938128	-0.916451	-1.221940	109.997246	109.997246
27.947508	-0.919819	-1.218587	109.997246	109.997246
27.956888	-0.919819	-1.218587	109.997246	109.997246
27.966269	-0.923172	-1.218587	109.997246	109.997246
27.975649	-0.923172	-1.218587	109.997246	109.997246
27.985031	-0.923172	-1.221940	109.997246	109.997246
27.994411	-0.926524	-1.225293	109.997246	109.997246
28.003792	-0.929877	-1.225293	109.997246	109.997246
28.013172	-0.933245	-1.225293	109.997246	109.997246
28.022554	-0.936598	-1.225293	109.997246	109.997246
28.031935	-0.939950	-1.225293	109.997246	109.997246
28.041315	-0.943318	-1.228645	109.997246	109.997246
28.050695	-0.943318	-1.232013	109.997246	109.997246
28.060076	-0.950024	-1.232013	109.997246	109.997246
28.069458	-0.950024	-1.235366	109.997246	109.997246
28.078838	-0.953376	-1.238719	109.997246	109.997246
28.088219	-0.960097	-1.238719	109.997246	109.997246
28.097599	-0.963449	-1.242086	109.997246	109.997246
28.106981	-0.963449	-1.245439	109.997246	109.997246
28.116362	-0.966802	-1.245439	109.997246	109.997246
28.125742	-0.966802	-1.245439	109.997246	109.997246
28.135122	-0.966802	-1.245439	109.997246	109.997246
28.144503	-0.966802	-1.248792	109.997246	109.997246
28.153885	-0.966802	-1.248792	109.997246	109.997246
28.163265	-0.970170	-1.248792	109.997246	109.997246
28.172646	-0.970170	-1.248792	109.997246	109.997246
28.182026	-0.973523	-1.252145	109.997246	109.997246
28.191408	-0.976875	-1.252145	109.997246	109.997246
28.200788	-0.980243	-1.255512	109.997246	109.997246
28.210169	-0.983596	-1.258865	109.997246	109.997246
28.219549	-0.986949	-1.258865	109.997246	109.997246
28.228930	-0.990301	-1.262218	109.997246	109.997246
28.238312	-0.990301	-1.262218	109.997246	109.997246
28.247692	-0.993669	-1.265585	109.997246	109.997246
28.257072	-0.997022	-1.265585	109.997246	109.997246
28.266453	-1.000375	-1.268938	109.997246	109.997246
28.275835	-1.000375	-1.272291	109.997246	109.997246
28.285215	-1.003742	-1.279011	109.997246	109.997246
28.294596	-1.003742	-1.282364	109.997246	109.997246
28.303976	-1.007095	-1.285717	109.997246	109.997246
28.313358	-1.007095	-1.289070	109.997246	109.997246
28.322739	-1.007095	-1.289070	109.997246	109.997246
28.332119	-1.010448	-1.289070	109.997246	109.997246
28.341499	-1.013801	-1.289070	109.997246	109.997246
28.350880	-1.017168	-1.289070	109.997246	109.997246
28.360262	-1.023874	-1.289070	109.997246	109.997246
28.369642	-1.027241	-1.289070	109.997246	109.997246
28.379023	-1.027241	-1.292437	109.997246	109.997246
28.388403	-1.027241	-1.295790	109.997246	109.997246
28.397785	-1.030594	-1.299143	109.997246	109.997246
28.407166	-1.030594	-1.299143	109.997246	109.997246
28.416546	-1.030594	-1.302510	109.997246	109.997246
28.425926	-1.033947	-1.299143	109.997246	109.997246
28.435307	-1.037300	-1.299143	109.997246	109.997246
28.444689	-1.040667	-1.302510	109.997246	109.997246
28.454069	-1.044020	-1.302510	109.997246	109.997246
28.463449	-1.047373	-1.305863	109.997246	109.997246
28.472830	-1.050740	-1.305863	109.997246	109.997246
28.482212	-1.054093	-1.309216	109.997246	109.997246
28.491592	-1.054093	-1.315936	109.997246	109.997246
28.500973	-1.057446	-1.319289	109.997246	109.997246
28.510353	-1.060799	-1.322642	109.997246	109.997246
28.519733	-1.064166	-1.326010	109.997246	109.997246
28.529116	-1.067519	-1.329362	109.997246	109.997246
28.538496	-1.074225	-1.332715	109.997246	109.997246
28.547876	-1.077592	-1.339436	109.997246	109.997246
28.557257	-1.084298	-1.342788	109.997246	109.997246
28.566639	-1.087666	-1.346141	109.997246	109.997246
28.576019	-1.094371	-1.349509	109.997246	109.997246
28.585400	-1.097724	-1.349509	109.997246	109.997246
28.594780	-1.101092	-1.349509	109.997246	109.997246
28.604160	-1.101092	-1.352862	109.997246	109.997246
28.613543	-1.104444	-1.352862	109.997246	109.997246
28.622923	-1.104444	-1.356214	109.997246	109.997246
28.632303	-1.107797	-1.359567	109.997246	109.997246
28.641684	-1.114517	-1.362935	109.997246	109.997246
28.651066	-1.117870	-1.362935	109.997246	109.997246
28.660446	-1.121223	-1.366287	109.997246	109.997246
28.669827	-1.124591	-1.369640	109.997246	109.997246
28.679207	-1.131296	-1.373008	109.997246	109.997246
28.688589	-1.134664	-1.376361	109.997246	109.997246
28.697969	-1.138017	-1.379713	109.997246	109.997246
28.707350	-1.144722	-1.386434	109.997246	109.997246
28.716730	-1.148090	-1.396492	109.997246	109.997246
28.726110	-1.154795	-1.399860	109.997246	109.997246
28.735493	-1.161516	-1.403213	109.997246	109.997246
28.744873	-1.168221	-1.409933	109.997246	109.997246
28.754253	-1.171589	-1.413286	109.997246	109.997246
28.763634	-1.174942	-1.416638	109.997246	109.997246
28.773016	-1.178294	-1.419991	109.997246	109.997246
28.782396	-1.181647	-1.423359	109.997246	109.997246
28.791777	-1.188368	-1.426712	109.997246	109.997246
28.801157	-1.195088	-1.430064	109.997246	109.997246
28.810537	-1.201794	-1.436785	109.997246	109.997246
28.819920	-1.208514	-1.440138	109.997246	109.997246
28.829300	-1.211867	-1.446858	109.997246	109.997246
28.838680	-1.218587	-1.450211	109.997246	109.997246
28.848061	-1.225293	-1.456931	109.997246	109.997246
28.857443	-1.235366	-1.463637	109.997246	109.997246
28.866823	-1.242086	-1.470357	109.997246	109.997246
28.876204	-1.248792	-1.473710	109.997246	109.997246
28.885584	-1.252145	-1.480430	109.997246	109.997246
28.894964	-1.255512	-1.487136	109.997246	109.997246
28.904346	-1.262218	-1.497209	109.997246	109.997246
28.913727	-1.268938	-1.503915	109.997246	109.997246
28.923107	-1.275644	-1.513988	109.997246	109.997246
28.932487	-1.282364	-1.520708	109.997246	109.997246
28.941870	-1.285717	-1.530781	109.997246	109.997246
28.951250	-1.292437	-1.537487	109.997246	109.997246
28.960630	-1.295790	-1.544207	109.997246	109.997246
28.970011	-1.302510	-1.550913	109.997246	109.997246
28.979391	-1.309216	-1.557633	109.997246	109.997246
28.988773	-1.315936	-1.564354	109.997246	109.997246
28.998154	-1.326010	-1.574412	109.997246	109.997246
29.007534	-1.336068	-1.584485	109.997246	109.997246
29.016914	-1.342788	-1.597911	109.997246	109.997246
29.026297	-1.352862	-1.611337	109.997246	109.997246
29.035677	-1.359567	-1.621410	109.997246	109.997246
29.045057	-1.369640	-1.634836	109.997246	109.997246
29.054438	-1.379713	-1.648277	109.997246	109.997246
29.063820	-1.386434	-1.661703	109.997246	109.997246
29.073200	-1.396492	-1.675129	109.997246	109.997246
29.082581	-1.409933	-1.691908	109.997246	109.997246
29.091961	-1.419991	-1.708701	109.997246	109.997246
29.101341	-1.433432	-1.722127	109.997246	109.997246
29.110723	-1.446858	-1.742259	109.997246	109.997246
29.120104	-1.460284	-1.762405	109.997246	109.997246
29.129484	-1.473710	-1.782551	109.997246	109.997246
29.138865	-1.487136	-1.802698	109.997246	109.997246
29.148247	-1.503915	-1.822829	109.997246	109.997246
29.157627	-1.517355	-1.839623	109.997246	109.997246
29.167007	-1.534134	-1.863122	109.997246	109.997246
29.176388	-1.550913	-1.886621	109.997246	109.997246
29.185768	-1.567706	-1.910120	109.997246	109.997246
29.195150	-1.587853	-1.940325	109.997246	109.997246
29.204531	-1.607984	-1.967177	109.997246	109.997246
29.213911	-1.624778	-2.000749	109.997246	109.997246
29.223291	-1.644909	-2.034321	109.997246	109.997246
29.232674	-1.665056	-2.071247	109.997246	109.997246
29.242054	-1.685202	-2.111524	109.997246	109.997246
29.251434	-1.708701	-2.155170	109.997246	109.997246
29.260815	-1.732200	-2.202168	109.997246	109.997246
29.270195	-1.759052	-2.252519	109.997246	109.997246
29.279577	-1.785904	-2.309591	109.997246	109.997246
29.288958	-1.812756	-2.373368	109.997246	109.997246
29.298338	-1.842976	-2.440512	109.997246	109.997246
29.307718	-1.876548	-2.521083	109.997246	109.997246
29.317101	-1.910120	-2.615079	109.997246	109.997246
29.326481	-1.950398	-2.722502	109.997246	109.997246
29.335861	-1.994044	-2.843350	109.997246	109.997246
29.345242	-2.037674	-2.984345	109.997246	109.997246
29.354624	-2.088025	-3.148824	109.997246	109.997246
29.364004	-2.145097	-3.340170	109.997246	109.997246
29.373384	-2.205521	-3.568441	109.997246	109.997246
29.382765	-2.272666	-3.837004	109.997246	109.997246
29.392145	-2.349868	-4.152551	109.997246	109.997246
29.401527	-2.433792	-4.525185	109.997246	109.997246
29.410908	-2.524436	-4.954875	109.997246	109.997246
29.420288	-2.628505	-5.455062	109.997246	109.997246
29.429668	-2.746001	-6.019026	109.997246	109.997246
29.439051	-2.886981	-6.797835	109.997246	109.997246
29.448431	-3.051475	-7.462516	109.997246	109.997246
29.457811	-3.249541	-8.123830	109.997246	109.997246
29.467192	-3.484517	-8.748219	109.997246	109.997246
29.476572	-3.763154	-9.281978	109.997246	109.997246
29.485954	-4.098847	-9.664670	109.997246	109.997246
29.495335	-4.494965	-9.849310	109.997246	109.997246
29.504715	-4.958227	-9.798944	109.997246	109.997246
29.514095	-5.495339	-9.510249	109.997246	109.997246
29.523478	-6.099597	-9.000004	109.997246	109.997246
29.532858	-6.942183	-8.335322	109.997246	109.997246
29.542238	-7.657215	-7.596791	109.997246	109.997246
29.551619	-8.365527	-6.854907	109.997246	109.997246
29.560999	-9.006709	-6.173447	109.997246	109.997246
29.570381	-9.520322	-5.589336	109.997246	109.997246
29.579762	-9.839237	-5.095854	109.997246	109.997246
29.589142	-9.913087	-4.686311	109.997246	109.997246
29.598522	-9.731814	-4.347265	109.997246	109.997246
29.607904	-9.318903	-4.061923	109.997246	109.997246
29.617285	-8.738160	-3.816858	109.997246	109.997246
29.626665	-8.060053	-3.608733	109.997246	109.997246
29.636045	-7.355094	-3.427461	109.997246	109.997246
29.645426	-6.676987	-3.269672	109.997246	109.997246
29.654808	-6.052598	-3.132045	109.997246	109.997246
29.664188	-5.502045	-3.011197	109.997246	109.997246
29.673569	-5.028725	-2.900407	109.997246	109.997246
29.682949	-4.622534	-2.803057	109.997246	109.997246
29.692331	-4.273415	-2.715781	109.997246	109.997246
29.701712	-3.977999	-2.635211	109.997246	109.997246
29.711092	-3.722861	-2.558008	109.997246	109.997246
29.720472	-3.501311	-2.490863	109.997246	109.997246
29.729855	-3.316671	-2.427086	109.997246	109.997246
29.739235	-3.152192	-2.370015	109.997246	109.997246
29.748615	-3.014550	-2.316311	109.997246	109.997246
29.757996	-2.890348	-2.269313	109.997246	109.997246
29.767376	-2.779558	-2.225667	109.997246	109.997246
29.776758	-2.682209	-2.182022	109.997246	109.997246
29.786139	-2.591580	-2.141744	109.997246	109.997246
29.795519	-2.511010	-2.104819	109.997246	109.997246
29.804899	-2.437160	-2.071247	109.997246	109.997246
29.814281	-2.366662	-2.037674	109.997246	109.997246
29.823662	-2.302870	-2.004102	109.997246	109.997246
29.833042	-2.245814	-1.973897	109.997246	109.997246
29.842422	-2.195448	-1.947045	109.997246	109.997246
29.851803	-2.148449	-1.920179	109.997246	109.997246
29.861185	-2.104819	-1.896679	109.997246	109.997246
29.870565	-2.064526	-1.873180	109.997246	109.997246
29.879946	-2.024248	-1.853049	109.997246	109.997246
29.889326	-1.987323	-1.829550	109.997246	109.997246
29.898708	-1.950398	-1.809403	109.997246	109.997246
29.908089	-1.916826	-1.792625	109.997246	109.997246
29.917469	-1.886621	-1.772478	109.997246	109.997246
29.926849	-1.856402	-1.755700	109.997246	109.997246
29.936230	-1.829550	-1.738906	109.997246	109.997246
29.945612	-1.806051	-1.722127	109.997246	109.997246
29.954992	-1.782551	-1.705334	109.997246	109.997246
29.964373	-1.759052	-1.688555	109.997246	109.997246
29.973753	-1.735553	-1.675129	109.997246	109.997246
29.983135	-1.712054	-1.661703	109.997246	109.997246
29.992516	-1.688555	-1.648277	109.997246	109.997246
30.001896	-1.671776	-1.634836	109.997246	109.997246
30.011276	-1.654983	-1.621410	109.997246	109.997246
30.020657	-1.641557	-1.607984	109.997246	109.997246
30.030039	-1.624778	-1.594558	109.997246	109.997246
30.039419	-1.611337	-1.584485	109.997246	109.997246
30.048800	-1.594558	-1.574412	109.997246	109.997246
30.058180	-1.581132	-1.567706	109.997246	109.997246
30.067562	-1.567706	-1.557633	109.997246	109.997246
30.076942	-1.554281	-1.550913	109.997246	109.997246
30.086323	-1.537487	-1.540855	109.997246	109.997246
30.095703	-1.524061	-1.530781	109.997246	109.997246
30.105085	-1.510635	-1.524061	109.997246	109.997246
30.114466	-1.497209	-1.517355	109.997246	109.997246
30.123846	-1.487136	-1.510635	109.997246	109.997246
30.133226	-1.477063	-1.503915	109.997246	109.997246
30.142607	-1.466990	-1.497209	109.997246	109.997246
30.151989	-1.456931	-1.487136	109.997246	109.997246
30.161369	-1.446858	-1.480430	109.997246	109.997246
30.170750	-1.440138	-1.473710	109.997246	109.997246
30.180130	-1.433432	-1.466990	109.997246	109.997246
30.189512	-1.426712	-1.460284	109.997246	109.997246
30.198893	-1.419991	-1.453564	109.997246	109.997246
30.208273	-1.409933	-1.446858	109.997246	109.997246
30.217653	-1.399860	-1.440138	109.997246	109.997246
30.227034	-1.393139	-1.436785	109.997246	109.997246
30.236416	-1.386434	-1.430064	109.997246	109.997246
30.245796	-1.379713	-1.423359	109.997246	109.997246
30.255177	-1.376361	-1.416638	109.997246	109.997246
30.264557	-1.369640	-1.409933	109.997246	109.997246
30.273939	-1.362935	-1.403213	109.997246	109.997246
30.283319	-1.356214	-1.399860	109.997246	109.997246
30.292700	-1.346141	-1.393139	109.997246	109.997246
30.302080	-1.339436	-1.389787	109.997246	109.997246
30.311460	-1.332715	-1.383066	109.997246	109.997246
30.320843	-1.326010	-1.376361	109.997246	109.997246
30.330223	-1.319289	-1.373008	109.997246	109.997246
30.339603	-1.312569	-1.369640	109.997246	109.997246
30.348984	-1.305863	-1.362935	109.997246	109.997246
30.358366	-1.302510	-1.359567	109.997246	109.997246
30.367746	-1.295790	-1.356214	109.997246	109.997246
30.377127	-1.289070	-1.352862	109.997246	109.997246
30.386507	-1.285717	-1.349509	109.997246	109.997246
30.395887	-1.279011	-1.346141	109.997246	109.997246
30.405270	-1.275644	-1.342788	109.997246	109.997246
30.414650	-1.272291	-1.336068	109.997246	109.997246
30.424030	-1.265585	-1.332715	109.997246	109.997246
30.433411	-1.262218	-1.326010	109.997246	109.997246
30.442793	-1.255512	-1.322642	109.997246	109.997246
30.452173	-1.252145	-1.319289	109.997246	109.997246
30.461554	-1.248792	-1.315936	109.997246	109.997246
30.470934	-1.248792	-1.309216	109.997246	109.997246
30.480316	-1.245439	-1.305863	109.997246	109.997246
30.489697	-1.242086	-1.302510	109.997246	109.997246
30.499077	-1.242086	-1.299143	109.997246	109.997246
30.508457	-1.238719	-1.299143	109.997246	109.997246
30.517838	-1.235366	-1.295790	109.997246	109.997246
30.527220	-1.235366	-1.292437	109.997246	109.997246
30.536600	-1.232013	-1.292437	109.997246	109.997246
30.545980	-1.232013	-1.289070	109.997246	109.997246
30.555361	-1.228645	-1.285717	109.997246	109.997246
30.564743	-1.225293	-1.279011	109.997246	109.997246
30.574123	-1.221940	-1.279011	109.997246	109.997246
30.583504	-1.218587	-1.279011	109.997246	109.997246
30.592884	-1.215219	-1.275644	109.997246	109.997246
30.602264	-1.211867	-1.275644	109.997246	109.997246
30.611647	-1.211867	-1.272291	109.997246	109.997246
30.621027	-1.211867	-1.268938	109.997246	109.997246
30.630407	-1.208514	-1.268938	109.997246	109.997246
30.639788	-1.205146	-1.265585	109.997246	109.997246
30.649170	-1.198441	-1.262218	109.997246	109.997246
30.658550	-1.195088	-1.258865	109.997246	109.997246
30.667931	-1.195088	-1.258865	109.997246	109.997246
30.677311	-1.195088	-1.258865	109.997246	109.997246
30.686691	-1.191720	-1.255512	109.997246	109.997246
30.696074	-1.191720	-1.255512	109.997246	109.997246
30.705454	-1.191720	-1.248792	109.997246	109.997246
30.714834	-1.191720	-1.245439	109.997246	109.997246
30.724215	-1.188368	-1.238719	109.997246	109.997246
30.733597	-1.185015	-1.235366	109.997246	109.997246
30.742977	-1.185015	-1.235366	109.997246	109.997246
30.752357	-1.181647	-1.232013	109.997246	109.997246
30.761738	-1.181647	-1.228645	109.997246	109.997246
30.771120	-1.178294	-1.228645	109.997246	109.997246
30.780500	-1.174942	-1.225293	109.997246	109.997246
30.789881	-1.174942	-1.221940	109.997246	109.997246
30.799261	-1.171589	-1.221940	109.997246	109.997246
30.808641	-1.171589	-1.221940	109.997246	109.997246
30.818024	-1.171589	-1.221940	109.997246	109.997246
30.827404	-1.171589	-1.221940	109.997246	109.997246
30.836784	-1.168221	-1.218587	109.997246	109.997246
30.846165	-1.164868	-1.218587	109.997246	109.997246
30.855547	-1.161516	-1.215219	109.997246	109.997246
30.864927	-1.161516	-1.211867	109.997246	109.997246
30.874308	-1.161516	-1.208514	109.997246	109.997246
30.883688	-1.158163	-1.208514	109.997246	109.997246
30.893068	-1.158163	-1.205146	109.997246	109.997246
30.902451	-1.158163	-1.205146	109.997246	109.997246
30.911831	-1.154795	-1.201794	109.997246	109.997246
30.921211	-1.154795	-1.201794	109.997246	109.997246
30.930592	-1.151443	-1.198441	109.997246	109.997246
30.939974	-1.151443	-1.195088	109.997246	109.997246
30.949354	-1.151443	-1.191720	109.997246	109.997246
30.958735	-1.151443	-1.191720	109.997246	109.997246
30.968115	-1.148090	-1.188368	109.997246	109.997246
30.977495	-1.148090	-1.185015	109.997246	109.997246
30.986877	-1.148090	-1.185015	109.997246	109.997246
30.996258	-1.144722	-1.185015	109.997246	109.997246
31.005638	-1.144722	-1.185015	109.997246	109.997246
31.015018	-1.141369	-1.185015	109.997246	109.997246
31.024401	-1.141369	-1.181647	109.997246	109.997246
31.033781	-1.141369	-1.178294	109.997246	109.997246
31.043161	-1.138017	-1.178294	109.997246	109.997246
31.052542	-1.138017	-1.174942	109.997246	109.997246
31.061922	-1.134664	-1.174942	109.997246	109.997246
31.071304	-1.131296	-1.174942	109.997246	109.997246
31.080685	-1.131296	-1.174942	109.997246	109.997246
31.090065	-1.131296	-1.174942	109.997246	109.997246
31.099445	-1.134664	-1.178294	109.997246	109.997246
31.108828	-1.134664	-1.178294	109.997246	109.997246
31.118208	-1.138017	-1.178294	109.997246	109.997246
31.127588	-1.138017	-1.174942	109.997246	109.997246
31.136969	-1.138017	-1.174942	109.997246	109.997246
31.146351	-1.138017	-1.171589	109.997246	109.997246
31.155731	-1.134664	-1.168221	109.997246	109.997246
31.165112	-1.131296	-1.164868	109.997246	109.997246
31.174492	-1.131296	-1.164868	109.997246	109.997246
31.183872	-1.127943	-1.164868	109.997246	109.997246
31.193254	-1.124591	-1.164868	109.997246	109.997246
31.202635	-1.124591	-1.161516	109.997246	109.997246
31.212015	-1.121223	-1.158163	109.997246	109.997246
31.221395	-1.117870	-1.154795	109.997246	109.997246
31.230778	-1.117870	-1.154795	109.997246	109.997246
31.240158	-1.117870	-1.151443	109.997246	109.997246
31.249538	-1.114517	-1.151443	109.997246	109.997246
31.258919	-1.114517	-1.154795	109.997246	109.997246
31.268299	-1.114517	-1.154795	109.997246	109.997246
31.277681	-1.114517	-1.154795	109.997246	109.997246
31.287062	-1.114517	-1.154795	109.997246	109.997246
31.296442	-1.114517	-1.154795	109.997246	109.997246
31.305822	-1.114517	-1.151443	109.997246	109.997246
31.315205	-1.117870	-1.148090	109.997246	109.997246
31.324585	-1.121223	-1.148090	109.997246	109.997246
31.333965	-1.121223	-1.144722	109.997246	109.997246
31.343346	-1.121223	-1.141369	109.997246	109.997246
31.352726	-1.117870	-1.141369	109.997246	109.997246
31.362108	-1.117870	-1.138017	109.997246	109.997246
31.371489	-1.114517	-1.138017	109.997246	109.997246
31.380869	-1.114517	-1.138017	109.997246	109.997246
31.390249	-1.114517	-1.134664	109.997246	109.997246
31.399632	-1.111165	-1.134664	109.997246	109.997246
31.409012	-1.111165	-1.131296	109.997246	109.997246
31.418392	-1.107797	-1.131296	109.997246	109.997246
31.427773	-1.107797	-1.131296	109.997246	109.997246
31.437153	-1.104444	-1.131296	109.997246	109.997246
31.446535	-1.104444	-1.131296	109.997246	109.997246
31.455915	-1.101092	-1.127943	109.997246	109.997246
31.465296	-1.101092	-1.127943	109.997246	109.997246
31.474676	-1.097724	-1.127943	109.997246	109.997246
31.484058	-1.097724	-1.124591	109.997246	109.997246
31.493439	-1.097724	-1.124591	109.997246	109.997246
31.502819	-1.097724	-1.121223	109.997246	109.997246
31.512199	-1.101092	-1.121223	109.997246	109.997246
31.521582	-1.101092	-1.121223	109.997246	109.997246
31.530962	-1.101092	-1.121223	109.997246	109.997246
31.540342	-1.097724	-1.121223	109.997246	109.997246
31.549723	-1.097724	-1.121223	109.997246	109.997246
31.559103	-1.097724	-1.117870	109.997246	109.997246
31.568485	-1.097724	-1.117870	109.997246	109.997246
31.577866	-1.094371	-1.117870	109.997246	109.997246
31.587246	-1.091018	-1.117870	109.997246	109.997246
31.596626	-1.091018	-1.114517	109.997246	109.997246
31.606009	-1.091018	-1.114517	109.997246	109.997246
31.615389	-1.094371	-1.111165	109.997246	109.997246
31.624769	-1.094371	-1.111165	109.997246	109.997246
31.634150	-1.094371	-1.111165	109.997246	109.997246
31.643530	-1.094371	-1.111165	109.997246	109.997246
31.652912	-1.094371	-1.111165	109.997246	109.997246
31.662292	-1.091018	-1.111165	109.997246	109.997246
31.671673	-1.087666	-1.111165	109.997246	109.997246
31.681053	-1.087666	-1.107797	109.997246	109.997246
31.690435	-1.087666	-1.107797	109.997246	109.997246
31.699816	-1.087666	-1.107797	109.997246	109.997246
31.709196	-1.087666	-1.107797	109.997246	109.997246
31.718576	-1.087666	-1.111165	109.997246	109.997246
31.727957	-1.087666	-1.114517	109.997246	109.997246
31.737339	-1.087666	-1.111165	109.997246	109.997246
31.746719	-1.087666	-1.107797	109.997246	109.997246
31.756100	-1.087666	-1.104444	109.997246	109.997246
31.765480	-1.087666	-1.101092	109.997246	109.997246
31.774862	-1.087666	-1.097724	109.997246	109.997246
31.784243	-1.087666	-1.094371	109.997246	109.997246
31.793623	-1.091018	-1.094371	109.997246	109.997246
31.803003	-1.091018	-1.094371	109.997246	109.997246
31.812384	-1.091018	-1.094371	109.997246	109.997246
31.821766	-1.091018	-1.091018	109.997246	109.997246
31.831146	-1.091018	-1.094371	109.997246	109.997246
31.840527	-1.091018	-1.094371	109.997246	109.997246
31.849907	-1.091018	-1.094371	109.997246	109.997246
31.859289	-1.087666	-1.094371	109.997246	109.997246
31.868670	-1.087666	-1.094371	109.997246	109.997246
31.878050	-1.087666	-1.094371	109.997246	109.997246
31.887430	-1.091018	-1.091018	109.997246	109.997246
31.896812	-1.091018	-1.094371	109.997246	109.997246
31.906193	-1.091018	-1.094371	109.997246	109.997246
31.915573	-1.087666	-1.094371	109.997246	109.997246
31.924953	-1.087666	-1.091018	109.997246	109.997246
31.934334	-1.084298	-1.091018	109.997246	109.997246
31.943716	-1.084298	-1.091018	109.997246	109.997246
31.953096	-1.084298	-1.091018	109.997246	109.997246
31.962477	-1.084298	-1.091018	109.997246	109.997246
31.971857	-1.087666	-1.091018	109.997246	109.997246
31.981239	-1.087666	-1.091018	109.997246	109.997246
31.990620	-1.091018	-1.091018	109.997246	109.997246
