21.940655	-0.020146	-0.161171	0.050306	0.060380
21.950029	-0.020146	-0.161171	0.050306	0.060380
21.959404	-0.030220	-0.161171	0.040233	0.060380
21.968779	-0.030220	-0.171244	0.040233	0.050306
21.978153	-0.030220	-0.171244	0.030160	0.060380
21.987530	-0.040293	-0.181317	0.030160	0.060380
21.996904	-0.040293	-0.171244	0.020087	0.060380
22.006279	-0.040293	-0.171244	0.020087	0.060380
22.015654	-0.040293	-0.171244	0.020087	0.050306
22.025028	-0.030220	-0.171244	0.030160	0.050306
22.034403	-0.030220	-0.171244	0.030160	0.050306
22.043779	-0.040293	-0.171244	0.030160	0.060380
22.053154	-0.040293	-0.181317	0.020087	0.060380
22.062529	-0.040293	-0.181317	0.020087	0.060380
22.071903	-0.040293	-0.181317	0.030160	0.070453
22.081278	-0.030220	-0.181317	0.040233	0.080526
22.090654	-0.030220	-0.181317	0.030160	0.080526
22.100029	-0.040293	-0.181317	0.020087	0.080526
22.109404	-0.040293	-0.181317	0.020087	0.070453
22.118778	-0.040293	-0.181317	0.030160	0.070453
22.128153	-0.040293	-0.181317	0.030160	0.080526
22.137529	-0.050366	-0.171244	0.030160	0.080526
22.146904	-0.050366	-0.181317	0.040233	0.080526
22.156279	-0.050366	-0.181317	0.050306	0.080526
22.165653	-0.040293	-0.191391	0.060380	0.080526
22.175028	-0.040293	-0.191391	0.060380	0.080526
22.184402	-0.040293	-0.191391	0.070453	0.080526
22.193779	-0.030220	-0.191391	0.080526	0.080526
22.203154	-0.030220	-0.191391	0.080526	0.090599
22.212528	-0.040293	-0.191391	0.070453	0.100672
22.221903	-0.040293	-0.191391	0.060380	0.100672
22.231277	-0.050366	-0.201464	0.050306	0.090599
22.240654	-0.050366	-0.201464	0.050306	0.080526
22.250029	-0.050366	-0.211537	0.050306	0.080526
22.259403	-0.060439	-0.211537	0.050306	0.070453
22.268778	-0.060439	-0.211537	0.050306	0.070453
22.278152	-0.060439	-0.211537	0.050306	0.070453
22.287527	-0.060439	-0.211537	0.040233	0.070453
22.296904	-0.060439	-0.211537	0.040233	0.080526
22.306278	-0.060439	-0.211537	0.040233	0.080526
22.315653	-0.060439	-0.221610	0.040233	0.080526
22.325027	-0.060439	-0.221610	0.040233	0.070453
22.334402	-0.060439	-0.231683	0.050306	0.070453
22.343779	-0.060439	-0.231683	0.060380	0.070453
22.353153	-0.070512	-0.241756	0.050306	0.070453
22.362528	-0.080585	-0.251830	0.040233	0.070453
22.371902	-0.080585	-0.251830	0.040233	0.080526
22.381277	-0.080585	-0.251830	0.030160	0.090599
22.390654	-0.080585	-0.251830	0.030160	0.100672
22.400028	-0.080585	-0.251830	0.030160	0.100672
22.409403	-0.090659	-0.251830	0.040233	0.090599
22.418777	-0.090659	-0.241756	0.050306	0.090599
22.428152	-0.090659	-0.241756	0.060380	0.090599
22.437527	-0.090659	-0.241756	0.060380	0.100672
22.446903	-0.090659	-0.241756	0.070453	0.100672
22.456278	-0.090659	-0.251830	0.080526	0.100672
22.465652	-0.090659	-0.251830	0.080526	0.100672
22.475027	-0.090659	-0.261843	0.070453	0.100672
22.484402	-0.090659	-0.261843	0.070453	0.100672
22.493778	-0.100732	-0.261843	0.070453	0.100672
22.503153	-0.100732	-0.261843	0.070453	0.090599
22.512527	-0.100732	-0.261843	0.070453	0.090599
22.521902	-0.100732	-0.261843	0.070453	0.100672
22.531277	-0.100732	-0.261843	0.070453	0.100672
22.540651	-0.100732	-0.261843	0.070453	0.100672
22.550028	-0.100732	-0.271916	0.080526	0.100672
22.559402	-0.100732	-0.271916	0.080526	0.100672
22.568777	-0.100732	-0.271916	0.070453	0.100672
22.578152	-0.110805	-0.281990	0.060380	0.100672
22.587526	-0.110805	-0.281990	0.070453	0.090599
22.596903	-0.120878	-0.281990	0.070453	0.100672
22.606277	-0.120878	-0.281990	0.060380	0.100672
22.615652	-0.130951	-0.292063	0.070453	0.110745
22.625027	-0.130951	-0.302136	0.070453	0.110745
22.634401	-0.130951	-0.302136	0.080526	0.110745
22.643778	-0.130951	-0.302136	0.080526	0.110745
22.653152	-0.130951	-0.302136	0.070453	0.110745
22.662527	-0.130951	-0.302136	0.070453	0.120819
22.671902	-0.130951	-0.302136	0.070453	0.130892
22.681276	-0.130951	-0.302136	0.070453	0.130892
22.690651	-0.130951	-0.302136	0.070453	0.140965
22.700027	-0.141025	-0.302136	0.070453	0.151038
22.709402	-0.151098	-0.302136	0.070453	0.151038
22.718777	-0.151098	-0.302136	0.070453	0.140965
22.728151	-0.151098	-0.302136	0.080526	0.140965
22.737526	-0.151098	-0.302136	0.090599	0.130892
22.746902	-0.151098	-0.312209	0.090599	0.140965
22.756277	-0.151098	-0.312209	0.100672	0.140965
22.765652	-0.161171	-0.322282	0.110745	0.140965
22.775026	-0.161171	-0.332355	0.120819	0.140965
22.784401	-0.161171	-0.342429	0.120819	0.151038
22.793777	-0.161171	-0.352502	0.120819	0.151038
22.803152	-0.161171	-0.362575	0.120819	0.140965
22.812527	-0.161171	-0.362575	0.120819	0.140965
22.821901	-0.171244	-0.362575	0.110745	0.140965
22.831276	-0.171244	-0.362575	0.100672	0.140965
22.840651	-0.171244	-0.362575	0.110745	0.140965
22.850027	-0.171244	-0.362575	0.110745	0.140965
22.859402	-0.171244	-0.362575	0.110745	0.151038
22.868776	-0.171244	-0.372648	0.110745	0.151038
22.878151	-0.171244	-0.372648	0.100672	0.151038
22.887526	-0.181317	-0.382721	0.100672	0.140965
22.896902	-0.181317	-0.392795	0.110745	0.140965
22.906277	-0.191391	-0.392795	0.110745	0.130892
22.915651	-0.191391	-0.392795	0.110745	0.130892
22.925026	-0.191391	-0.392795	0.110745	0.130892
22.934401	-0.191391	-0.392795	0.110745	0.140965
22.943775	-0.201464	-0.392795	0.110745	0.151038
22.953152	-0.211537	-0.392795	0.110745	0.151038
22.962526	-0.221610	-0.392795	0.110745	0.151038
22.971901	-0.221610	-0.392795	0.100672	0.161111
22.981276	-0.221610	-0.402868	0.100672	0.161111
22.990650	-0.221610	-0.402868	0.100672	0.161111
23.000027	-0.211537	-0.402868	0.110745	0.171185
23.009401	-0.221610	-0.412941	0.110745	0.171185
23.018776	-0.221610	-0.412941	0.120819	0.181258
23.028151	-0.221610	-0.423014	0.120819	0.181258
23.037525	-0.221610	-0.423014	0.130892	0.181258
23.046902	-0.231683	-0.423014	0.130892	0.171185
23.056276	-0.231683	-0.433087	0.120819	0.171185
23.065651	-0.241756	-0.443161	0.120819	0.161111
23.075026	-0.241756	-0.443161	0.130892	0.161111
23.084400	-0.251830	-0.443161	0.130892	0.171185
23.093775	-0.251830	-0.453234	0.140965	0.181258
23.103151	-0.251830	-0.453234	0.151038	0.181258
23.112526	-0.251830	-0.463307	0.151038	0.191331
23.121901	-0.251830	-0.463307	0.151038	0.201404
23.131275	-0.261843	-0.473380	0.140965	0.201404
23.140650	-0.261843	-0.483453	0.130892	0.201404
23.150026	-0.261843	-0.483453	0.130892	0.191331
23.159401	-0.261843	-0.493526	0.140965	0.181258
23.168776	-0.271916	-0.483453	0.140965	0.191331
23.178150	-0.271916	-0.483453	0.140965	0.201404
23.187525	-0.271916	-0.483453	0.140965	0.201404
23.196901	-0.281990	-0.483453	0.151038	0.191331
23.206276	-0.281990	-0.483453	0.151038	0.191331
23.215651	-0.292063	-0.493526	0.140965	0.191331
23.225025	-0.302136	-0.503600	0.140965	0.201404
23.234400	-0.302136	-0.513673	0.140965	0.191331
23.243774	-0.302136	-0.513673	0.140965	0.191331
23.253151	-0.312209	-0.513673	0.140965	0.201404
23.262526	-0.312209	-0.513673	0.140965	0.211477
23.271900	-0.302136	-0.523686	0.151038	0.221550
23.281275	-0.302136	-0.533760	0.151038	0.211477
23.290649	-0.302136	-0.533760	0.161111	0.221550
23.300026	-0.312209	-0.533760	0.161111	0.221550
23.309401	-0.322282	-0.533760	0.161111	0.221550
23.318775	-0.332355	-0.543833	0.171185	0.221550
23.328150	-0.332355	-0.553906	0.171185	0.211477
23.337524	-0.342429	-0.553906	0.171185	0.221550
23.346899	-0.342429	-0.553906	0.171185	0.241697
23.356276	-0.342429	-0.563979	0.171185	0.241697
23.365650	-0.352502	-0.574052	0.181258	0.241697
23.375025	-0.352502	-0.584126	0.181258	0.241697
23.384399	-0.362575	-0.594199	0.181258	0.241697
23.393774	-0.362575	-0.594199	0.181258	0.251770
23.403151	-0.372648	-0.604272	0.181258	0.251770
23.412525	-0.372648	-0.614345	0.191331	0.251770
23.421900	-0.372648	-0.614345	0.191331	0.251770
23.431274	-0.382721	-0.624418	0.191331	0.261784
23.440649	-0.392795	-0.624418	0.191331	0.271857
23.450026	-0.392795	-0.624418	0.191331	0.281930
23.459400	-0.382721	-0.644565	0.201404	0.271857
23.468775	-0.382721	-0.654638	0.201404	0.271857
23.478149	-0.392795	-0.664711	0.191331	0.271857
23.487524	-0.402868	-0.664711	0.191331	0.271857
23.496899	-0.402868	-0.674784	0.191331	0.271857
23.506275	-0.412941	-0.684857	0.201404	0.271857
23.515650	-0.423014	-0.684857	0.211477	0.281930
23.525024	-0.433087	-0.694931	0.211477	0.292003
23.534399	-0.433087	-0.705004	0.211477	0.292003
23.543774	-0.443161	-0.705004	0.221550	0.281930
23.553150	-0.443161	-0.715077	0.221550	0.281930
23.562525	-0.443161	-0.725150	0.221550	0.292003
23.571899	-0.453234	-0.725150	0.221550	0.302076
23.581274	-0.453234	-0.735223	0.221550	0.322223
23.590649	-0.453234	-0.735223	0.221550	0.322223
23.600023	-0.463307	-0.745296	0.221550	0.332296
23.609400	-0.463307	-0.755370	0.221550	0.342369
23.618774	-0.463307	-0.775456	0.221550	0.342369
23.628149	-0.463307	-0.785530	0.221550	0.342369
23.637524	-0.473380	-0.805676	0.231624	0.332296
23.646898	-0.473380	-0.815749	0.231624	0.332296
23.656275	-0.473380	-0.825822	0.231624	0.332296
23.665649	-0.483453	-0.825822	0.231624	0.332296
23.675024	-0.483453	-0.835896	0.241697	0.342369
23.684399	-0.493526	-0.845969	0.251770	0.352442
23.693773	-0.503600	-0.856042	0.261784	0.362515
23.703150	-0.513673	-0.876188	0.261784	0.372589
23.712524	-0.523686	-0.886261	0.261784	0.372589
23.721899	-0.533760	-0.906408	0.261784	0.362515
23.731274	-0.533760	-0.916481	0.261784	0.372589
23.740648	-0.543833	-0.916481	0.261784	0.392735
23.750023	-0.543833	-0.926554	0.261784	0.402808
23.759399	-0.553906	-0.936627	0.271857	0.402808
23.768774	-0.563979	-0.946701	0.281930	0.402808
23.778149	-0.574052	-0.956774	0.292003	0.412881
23.787523	-0.584126	-0.976920	0.281930	0.412881
23.796898	-0.594199	-0.997066	0.281930	0.402808
23.806274	-0.594199	-1.007140	0.281930	0.402808
23.815649	-0.604272	-1.027286	0.292003	0.422955
23.825024	-0.604272	-1.047373	0.281930	0.433028
23.834398	-0.614345	-1.067519	0.292003	0.443101
23.843773	-0.624418	-1.087666	0.292003	0.453174
23.853149	-0.624418	-1.097739	0.302076	0.453174
23.862524	-0.634491	-1.117885	0.302076	0.463247
23.871899	-0.644565	-1.127958	0.302076	0.463247
23.881273	-0.654638	-1.148105	0.302076	0.473320
23.890648	-0.664711	-1.168251	0.312150	0.473320
23.900023	-0.674784	-1.188397	0.322223	0.483394
23.909399	-0.694931	-1.208544	0.322223	0.503540
23.918774	-0.705004	-1.238763	0.322223	0.523627
23.928148	-0.715077	-1.258910	0.342369	0.533700
23.937523	-0.725150	-1.289070	0.352442	0.543773
23.946898	-0.725150	-1.319289	0.352442	0.543773
23.956274	-0.725150	-1.349509	0.352442	0.553846
23.965649	-0.735223	-1.369655	0.352442	0.553846
23.975023	-0.745296	-1.399875	0.352442	0.563920
23.984398	-0.765443	-1.420021	0.352442	0.573993
23.993773	-0.785530	-1.440167	0.362515	0.604212
24.003147	-0.795603	-1.470387	0.362515	0.624359
24.012524	-0.805676	-1.510680	0.372589	0.634432
24.021898	-0.815749	-1.540899	0.382662	0.634432
24.031273	-0.825822	-1.581132	0.392735	0.644505
24.040648	-0.835896	-1.611352	0.392735	0.654578
24.050022	-0.845969	-1.661718	0.382662	0.664651
24.059399	-0.856042	-1.691937	0.382662	0.674725
24.068773	-0.866115	-1.732230	0.382662	0.694871
24.078148	-0.876188	-1.772523	0.382662	0.725091
24.087523	-0.886261	-1.812756	0.392735	0.755310
24.096897	-0.896335	-1.853049	0.402808	0.775397
24.106274	-0.906408	-1.903415	0.412881	0.795543
24.115648	-0.916481	-1.963854	0.412881	0.805616
24.125023	-0.936627	-2.014220	0.422955	0.825763
24.134398	-0.946701	-2.084672	0.433028	0.845909
24.143772	-0.966847	-2.145112	0.433028	0.866055
24.153147	-0.986993	-2.205551	0.443101	0.886202
24.162523	-1.007140	-2.276063	0.453174	0.926495
24.171898	-1.027286	-2.336442	0.463247	0.966787
24.181273	-1.047373	-2.396882	0.473320	1.007080
24.190647	-1.067519	-2.477467	0.483394	1.037240
24.200022	-1.087666	-2.568126	0.483394	1.057386
24.209398	-1.117885	-2.668798	0.493467	1.097679
24.218773	-1.138031	-2.759457	0.493467	1.137972
24.228148	-1.168251	-2.870202	0.503540	1.188338
24.237522	-1.188397	-2.981007	0.533700	1.228631
24.246897	-1.208544	-3.101826	0.543773	1.268923
24.256273	-1.238763	-3.222704	0.553846	1.329303
24.265648	-1.258910	-3.363669	0.563920	1.399815
24.275023	-1.279056	-3.504694	0.563920	1.460254
24.284397	-1.299143	-3.665805	0.573993	1.510620
24.293772	-1.329362	-3.826976	0.573993	1.571000
24.303146	-1.359582	-4.008234	0.573993	1.651585
24.312523	-1.389802	-4.189491	0.573993	1.732171
24.321898	-1.420021	-4.370809	0.594139	1.822770
24.331272	-1.450241	-4.572213	0.604212	1.913428
24.340647	-1.480460	-4.773617	0.614285	2.014160
24.350021	-1.510680	-4.975021	0.624359	2.124906
24.359398	-1.550913	-5.176425	0.644505	2.215564
24.368773	-1.581132	-5.387962	0.664651	2.306223
24.378147	-1.621425	-5.599439	0.674725	2.396822
24.387522	-1.661718	-5.810916	0.694871	2.507627
24.396896	-1.702011	-6.022394	0.704944	2.628446
24.406271	-1.742303	-6.243944	0.725091	2.759397
24.415648	-1.782596	-6.485641	0.755310	2.880216
24.425022	-1.822829	-6.727338	0.775397	3.001094
24.434397	-1.863122	-6.999254	0.795543	3.131986
24.443771	-1.913488	-7.291317	0.815690	3.273010
24.453146	-1.973927	-7.593453	0.835836	3.413975
24.462523	-2.024293	-7.915735	0.866055	3.555000
24.471897	-2.084672	-8.248091	0.886202	3.706038
24.481272	-2.145112	-8.580387	0.896275	3.877223
24.490646	-2.205551	-8.922815	0.916421	4.058540
24.500021	-2.276063	-9.265244	0.946641	4.219651
24.509398	-2.346516	-9.587467	0.986934	4.360676
24.518772	-2.417028	-9.869456	1.007080	4.501641
24.528147	-2.507687	-10.111153	1.037240	4.612446
24.537521	-2.598286	-10.312557	1.077533	4.703045
24.546896	-2.688944	-10.483801	1.127899	4.773557
24.556271	-2.789676	-10.624766	1.158118	4.833996
24.565647	-2.890348	-10.735571	1.198411	4.894435
24.575022	-3.011227	-10.826230	1.228631	4.944742
24.584396	-3.132045	-10.916829	1.278996	4.985034
24.593771	-3.262997	-10.997415	1.319230	5.025327
24.603146	-3.393888	-11.067926	1.369596	5.045474
24.612522	-3.544986	-11.128306	1.419961	5.065620
24.621897	-3.696024	-11.188745	1.480401	5.075693
24.631271	-3.867209	-11.249185	1.540840	5.085766
24.640646	-4.038453	-11.309624	1.611292	5.095840
24.650021	-4.270077	-11.370003	1.701951	5.105913
24.659395	-4.471481	-11.420369	1.772463	5.115986
24.668772	-4.672885	-11.480808	1.852989	5.126059
24.678146	-4.884422	-11.521101	1.943648	5.126059
24.687521	-5.095899	-11.571466	2.034307	5.115986
24.696896	-5.317450	-11.611700	2.124906	5.095840
24.706270	-5.549073	-11.662066	2.205491	5.065620
24.715647	-5.760550	-11.692286	2.306223	5.045474
24.725021	-5.982101	-11.732578	2.406895	5.025327
24.734396	-6.193578	-11.762798	2.507627	5.005181
24.743771	-6.415188	-11.782944	2.608299	4.995108
24.753145	-6.656885	-11.793017	2.709031	4.964888
24.762522	-6.908655	-11.803091	2.829909	4.934669
24.771896	-7.170498	-11.803091	2.960801	4.894435
24.781271	-7.452488	-11.803091	3.091753	4.844069
24.790646	-7.754564	-11.793017	3.212571	4.793704
24.800020	-8.086920	-11.772871	3.353536	4.733264
24.809395	-8.429348	-11.752725	3.484488	4.682899
24.818771	-8.781791	-11.702358	3.625453	4.632592
24.828146	-9.144365	-11.641920	3.756404	4.582226
24.837521	-9.496868	-11.581540	3.887296	4.511714
24.846895	-9.829164	-11.490881	4.018247	4.431129
24.856270	-10.131300	-11.400223	4.139066	4.350603
24.865646	-10.393143	-11.269331	4.239798	4.259944
24.875021	-10.614693	-11.128306	4.320383	4.169285
24.884396	-10.785937	-10.947048	4.390836	4.078686
24.893770	-10.926903	-10.735571	4.451275	3.977954
24.903145	-11.037707	-10.493875	4.511714	3.867209
24.912521	-11.128306	-10.211885	4.562080	3.746331
24.921896	-11.208892	-9.889603	4.602373	3.625453
24.931271	-11.289477	-9.517014	4.632592	3.474414
24.940645	-11.359930	-9.114146	4.662752	3.313303
24.950020	-11.430443	-8.650899	4.682899	3.142059
24.959394	-11.490881	-8.137285	4.703045	2.950728
24.968771	-11.541247	-7.583380	4.713118	2.739251
24.978146	-11.611700	-6.999254	4.733264	2.517700
24.987520	-11.662066	-6.364822	4.733264	2.286077
24.996895	-11.712432	-5.720258	4.733264	2.064466
25.006269	-11.752725	-5.085826	4.723191	1.842916
25.015646	-11.803091	-4.451334	4.723191	1.611292
25.025021	-11.853456	-3.857195	4.713118	1.399815
25.034395	-11.893690	-3.323436	4.703045	1.208484
25.043770	-11.933983	-2.839983	4.682899	1.037240
25.053144	-11.974276	-2.427101	4.652679	0.886202
25.062519	-12.004495	-2.094746	4.632592	0.765383
25.071896	-12.034714	-1.812756	4.602373	0.674725
25.081270	-12.054861	-1.591206	4.572153	0.604212
25.090645	-12.064934	-1.430094	4.541934	0.553846
25.100019	-12.075006	-1.309216	4.511714	0.503540
25.109394	-12.064934	-1.218617	4.481494	0.463247
25.118771	-12.054861	-1.158178	4.441202	0.433028
25.128145	-12.044787	-1.107812	4.380822	0.412881
25.137520	-12.024641	-1.067519	4.330456	0.402808
25.146894	-12.004495	-1.037300	4.270017	0.402808
25.156269	-11.964202	-1.017213	4.219651	0.392735
25.165646	-11.923909	-1.007140	4.159212	0.382662
25.175020	-11.853456	-0.986993	4.088759	0.372589
25.184395	-11.782944	-0.976920	4.028320	0.362515
25.193769	-11.692286	-0.966847	3.957808	0.352442
25.203144	-11.581540	-0.956774	3.877223	0.342369
25.212519	-11.450588	-0.946701	3.776550	0.352442
25.221895	-11.299551	-0.946701	3.675818	0.362515
25.231270	-11.118233	-0.936627	3.575146	0.362515
25.240644	-10.896683	-0.936627	3.474414	0.362515
25.250019	-10.644913	-0.936627	3.373682	0.372589
25.259394	-10.352850	-0.936627	3.252864	0.372589
25.268770	-10.020554	-0.926554	3.131986	0.372589
25.278145	-9.637833	-0.926554	3.001094	0.372589
25.287519	-9.214878	-0.926554	2.860069	0.362515
25.296894	-8.721411	-0.916481	2.709031	0.362515
25.306269	-8.187652	-0.916481	2.547920	0.362515
25.315645	-7.593453	-0.906408	2.386749	0.362515
25.325020	-6.969035	-0.896335	2.215564	0.362515
25.334394	-6.304383	-0.876188	2.044380	0.362515
25.343769	-5.629659	-0.866115	1.873136	0.362515
25.353144	-4.964948	-0.856042	1.701951	0.362515
25.362518	-4.330516	-0.845969	1.540840	0.352442
25.371895	-3.726244	-0.825822	1.389742	0.352442
25.381269	-3.182411	-0.815749	1.248777	0.342369
25.390644	-2.699018	-0.805676	1.117826	0.352442
25.400019	-2.286136	-0.795603	1.007080	0.352442
25.409393	-1.933634	-0.785530	0.896275	0.352442
25.418770	-1.661718	-0.775456	0.815690	0.352442
25.428144	-1.440167	-0.775456	0.735164	0.342369
25.437519	-1.268983	-0.775456	0.684798	0.342369
25.446894	-1.138031	-0.785530	0.634432	0.332296
25.456268	-1.047373	-0.785530	0.604212	0.322223
25.465643	-0.976920	-0.795603	0.563920	0.322223
25.475019	-0.926554	-0.795603	0.523627	0.322223
25.484394	-0.896335	-0.805676	0.493467	0.332296
25.493769	-0.866115	-0.815749	0.473320	0.332296
25.503143	-0.835896	-0.825822	0.463247	0.332296
25.512518	-0.815749	-0.825822	0.453174	0.332296
25.521894	-0.805676	-0.835896	0.433028	0.332296
25.531269	-0.795603	-0.835896	0.422955	0.342369
25.540644	-0.795603	-0.835896	0.422955	0.342369
25.550018	-0.805676	-0.835896	0.422955	0.342369
25.559393	-0.815749	-0.825822	0.412881	0.352442
25.568769	-0.825822	-0.815749	0.402808	0.352442
25.578144	-0.825822	-0.805676	0.402808	0.362515
25.587519	-0.825822	-0.805676	0.412881	0.352442
25.596893	-0.825822	-0.795603	0.412881	0.342369
25.606268	-0.825822	-0.795603	0.412881	0.342369
25.615643	-0.815749	-0.795603	0.402808	0.352442
25.625019	-0.805676	-0.785530	0.402808	0.352442
25.634394	-0.805676	-0.785530	0.402808	0.352442
25.643768	-0.795603	-0.775456	0.392735	0.352442
25.653143	-0.795603	-0.765443	0.382662	0.352442
25.662518	-0.785530	-0.755370	0.372589	0.352442
25.671894	-0.775456	-0.745296	0.372589	0.342369
25.681269	-0.765443	-0.735223	0.372589	0.322223
25.690643	-0.755370	-0.725150	0.372589	0.312150
25.700018	-0.745296	-0.715077	0.362515	0.312150
25.709393	-0.735223	-0.705004	0.362515	0.312150
25.718767	-0.725150	-0.705004	0.362515	0.312150
25.728144	-0.725150	-0.694931	0.362515	0.302076
25.737518	-0.715077	-0.684857	0.352442	0.302076
25.746893	-0.715077	-0.684857	0.342369	0.302076
25.756268	-0.705004	-0.674784	0.352442	0.302076
25.765642	-0.705004	-0.674784	0.362515	0.292003
25.775019	-0.705004	-0.664711	0.352442	0.281930
25.784393	-0.694931	-0.654638	0.352442	0.281930
25.793768	-0.694931	-0.644565	0.342369	0.292003
25.803143	-0.694931	-0.634491	0.342369	0.292003
25.812517	-0.705004	-0.634491	0.342369	0.292003
25.821894	-0.715077	-0.634491	0.332296	0.292003
25.831268	-0.715077	-0.624418	0.332296	0.292003
25.840643	-0.725150	-0.624418	0.342369	0.292003
25.850018	-0.735223	-0.614345	0.342369	0.281930
25.859392	-0.745296	-0.614345	0.352442	0.261784
25.868767	-0.745296	-0.604272	0.352442	0.251770
25.878143	-0.755370	-0.594199	0.352442	0.251770
25.887518	-0.755370	-0.584126	0.342369	0.261784
25.896893	-0.765443	-0.574052	0.342369	0.261784
25.906267	-0.765443	-0.574052	0.342369	0.261784
25.915642	-0.755370	-0.574052	0.332296	0.251770
25.925018	-0.745296	-0.563979	0.332296	0.251770
25.934393	-0.735223	-0.553906	0.342369	0.251770
25.943768	-0.725150	-0.553906	0.342369	0.251770
25.953142	-0.725150	-0.543833	0.322223	0.261784
25.962517	-0.725150	-0.533760	0.312150	0.271857
25.971893	-0.715077	-0.523686	0.312150	0.271857
25.981268	-0.705004	-0.513673	0.322223	0.261784
25.990643	-0.705004	-0.513673	0.322223	0.251770
26.000017	-0.694931	-0.503600	0.312150	0.241697
26.009392	-0.684857	-0.503600	0.322223	0.231624
26.018766	-0.674784	-0.493526	0.322223	0.221550
26.028143	-0.674784	-0.493526	0.322223	0.221550
26.037518	-0.674784	-0.483453	0.322223	0.221550
26.046892	-0.664711	-0.483453	0.312150	0.221550
26.056267	-0.664711	-0.483453	0.302076	0.231624
26.065641	-0.644565	-0.483453	0.312150	0.231624
26.075018	-0.634491	-0.483453	0.312150	0.231624
26.084393	-0.624418	-0.483453	0.302076	0.221550
26.093767	-0.614345	-0.473380	0.302076	0.221550
26.103142	-0.604272	-0.463307	0.302076	0.221550
26.112516	-0.594199	-0.453234	0.302076	0.211477
26.121891	-0.594199	-0.443161	0.302076	0.201404
26.131268	-0.594199	-0.433087	0.292003	0.201404
26.140642	-0.594199	-0.423014	0.281930	0.201404
26.150017	-0.584126	-0.423014	0.292003	0.201404
26.159391	-0.574052	-0.412941	0.302076	0.191331
26.168766	-0.563979	-0.412941	0.302076	0.191331
26.178143	-0.563979	-0.402868	0.281930	0.181258
26.187517	-0.553906	-0.402868	0.271857	0.171185
26.196892	-0.543833	-0.402868	0.261784	0.171185
26.206266	-0.543833	-0.402868	0.261784	0.171185
26.215641	-0.533760	-0.402868	0.251770	0.181258
26.225018	-0.533760	-0.392795	0.241697	0.181258
26.234392	-0.523686	-0.392795	0.241697	0.181258
26.243767	-0.513673	-0.392795	0.251770	0.191331
26.253141	-0.503600	-0.392795	0.251770	0.191331
26.262516	-0.493526	-0.382721	0.251770	0.191331
26.271891	-0.493526	-0.382721	0.241697	0.191331
26.281267	-0.483453	-0.372648	0.231624	0.191331
26.290642	-0.483453	-0.362575	0.221550	0.191331
26.300016	-0.483453	-0.352502	0.221550	0.191331
26.309391	-0.483453	-0.352502	0.221550	0.191331
26.318766	-0.483453	-0.352502	0.221550	0.201404
26.328142	-0.473380	-0.342429	0.221550	0.191331
26.337517	-0.473380	-0.342429	0.221550	0.191331
26.346891	-0.463307	-0.342429	0.221550	0.181258
26.356266	-0.463307	-0.352502	0.221550	0.181258
26.365641	-0.443161	-0.352502	0.221550	0.181258
26.375017	-0.433087	-0.352502	0.221550	0.181258
26.384392	-0.433087	-0.342429	0.221550	0.181258
26.393766	-0.433087	-0.342429	0.211477	0.191331
26.403141	-0.423014	-0.332355	0.211477	0.181258
26.412516	-0.423014	-0.332355	0.221550	0.171185
26.421890	-0.412941	-0.322282	0.221550	0.151038
26.431267	-0.412941	-0.322282	0.221550	0.151038
26.440641	-0.412941	-0.312209	0.221550	0.151038
26.450016	-0.402868	-0.312209	0.221550	0.151038
26.459391	-0.392795	-0.312209	0.231624	0.161111
26.468765	-0.392795	-0.302136	0.231624	0.161111
26.478142	-0.382721	-0.292063	0.221550	0.161111
26.487516	-0.372648	-0.292063	0.211477	0.161111
26.496891	-0.372648	-0.292063	0.211477	0.161111
26.506266	-0.372648	-0.281990	0.211477	0.161111
26.515640	-0.372648	-0.281990	0.211477	0.151038
26.525015	-0.362575	-0.281990	0.211477	0.151038
26.534391	-0.362575	-0.281990	0.201404	0.151038
26.543766	-0.352502	-0.281990	0.201404	0.151038
26.553141	-0.352502	-0.271916	0.191331	0.151038
26.562515	-0.342429	-0.261843	0.181258	0.151038
26.571890	-0.342429	-0.261843	0.181258	0.161111
26.581266	-0.342429	-0.251830	0.181258	0.151038
26.590641	-0.342429	-0.251830	0.191331	0.130892
26.600016	-0.342429	-0.251830	0.201404	0.120819
26.609390	-0.332355	-0.251830	0.191331	0.130892
26.618765	-0.332355	-0.251830	0.191331	0.140965
26.628141	-0.322282	-0.251830	0.181258	0.151038
26.637516	-0.322282	-0.251830	0.181258	0.151038
26.646891	-0.312209	-0.251830	0.181258	0.151038
26.656265	-0.312209	-0.241756	0.171185	0.151038
26.665640	-0.312209	-0.241756	0.171185	0.140965
26.675014	-0.302136	-0.241756	0.171185	0.130892
26.684391	-0.302136	-0.241756	0.171185	0.120819
26.693766	-0.302136	-0.231683	0.171185	0.130892
26.703140	-0.302136	-0.231683	0.161111	0.140965
26.712515	-0.292063	-0.221610	0.161111	0.140965
26.721889	-0.292063	-0.221610	0.161111	0.140965
26.731266	-0.292063	-0.221610	0.161111	0.140965
26.740641	-0.281990	-0.221610	0.151038	0.140965
26.750015	-0.281990	-0.221610	0.161111	0.140965
26.759390	-0.271916	-0.221610	0.161111	0.130892
26.768764	-0.261843	-0.211537	0.171185	0.120819
26.778139	-0.261843	-0.211537	0.171185	0.130892
26.787516	-0.251830	-0.211537	0.161111	0.130892
26.796890	-0.251830	-0.201464	0.161111	0.140965
26.806265	-0.251830	-0.201464	0.161111	0.140965
26.815639	-0.251830	-0.201464	0.171185	0.130892
26.825014	-0.241756	-0.191391	0.171185	0.130892
26.834391	-0.241756	-0.191391	0.171185	0.130892
26.843765	-0.231683	-0.191391	0.181258	0.120819
26.853140	-0.231683	-0.201464	0.171185	0.100672
26.862514	-0.231683	-0.191391	0.161111	0.110745
26.871889	-0.231683	-0.181317	0.151038	0.120819
26.881266	-0.231683	-0.181317	0.140965	0.140965
26.890640	-0.231683	-0.181317	0.140965	0.140965
26.900015	-0.241756	-0.181317	0.140965	0.130892
26.909389	-0.241756	-0.191391	0.140965	0.120819
26.918764	-0.231683	-0.181317	0.140965	0.120819
26.928139	-0.221610	-0.181317	0.130892	0.110745
26.937515	-0.211537	-0.181317	0.130892	0.110745
26.946890	-0.211537	-0.171244	0.130892	0.100672
26.956264	-0.211537	-0.171244	0.120819	0.110745
26.965639	-0.211537	-0.161171	0.120819	0.110745
26.975014	-0.211537	-0.161171	0.120819	0.110745
26.984390	-0.211537	-0.161171	0.120819	0.100672
26.993765	-0.211537	-0.161171	0.120819	0.100672
27.003139	-0.211537	-0.161171	0.120819	0.100672
27.012514	-0.211537	-0.151098	0.110745	0.090599
27.021889	-0.201464	-0.151098	0.120819	0.090599
27.031265	-0.191391	-0.141025	0.120819	0.090599
27.040640	-0.181317	-0.141025	0.120819	0.100672
27.050014	-0.181317	-0.141025	0.120819	0.110745
27.059389	-0.181317	-0.141025	0.130892	0.120819
27.068764	-0.171244	-0.141025	0.140965	0.110745
27.078138	-0.171244	-0.141025	0.151038	0.100672
27.087515	-0.171244	-0.130951	0.151038	0.090599
27.096889	-0.171244	-0.130951	0.140965	0.100672
27.106264	-0.171244	-0.120878	0.130892	0.100672
27.115639	-0.171244	-0.120878	0.130892	0.100672
27.125013	-0.171244	-0.120878	0.140965	0.100672
27.134390	-0.171244	-0.120878	0.130892	0.100672
27.143764	-0.161171	-0.120878	0.130892	0.100672
27.153139	-0.161171	-0.120878	0.130892	0.100672
27.162514	-0.151098	-0.120878	0.130892	0.090599
27.171888	-0.151098	-0.120878	0.130892	0.080526
27.181263	-0.151098	-0.120878	0.130892	0.090599
27.190639	-0.151098	-0.110805	0.120819	0.100672
27.200014	-0.151098	-0.110805	0.110745	0.110745
27.209389	-0.141025	-0.110805	0.110745	0.110745
27.218763	-0.141025	-0.100732	0.100672	0.120819
27.228138	-0.151098	-0.100732	0.100672	0.120819
27.237514	-0.151098	-0.100732	0.100672	0.120819
27.246889	-0.151098	-0.100732	0.100672	0.100672
27.256264	-0.141025	-0.100732	0.110745	0.090599
27.265638	-0.141025	-0.100732	0.100672	0.090599
27.275013	-0.141025	-0.100732	0.100672	0.090599
27.284389	-0.141025	-0.100732	0.100672	0.090599
27.293764	-0.141025	-0.100732	0.100672	0.080526
27.303139	-0.130951	-0.090659	0.100672	0.080526
27.312513	-0.130951	-0.090659	0.100672	0.090599
27.321888	-0.120878	-0.080585	0.100672	0.090599
27.331263	-0.120878	-0.090659	0.100672	0.090599
27.340639	-0.120878	-0.090659	0.100672	0.080526
27.350014	-0.120878	-0.090659	0.100672	0.070453
27.359388	-0.120878	-0.090659	0.100672	0.080526
27.368763	-0.120878	-0.080585	0.100672	0.090599
27.378138	-0.110805	-0.080585	0.100672	0.090599
27.387514	-0.110805	-0.080585	0.110745	0.090599
27.396889	-0.110805	-0.080585	0.110745	0.090599
27.406263	-0.100732	-0.080585	0.110745	0.090599
27.415638	-0.100732	-0.080585	0.120819	0.080526
27.425013	-0.090659	-0.070512	0.130892	0.080526
27.434389	-0.090659	-0.070512	0.120819	0.080526
27.443764	-0.090659	-0.070512	0.120819	0.080526
27.453138	-0.090659	-0.070512	0.110745	0.080526
27.462513	-0.090659	-0.070512	0.110745	0.080526
27.471888	-0.080585	-0.070512	0.100672	0.080526
27.481262	-0.080585	-0.070512	0.100672	0.080526
27.490639	-0.080585	-0.070512	0.100672	0.080526
27.500013	-0.080585	-0.070512	0.100672	0.080526
27.509388	-0.070512	-0.070512	0.100672	0.070453
27.518763	-0.070512	-0.070512	0.090599	0.060380
27.528137	-0.080585	-0.070512	0.100672	0.070453
27.537514	-0.080585	-0.070512	0.100672	0.080526
27.546888	-0.080585	-0.060439	0.090599	0.080526
27.556263	-0.080585	-0.060439	0.090599	0.090599
27.565638	-0.080585	-0.060439	0.090599	0.090599
27.575012	-0.080585	-0.060439	0.090599	0.080526
27.584387	-0.080585	-0.050366	0.090599	0.080526
27.593763	-0.090659	-0.050366	0.090599	0.060380
27.603138	-0.090659	-0.040293	0.080526	0.060380
27.612513	-0.090659	-0.040293	0.070453	0.060380
27.621887	-0.090659	-0.040293	0.070453	0.060380
27.631262	-0.090659	-0.040293	0.070453	0.060380
27.640638	-0.080585	-0.040293	0.070453	0.060380
27.650013	-0.080585	-0.040293	0.060380	0.060380
27.659388	-0.080585	-0.040293	0.060380	0.070453
27.668762	-0.080585	-0.040293	0.060380	0.070453
27.678137	-0.080585	-0.040293	0.070453	0.070453
27.687513	-0.080585	-0.040293	0.070453	0.070453
27.696888	-0.080585	-0.050366	0.070453	0.070453
27.706263	-0.080585	-0.050366	0.070453	0.070453
27.715637	-0.070512	-0.050366	0.070453	0.080526
27.725012	-0.070512	-0.050366	0.080526	0.080526
27.734386	-0.060439	-0.050366	0.080526	0.080526
27.743763	-0.060439	-0.040293	0.080526	0.080526
27.753138	-0.060439	-0.040293	0.080526	0.080526
27.762512	-0.060439	-0.040293	0.080526	0.080526
27.771887	-0.060439	-0.040293	0.090599	0.070453
27.781261	-0.060439	-0.040293	0.090599	0.070453
27.790638	-0.050366	-0.040293	0.090599	0.070453
27.800013	-0.050366	-0.040293	0.090599	0.080526
27.809387	-0.050366	-0.030220	0.090599	0.080526
27.818762	-0.050366	-0.030220	0.090599	0.080526
27.828136	-0.050366	-0.020146	0.090599	0.080526
27.837511	-0.050366	-0.020146	0.080526	0.070453
27.846888	-0.040293	-0.020146	0.080526	0.060380
27.856262	-0.040293	-0.020146	0.090599	0.050306
27.865637	-0.040293	-0.020146	0.090599	0.060380
27.875011	-0.040293	-0.020146	0.080526	0.070453
27.884386	-0.040293	-0.020146	0.060380	0.080526
27.893763	-0.040293	-0.020146	0.060380	0.070453
27.903137	-0.040293	-0.020146	0.070453	0.070453
27.912512	-0.040293	-0.010073	0.060380	0.060380
27.921886	-0.040293	-0.010073	0.060380	0.060380
27.931261	-0.030220	0.000000	0.070453	0.060380
27.940638	-0.030220	0.000000	0.080526	0.060380
27.950012	-0.030220	0.000000	0.080526	0.060380
27.959387	-0.030220	0.000000	0.070453	0.070453
27.968761	-0.040293	0.000000	0.060380	0.080526
27.978136	-0.040293	0.000000	0.050306	0.080526
27.987511	-0.030220	-0.010073	0.060380	0.060380
27.996887	-0.030220	-0.010073	0.070453	0.050306
28.006262	-0.020146	-0.010073	0.070453	0.050306
28.015636	-0.020146	-0.010073	0.070453	0.050306
28.025011	-0.010073	-0.010073	0.070453	0.050306
28.034386	-0.010073	-0.010073	0.080526	0.050306
28.043762	-0.010073	-0.010073	0.080526	0.050306
28.053137	-0.010073	-0.010073	0.080526	0.060380
28.062511	-0.010073	0.000000	0.070453	0.060380
28.071886	-0.010073	0.000000	0.060380	0.060380
28.081261	-0.010073	0.000000	0.070453	0.060380
28.090637	-0.010073	0.000000	0.070453	0.060380
28.100012	-0.010073	0.010014	0.060380	0.070453
28.109386	-0.010073	0.010014	0.060380	0.070453
28.118761	-0.010073	0.010014	0.070453	0.070453
28.128136	-0.010073	0.010014	0.070453	0.060380
28.137510	-0.010073	0.010014	0.060380	0.050306
28.146887	-0.020146	0.020087	0.050306	0.050306
28.156261	-0.020146	0.020087	0.050306	0.050306
28.165636	-0.010073	0.010014	0.060380	0.040233
28.175011	-0.010073	0.010014	0.060380	0.040233
28.184385	-0.010073	0.010014	0.070453	0.040233
28.193762	-0.010073	0.010014	0.070453	0.050306
28.203136	-0.010073	0.010014	0.070453	0.050306
28.212511	-0.010073	0.020087	0.060380	0.050306
28.221886	-0.010073	0.020087	0.060380	0.050306
28.231260	-0.010073	0.020087	0.040233	0.060380
28.240635	-0.010073	0.020087	0.040233	0.050306
28.250011	-0.010073	0.010014	0.040233	0.040233
28.259386	-0.010073	0.010014	0.050306	0.040233
28.268761	0.000000	0.010014	0.050306	0.050306
28.278135	0.000000	0.020087	0.060380	0.050306
28.287510	0.010014	0.020087	0.060380	0.040233
28.296886	0.020087	0.020087	0.060380	0.040233
28.306261	0.020087	0.020087	0.060380	0.040233
28.315636	0.020087	0.020087	0.050306	0.040233
28.325010	0.010014	0.020087	0.050306	0.050306
28.334385	0.010014	0.020087	0.050306	0.040233
28.343761	0.020087	0.020087	0.060380	0.040233
28.353136	0.020087	0.020087	0.060380	0.050306
28.362511	0.020087	0.020087	0.060380	0.060380
28.371885	0.020087	0.010014	0.050306	0.060380
28.381260	0.010014	0.010014	0.050306	0.060380
28.390635	0.010014	0.010014	0.040233	0.060380
28.400011	0.020087	0.020087	0.040233	0.060380
28.409386	0.030160	0.020087	0.030160	0.060380
28.418760	0.030160	0.030160	0.040233	0.050306
28.428135	0.020087	0.030160	0.050306	0.040233
28.437510	0.020087	0.040233	0.060380	0.050306
28.446886	0.020087	0.050306	0.060380	0.050306
28.456261	0.020087	0.040233	0.060380	0.050306
28.465635	0.020087	0.040233	0.060380	0.050306
28.475010	0.020087	0.040233	0.050306	0.050306
28.484385	0.020087	0.040233	0.050306	0.050306
28.493759	0.030160	0.040233	0.040233	0.060380
28.503136	0.030160	0.040233	0.040233	0.050306
28.512510	0.030160	0.040233	0.050306	0.040233
28.521885	0.040233	0.040233	0.050306	0.040233
28.531260	0.040233	0.040233	0.050306	0.040233
28.540634	0.040233	0.040233	0.050306	0.050306
28.550011	0.040233	0.040233	0.050306	0.050306
28.559385	0.040233	0.040233	0.040233	0.040233
28.568760	0.040233	0.040233	0.040233	0.040233
28.578135	0.040233	0.040233	0.030160	0.040233
28.587509	0.040233	0.050306	0.030160	0.040233
28.596886	0.040233	0.050306	0.040233	0.040233
28.606260	0.040233	0.050306	0.040233	0.040233
28.615635	0.040233	0.060380	0.050306	0.040233
28.625010	0.040233	0.060380	0.040233	0.050306
28.634384	0.030160	0.060380	0.040233	0.040233
28.643759	0.030160	0.050306	0.030160	0.040233
28.653135	0.030160	0.050306	0.030160	0.030160
28.662510	0.030160	0.040233	0.030160	0.030160
28.671885	0.030160	0.040233	0.040233	0.030160
28.681259	0.040233	0.040233	0.040233	0.040233
28.690634	0.040233	0.040233	0.040233	0.040233
28.700010	0.040233	0.050306	0.030160	0.040233
28.709385	0.050306	0.050306	0.040233	0.050306
28.718760	0.050306	0.050306	0.040233	0.040233
28.728134	0.040233	0.050306	0.040233	0.030160
28.737509	0.040233	0.050306	0.040233	0.030160
28.746885	0.040233	0.060380	0.040233	0.030160
28.756260	0.050306	0.070453	0.050306	0.040233
28.765635	0.050306	0.070453	0.050306	0.040233
28.775009	0.060380	0.070453	0.060380	0.040233
28.784384	0.060380	0.070453	0.060380	0.030160
28.793758	0.060380	0.070453	0.060380	0.030160
28.803135	0.060380	0.070453	0.060380	0.040233
28.812510	0.060380	0.070453	0.050306	0.040233
28.821884	0.060380	0.070453	0.050306	0.030160
28.831259	0.060380	0.070453	0.050306	0.030160
28.840633	0.060380	0.060380	0.040233	0.040233
28.850010	0.060380	0.060380	0.040233	0.040233
28.859385	0.060380	0.060380	0.050306	0.030160
28.868759	0.060380	0.060380	0.040233	0.030160
28.878134	0.060380	0.060380	0.030160	0.030160
28.887508	0.060380	0.060380	0.030160	0.030160
28.896883	0.060380	0.060380	0.030160	0.030160
28.906260	0.060380	0.060380	0.030160	0.020087
28.915634	0.060380	0.070453	0.030160	0.020087
28.925009	0.060380	0.070453	0.020087	0.030160
28.934383	0.070453	0.070453	0.030160	0.030160
28.943758	0.070453	0.070453	0.030160	0.030160
28.953135	0.070453	0.070453	0.030160	0.030160
28.962509	0.060380	0.070453	0.030160	0.030160
28.971884	0.060380	0.070453	0.030160	0.040233
28.981258	0.060380	0.070453	0.030160	0.030160
28.990633	0.060380	0.070453	0.030160	0.020087
29.000010	0.060380	0.060380	0.020087	0.010014
29.009384	0.070453	0.060380	0.030160	0.010014
29.018759	0.070453	0.070453	0.040233	0.020087
29.028133	0.070453	0.070453	0.050306	0.020087
29.037508	0.070453	0.070453	0.060380	0.020087
29.046883	0.070453	0.070453	0.060380	0.030160
29.056259	0.070453	0.080526	0.050306	0.040233
29.065634	0.080526	0.080526	0.040233	0.040233
29.075008	0.080526	0.080526	0.050306	0.030160
29.084383	0.080526	0.070453	0.050306	0.020087
29.093758	0.080526	0.070453	0.050306	0.030160
29.103134	0.070453	0.080526	0.040233	0.040233
29.112509	0.070453	0.080526	0.040233	0.030160
29.121883	0.070453	0.080526	0.040233	0.020087
29.131258	0.060380	0.080526	0.030160	0.020087
29.140633	0.050306	0.080526	0.020087	0.010014
29.150009	0.050306	0.080526	0.010014	0.010014
29.159384	0.050306	0.080526	0.020087	0.010014
29.168758	0.060380	0.080526	0.020087	0.010014
29.178133	0.060380	0.080526	0.020087	0.010014
29.187508	0.060380	0.080526	0.020087	0.020087
29.196882	0.070453	0.070453	0.030160	0.030160
29.206259	0.070453	0.070453	0.030160	0.030160
29.215633	0.080526	0.070453	0.030160	0.020087
29.225008	0.070453	0.080526	0.030160	0.020087
29.234383	0.070453	0.080526	0.020087	0.030160
29.243757	0.070453	0.090599	0.020087	0.030160
29.253134	0.070453	0.090599	0.030160	0.020087
29.262508	0.080526	0.090599	0.030160	0.020087
29.271883	0.080526	0.090599	0.030160	0.030160
29.281258	0.080526	0.090599	0.020087	0.040233
29.290632	0.070453	0.090599	0.020087	0.040233
29.300007	0.070453	0.080526	0.020087	0.030160
29.309383	0.070453	0.080526	0.020087	0.020087
29.318758	0.070453	0.080526	0.020087	0.020087
29.328133	0.070453	0.080526	0.030160	0.010014
29.337507	0.080526	0.080526	0.040233	0.010014
29.346882	0.080526	0.090599	0.050306	0.010014
29.356258	0.080526	0.090599	0.050306	0.020087
29.365633	0.090599	0.090599	0.040233	0.030160
29.375008	0.090599	0.100672	0.030160	0.030160
29.384382	0.090599	0.100672	0.030160	0.030160
29.393757	0.090599	0.100672	0.020087	0.030160
29.403133	0.090599	0.100672	0.020087	0.030160
29.412508	0.090599	0.100672	0.020087	0.030160
29.421883	0.090599	0.100672	0.020087	0.030160
29.431257	0.080526	0.100672	0.020087	0.020087
29.440632	0.080526	0.100672	0.030160	0.020087
29.450006	0.080526	0.100672	0.030160	0.020087
29.459383	0.080526	0.100672	0.030160	0.020087
29.468758	0.080526	0.100672	0.020087	0.010014
29.478132	0.080526	0.100672	0.030160	0.000000
29.487507	0.080526	0.100672	0.020087	0.000000
29.496881	0.080526	0.100672	0.020087	0.010014
29.506258	0.080526	0.100672	0.020087	0.010014
29.515633	0.090599	0.100672	0.030160	0.010014
29.525007	0.090599	0.100672	0.030160	0.010014
29.534382	0.090599	0.100672	0.020087	0.010014
29.543756	0.100672	0.100672	0.010014	0.020087
29.553131	0.100672	0.100672	0.010014	0.010014
29.562508	0.100672	0.100672	0.010014	0.010014
29.571882	0.090599	0.100672	0.010014	0.010014
29.581257	0.090599	0.100672	0.010014	0.010014
29.590631	0.090599	0.100672	0.010014	0.010014
29.600006	0.090599	0.100672	0.020087	0.010014
29.609383	0.090599	0.100672	0.020087	0.010014
29.618757	0.100672	0.100672	0.010014	0.020087
29.628132	0.100672	0.110745	0.010014	0.020087
29.637506	0.100672	0.100672	0.020087	0.020087
29.646881	0.100672	0.100672	0.020087	0.020087
29.656258	0.100672	0.090599	0.030160	0.010014
29.665632	0.100672	0.090599	0.030160	0.010014
29.675007	0.100672	0.090599	0.030160	0.020087
29.684381	0.100672	0.090599	0.030160	0.020087
29.693756	0.100672	0.100672	0.030160	0.020087
29.703131	0.100672	0.110745	0.020087	0.030160
29.712507	0.100672	0.110745	0.020087	0.030160
29.721882	0.100672	0.110745	0.020087	0.020087
29.731256	0.100672	0.110745	0.020087	0.010014
29.740631	0.100672	0.100672	0.020087	0.010014
29.750006	0.100672	0.100672	0.010014	0.010014
29.759382	0.110745	0.110745	0.010014	0.010014
29.768757	0.110745	0.110745	0.020087	0.010014
29.778131	0.120819	0.120819	0.020087	0.010014
29.787506	0.120819	0.120819	0.020087	0.010014
29.796881	0.120819	0.120819	0.010014	0.010014
29.806257	0.110745	0.110745	0.010014	0.000000
29.815632	0.110745	0.110745	0.010014	0.000000
29.825006	0.100672	0.110745	0.010014	0.000000
29.834381	0.100672	0.110745	0.010014	0.000000
29.843756	0.110745	0.110745	0.010014	0.000000
29.853130	0.100672	0.110745	0.020087	0.010014
29.862507	0.100672	0.100672	0.020087	0.010014
29.871881	0.100672	0.100672	0.020087	0.000000
29.881256	0.100672	0.100672	0.010014	0.000000
29.890631	0.100672	0.110745	0.010014	0.000000
29.900005	0.100672	0.110745	0.010014	0.010014
29.909382	0.100672	0.110745	0.010014	0.000000
29.918756	0.110745	0.110745	0.010014	0.000000
29.928131	0.110745	0.110745	0.010014	0.010014
29.937506	0.110745	0.110745	0.020087	0.020087
29.946880	0.120819	0.120819	0.030160	0.030160
29.956255	0.120819	0.120819	0.030160	0.020087
29.965631	0.120819	0.120819	0.020087	0.020087
29.975006	0.120819	0.120819	0.010014	0.010014
29.984381	0.120819	0.120819	0.010014	0.010014
29.993755	0.120819	0.110745	0.010014	0.010014
30.003130	0.120819	0.120819	0.020087	0.010014
30.012506	0.120819	0.120819	0.010014	0.010014
30.021881	0.120819	0.120819	0.010014	0.020087
30.031256	0.120819	0.120819	0.020087	0.020087
30.040630	0.120819	0.130892	0.030160	0.010014
30.050005	0.120819	0.130892	0.030160	0.010014
30.059381	0.120819	0.130892	0.020087	0.000000
30.068756	0.130892	0.120819	0.020087	0.010014
30.078131	0.130892	0.120819	0.020087	0.000000
30.087505	0.130892	0.110745	0.020087	0.000000
30.096880	0.130892	0.110745	0.020087	0.000000
30.106255	0.130892	0.120819	0.010014	0.010014
30.115631	0.130892	0.120819	0.010014	0.010014
30.125006	0.130892	0.120819	0.010014	0.000000
30.134380	0.130892	0.120819	0.010014	-0.010073
30.143755	0.130892	0.120819	0.000000	-0.010073
30.153130	0.130892	0.120819	0.000000	-0.020146
30.162506	0.130892	0.130892	0.010014	-0.020146
30.171881	0.130892	0.130892	0.020087	-0.020146
30.181255	0.130892	0.130892	0.020087	-0.020146
30.190630	0.130892	0.120819	0.020087	0.000000
30.200005	0.130892	0.120819	0.010014	0.010014
30.209381	0.120819	0.120819	0.020087	0.010014
30.218756	0.120819	0.120819	0.020087	0.000000
30.228130	0.120819	0.110745	0.010014	0.000000
30.237505	0.120819	0.120819	0.020087	0.010014
30.246880	0.120819	0.120819	0.020087	0.020087
30.256254	0.130892	0.120819	0.030160	0.020087
30.265631	0.130892	0.130892	0.030160	0.020087
30.275005	0.130892	0.130892	0.020087	0.020087
30.284380	0.130892	0.130892	0.030160	0.020087
30.293755	0.130892	0.130892	0.030160	0.020087
30.303129	0.120819	0.130892	0.030160	0.010014
30.312506	0.120819	0.130892	0.020087	0.000000
30.321880	0.120819	0.130892	0.010014	0.000000
30.331255	0.120819	0.130892	0.010014	0.010014
30.340630	0.130892	0.130892	0.020087	0.000000
30.350004	0.120819	0.140965	0.010014	0.000000
30.359379	0.120819	0.140965	0.000000	0.000000
30.368755	0.120819	0.140965	0.000000	0.010014
30.378130	0.120819	0.130892	0.000000	0.010014
30.387505	0.130892	0.130892	0.010014	0.000000
30.396879	0.130892	0.120819	0.010014	-0.010073
30.406254	0.130892	0.120819	0.010014	-0.010073
30.415630	0.130892	0.120819	0.000000	-0.010073
30.425005	0.130892	0.120819	0.010014	-0.010073
30.434380	0.130892	0.120819	0.010014	-0.020146
30.443754	0.130892	0.120819	0.010014	-0.020146
30.453129	0.130892	0.120819	0.000000	-0.020146
30.462505	0.130892	0.130892	0.000000	-0.010073
30.471880	0.130892	0.140965	0.000000	-0.010073
30.481255	0.130892	0.140965	0.000000	-0.010073
30.490629	0.130892	0.140965	-0.010073	-0.020146
30.500004	0.130892	0.130892	-0.010073	-0.010073
30.509378	0.130892	0.130892	0.000000	-0.010073
30.518755	0.130892	0.130892	0.000000	0.000000
30.528130	0.130892	0.140965	0.000000	0.000000
30.537504	0.120819	0.140965	0.000000	-0.010073
30.546879	0.120819	0.140965	-0.010073	0.000000
30.556253	0.130892	0.151038	0.000000	0.000000
30.565630	0.130892	0.151038	0.010014	0.000000
30.575005	0.140965	0.151038	0.000000	0.000000
30.584379	0.140965	0.151038	0.000000	0.010014
30.593754	0.140965	0.151038	0.000000	0.010014
30.603128	0.140965	0.161111	0.010014	0.010014
30.612503	0.140965	0.161111	0.000000	0.010014
30.621880	0.130892	0.161111	0.000000	0.000000
30.631254	0.130892	0.161111	0.000000	0.010014
30.640629	0.140965	0.151038	0.010014	0.000000
30.650003	0.140965	0.151038	0.020087	0.000000
30.659378	0.140965	0.151038	0.020087	-0.010073
30.668755	0.151038	0.151038	0.030160	0.000000
30.678129	0.151038	0.151038	0.030160	0.000000
30.687504	0.151038	0.161111	0.030160	0.000000
30.696878	0.151038	0.151038	0.010014	0.000000
30.706253	0.151038	0.151038	0.000000	-0.010073
30.715630	0.151038	0.151038	0.000000	-0.010073
30.725004	0.151038	0.140965	0.000000	0.000000
30.734379	0.151038	0.140965	-0.010073	0.000000
30.743753	0.151038	0.130892	-0.010073	0.000000
30.753128	0.140965	0.130892	-0.010073	-0.010073
30.762503	0.140965	0.130892	-0.010073	-0.010073
30.771879	0.140965	0.130892	0.000000	-0.020146
30.781254	0.140965	0.130892	-0.010073	-0.020146
30.790628	0.140965	0.130892	-0.020146	-0.020146
30.800003	0.130892	0.130892	-0.030220	-0.010073
30.809378	0.140965	0.130892	-0.020146	0.000000
30.818754	0.151038	0.130892	0.000000	0.000000
30.828129	0.151038	0.130892	0.010014	0.000000
30.837503	0.151038	0.130892	0.010014	0.000000
30.846878	0.151038	0.140965	0.010014	0.000000
30.856253	0.151038	0.151038	0.010014	0.010014
30.865629	0.151038	0.151038	0.000000	0.010014
30.875004	0.140965	0.151038	0.000000	0.010014
30.884378	0.140965	0.151038	-0.010073	0.010014
30.893753	0.151038	0.151038	0.000000	0.000000
30.903128	0.151038	0.161111	0.010014	0.000000
30.912502	0.140965	0.161111	0.010014	0.000000
30.921879	0.140965	0.161111	0.000000	0.000000
30.931253	0.140965	0.151038	0.000000	0.000000
30.940628	0.140965	0.151038	0.000000	0.000000
30.950003	0.151038	0.151038	0.000000	0.000000
30.959377	0.151038	0.151038	0.010014	-0.010073
30.968754	0.151038	0.151038	0.010014	-0.010073
30.978128	0.151038	0.151038	0.010014	0.000000
30.987503	0.161111	0.151038	0.010014	0.000000
30.996878	0.161111	0.151038	0.020087	0.000000
31.006252	0.161111	0.151038	0.010014	-0.010073
31.015627	0.151038	0.151038	0.000000	-0.010073
31.025003	0.151038	0.161111	-0.010073	-0.010073
31.034378	0.151038	0.151038	-0.010073	-0.010073
31.043753	0.151038	0.151038	-0.010073	-0.010073
31.053127	0.151038	0.151038	-0.020146	-0.020146
31.062502	0.161111	0.151038	-0.020146	-0.030220
31.071878	0.161111	0.151038	-0.010073	-0.020146
31.081253	0.161111	0.151038	0.000000	-0.010073
31.090628	0.151038	0.151038	-0.010073	-0.010073
31.100002	0.140965	0.161111	-0.020146	0.000000
31.109377	0.140965	0.161111	-0.020146	0.000000
31.118753	0.140965	0.161111	-0.010073	0.000000
31.128128	0.140965	0.161111	0.000000	0.000000
31.137503	0.151038	0.161111	0.000000	-0.010073
31.146877	0.151038	0.171185	-0.010073	0.000000
31.156252	0.151038	0.171185	-0.010073	0.000000
31.165627	0.161111	0.171185	-0.020146	0.000000
31.175003	0.161111	0.161111	-0.010073	0.000000
31.184378	0.161111	0.151038	-0.020146	0.000000
31.193752	0.161111	0.151038	-0.020146	0.010014
31.203127	0.161111	0.140965	-0.010073	0.000000
31.212502	0.161111	0.140965	0.000000	-0.010073
31.221878	0.161111	0.140965	0.010014	-0.010073
31.231253	0.161111	0.151038	0.000000	0.000000
31.240627	0.161111	0.151038	0.000000	0.000000
31.250002	0.151038	0.151038	0.000000	0.010014
31.259377	0.151038	0.161111	0.000000	0.010014
31.268753	0.151038	0.161111	-0.010073	0.000000
31.278128	0.151038	0.161111	-0.020146	0.000000
31.287502	0.161111	0.171185	-0.020146	0.000000
31.296877	0.161111	0.171185	-0.010073	-0.010073
31.306252	0.161111	0.171185	0.000000	-0.020146
31.315626	0.161111	0.171185	0.000000	-0.020146
31.325003	0.161111	0.171185	0.000000	-0.010073
31.334377	0.171185	0.171185	0.000000	-0.010073
31.343752	0.171185	0.161111	0.000000	-0.020146
31.353127	0.161111	0.161111	-0.010073	-0.020146
31.362501	0.161111	0.151038	-0.010073	-0.030220
31.371878	0.151038	0.151038	-0.010073	-0.030220
31.381252	0.151038	0.161111	-0.010073	-0.030220
31.390627	0.151038	0.171185	-0.010073	-0.020146
31.400002	0.151038	0.171185	0.000000	-0.010073
31.409376	0.151038	0.171185	-0.010073	0.000000
31.418751	0.151038	0.171185	-0.010073	0.000000
31.428127	0.151038	0.171185	0.000000	0.000000
31.437502	0.151038	0.171185	0.000000	0.000000
31.446877	0.151038	0.171185	0.000000	0.000000
31.456251	0.151038	0.171185	0.000000	0.010014
31.465626	0.151038	0.161111	0.000000	0.010014
31.475002	0.151038	0.161111	0.010014	0.000000
31.484377	0.161111	0.161111	0.010014	0.000000
31.493752	0.161111	0.161111	0.010014	0.000000
31.503126	0.161111	0.161111	0.000000	0.000000
31.512501	0.171185	0.161111	0.000000	0.000000
31.521877	0.171185	0.161111	-0.010073	-0.010073
31.531252	0.171185	0.161111	-0.010073	-0.020146
31.540627	0.171185	0.161111	-0.010073	-0.020146
31.550001	0.181258	0.171185	0.000000	-0.010073
31.559376	0.181258	0.171185	0.010014	0.000000
31.568750	0.171185	0.171185	0.010014	0.000000
31.578127	0.171185	0.171185	0.010014	0.000000
31.587502	0.171185	0.171185	0.010014	0.000000
31.596876	0.161111	0.171185	0.000000	0.000000
31.606251	0.161111	0.161111	0.010014	-0.010073
31.615625	0.161111	0.161111	0.010014	-0.020146
31.625002	0.161111	0.161111	0.000000	-0.020146
31.634377	0.161111	0.161111	0.010014	-0.010073
31.643751	0.171185	0.161111	0.010014	-0.020146
31.653126	0.171185	0.161111	0.010014	-0.020146
31.662500	0.161111	0.161111	0.000000	-0.030220
31.671875	0.161111	0.161111	-0.010073	-0.020146
31.681252	0.151038	0.161111	-0.020146	-0.020146
31.690626	0.151038	0.171185	-0.020146	-0.020146
31.700001	0.151038	0.171185	-0.010073	-0.020146
31.709375	0.151038	0.171185	-0.010073	-0.010073
31.718750	0.161111	0.171185	-0.010073	0.000000
31.728127	0.161111	0.181258	0.000000	0.010014
31.737501	0.161111	0.181258	0.000000	0.010014
31.746876	0.171185	0.191331	0.010014	0.020087
31.756250	0.161111	0.191331	0.010014	0.020087
31.765625	0.161111	0.191331	0.010014	0.030160
31.775002	0.161111	0.181258	0.000000	0.020087
31.784376	0.161111	0.171185	0.000000	0.010014
31.793751	0.161111	0.161111	0.000000	0.000000
31.803125	0.161111	0.161111	0.000000	0.000000
31.812500	0.171185	0.151038	0.000000	0.000000
31.821875	0.171185	0.140965	0.000000	-0.010073
31.831251	0.171185	0.151038	-0.010073	-0.030220
31.840626	0.171185	0.151038	-0.020146	-0.030220
31.850000	0.181258	0.161111	-0.030220	-0.030220
31.859375	0.181258	0.161111	-0.020146	-0.030220
31.868750	0.181258	0.171185	-0.020146	-0.030220
31.878126	0.181258	0.171185	-0.010073	-0.030220
31.887501	0.171185	0.171185	-0.010073	-0.020146
31.896875	0.171185	0.171185	0.000000	-0.020146
31.906250	0.171185	0.171185	0.010014	-0.020146
31.915625	0.171185	0.161111	0.010014	-0.020146
31.925001	0.171185	0.161111	0.000000	-0.020146
31.934376	0.171185	0.171185	-0.010073	-0.020146
31.943750	0.171185	0.171185	-0.020146	-0.020146
31.953125	0.171185	0.171185	-0.020146	-0.030220
31.962500	0.171185	0.171185	-0.020146	-0.040293
31.971874	0.171185	0.171185	-0.020146	-0.050366
31.981251	0.171185	0.171185	-0.030220	-0.040293
31.990625	0.181258	0.181258	-0.030220	-0.030220
