21.452927	-0.010073	-0.030220	-0.030220	0.090599
21.484102	-0.010073	-0.030220	-0.020146	0.090599
21.515280	-0.010073	-0.020146	-0.020146	0.100672
21.546455	-0.010073	-0.010073	-0.010073	0.100672
21.577633	-0.010073	-0.010073	-0.010073	0.110745
21.608809	-0.010073	0.000000	-0.010073	0.120819
21.639986	-0.010073	0.000000	0.000000	0.130892
21.671162	-0.010073	0.010014	0.000000	0.151038
21.702339	-0.010073	0.010014	0.010014	0.161111
21.733515	-0.010073	0.020087	0.010014	0.171185
21.764692	-0.010073	0.020087	0.010014	0.191331
21.795868	-0.010073	0.020087	0.010014	0.211477
21.827045	-0.010073	0.010014	0.020087	0.231624
21.858221	-0.010073	0.000000	0.020087	0.241697
21.889397	0.000000	0.000000	0.030160	0.251770
21.920574	0.000000	0.010014	0.030160	0.261784
21.951750	0.000000	0.020087	0.040233	0.281930
21.982927	0.000000	0.030160	0.040233	0.292003
22.014103	-0.010073	0.030160	0.050306	0.312150
22.045280	-0.010073	0.030160	0.060380	0.322223
22.076456	0.000000	0.030160	0.070453	0.342369
22.107634	0.000000	0.020087	0.070453	0.352442
22.138809	0.010014	0.020087	0.080526	0.372589
22.169987	0.010014	0.030160	0.090599	0.392735
22.201162	0.010014	0.030160	0.090599	0.412881
22.232340	0.010014	0.040233	0.100672	0.433028
22.263515	0.020087	0.040233	0.110745	0.463247
22.294693	0.020087	0.040233	0.120819	0.483394
22.325869	0.020087	0.040233	0.130892	0.503540
22.357046	0.010014	0.040233	0.140965	0.523627
22.388222	0.010014	0.040233	0.140965	0.553846
22.419399	0.020087	0.040233	0.151038	0.594139
22.450575	0.020087	0.050306	0.161111	0.624359
22.481752	0.020087	0.060380	0.161111	0.664651
22.512928	0.020087	0.060380	0.181258	0.694871
22.544106	0.020087	0.060380	0.191331	0.725091
22.575281	0.020087	0.060380	0.211477	0.755310
22.606459	0.020087	0.060380	0.221550	0.785470
22.637634	0.020087	0.060380	0.241697	0.815690
22.668812	0.020087	0.060380	0.251770	0.855982
22.699987	0.020087	0.060380	0.251770	0.896275
22.731165	0.020087	0.060380	0.261784	0.946641
22.762341	0.020087	0.070453	0.271857	0.997007
22.793518	0.020087	0.080526	0.281930	1.057386
22.824694	0.020087	0.070453	0.302076	1.117826
22.855871	0.030160	0.070453	0.312150	1.178265
22.887047	0.030160	0.070453	0.332296	1.248777
22.918224	0.020087	0.070453	0.352442	1.319230
22.949400	0.020087	0.080526	0.362515	1.389742
22.980577	0.020087	0.080526	0.382662	1.460254
23.011753	0.020087	0.080526	0.392735	1.550853
23.042931	0.030160	0.070453	0.412881	1.641512
23.074106	0.030160	0.060380	0.433028	1.742244
23.105282	0.040233	0.050306	0.453174	1.863062
23.136459	0.040233	0.030160	0.473320	1.994014
23.167635	0.040233	0.010014	0.493467	2.145052
23.198812	0.040233	-0.010073	0.523627	2.306223
23.229988	0.040233	-0.040293	0.543773	2.497554
23.261166	0.040233	-0.060439	0.573993	2.709031
23.292341	0.040233	-0.100732	0.604212	2.960801
23.323519	0.040233	-0.141025	0.624359	3.232718
23.354694	0.050306	-0.191391	0.654578	3.565073
23.385872	0.060380	-0.251830	0.684798	3.967881
23.417048	0.060380	-0.322282	0.715017	4.441202
23.448225	0.060380	-0.402868	0.745237	5.015254
23.479401	0.060380	-0.493526	0.785470	5.730271
23.510578	0.060380	-0.594199	0.815690	6.606460
23.541754	0.060380	-0.694931	0.845909	7.694125
23.572931	0.060380	-0.775456	0.886202	9.023487
23.604107	0.050306	-0.835896	0.926495	10.614634
23.635284	0.050306	-0.815749	0.966787	12.497902
23.666460	0.050306	-0.694931	1.017153	14.632940
23.697638	0.050306	-0.423014	1.067460	16.949236
23.728813	0.050306	0.040233	1.117826	19.315899
23.759991	0.060380	0.715017	1.168191	21.501244
23.791166	0.060380	1.550853	1.218557	23.203255
23.822344	0.060380	2.497554	1.278996	24.190187
23.853519	0.060380	3.403902	1.349449	24.321079
23.884697	0.050306	4.189432	1.430035	23.767174
23.915873	0.050306	4.833996	1.510620	22.780239
23.947050	0.050306	5.347610	1.591146	21.511316
23.978226	0.040233	5.760491	1.681805	19.970476
24.009403	0.040233	6.112993	1.792610	18.087208
24.040579	0.030160	6.445348	1.903355	15.811205
24.071756	0.020087	6.777644	2.034307	13.122320
24.102932	0.000000	7.110000	2.175272	10.020494
24.134109	-0.020146	7.391989	2.326310	6.656826
24.165285	-0.060439	7.532954	2.507627	3.333449
24.196463	-0.090659	7.452428	2.698958	0.392735
24.227638	-0.141025	7.089853	2.910435	-1.702011
24.258816	-0.191391	6.465435	3.162205	-2.749383
24.289991	-0.251830	5.679905	3.454268	-2.860129
24.321167	-0.332355	4.854143	3.806770	-2.447248
24.352345	-0.423014	4.088759	4.209578	-1.873195
24.383520	-0.543833	3.444195	4.703045	-1.309216
24.414698	-0.694931	2.910435	5.307317	-0.815749
24.445873	-0.896335	2.477407	6.042480	-0.443161
24.477051	-1.158178	2.114832	6.968975	-0.161171
24.508226	-1.500607	1.832843	8.147299	0.050306
24.539404	-1.903415	1.591146	9.597481	0.201404
24.570580	-2.386808	1.389742	11.420309	0.312150
24.601757	-2.950788	1.218557	13.646007	0.392735
24.632933	-3.494620	1.077533	16.193926	0.463247
24.664110	-3.847122	0.956714	19.386351	0.513613
24.695286	-3.706098	0.855982	21.541536	0.553846
24.726463	-3.222704	0.775397	23.112595	0.594139
24.757639	-2.507687	0.715017	24.059237	0.624359
24.788816	-1.702011	0.664651	24.431885	0.634432
24.819992	-0.906408	0.624359	24.311007	0.634432
24.851170	-0.181317	0.594139	23.787319	0.634432
24.882345	0.483394	0.573993	22.880972	0.614285
24.913523	1.127899	0.553846	21.591902	0.604212
24.944698	1.873136	0.523627	19.869745	0.584066
24.975876	2.839923	0.503540	17.603815	0.563920
25.007051	4.149139	0.473320	14.773905	0.543773
25.038229	5.700052	0.443101	11.510968	0.523627
25.069405	7.170439	0.422955	8.117080	0.503540
25.100582	8.207739	0.412881	5.055547	0.483394
25.131758	8.620620	0.392735	2.578139	0.473320
25.162935	8.459509	0.382662	0.825763	0.453174
25.194111	7.855237	0.372589	-0.241756	0.443101
25.225288	7.009268	0.352442	-0.775456	0.422955
25.256464	6.072700	0.342369	-0.926554	0.402808
25.287642	5.156279	0.322223	-0.856042	0.382662
25.318817	4.350603	0.312150	-0.664711	0.372589
25.349995	3.645599	0.292003	-0.443161	0.352442
25.381170	3.071606	0.281930	-0.221610	0.342369
25.412348	2.598226	0.271857	-0.040293	0.322223
25.443523	2.205491	0.261784	0.100672	0.312150
25.474701	1.883209	0.241697	0.221550	0.302076
25.505877	1.621366	0.231624	0.322223	0.292003
25.537054	1.399815	0.221550	0.402808	0.271857
25.568230	1.218557	0.211477	0.473320	0.261784
25.599405	1.067460	0.211477	0.533700	0.241697
25.630583	0.946641	0.201404	0.573993	0.231624
25.661758	0.845909	0.201404	0.614285	0.221550
25.692936	0.765383	0.201404	0.624359	0.211477
25.724112	0.694871	0.191331	0.634432	0.201404
25.755289	0.644505	0.181258	0.634432	0.191331
25.786465	0.604212	0.171185	0.634432	0.181258
25.817642	0.573993	0.161111	0.624359	0.171185
25.848818	0.543773	0.161111	0.604212	0.171185
25.879995	0.513613	0.151038	0.584066	0.161111
25.911171	0.503540	0.151038	0.573993	0.151038
25.942348	0.483394	0.151038	0.553846	0.140965
25.973524	0.463247	0.151038	0.543773	0.130892
26.004702	0.443101	0.151038	0.523627	0.130892
26.035877	0.422955	0.140965	0.513613	0.120819
26.067055	0.392735	0.140965	0.493467	0.110745
26.098230	0.372589	0.130892	0.473320	0.090599
26.129408	0.352442	0.130892	0.463247	0.080526
26.160583	0.342369	0.120819	0.443101	0.060380
26.191761	0.322223	0.120819	0.433028	0.060380
26.222937	0.312150	0.110745	0.412881	0.050306
26.254114	0.292003	0.110745	0.382662	0.040233
26.285290	0.271857	0.110745	0.362515	0.030160
26.316467	0.261784	0.100672	0.332296	0.020087
26.347643	0.251770	0.100672	0.312150	0.010014
26.378820	0.241697	0.090599	0.302076	0.000000
26.409996	0.241697	0.090599	0.292003	0.000000
26.441174	0.231624	0.080526	0.281930	-0.010073
26.472349	0.231624	0.070453	0.271857	-0.010073
26.503527	0.221550	0.070453	0.261784	-0.010073
26.534702	0.201404	0.070453	0.241697	-0.010073
26.565880	0.191331	0.070453	0.231624	-0.020146
26.597055	0.181258	0.060380	0.221550	-0.020146
26.628233	0.171185	0.060380	0.201404	-0.030220
26.659409	0.171185	0.060380	0.191331	-0.030220
26.690586	0.171185	0.060380	0.181258	-0.040293
26.721762	0.171185	0.060380	0.171185	-0.040293
26.752939	0.171185	0.060380	0.161111	-0.050366
26.784115	0.171185	0.060380	0.140965	-0.050366
26.815290	0.161111	0.060380	0.120819	-0.050366
26.846468	0.151038	0.060380	0.110745	-0.060439
26.877644	0.140965	0.060380	0.110745	-0.060439
26.908821	0.130892	0.050306	0.100672	-0.070512
26.939997	0.130892	0.050306	0.090599	-0.070512
26.971174	0.130892	0.050306	0.080526	-0.080585
27.002350	0.120819	0.050306	0.080526	-0.080585
27.033527	0.110745	0.050306	0.070453	-0.090659
27.064703	0.110745	0.060380	0.060380	-0.090659
27.095881	0.100672	0.060380	0.060380	-0.090659
27.127056	0.090599	0.050306	0.050306	-0.100732
27.158234	0.080526	0.040233	0.040233	-0.100732
27.189409	0.080526	0.040233	0.040233	-0.100732
27.220587	0.080526	0.030160	0.030160	-0.100732
27.251762	0.080526	0.030160	0.020087	-0.100732
27.282940	0.070453	0.030160	0.010014	-0.110805
27.314116	0.070453	0.030160	0.000000	-0.110805
27.345293	0.070453	0.030160	-0.010073	-0.120878
27.376469	0.060380	0.030160	-0.020146	-0.120878
27.407646	0.050306	0.030160	-0.040293	-0.120878
27.438822	0.040233	0.030160	-0.050366	-0.120878
27.469999	0.040233	0.040233	-0.060439	-0.120878
27.501175	0.050306	0.040233	-0.060439	-0.130951
27.532352	0.050306	0.040233	-0.060439	-0.130951
27.563528	0.050306	0.040233	-0.060439	-0.120878
27.594706	0.050306	0.030160	-0.060439	-0.120878
27.625881	0.050306	0.030160	-0.070512	-0.120878
27.657059	0.050306	0.020087	-0.070512	-0.120878
27.688234	0.050306	0.020087	-0.080585	-0.120878
27.719412	0.050306	0.010014	-0.090659	-0.120878
27.750587	0.050306	0.020087	-0.090659	-0.120878
27.781765	0.050306	0.020087	-0.100732	-0.120878
27.812941	0.040233	0.020087	-0.100732	-0.120878
27.844118	0.040233	0.020087	-0.110805	-0.130951
27.875294	0.040233	0.030160	-0.110805	-0.130951
27.906471	0.040233	0.020087	-0.110805	-0.120878
27.937647	0.030160	0.020087	-0.120878	-0.120878
27.968824	0.020087	0.020087	-0.120878	-0.120878
