20.958424	-0.020146	-0.100732	0.020087	0.060380
20.989719	-0.020146	-0.100732	0.030160	0.070453
21.021015	-0.020146	-0.110805	0.040233	0.070453
21.052311	-0.030220	-0.110805	0.040233	0.080526
21.083607	-0.030220	-0.120878	0.040233	0.080526
21.114902	-0.040293	-0.120878	0.050306	0.090599
21.146198	-0.040293	-0.120878	0.050306	0.100672
21.177494	-0.040293	-0.130951	0.060380	0.100672
21.208790	-0.040293	-0.130951	0.060380	0.100672
21.240086	-0.040293	-0.141025	0.060380	0.100672
21.271381	-0.030220	-0.141025	0.060380	0.110745
21.302677	-0.030220	-0.151098	0.060380	0.120819
21.333973	-0.030220	-0.161171	0.060380	0.120819
21.365271	-0.040293	-0.161171	0.060380	0.140965
21.396566	-0.050366	-0.161171	0.060380	0.151038
21.427862	-0.060439	-0.161171	0.060380	0.171185
21.459158	-0.060439	-0.161171	0.060380	0.181258
21.490454	-0.060439	-0.181317	0.070453	0.181258
21.521749	-0.050366	-0.191391	0.070453	0.191331
21.553045	-0.050366	-0.211537	0.080526	0.201404
21.584341	-0.050366	-0.221610	0.080526	0.201404
21.615637	-0.060439	-0.231683	0.080526	0.211477
21.646933	-0.070512	-0.241756	0.080526	0.211477
21.678228	-0.080585	-0.241756	0.080526	0.221550
21.709524	-0.080585	-0.241756	0.090599	0.221550
21.740820	-0.080585	-0.261843	0.090599	0.231624
21.772116	-0.080585	-0.271916	0.100672	0.241697
21.803411	-0.080585	-0.281990	0.110745	0.251770
21.834707	-0.090659	-0.292063	0.110745	0.271857
21.866005	-0.090659	-0.302136	0.110745	0.292003
21.897301	-0.100732	-0.322282	0.110745	0.302076
21.928596	-0.100732	-0.332355	0.120819	0.312150
21.959892	-0.110805	-0.332355	0.120819	0.322223
21.991188	-0.110805	-0.342429	0.130892	0.342369
22.022484	-0.110805	-0.352502	0.140965	0.352442
22.053780	-0.120878	-0.362575	0.151038	0.362515
22.085075	-0.130951	-0.382721	0.161111	0.382662
22.116371	-0.141025	-0.402868	0.161111	0.402808
22.147667	-0.151098	-0.423014	0.161111	0.422955
22.178963	-0.161171	-0.443161	0.171185	0.433028
22.210258	-0.171244	-0.453234	0.171185	0.453174
22.241554	-0.171244	-0.463307	0.181258	0.483394
22.272850	-0.171244	-0.483453	0.191331	0.503540
22.304146	-0.171244	-0.493526	0.201404	0.523627
22.335442	-0.171244	-0.513673	0.211477	0.543773
22.366739	-0.171244	-0.523686	0.221550	0.563920
22.398035	-0.181317	-0.543833	0.231624	0.584066
22.429331	-0.201464	-0.563979	0.231624	0.604212
22.460627	-0.201464	-0.584126	0.231624	0.634432
22.491922	-0.211537	-0.604272	0.231624	0.664651
22.523218	-0.221610	-0.624418	0.231624	0.684798
22.554514	-0.231683	-0.654638	0.241697	0.715017
22.585810	-0.241756	-0.694931	0.241697	0.745237
22.617105	-0.251830	-0.715077	0.251770	0.775397
22.648401	-0.261843	-0.745296	0.261784	0.805616
22.679697	-0.281990	-0.775456	0.271857	0.835836
22.710993	-0.281990	-0.805676	0.281930	0.876129
22.742289	-0.281990	-0.845969	0.302076	0.916421
22.773584	-0.292063	-0.876188	0.312150	0.966787
22.804880	-0.302136	-0.906408	0.332296	1.017153
22.836176	-0.302136	-0.946701	0.342369	1.067460
22.867474	-0.312209	-0.997066	0.352442	1.127899
22.898769	-0.312209	-1.037300	0.372589	1.188338
22.930065	-0.322282	-1.087666	0.382662	1.258850
22.961361	-0.322282	-1.148105	0.402808	1.329303
22.992657	-0.332355	-1.208544	0.412881	1.409888
23.023952	-0.352502	-1.279056	0.422955	1.500547
23.055248	-0.372648	-1.349509	0.443101	1.601219
23.086544	-0.382721	-1.430094	0.453174	1.701951
23.117840	-0.392795	-1.520753	0.463247	1.812696
23.149136	-0.402868	-1.631498	0.483394	1.943648
23.180431	-0.423014	-1.752377	0.493467	2.104759
23.211727	-0.443161	-1.883268	0.513613	2.276003
23.243023	-0.463307	-2.024293	0.523627	2.477407
23.274319	-0.483453	-2.195477	0.543773	2.709031
23.305614	-0.493526	-2.386808	0.563920	2.970874
23.336912	-0.513673	-2.618432	0.584066	3.293157
23.368208	-0.523686	-2.870202	0.614285	3.665745
23.399504	-0.543833	-3.172338	0.634432	4.108906
23.430799	-0.553906	-3.514767	0.654578	4.662752
23.462095	-0.574052	-3.907502	0.684798	5.337536
23.493391	-0.594199	-4.390895	0.704944	6.173432
23.524687	-0.614345	-4.954875	0.725091	7.210732
23.555983	-0.644565	-5.609512	0.765383	8.489728
23.587278	-0.664711	-6.374896	0.795543	10.060728
23.618574	-0.694931	-7.230878	0.835836	11.943996
23.649870	-0.725150	-8.167505	0.876129	14.119328
23.681166	-0.765443	-9.164513	0.906348	16.536295
23.712461	-0.805676	-10.131300	0.946641	19.033909
23.743757	-0.835896	-11.027634	0.986934	21.390497
23.775053	-0.876188	-11.772871	1.027226	23.313999
23.806349	-0.906408	-12.306631	1.067460	24.492323
23.837646	-0.946701	-12.618839	1.117826	24.703800
23.868942	-0.986993	-12.759805	1.168191	23.958565
23.900238	-1.027286	-12.810171	1.228631	22.518396
23.931534	-1.077592	-12.830317	1.289070	20.675421
23.962830	-1.127958	-12.810171	1.359522	18.530369
23.994125	-1.188397	-12.679219	1.430035	16.123413
24.025421	-1.248837	-12.387156	1.510620	13.454617
24.056717	-1.309216	-11.823236	1.591146	10.483742
24.088013	-1.389802	-10.947048	1.691878	7.220745
24.119308	-1.480460	-9.718418	1.792610	3.776550
24.150604	-1.571059	-8.177578	1.913428	0.302076
24.181900	-1.671791	-6.445348	2.044380	-2.880275
24.213196	-1.792669	-4.703104	2.195418	-5.398035
24.244492	-1.923561	-3.142118	2.356529	-6.938875
24.275787	-2.084672	-1.953781	2.537847	-7.371902
24.307083	-2.265990	-1.198471	2.749324	-6.898582
24.338381	-2.467394	-0.815749	3.001094	-5.901575
24.369677	-2.688944	-0.694931	3.293157	-4.743397
24.400972	-2.960861	-0.705004	3.655672	-3.665805
24.432268	-3.273070	-0.755370	4.078686	-2.789676
24.463564	-3.655732	-0.815749	4.582226	-2.114892
24.494860	-4.129052	-0.866115	5.196512	-1.601279
24.526155	-4.713178	-0.906408	5.971968	-1.138031
24.557451	-5.448341	-0.926554	6.948888	-0.856042
24.588747	-6.384969	-0.926554	8.187592	-0.644565
24.620043	-7.553160	-0.926554	9.728432	-0.473380
24.651339	-8.973181	-0.926554	11.611641	-0.342429
24.682634	-10.705352	-0.906408	13.847410	-0.231683
24.713930	-12.618839	-0.896335	16.274452	-0.141025
24.745226	-14.391303	-0.886261	18.580675	-0.080585
24.776522	-15.801191	-0.866115	20.463943	-0.020146
24.807819	-16.737820	-0.845969	21.682501	0.020087
24.839115	-17.241360	-0.815749	22.155880	0.060380
24.870411	-17.442762	-0.775456	21.944344	0.090599
24.901707	-17.442762	-0.745296	21.128654	0.110745
24.933002	-17.311811	-0.715077	19.819439	0.120819
24.964298	-17.080189	-0.694931	18.097282	0.140965
24.995594	-16.707600	-0.684857	16.002537	0.151038
25.026890	-16.083181	-0.664711	13.555347	0.161111
25.058186	-15.045881	-0.644565	10.705292	0.161111
25.089481	-13.434529	-0.624418	7.502735	0.161111
25.120777	-11.198818	-0.604272	4.118979	0.171185
25.152073	-8.519947	-0.594199	0.825763	0.171185
25.183369	-5.790770	-0.584126	-1.994073	0.171185
25.214664	-3.403962	-0.574052	-4.048526	0.171185
25.245960	-1.601279	-0.563979	-5.257010	0.171185
25.277256	-0.453234	-0.543833	-5.690038	0.171185
25.308554	0.130892	-0.523686	-5.539000	0.171185
25.339849	0.322223	-0.493526	-5.025387	0.161111
25.371145	0.261784	-0.473380	-4.330516	0.151038
25.402441	0.090599	-0.463307	-3.595352	0.140965
25.433737	-0.120878	-0.453234	-2.910495	0.130892
25.465033	-0.302136	-0.433087	-2.306283	0.130892
25.496328	-0.463307	-0.423014	-1.792669	0.130892
25.527624	-0.594199	-0.412941	-1.379728	0.130892
25.558920	-0.684857	-0.402868	-1.047373	0.120819
25.590216	-0.755370	-0.392795	-0.775456	0.120819
25.621511	-0.795603	-0.382721	-0.563979	0.110745
25.652807	-0.815749	-0.372648	-0.402868	0.100672
25.684103	-0.835896	-0.372648	-0.271916	0.100672
25.715399	-0.835896	-0.362575	-0.171244	0.090599
25.746695	-0.825822	-0.352502	-0.080585	0.090599
25.777990	-0.815749	-0.332355	-0.020146	0.080526
25.809288	-0.795603	-0.322282	0.040233	0.080526
25.840584	-0.775456	-0.302136	0.080526	0.070453
25.871880	-0.755370	-0.292063	0.110745	0.070453
25.903175	-0.735223	-0.292063	0.140965	0.070453
25.934471	-0.715077	-0.281990	0.161111	0.070453
25.965767	-0.705004	-0.281990	0.171185	0.070453
25.997063	-0.684857	-0.271916	0.171185	0.060380
26.028358	-0.664711	-0.261843	0.181258	0.060380
26.059654	-0.644565	-0.251830	0.191331	0.060380
26.090950	-0.624418	-0.241756	0.191331	0.050306
26.122246	-0.604272	-0.231683	0.201404	0.040233
26.153542	-0.594199	-0.231683	0.211477	0.040233
26.184837	-0.584126	-0.231683	0.211477	0.030160
26.216133	-0.563979	-0.231683	0.211477	0.030160
26.247429	-0.543833	-0.231683	0.211477	0.020087
26.278725	-0.513673	-0.221610	0.211477	0.020087
26.310022	-0.493526	-0.221610	0.201404	0.020087
26.341318	-0.483453	-0.211537	0.201404	0.010014
26.372614	-0.463307	-0.201464	0.201404	0.010014
26.403910	-0.443161	-0.191391	0.191331	0.010014
26.435205	-0.423014	-0.181317	0.181258	0.000000
26.466501	-0.412941	-0.181317	0.171185	0.000000
26.497797	-0.402868	-0.181317	0.171185	0.000000
26.529093	-0.392795	-0.171244	0.161111	0.000000
26.560389	-0.392795	-0.161171	0.161111	0.000000
26.591684	-0.382721	-0.161171	0.161111	0.000000
26.622980	-0.382721	-0.171244	0.161111	-0.010073
26.654276	-0.372648	-0.171244	0.151038	-0.020146
26.685572	-0.352502	-0.171244	0.140965	-0.030220
26.716867	-0.342429	-0.171244	0.130892	-0.030220
26.748163	-0.342429	-0.171244	0.120819	-0.040293
26.779461	-0.342429	-0.161171	0.110745	-0.040293
26.810757	-0.332355	-0.141025	0.110745	-0.030220
26.842052	-0.322282	-0.141025	0.110745	-0.030220
26.873348	-0.312209	-0.141025	0.110745	-0.030220
26.904644	-0.292063	-0.130951	0.100672	-0.030220
26.935940	-0.281990	-0.130951	0.100672	-0.030220
26.967236	-0.271916	-0.130951	0.090599	-0.030220
26.998531	-0.261843	-0.120878	0.080526	-0.030220
27.029827	-0.251830	-0.120878	0.070453	-0.030220
27.061123	-0.241756	-0.120878	0.060380	-0.040293
27.092419	-0.231683	-0.120878	0.060380	-0.040293
27.123714	-0.231683	-0.120878	0.050306	-0.050366
27.155010	-0.221610	-0.120878	0.050306	-0.060439
27.186306	-0.221610	-0.120878	0.040233	-0.060439
27.217602	-0.201464	-0.110805	0.030160	-0.050366
27.248898	-0.191391	-0.110805	0.030160	-0.060439
27.280195	-0.191391	-0.100732	0.030160	-0.060439
27.311491	-0.181317	-0.100732	0.020087	-0.060439
27.342787	-0.181317	-0.100732	0.020087	-0.060439
27.374083	-0.181317	-0.090659	0.010014	-0.060439
27.405378	-0.171244	-0.090659	0.010014	-0.060439
27.436674	-0.171244	-0.090659	0.010014	-0.060439
27.467970	-0.151098	-0.090659	0.010014	-0.060439
27.499266	-0.141025	-0.090659	0.010014	-0.060439
27.530561	-0.141025	-0.090659	0.000000	-0.070512
27.561857	-0.130951	-0.100732	0.000000	-0.070512
27.593153	-0.141025	-0.090659	-0.010073	-0.070512
27.624449	-0.141025	-0.090659	-0.010073	-0.070512
27.655745	-0.130951	-0.090659	-0.020146	-0.080585
27.687040	-0.130951	-0.090659	-0.020146	-0.080585
27.718336	-0.120878	-0.090659	-0.030220	-0.080585
27.749632	-0.120878	-0.090659	-0.040293	-0.080585
27.780930	-0.120878	-0.090659	-0.040293	-0.070512
27.812225	-0.120878	-0.090659	-0.050366	-0.070512
27.843521	-0.110805	-0.090659	-0.050366	-0.060439
27.874817	-0.110805	-0.090659	-0.050366	-0.060439
27.906113	-0.100732	-0.090659	-0.050366	-0.050366
27.937408	-0.100732	-0.090659	-0.050366	-0.050366
27.968704	-0.090659	-0.090659	-0.050366	-0.050366
