21.452927	-1.665056	1.500547	-64.557556	-64.349426
21.492014	-1.745626	1.500547	-64.500481	-64.356133
21.531101	-1.832902	1.497194	-64.507202	-64.359505
21.570189	-1.859754	1.483768	-64.658272	-64.356133
21.609276	-1.812756	1.460269	-64.802620	-64.359505
21.648363	-1.705334	1.443475	-64.829468	-64.369560
21.687450	-1.594558	1.436770	-64.742195	-64.386353
21.726538	-1.540855	1.440123	-64.621346	-64.396423
21.765625	-1.524061	1.443475	-64.581055	-64.396423
21.804712	-1.503915	1.446843	-64.621346	-64.383003
21.843801	-1.470357	1.446843	-64.631401	-64.372925
21.882889	-1.440138	1.450196	-64.634773	-64.369560
21.921976	-1.426712	1.463622	-64.648193	-64.379631
21.961063	-1.416638	1.483768	-64.651550	-64.396423
22.000151	-1.389787	1.507267	-64.594475	-64.409851
22.039238	-1.359567	1.517341	-64.490425	-64.430000
22.078325	-1.349509	1.517341	-64.389709	-64.456848
22.117413	-1.342788	1.507267	-64.393059	-64.480347
22.156500	-1.349509	1.500547	-64.456848	-64.490425
22.195587	-1.413286	1.497194	-64.487053	-64.483704
22.234674	-1.547560	1.487121	-64.523979	-64.476982
22.273762	-1.691908	1.480415	-64.567627	-64.476982
22.312851	-1.819476	1.473695	-64.587769	-64.476982
22.351938	-1.930252	1.460269	-64.597847	-64.480347
22.391026	-2.007470	1.450196	-64.587769	-64.500481
22.430113	-2.064526	1.430050	-64.591125	-64.530701
22.469200	-2.081320	1.409918	-64.591125	-64.560905
22.508287	-2.061173	1.396492	-64.544128	-64.581055
22.547375	-2.061173	1.399845	-64.369560	-64.594475
22.586462	-2.084672	1.419976	-64.265503	-64.611275
22.625549	-2.071247	1.433417	-64.389709	-64.614624
22.664637	-2.020895	1.443475	-64.624695	-64.597847
22.703724	-1.967177	1.456916	-64.745544	-64.594475
22.742811	-1.910120	1.473695	-64.728767	-64.617973
22.781900	-1.842976	1.490474	-64.631401	-64.664978
22.820988	-1.772478	1.497194	-64.581055	-64.695198
22.860075	-1.725480	1.490474	-64.638123	-64.705269
22.899162	-1.725480	1.477048	-64.685120	-64.728767
22.938250	-1.712054	1.460269	-64.802620	-64.758972
22.977337	-1.661703	1.446843	-64.953667	-64.779121
23.016424	-1.577780	1.443475	-65.067810	-64.779121
23.055511	-1.503915	1.450196	-65.071167	-64.795898
23.094599	-1.460284	1.460269	-64.987244	-64.832825
23.133686	-1.470357	1.463622	-64.866394	-64.869743
23.172773	-1.564354	1.470342	-64.678398	-64.903320
23.211861	-1.675129	1.480415	-64.678398	-64.933540
23.250950	-1.728833	1.493841	-64.832825	-64.963745
23.290037	-1.708701	1.507267	-65.010742	-65.000671
23.329124	-1.641557	1.517341	-65.030891	-65.010742
23.368212	-1.574412	1.540840	-64.906670	-65.034241
23.407299	-1.557633	1.574397	-64.708618	-65.084595
23.446386	-1.601279	1.618043	-64.621346	-65.158455
23.485474	-1.671776	1.654968	-64.668327	-65.222237
23.524561	-1.735553	1.695260	-64.752266	-65.265877
23.563648	-1.775831	1.742244	-64.772400	-65.296082
23.602736	-1.809403	1.802683	-64.732117	-65.336365
23.641823	-1.859754	1.876533	-64.641479	-65.396797
23.680912	-1.903400	1.963809	-64.584404	-65.477356
23.719999	-1.893327	2.071232	-64.611275	-65.568001
23.759087	-1.819476	2.212226	-64.738823	-65.672073
23.798174	-1.725480	2.400219	-64.836189	-65.802994
23.837261	-1.641557	2.645269	-64.876465	-65.947342
23.876348	-1.574412	2.964184	-64.886543	-66.128609
23.915436	-1.520708	3.377080	-64.896614	-66.363602
23.954523	-1.507282	3.900766	-64.913391	-66.662369
23.993610	-1.507282	4.555374	-65.037590	-67.065193
24.032698	-1.470357	5.340904	-65.155090	-67.578804
24.071785	-1.416638	6.240561	-65.218880	-68.250206
24.110872	-1.362935	7.207364	-65.171883	-69.102867
24.149961	-1.352862	8.123816	-64.983887	-70.126740
24.189049	-1.396492	8.852273	-64.879822	-71.335243
24.228136	-1.450211	9.187966	-64.950317	-72.661240
24.267223	-1.456931	8.922771	-65.111458	-73.990601
24.306311	-1.436785	7.935822	-65.158455	-75.195732
24.345398	-1.463637	6.287560	-64.940247	-76.192749
24.384485	-1.564354	4.233107	-64.493774	-77.008484
24.423573	-1.705334	1.970530	-63.946590	-77.629524
24.462660	-1.782551	-0.402838	-63.701527	-77.951790
24.501747	-1.678482	-2.826557	-64.141289	-77.844368
24.540834	-1.490489	-5.236849	-64.648193	-77.216629
24.579922	-1.483783	-7.432297	-64.037231	-76.058479
24.619011	-1.722127	-9.120852	-62.157333	-74.457214
24.658098	-2.161890	-9.983584	-59.122650	-72.610886
24.697186	-2.792984	-9.775445	-54.946602	-70.831703
24.736273	-3.561735	-8.597165	-50.038738	-69.411713
24.775360	-4.296899	-6.888479	-45.419575	-68.421410
24.814447	-4.850805	-5.176425	-41.982056	-67.776871
24.853535	-5.253643	-3.786653	-39.571762	-67.320335
24.892622	-5.733684	-2.746001	-36.547138	-66.964493
24.931709	-6.965682	-1.983970	-28.708666	-66.695930
24.970797	-9.100705	-1.423359	-15.415133	-66.474380
25.009884	-11.450574	-0.986949	-0.805676	-66.272957
25.048973	-13.343885	-0.644535	11.027575	-66.108467
25.088060	-14.569179	-0.382707	18.751934	-65.990967
25.127148	-15.086144	-0.201419	22.296875	-65.893623
25.166235	-15.045866	-0.097364	22.793695	-65.755997
25.205322	-14.626249	-0.023499	21.652340	-65.604927
25.244410	-13.847441	0.046983	19.262180	-65.494148
25.283497	-12.783274	0.107422	16.177147	-65.427002
25.322584	-11.678844	0.157773	13.760135	-65.369934
25.361671	-10.524050	0.218198	12.058168	-65.326302
25.400759	-9.177908	0.288695	10.624751	-65.296082
25.439846	-7.747859	0.349119	9.271890	-65.265877
25.478933	-6.552771	0.382692	8.083537	-65.212158
25.518023	-5.827680	0.409544	6.824672	-65.185310
25.557110	-5.518839	0.436395	4.857495	-65.155090
25.596197	-5.444989	0.466615	1.631469	-65.104736
25.635284	-5.549044	0.503540	-2.531156	-65.074532
25.674372	-5.904883	0.540465	-6.831408	-65.067810
25.713459	-6.589711	0.567317	-11.111513	-65.051033
25.752546	-7.653862	0.580743	-15.415133	-65.037590
25.791634	-9.198054	0.580743	-19.463614	-65.024170
25.830721	-11.198804	0.574037	-23.166328	-64.987244
25.869808	-13.367385	0.587463	-26.093601	-64.950317
25.908895	-15.190214	0.604242	-27.889565	-64.936890
25.947983	-16.214088	0.617668	-29.104784	-64.913391
25.987072	-16.264439	0.627741	-30.370354	-64.903320
26.026159	-15.562832	0.627741	-31.588926	-64.906670
26.065247	-14.465109	0.610963	-32.414734	-64.879822
26.104334	-13.263330	0.597537	-32.874645	-64.873116
26.143421	-12.168959	0.597537	-32.894775	-64.886543
26.182508	-11.309579	0.594169	-32.448307	-64.873116
26.221596	-10.594547	0.587463	-32.293884	-64.863045
26.260683	-9.953364	0.563964	-32.666504	-64.852966
26.299770	-9.396121	0.550538	-33.260689	-64.849617
26.338858	-9.006709	0.543818	-33.398331	-64.859688
26.377945	-8.838862	0.533745	-32.847794	-64.846245
26.417032	-8.845583	0.516966	-31.790346	-64.852966
26.456121	-8.865714	0.503540	-30.910820	-64.923462
26.495209	-8.741513	0.483394	-30.847042	-64.993965
26.534296	-8.493095	0.469968	-31.619146	-64.983887
26.573383	-8.201048	0.459895	-32.814220	-64.923462
26.612471	-7.868707	0.456542	-34.190567	-64.910042
26.651558	-7.398725	0.473320	-35.973103	-64.983887
26.690645	-6.875038	0.506893	-37.866428	-65.047668
26.729733	-6.455421	0.520319	-39.256199	-64.997314
26.768820	-6.227150	0.506893	-39.773182	-64.852966
26.807907	-6.069377	0.469968	-39.954453	-64.634773
26.846994	-5.941808	0.436395	-40.165947	-64.460205
26.886084	-5.925030	0.412896	-40.125652	-64.423279
26.925171	-6.089523	0.392750	-39.326698	-64.500481
26.964258	-6.418496	0.318900	-37.889927	-64.436707
27.003345	-6.750837	0.258476	-36.469936	-64.376282
27.042433	-6.878406	0.258476	-35.983173	-64.540771
27.081520	-6.774336	0.248402	-36.406158	-64.621346
27.120607	-6.619915	0.221550	-36.842556	-64.550850
27.159695	-6.519213	0.228271	-36.913052	-64.507202
27.198782	-6.519213	0.255123	-36.500156	-64.487053
27.237869	-6.760910	0.271901	-35.180866	-64.446777
27.276957	-7.237598	0.281975	-32.992138	-64.440056
27.316044	-7.690787	0.285327	-30.890688	-64.376282
27.355133	-7.996261	0.298768	-29.484123	-64.339355
27.394220	-8.207753	0.312194	-28.500526	-64.221863
27.433308	-8.422598	0.349119	-27.251751	-64.211784
27.472395	-8.815363	0.386044	-25.042877	-64.315857
27.511482	-9.493470	0.372618	-21.548286	-64.218506
27.550570	-10.329350	0.325620	-17.382309	-63.953312
27.589657	-11.094734	0.325620	-13.531878	-63.956661
27.628744	-11.547923	0.342399	-11.124953	-64.080864
27.667831	-11.702344	0.345752	-10.094359	-64.050659
27.706919	-11.658698	0.372618	-9.926513	-64.094292
27.746006	-11.541203	0.402823	-9.933233	-64.154716
27.785093	-11.571423	0.433043	-9.140984	-64.205078
27.824183	-11.876911	0.473320	-7.146955	-64.265503
27.863270	-12.370378	0.520319	-4.478187	-64.366203
27.902357	-12.930989	0.540465	-1.564354	-64.386353
27.941444	-13.434529	0.520319	1.141354	-64.248711
27.980532	-13.793722	0.486746	3.202528	-64.090935
28.019619	-14.042139	0.469968	4.531875	-64.064087
28.058706	-14.193207	0.466615	5.115986	-64.151360
28.097794	-14.367760	0.459895	5.555749	-64.201714
28.136881	-14.706820	0.456542	6.938815	-64.198357
28.175968	-15.136510	0.456542	9.124189	-64.148010
28.215055	-15.475556	0.459895	11.148437	-64.168152
28.254143	-15.683681	0.453174	12.652352	-64.231934
28.293232	-15.861601	0.433043	14.142826	-64.272209
28.332319	-16.079813	0.392750	15.945509	-64.218506
28.371407	-16.425579	0.359192	18.436373	-64.148010
28.410494	-16.902267	0.342399	21.501272	-64.127861
28.449581	-17.459511	0.339046	24.885073	-64.154716
28.488668	-18.060415	0.352472	28.399811	-64.221863
28.527756	-18.671379	0.369251	32.001823	-64.299080
28.566843	-19.325987	0.362545	35.754890	-64.356133
28.605930	-19.983948	0.345752	39.420681	-64.356133
28.645018	-20.591557	0.352472	42.807846	-64.346062
28.684105	-21.168947	0.375971	46.097668	-64.352783
28.723194	-21.685913	0.416249	49.135700	-64.352783
28.762281	-22.152529	0.453174	51.851482	-64.389709
28.801369	-22.686287	0.466615	54.473251	-64.403130
28.840456	-23.303970	0.453174	57.078259	-64.436707
28.879543	-23.968653	0.419617	59.713451	-64.466927
28.918631	-24.552763	0.362545	61.962620	-64.423279
28.957718	-24.908587	0.288695	63.325539	-64.258781
28.996805	-25.032803	0.228271	63.819008	-64.074158
29.035892	-25.022730	0.214845	63.959999	-64.020439
29.074980	-25.009304	0.241697	64.208420	-64.107735
29.114067	-25.066376	0.258476	64.691811	-64.144653
29.153154	-25.180504	0.261828	65.336349	-64.205078
29.192244	-25.287926	0.255123	65.739182	-64.282280
29.231331	-25.321499	0.248402	65.571335	-64.332634
29.270418	-25.291279	0.241697	64.950302	-64.332634
29.309505	-25.240929	0.241697	64.352768	-64.282280
29.348593	-25.230854	0.228271	64.188271	-64.198357
29.387680	-25.230854	0.228271	64.248695	-64.171509
29.426767	-25.230854	0.248402	64.450111	-64.231934
29.465855	-25.271147	0.258476	64.839523	-64.252075
29.504942	-25.328218	0.258476	65.235641	-64.231934
29.544029	-25.331572	0.261828	65.343063	-64.248711
29.583117	-25.298000	0.281975	65.044296	-64.332634
29.622204	-25.173798	0.281975	64.060715	-64.406502
29.661293	-24.841457	0.241697	61.902195	-64.409851
29.700380	-24.247274	0.174552	58.518379	-64.322578
29.739468	-23.448318	0.114128	54.308773	-64.181580
29.778555	-22.484869	0.083923	49.575462	-64.070793
29.817642	-21.467716	0.083923	44.681026	-64.067436
29.856730	-20.574764	0.124201	40.283428	-64.205078
29.895817	-19.873158	0.164479	36.654549	-64.379631
29.934904	-19.211843	0.181273	33.149899	-64.534050
29.973991	-18.567308	0.174552	29.756025	-64.664978
30.013079	-18.020123	0.151053	27.016745	-64.802620
30.052166	-17.634079	0.130907	24.999216	-64.987244
30.091253	-17.405807	0.130907	23.619503	-65.202087
30.130342	-17.308458	0.164479	22.817194	-65.484077
30.169430	-17.355457	0.211477	22.753418	-65.813049
30.208517	-17.459511	0.191346	23.173035	-65.886917
30.247604	-17.603859	-0.010073	24.008915	-65.232307
30.286692	-17.845572	-0.523686	25.469185	-63.006638
30.325779	-18.191338	-1.487136	27.402788	-58.374046
30.364866	-18.476665	-2.809778	28.869778	-51.559433
30.403954	-18.527031	-4.226417	29.047697	-43.976082
30.443041	-18.342390	-5.790755	28.144688	-35.627335
30.482128	-18.104046	-7.684067	26.966393	-25.485992
30.521215	-17.889202	-10.188356	25.851875	-12.135386
30.560305	-17.801926	-13.337180	25.412127	4.397601
30.599392	-17.862350	-16.878769	25.633678	23.421452
30.638479	-18.026844	-20.591557	26.157364	44.177486
30.677567	-18.211470	-24.123074	26.738123	64.779106
30.716654	-18.355816	-26.926115	27.245014	82.769005
30.755741	-18.399462	-28.604597	27.644501	95.233368
30.794828	-18.436388	-29.218912	28.440088	101.034180
30.833916	-18.627733	-29.316277	29.997721	102.276253
30.873003	-19.020498	-29.333055	32.256947	102.360176
30.912090	-19.446835	-29.339775	34.516171	102.376968
30.951178	-19.866451	-29.346481	36.610916	102.383675
30.990265	-20.269289	-29.353201	38.557945	102.400467
31.029354	-20.682186	-29.359907	40.394203	102.423965
31.068441	-21.152168	-29.373333	42.358009	102.474319
31.107529	-21.675856	-29.386774	44.388966	102.534744
31.146616	-22.179396	-29.386774	46.195015	102.541458
31.185703	-22.599012	-29.363274	47.658638	102.457535
31.224791	-22.874281	-29.322983	48.880577	102.299751
31.263878	-23.099199	-29.275984	50.169647	102.108406
31.302965	-23.347616	-29.242411	51.670208	101.957352
31.342052	-23.696735	-29.222281	53.593739	101.876778
31.381140	-24.066002	-29.212206	55.550842	101.823059
31.420227	-24.381548	-29.192060	57.185680	101.742508
31.459314	-24.636686	-29.171928	58.645950	101.651863
31.498404	-24.888456	-29.161856	60.237141	101.584717
31.537491	-25.264427	-29.158487	62.486305	101.544441
31.576578	-25.734409	-29.161856	65.181938	101.531013
31.615665	-26.170805	-29.171928	67.817139	101.554512
31.654753	-26.509867	-29.192060	70.079727	101.618286
31.693840	-26.761637	-29.215559	71.858910	101.719009
31.732927	-26.993259	-29.239059	73.456825	101.853279
31.772015	-27.241676	-29.265911	75.011093	102.011055
31.811102	-27.463228	-29.296129	76.377380	102.155403
31.850189	-27.631075	-29.322983	77.585876	102.256119
31.889277	-27.802288	-29.333055	78.928650	102.296394
31.928364	-27.993635	-29.333055	80.590340	102.293045
31.967453	-28.161482	-29.333055	82.275543	102.293045
32.006538	-28.359531	-29.343128	84.199074	102.326614
32.045628	-28.651596	-29.366627	86.914841	102.413895
32.084713	-28.973862	-29.393478	90.244934	102.528023
32.123802	-29.242411	-29.413626	93.642174	102.615311
32.162888	-29.413626	-29.423698	96.633224	102.655586
32.201977	-29.504255	-29.427052	98.929375	102.682442
32.241066	-29.541180	-29.433758	100.544067	102.702591
32.280151	-29.561325	-29.443830	101.645142	102.742867
32.319241	-29.574753	-29.467329	102.373611	102.823433
32.358326	-29.591545	-29.494196	102.857010	102.937576
32.397415	-29.615044	-29.524401	103.196053	103.065132
32.436501	-29.648602	-29.551252	103.464615	103.182632
32.475590	-29.698967	-29.568047	103.733170	103.256477
32.514675	-29.762745	-29.574753	103.991661	103.273270
32.553764	-29.823170	-29.571400	104.206505	103.259850
32.592850	-29.870167	-29.557974	104.364273	103.209496
32.631939	-29.913813	-29.534473	104.485123	103.112129
32.671028	-29.933945	-29.500902	104.528770	102.981209
32.710114	-29.944017	-29.467329	104.558990	102.840233
32.749203	-29.950737	-29.443830	104.579124	102.742867
32.788288	-29.950737	-29.447197	104.582489	102.749588
32.827377	-29.944017	-29.474051	104.562340	102.867081
32.866463	-29.933945	-29.507622	104.532120	103.001358
32.905552	-29.927238	-29.527754	104.508621	103.095352
32.944637	-29.923885	-29.544548	104.511993	103.152428
32.983727	-29.930592	-29.557974	104.532120	103.206131
33.022812	-29.933945	-29.568047	104.538841	103.243050
33.061901	-29.933945	-29.564678	104.528770	103.239700
33.100990	-29.930592	-29.564678	104.522064	103.229630
33.140076	-29.930592	-29.571400	104.525414	103.253128
33.179165	-29.933945	-29.591545	104.535492	103.330345
33.218250	-29.937311	-29.628471	104.542198	103.474693
33.257339	-29.944017	-29.672102	104.558990	103.655968
33.296425	-29.947386	-29.715746	104.582489	103.817093
33.335514	-29.954090	-29.756025	104.595917	103.958084
33.374599	-29.950737	-29.796318	104.589195	104.092377
33.413689	-29.944017	-29.836596	104.548920	104.223282
33.452774	-29.937311	-29.870167	104.511993	104.330704
33.491863	-29.933945	-29.883593	104.498566	104.387772
33.530949	-29.930592	-29.886946	104.501915	104.387772
33.570038	-29.933945	-29.883593	104.508621	104.354202
33.609127	-29.937311	-29.883593	104.515343	104.307220
33.648212	-29.944017	-29.876888	104.528770	104.277000
33.687302	-29.950737	-29.880241	104.548920	104.287071
33.726387	-29.954090	-29.890314	104.565697	104.323997
33.765476	-29.950737	-29.900387	104.565697	104.374352
33.804562	-29.944017	-29.913813	104.555618	104.421349
33.843651	-29.944017	-29.930592	104.545547	104.485123
33.882736	-29.944017	-29.944017	104.542198	104.535492
33.921825	-29.944017	-29.947386	104.545547	104.555618
33.960911	-29.947386	-29.947386	104.552269	104.555618
