21.940655	-0.020146	0.040278	-0.010073	-0.050366
21.979643	-0.020146	0.050351	-0.013441	-0.057071
22.018633	-0.020146	0.063777	-0.016794	-0.060439
22.057623	-0.020146	0.077203	-0.016794	-0.063792
22.096613	-0.020146	0.087276	-0.013441	-0.070497
22.135603	-0.016794	0.090629	-0.013441	-0.077218
22.174593	-0.016794	0.090629	-0.010073	-0.077218
22.213581	-0.013441	0.087276	-0.006720	-0.073865
22.252571	-0.013441	0.083923	-0.003368	-0.070497
22.291561	-0.013441	0.080556	0.000000	-0.070497
22.330551	-0.016794	0.073850	0.000000	-0.073865
22.369541	-0.016794	0.070482	-0.003368	-0.070497
22.408531	-0.016794	0.070482	-0.003368	-0.067145
22.447521	-0.020146	0.070482	-0.003368	-0.067145
22.486509	-0.020146	0.067130	-0.003368	-0.070497
22.525499	-0.023499	0.063777	-0.003368	-0.073865
22.564489	-0.020146	0.063777	-0.006720	-0.077218
22.603479	-0.020146	0.067130	-0.006720	-0.077218
22.642469	-0.020146	0.067130	-0.006720	-0.077218
22.681459	-0.020146	0.070482	-0.006720	-0.077218
22.720448	-0.020146	0.067130	-0.010073	-0.073865
22.759438	-0.023499	0.060424	-0.013441	-0.073865
22.798428	-0.023499	0.057057	-0.013441	-0.073865
22.837418	-0.020146	0.057057	-0.010073	-0.073865
22.876408	-0.020146	0.060424	-0.006720	-0.073865
22.915398	-0.020146	0.063777	-0.006720	-0.070497
22.954386	-0.023499	0.067130	-0.006720	-0.067145
22.993376	-0.023499	0.070482	-0.003368	-0.067145
23.032366	-0.023499	0.080556	0.000000	-0.073865
23.071356	-0.023499	0.093982	0.000000	-0.080571
23.110346	-0.023499	0.104055	-0.003368	-0.083938
23.149336	-0.020146	0.110775	0.000000	-0.083938
23.188324	-0.020146	0.114128	0.000000	-0.083938
23.227314	-0.020146	0.114128	0.000000	-0.083938
23.266304	-0.020146	0.114128	0.000000	-0.083938
23.305294	-0.023499	0.110775	0.000000	-0.083938
23.344284	-0.023499	0.110775	0.000000	-0.087291
23.383274	-0.023499	0.110775	-0.003368	-0.090644
23.422262	-0.020146	0.107422	-0.003368	-0.090644
23.461252	-0.020146	0.107422	-0.003368	-0.087291
23.500242	-0.020146	0.110775	-0.003368	-0.087291
23.539232	-0.016794	0.110775	0.000000	-0.087291
23.578222	-0.016794	0.114128	-0.003368	-0.087291
23.617212	-0.016794	0.114128	-0.003368	-0.087291
23.656202	-0.016794	0.114128	-0.003368	-0.087291
23.695190	-0.016794	0.114128	0.000000	-0.087291
23.734180	-0.016794	0.114128	0.000000	-0.087291
23.773170	-0.016794	0.117481	-0.006720	-0.087291
23.812160	-0.016794	0.117481	-0.010073	-0.087291
23.851151	-0.020146	0.117481	-0.006720	-0.087291
23.890141	-0.020146	0.117481	-0.003368	-0.090644
23.929129	-0.020146	0.117481	0.000000	-0.093997
23.968119	-0.020146	0.117481	-0.003368	-0.097364
24.007109	-0.020146	0.117481	-0.006720	-0.097364
24.046099	-0.020146	0.114128	-0.003368	-0.097364
24.085089	-0.016794	0.114128	-0.003368	-0.097364
24.124079	-0.016794	0.110775	0.000000	-0.097364
24.163067	-0.016794	0.110775	0.000000	-0.097364
24.202057	-0.016794	0.110775	0.000000	-0.093997
24.241047	-0.020146	0.110775	0.006706	-0.090644
24.280037	-0.020146	0.110775	0.010058	-0.090644
24.319027	-0.020146	0.110775	0.010058	-0.090644
24.358017	-0.020146	0.110775	0.003353	-0.090644
24.397005	-0.020146	0.110775	0.000000	-0.087291
24.435995	-0.016794	0.107422	0.000000	-0.080571
24.474985	-0.016794	0.107422	0.000000	-0.083938
24.513975	-0.016794	0.107422	0.000000	-0.087291
24.552965	-0.016794	0.104055	0.000000	-0.090644
24.591955	-0.020146	0.104055	0.003353	-0.090644
24.630943	-0.020146	0.100702	0.003353	-0.090644
24.669933	-0.020146	0.100702	0.006706	-0.090644
24.708923	-0.023499	0.100702	0.006706	-0.090644
24.747913	-0.026867	0.100702	0.006706	-0.090644
24.786903	-0.030220	0.100702	0.003353	-0.087291
24.825893	-0.030220	0.097349	0.003353	-0.087291
24.864883	-0.030220	0.093982	0.003353	-0.087291
24.903872	-0.030220	0.090629	0.000000	-0.083938
24.942862	-0.030220	0.083923	0.000000	-0.080571
24.981852	-0.030220	0.077203	-0.003368	-0.080571
25.020842	-0.030220	0.070482	0.000000	-0.080571
25.059832	-0.030220	0.067130	0.000000	-0.080571
25.098822	-0.030220	0.057057	0.000000	-0.080571
25.137810	-0.026867	0.046983	-0.003368	-0.080571
25.176800	-0.026867	0.030205	-0.003368	-0.077218
25.215790	-0.026867	0.010058	-0.003368	-0.073865
25.254780	-0.026867	-0.006720	0.000000	-0.067145
25.293770	-0.026867	-0.016794	0.003353	-0.060439
25.332760	-0.030220	-0.016794	0.006706	-0.057071
25.371748	-0.030220	-0.003368	0.006706	-0.053719
25.410738	-0.030220	0.030205	0.003353	-0.053719
25.449728	-0.030220	0.080556	0.003353	-0.057071
25.488718	-0.030220	0.140980	0.000000	-0.063792
25.527708	-0.026867	0.201404	0.000000	-0.073865
25.566698	-0.026867	0.251770	-0.003368	-0.083938
25.605686	-0.026867	0.281975	-0.003368	-0.093997
25.644676	-0.026867	0.285327	-0.003368	-0.093997
25.683666	-0.026867	0.258476	0.000000	-0.090644
25.722656	-0.026867	0.218198	0.000000	-0.080571
25.761646	-0.026867	0.181273	-0.003368	-0.077218
25.800636	-0.026867	0.154406	-0.003368	-0.073865
25.839624	-0.026867	0.137627	-0.006720	-0.070497
25.878614	-0.026867	0.124201	-0.003368	-0.070497
25.917604	-0.026867	0.114128	0.000000	-0.070497
25.956594	-0.030220	0.107422	0.000000	-0.070497
25.995584	-0.030220	0.100702	-0.003368	-0.070497
26.034575	-0.033572	0.097349	0.000000	-0.067145
26.073565	-0.036940	0.090629	0.003353	-0.060439
26.112553	-0.043646	0.083923	0.000000	-0.057071
26.151543	-0.050366	0.077203	-0.003368	-0.060439
26.190533	-0.057071	0.070482	-0.006720	-0.060439
26.229523	-0.070497	0.067130	-0.006720	-0.057071
26.268513	-0.083938	0.063777	-0.006720	-0.057071
26.307503	-0.104070	0.063777	-0.013441	-0.057071
26.346491	-0.127569	0.063777	-0.020146	-0.060439
26.385481	-0.151068	0.060424	-0.023499	-0.057071
26.424471	-0.161141	0.057057	-0.023499	-0.057071
26.463461	-0.157788	0.057057	-0.020146	-0.057071
26.502451	-0.134289	0.057057	-0.016794	-0.063792
26.541441	-0.087291	0.060424	-0.006720	-0.063792
26.580429	-0.026867	0.063777	0.010058	-0.067145
26.619419	0.043631	0.067130	0.033557	-0.063792
26.658409	0.104055	0.070482	0.050351	-0.067145
26.697399	0.137627	0.073850	0.053704	-0.067145
26.736389	0.137627	0.077203	0.046983	-0.070497
26.775379	0.120848	0.080556	0.036925	-0.070497
26.814367	0.097349	0.080556	0.030205	-0.070497
26.853357	0.073850	0.080556	0.023484	-0.073865
26.892347	0.050351	0.077203	0.016779	-0.070497
26.931337	0.033557	0.073850	0.010058	-0.063792
26.970327	0.023484	0.067130	0.006706	-0.057071
27.009317	0.013426	0.057057	0.006706	-0.053719
27.048306	0.006706	0.046983	0.006706	-0.053719
27.087296	0.003353	0.043631	0.010058	-0.053719
27.126286	0.000000	0.043631	0.006706	-0.053719
27.165276	-0.003368	0.043631	0.006706	-0.053719
27.204266	-0.010073	0.046983	0.006706	-0.057071
27.243256	-0.013441	0.050351	0.003353	-0.060439
27.282246	-0.013441	0.053704	0.003353	-0.060439
27.321234	-0.016794	0.050351	0.006706	-0.053719
27.360224	-0.016794	0.046983	0.006706	-0.053719
27.399214	-0.016794	0.043631	0.010058	-0.050366
27.438204	-0.016794	0.043631	0.010058	-0.053719
27.477194	-0.016794	0.046983	0.010058	-0.053719
27.516184	-0.016794	0.050351	0.006706	-0.053719
27.555172	-0.016794	0.053704	0.006706	-0.057071
27.594162	-0.016794	0.060424	0.003353	-0.057071
27.633152	-0.020146	0.067130	-0.003368	-0.060439
27.672142	-0.020146	0.070482	-0.003368	-0.063792
27.711132	-0.020146	0.077203	0.003353	-0.063792
27.750122	-0.020146	0.080556	0.003353	-0.067145
27.789110	-0.020146	0.087276	0.000000	-0.073865
27.828100	-0.020146	0.087276	-0.006720	-0.073865
27.867090	-0.020146	0.083923	-0.006720	-0.067145
27.906080	-0.020146	0.077203	-0.003368	-0.063792
27.945070	-0.020146	0.070482	-0.006720	-0.060439
27.984060	-0.020146	0.063777	-0.010073	-0.057071
28.023048	-0.020146	0.053704	-0.010073	-0.053719
28.062038	-0.020146	0.046983	0.000000	-0.046998
28.101028	-0.020146	0.043631	0.003353	-0.043646
28.140018	-0.023499	0.036925	0.003353	-0.043646
28.179008	-0.023499	0.036925	0.000000	-0.043646
28.217999	-0.023499	0.036925	-0.003368	-0.040293
28.256987	-0.023499	0.036925	0.000000	-0.040293
28.295977	-0.023499	0.040278	0.000000	-0.040293
28.334967	-0.023499	0.040278	0.000000	-0.040293
28.373957	-0.023499	0.033557	0.003353	-0.036940
28.412947	-0.023499	0.026852	0.003353	-0.033572
28.451937	-0.023499	0.020131	0.006706	-0.030220
28.490927	-0.023499	0.016779	0.006706	-0.030220
28.529915	-0.023499	0.006706	0.006706	-0.026867
28.568905	-0.023499	0.000000	0.003353	-0.020146
28.607895	-0.023499	-0.006720	0.003353	-0.013441
28.646885	-0.023499	-0.013441	0.003353	-0.010073
28.685875	-0.023499	-0.016794	0.000000	-0.006720
28.724865	-0.026867	-0.023499	0.000000	-0.006720
28.763853	-0.026867	-0.023499	0.000000	-0.003368
28.802843	-0.026867	-0.026867	0.000000	-0.003368
28.841833	-0.026867	-0.030220	0.000000	-0.003368
28.880823	-0.023499	-0.030220	-0.006720	-0.003368
28.919813	-0.023499	-0.033572	-0.010073	-0.003368
28.958803	-0.023499	-0.033572	-0.010073	-0.003368
28.997791	-0.020146	-0.030220	-0.010073	-0.003368
29.036781	-0.020146	-0.030220	-0.010073	-0.006720
29.075771	-0.020146	-0.026867	-0.010073	-0.006720
29.114761	-0.020146	-0.026867	-0.006720	-0.003368
29.153751	-0.020146	-0.026867	-0.003368	-0.003368
29.192741	-0.020146	-0.026867	-0.003368	-0.003368
29.231730	-0.023499	-0.026867	-0.003368	-0.003368
29.270720	-0.023499	-0.030220	-0.003368	0.000000
29.309710	-0.023499	-0.030220	-0.003368	0.003353
29.348700	-0.020146	-0.030220	-0.003368	0.003353
29.387690	-0.020146	-0.030220	0.000000	0.003353
29.426680	-0.020146	-0.030220	0.000000	0.000000
29.465668	-0.023499	-0.030220	0.000000	0.003353
29.504658	-0.023499	-0.026867	0.000000	0.006706
29.543648	-0.023499	-0.026867	-0.003368	0.006706
29.582638	-0.023499	-0.026867	-0.006720	0.003353
29.621628	-0.023499	-0.023499	-0.010073	-0.003368
29.660618	-0.023499	-0.023499	-0.006720	-0.003368
29.699608	-0.023499	-0.023499	-0.003368	0.000000
29.738596	-0.023499	-0.023499	0.000000	0.000000
29.777586	-0.023499	-0.023499	0.000000	-0.003368
29.816576	-0.023499	-0.023499	0.000000	-0.006720
29.855566	-0.020146	-0.023499	0.000000	-0.006720
29.894556	-0.020146	-0.023499	0.000000	-0.003368
29.933546	-0.020146	-0.023499	0.000000	-0.003368
29.972534	-0.020146	-0.020146	-0.003368	-0.003368
30.011524	-0.020146	-0.020146	-0.006720	-0.003368
30.050514	-0.016794	-0.023499	-0.003368	0.000000
30.089504	-0.016794	-0.023499	-0.003368	0.000000
30.128494	-0.016794	-0.026867	0.000000	0.000000
30.167484	-0.013441	-0.026867	-0.003368	0.000000
30.206472	-0.013441	-0.026867	-0.006720	-0.003368
30.245462	-0.016794	-0.026867	-0.006720	-0.006720
30.284452	-0.016794	-0.023499	-0.006720	-0.006720
30.323442	-0.016794	-0.023499	-0.010073	-0.006720
30.362432	-0.016794	-0.020146	-0.013441	-0.003368
30.401423	-0.016794	-0.020146	-0.016794	-0.003368
30.440411	-0.016794	-0.020146	-0.013441	-0.003368
30.479401	-0.016794	-0.016794	-0.010073	-0.003368
30.518391	-0.020146	-0.016794	-0.006720	-0.003368
30.557381	-0.020146	-0.020146	-0.003368	0.000000
30.596371	-0.023499	-0.020146	0.000000	0.006706
30.635361	-0.023499	-0.020146	0.003353	0.006706
30.674349	-0.023499	-0.020146	0.000000	0.006706
30.713339	-0.023499	-0.020146	0.000000	0.003353
30.752329	-0.023499	-0.020146	0.003353	0.003353
30.791319	-0.023499	-0.020146	0.003353	0.003353
30.830309	-0.023499	-0.020146	0.003353	0.003353
30.869299	-0.023499	-0.020146	0.000000	0.003353
30.908289	-0.023499	-0.016794	-0.003368	0.000000
30.947277	-0.023499	-0.016794	-0.003368	0.003353
30.986267	-0.023499	-0.020146	-0.003368	0.003353
31.025257	-0.020146	-0.020146	-0.003368	0.006706
31.064247	-0.020146	-0.023499	-0.006720	0.006706
31.103237	-0.020146	-0.023499	-0.003368	0.006706
31.142227	-0.020146	-0.026867	0.000000	0.006706
31.181215	-0.020146	-0.026867	0.000000	0.003353
31.220205	-0.020146	-0.026867	0.003353	0.000000
31.259195	-0.020146	-0.026867	0.003353	0.003353
31.298185	-0.020146	-0.026867	0.000000	0.010058
31.337175	-0.020146	-0.026867	0.000000	0.010058
31.376165	-0.020146	-0.023499	0.003353	0.006706
31.415154	-0.023499	-0.020146	0.003353	0.003353
31.454144	-0.023499	-0.020146	0.003353	0.000000
31.493134	-0.023499	-0.020146	0.000000	-0.003368
31.532124	-0.023499	-0.020146	-0.003368	-0.003368
31.571114	-0.023499	-0.020146	-0.003368	-0.006720
31.610104	-0.023499	-0.020146	-0.006720	-0.003368
31.649092	-0.023499	-0.016794	-0.006720	-0.003368
31.688082	-0.023499	-0.016794	-0.003368	-0.003368
31.727072	-0.023499	-0.016794	0.000000	-0.006720
31.766062	-0.023499	-0.020146	0.003353	-0.010073
31.805052	-0.023499	-0.020146	0.003353	-0.006720
31.844042	-0.023499	-0.023499	0.003353	-0.003368
31.883030	-0.023499	-0.023499	0.006706	0.000000
31.922020	-0.023499	-0.023499	0.006706	0.000000
31.961010	-0.023499	-0.023499	0.003353	0.000000
