26.167219	0.026852	0.151053	-0.043646	-0.070497
26.206188	0.020131	0.154406	-0.036940	-0.070497
26.245157	0.013426	0.154406	-0.023499	-0.073865
26.284126	0.006706	0.157773	-0.010073	-0.077218
26.323095	0.000000	0.161126	0.000000	-0.077218
26.362064	-0.006720	0.164479	0.006706	-0.073865
26.401033	-0.013441	0.167847	0.006706	-0.067145
26.440002	-0.016794	0.167847	0.006706	-0.067145
26.478971	-0.023499	0.171199	0.006706	-0.070497
26.517941	-0.026867	0.171199	0.010058	-0.070497
26.556910	-0.026867	0.174552	0.016779	-0.070497
26.595879	-0.026867	0.174552	0.020131	-0.073865
26.634848	-0.030220	0.174552	0.020131	-0.073865
26.673817	-0.036940	0.177905	0.013426	-0.070497
26.712786	-0.043646	0.181273	0.006706	-0.070497
26.751755	-0.050366	0.184625	0.003353	-0.067145
26.790724	-0.057071	0.184625	0.000000	-0.070497
26.829693	-0.060439	0.184625	-0.003368	-0.070497
26.868662	-0.063792	0.187978	-0.003368	-0.077218
26.907631	-0.070497	0.187978	0.003353	-0.080571
26.946600	-0.070497	0.187978	0.010058	-0.083938
26.985569	-0.077218	0.187978	0.013426	-0.083938
27.024538	-0.080571	0.191346	0.013426	-0.083938
27.063507	-0.087291	0.191346	0.013426	-0.080571
27.102476	-0.090644	0.194699	0.016779	-0.080571
27.141445	-0.097364	0.194699	0.020131	-0.080571
27.180414	-0.100717	0.194699	0.023484	-0.080571
27.219383	-0.107422	0.194699	0.026852	-0.083938
27.258352	-0.110790	0.194699	0.033557	-0.087291
27.297321	-0.117496	0.194699	0.033557	-0.083938
27.336290	-0.124216	0.198051	0.033557	-0.080571
27.375259	-0.130922	0.201404	0.030205	-0.077218
27.414228	-0.137642	0.204772	0.026852	-0.077218
27.453197	-0.147715	0.204772	0.023484	-0.080571
27.492167	-0.154421	0.208125	0.023484	-0.080571
27.531136	-0.161141	0.208125	0.030205	-0.080571
27.570105	-0.167862	0.211477	0.040278	-0.077218
27.609074	-0.174567	0.211477	0.046983	-0.080571
27.648043	-0.181288	0.214845	0.050351	-0.080571
27.687012	-0.191361	0.214845	0.050351	-0.080571
27.725981	-0.201419	0.214845	0.050351	-0.077218
27.764950	-0.214845	0.214845	0.046983	-0.077218
27.803919	-0.224918	0.214845	0.043631	-0.077218
27.842888	-0.231639	0.214845	0.046983	-0.080571
27.881857	-0.241712	0.214845	0.057057	-0.080571
27.920826	-0.248417	0.218198	0.067130	-0.080571
27.959795	-0.255138	0.218198	0.073850	-0.083938
27.998764	-0.268564	0.221550	0.073850	-0.083938
28.037733	-0.281990	0.224903	0.073850	-0.080571
28.076702	-0.295416	0.224903	0.070482	-0.077218
28.115671	-0.312209	0.224903	0.063777	-0.077218
28.154640	-0.325635	0.224903	0.063777	-0.083938
28.193609	-0.335708	0.224903	0.070482	-0.087291
28.232578	-0.345767	0.224903	0.080556	-0.087291
28.271547	-0.359207	0.228271	0.093982	-0.083938
28.310516	-0.372633	0.231624	0.100702	-0.080571
28.349485	-0.386059	0.231624	0.100702	-0.080571
28.388456	-0.402838	0.231624	0.104055	-0.083938
28.427425	-0.422984	0.231624	0.104055	-0.083938
28.466394	-0.439763	0.234976	0.107422	-0.083938
28.505363	-0.456557	0.231624	0.114128	-0.087291
28.544333	-0.476688	0.231624	0.127554	-0.090644
28.583302	-0.496835	0.234976	0.137627	-0.090644
28.622271	-0.516981	0.234976	0.147700	-0.090644
28.661240	-0.540480	0.234976	0.147700	-0.087291
28.700209	-0.563979	0.234976	0.147700	-0.087291
28.739178	-0.590831	0.234976	0.144348	-0.087291
28.778147	-0.617683	0.234976	0.151053	-0.090644
28.817116	-0.641182	0.234976	0.157773	-0.090644
28.856085	-0.668034	0.234976	0.167847	-0.093997
28.895054	-0.694901	0.238329	0.177905	-0.090644
28.934023	-0.725105	0.238329	0.191346	-0.090644
28.972992	-0.758678	0.238329	0.204772	-0.090644
29.011961	-0.795603	0.241697	0.211477	-0.090644
29.050930	-0.832528	0.241697	0.214845	-0.090644
29.089899	-0.872821	0.241697	0.218198	-0.093997
29.128868	-0.916451	0.241697	0.224903	-0.097364
29.167837	-0.960097	0.241697	0.234976	-0.097364
29.206806	-1.007095	0.241697	0.251770	-0.093997
29.245775	-1.054093	0.245050	0.268549	-0.090644
29.284744	-1.111165	0.245050	0.285327	-0.090644
29.323713	-1.168221	0.241697	0.298768	-0.090644
29.362682	-1.235366	0.241697	0.312194	-0.093997
29.401651	-1.309216	0.241697	0.325620	-0.090644
29.440620	-1.386434	0.241697	0.342399	-0.087291
29.479589	-1.470357	0.241697	0.362545	-0.083938
29.518559	-1.560986	0.241697	0.389397	-0.083938
29.557528	-1.654983	0.241697	0.419617	-0.083938
29.596497	-1.762405	0.241697	0.446469	-0.087291
29.635466	-1.883253	0.238329	0.473320	-0.087291
29.674435	-2.024248	0.238329	0.500172	-0.087291
29.713404	-2.185390	0.238329	0.533745	-0.087291
29.752373	-2.373368	0.238329	0.574037	-0.087291
29.791342	-2.594933	0.238329	0.624388	-0.090644
29.830311	-2.863482	0.238329	0.691518	-0.090644
29.869280	-3.192470	0.238329	0.775442	-0.090644
29.908249	-3.605381	0.241697	0.889584	-0.083938
29.947218	-4.132420	0.241697	1.030579	-0.080571
29.986187	-4.823953	0.241697	1.205131	-0.080571
30.025156	-5.757183	0.241697	1.426697	-0.080571
30.064125	-6.995902	0.238329	1.708686	-0.077218
30.103094	-8.570313	0.238329	2.057806	-0.077218
30.142063	-10.470345	0.234976	2.457276	-0.077218
30.181032	-12.548298	0.234976	2.873540	-0.080571
30.220001	-14.579251	0.234976	3.249526	-0.080571
30.258970	-16.381935	0.231624	3.528148	-0.080571
30.297939	-17.832130	0.231624	3.655717	-0.077218
30.336908	-18.872797	0.228271	3.612071	-0.077218
30.375877	-19.520685	0.224903	3.390521	-0.077218
30.414846	-19.772455	0.221550	3.004462	-0.077218
30.453815	-19.591183	0.221550	2.487495	-0.077218
30.492785	-18.896297	0.218198	1.876533	-0.077218
30.531754	-17.563581	0.218198	1.255497	-0.077218
30.570723	-15.569552	0.214845	0.701591	-0.077218
30.609692	-13.048485	0.214845	0.268549	-0.077218
30.648661	-10.352850	0.214845	-0.036940	-0.073865
30.687630	-7.861987	0.214845	-0.234991	-0.070497
30.726599	-5.784035	0.214845	-0.342414	-0.067145
30.765568	-4.212976	0.214845	-0.375986	-0.063792
30.804537	-3.125325	0.211477	-0.362560	-0.063792
30.843506	-2.406940	0.211477	-0.315562	-0.060439
30.882475	-1.953751	0.211477	-0.255138	-0.060439
30.921444	-1.675129	0.211477	-0.194713	-0.060439
30.960413	-1.500562	0.208125	-0.134289	-0.060439
30.999382	-1.386434	0.204772	-0.083938	-0.060439
31.038351	-1.302510	0.204772	-0.040293	-0.057071
31.077320	-1.242086	0.201404	-0.003368	-0.057071
31.116289	-1.195088	0.198051	0.030205	-0.060439
31.155258	-1.158163	0.198051	0.053704	-0.060439
31.194227	-1.127943	0.194699	0.073850	-0.060439
31.233196	-1.101092	0.194699	0.083923	-0.060439
31.272165	-1.070872	0.194699	0.093982	-0.060439
31.311134	-1.040667	0.194699	0.097349	-0.057071
31.350103	-1.007095	0.194699	0.097349	-0.053719
31.389072	-0.973523	0.191346	0.097349	-0.053719
31.428041	-0.936598	0.191346	0.097349	-0.053719
31.467010	-0.899673	0.187978	0.100702	-0.057071
31.505980	-0.862747	0.184625	0.100702	-0.060439
31.544949	-0.829175	0.184625	0.100702	-0.063792
31.583918	-0.795603	0.181273	0.100702	-0.067145
31.622887	-0.765398	0.177905	0.097349	-0.067145
31.661856	-0.735179	0.177905	0.090629	-0.067145
31.700825	-0.708327	0.177905	0.083923	-0.063792
31.739794	-0.681475	0.177905	0.080556	-0.057071
31.778763	-0.654608	0.174552	0.080556	-0.057071
31.817732	-0.627756	0.171199	0.080556	-0.057071
31.856701	-0.600904	0.171199	0.080556	-0.060439
31.895670	-0.574052	0.171199	0.077203	-0.060439
31.934639	-0.553906	0.171199	0.073850	-0.057071
31.973608	-0.530407	0.167847	0.070482	-0.057071
32.012577	-0.510260	0.167847	0.067130	-0.053719
32.051548	-0.486761	0.167847	0.067130	-0.050366
32.090515	-0.469983	0.164479	0.063777	-0.050366
32.129486	-0.449836	0.161126	0.060424	-0.050366
32.168453	-0.433058	0.157773	0.060424	-0.050366
32.207424	-0.412911	0.154406	0.060424	-0.053719
32.246391	-0.396132	0.151053	0.057057	-0.053719
32.285362	-0.379339	0.151053	0.050351	-0.050366
32.324329	-0.362560	0.151053	0.046983	-0.050366
32.363300	-0.349134	0.147700	0.043631	-0.050366
32.402267	-0.332341	0.147700	0.040278	-0.046998
32.441238	-0.318915	0.144348	0.036925	-0.046998
32.480206	-0.305489	0.140980	0.033557	-0.046998
32.519176	-0.292063	0.137627	0.030205	-0.050366
32.558144	-0.275284	0.137627	0.030205	-0.050366
32.597115	-0.261843	0.134274	0.030205	-0.050366
32.636082	-0.248417	0.130907	0.030205	-0.050366
32.675053	-0.234991	0.127554	0.026852	-0.050366
32.714020	-0.224918	0.124201	0.023484	-0.043646
32.752991	-0.214845	0.120848	0.023484	-0.040293
32.791958	-0.201419	0.117481	0.026852	-0.040293
32.830929	-0.191361	0.114128	0.026852	-0.046998
32.869896	-0.184640	0.107422	0.023484	-0.053719
32.908867	-0.177920	0.107422	0.016779	-0.053719
32.947834	-0.167862	0.107422	0.013426	-0.050366
32.986805	-0.157788	0.107422	0.010058	-0.043646
33.025772	-0.151068	0.104055	0.010058	-0.040293
33.064743	-0.140995	0.100702	0.006706	-0.040293
33.103710	-0.134289	0.097349	0.006706	-0.040293
33.142681	-0.124216	0.093982	0.006706	-0.040293
33.181648	-0.114143	0.090629	0.010058	-0.036940
33.220619	-0.104070	0.087276	0.010058	-0.033572
33.259586	-0.097364	0.083923	0.010058	-0.030220
33.298557	-0.090644	0.080556	0.010058	-0.026867
33.337524	-0.083938	0.077203	0.006706	-0.026867
33.376495	-0.077218	0.073850	0.003353	-0.026867
33.415462	-0.073865	0.067130	0.000000	-0.030220
33.454433	-0.067145	0.063777	-0.003368	-0.030220
33.493401	-0.060439	0.060424	-0.006720	-0.026867
33.532372	-0.053719	0.057057	-0.006720	-0.030220
33.571339	-0.050366	0.050351	-0.010073	-0.033572
33.610310	-0.043646	0.046983	-0.013441	-0.036940
33.649277	-0.036940	0.043631	-0.016794	-0.036940
33.688248	-0.033572	0.040278	-0.020146	-0.033572
33.727215	-0.026867	0.036925	-0.023499	-0.030220
33.766186	-0.020146	0.033557	-0.023499	-0.030220
33.805153	-0.013441	0.026852	-0.023499	-0.033572
33.844124	-0.006720	0.020131	-0.020146	-0.036940
33.883091	0.000000	0.016779	-0.016794	-0.033572
33.922062	0.006706	0.016779	-0.016794	-0.030220
33.961029	0.010058	0.013426	-0.020146	-0.023499
