21.940655	0.040278	0.218198	2.541199	0.537112
21.950029	0.046983	0.214845	2.121583	0.835881
21.959404	0.053704	0.208125	1.681820	1.127928
21.968779	0.063777	0.201404	1.242071	1.403198
21.978153	0.070482	0.198051	0.815734	1.654968
21.987530	0.077203	0.194699	0.392750	1.883239
21.996904	0.083923	0.191346	-0.003368	2.077952
22.006279	0.087276	0.191346	-0.335708	2.229005
22.015654	0.090629	0.187978	-0.574052	2.323002
22.025028	0.093982	0.187978	-0.688180	2.353221
22.034403	0.093982	0.191346	-0.688180	2.306223
22.043779	0.093982	0.191346	-0.607610	2.185374
22.053154	0.093982	0.194699	-0.490129	1.997381
22.062529	0.090629	0.201404	-0.362560	1.759037
22.071903	0.090629	0.208125	-0.245064	1.500547
22.081278	0.087276	0.214845	-0.127569	1.238704
22.090654	0.087276	0.218198	0.020131	0.986934
22.100029	0.080556	0.224903	0.228271	0.758663
22.109404	0.077203	0.228271	0.506893	0.563964
22.118778	0.073850	0.231624	0.845939	0.402823
22.128153	0.067130	0.234976	1.211852	0.271901
22.137529	0.063777	0.238329	1.557618	0.154406
22.146904	0.060424	0.241697	1.846313	0.043631
22.156279	0.057057	0.241697	2.047732	-0.057071
22.165653	0.053704	0.245050	2.165228	-0.137642
22.175028	0.053704	0.241697	2.208874	-0.181288
22.184402	0.057057	0.241697	2.188727	-0.187993
22.193779	0.057057	0.241697	2.114877	-0.167862
22.203154	0.060424	0.241697	1.994029	-0.134289
22.212528	0.060424	0.241697	1.856387	-0.093997
22.221903	0.063777	0.238329	1.742244	-0.046998
22.231277	0.063777	0.238329	1.678467	0.013426
22.240654	0.060424	0.238329	1.671761	0.087276
22.250029	0.060424	0.238329	1.701966	0.167847
22.259403	0.060424	0.234976	1.725465	0.258476
22.268778	0.060424	0.231624	1.691893	0.352472
22.278152	0.063777	0.231624	1.577765	0.453174
22.287527	0.067130	0.228271	1.389772	0.550538
22.296904	0.070482	0.228271	1.144707	0.627741
22.306278	0.077203	0.228271	0.852659	0.671387
22.315653	0.083923	0.228271	0.533745	0.674739
22.325027	0.090629	0.231624	0.201404	0.651240
22.334402	0.097349	0.231624	-0.117496	0.641167
22.343779	0.100702	0.228271	-0.389412	0.678092
22.353153	0.107422	0.228271	-0.607610	0.772089
22.362528	0.110775	0.224903	-0.748605	0.889584
22.371902	0.114128	0.224903	-0.812396	1.003727
22.381277	0.117481	0.224903	-0.802323	1.080930
22.390654	0.117481	0.221550	-0.728473	1.124576
22.400028	0.114128	0.224903	-0.617683	1.134649
22.409403	0.114128	0.224903	-0.490129	1.107782
22.418777	0.110775	0.228271	-0.352487	1.044005
22.428152	0.110775	0.231624	-0.204787	0.939935
22.437527	0.107422	0.234976	-0.036940	0.809014
22.446903	0.104055	0.238329	0.177905	0.671387
22.456278	0.097349	0.238329	0.466615	0.563964
22.465652	0.093982	0.238329	0.832513	0.520319
22.475027	0.087276	0.238329	1.245424	0.533745
22.484402	0.080556	0.234976	1.678467	0.577390
22.493778	0.073850	0.234976	2.084658	0.617668
22.503153	0.067130	0.234976	2.433777	0.644535
22.512527	0.063777	0.238329	2.705693	0.664666
22.521902	0.060424	0.238329	2.880260	0.698239
22.531277	0.060424	0.238329	2.960831	0.748590
22.540651	0.060424	0.238329	2.960831	0.798941
22.550028	0.063777	0.238329	2.886966	0.812382
22.559402	0.063777	0.238329	2.749339	0.768736
22.568777	0.067130	0.241697	2.564698	0.674739
22.578152	0.070482	0.245050	2.356574	0.553891
22.587526	0.073850	0.248402	2.151802	0.422969
22.596903	0.077203	0.248402	1.963809	0.288695
22.606277	0.080556	0.251770	1.779184	0.147700
22.615652	0.083923	0.255123	1.584470	-0.013441
22.625027	0.090629	0.258476	1.349494	-0.198066
22.634401	0.097349	0.261828	1.067504	-0.399485
22.643778	0.100702	0.265196	0.745237	-0.584111
22.653152	0.107422	0.268549	0.412896	-0.715032
22.662527	0.114128	0.268549	0.104055	-0.765398
22.671902	0.117481	0.268549	-0.161141	-0.735179
22.681276	0.120848	0.265196	-0.369266	-0.641182
22.690651	0.124201	0.265196	-0.523686	-0.506908
22.700027	0.127554	0.265196	-0.637829	-0.352487
22.709402	0.130907	0.261828	-0.704974	-0.181288
22.718777	0.130907	0.261828	-0.711679	0.016779
22.728151	0.130907	0.258476	-0.637829	0.251770
22.737526	0.127554	0.255123	-0.490129	0.510246
22.746902	0.127554	0.251770	-0.278637	0.755310
22.756277	0.124201	0.245050	-0.030220	0.960082
22.765652	0.120848	0.241697	0.234976	1.117855
22.775026	0.117481	0.241697	0.520319	1.235351
22.784401	0.110775	0.238329	0.822440	1.332700
22.793777	0.107422	0.238329	1.138002	1.409918
22.803152	0.104055	0.238329	1.450196	1.456916
22.812527	0.100702	0.241697	1.732185	1.453549
22.821901	0.097349	0.245050	1.950383	1.393124
22.831276	0.093982	0.248402	2.098083	1.272276
22.840651	0.093982	0.251770	2.185374	1.101077
22.850027	0.093982	0.255123	2.245799	0.889584
22.859402	0.093982	0.261828	2.299502	0.657961
22.868776	0.093982	0.265196	2.349854	0.412896
22.878151	0.093982	0.268549	2.376720	0.174552
22.887526	0.093982	0.271901	2.353221	-0.053719
22.896902	0.093982	0.275269	2.245799	-0.261843
22.906277	0.097349	0.278622	2.057806	-0.443131
22.915651	0.104055	0.281975	1.795962	-0.594184
22.925026	0.110775	0.285327	1.480415	-0.721753
22.934401	0.117481	0.288695	1.138002	-0.829175
22.943775	0.124201	0.288695	0.812382	-0.919819
22.953152	0.130907	0.292048	0.530392	-0.970170
22.962526	0.134274	0.288695	0.312194	-0.966802
22.971901	0.137627	0.288695	0.134274	-0.892952
22.981276	0.140980	0.288695	0.067130	-0.741899
22.990650	0.140980	0.285327	0.057057	-0.510260
23.000027	0.140980	0.278622	0.087276	-0.211492
23.009401	0.140980	0.275269	0.140980	0.124201
23.018776	0.140980	0.268549	0.221550	0.570670
23.028151	0.140980	0.261828	0.308827	0.906363
23.037525	0.140980	0.258476	0.392750	1.211852
23.046902	0.144348	0.251770	0.459895	1.466975
23.056276	0.140980	0.248402	0.520319	1.685187
23.065651	0.140980	0.245050	0.594169	1.886606
23.075026	0.140980	0.241697	0.711665	2.084658
23.084400	0.137627	0.238329	0.892937	2.279356
23.093775	0.134274	0.234976	1.144707	2.453923
23.103151	0.130907	0.234976	1.446843	2.568066
23.112526	0.127554	0.238329	1.765743	2.594918
23.121901	0.120848	0.241697	2.054453	2.524421
23.131275	0.117481	0.245050	2.299502	2.359927
23.140650	0.117481	0.251770	2.484143	2.111509
23.150026	0.114128	0.258476	2.598271	1.782537
23.159401	0.114128	0.265196	2.625123	1.376346
23.168776	0.117481	0.275269	2.554640	0.899658
23.178150	0.120848	0.285327	2.400219	0.392750
23.187525	0.124201	0.295401	2.198801	-0.090644
23.196901	0.130907	0.298768	1.940310	-0.500187
23.206276	0.134274	0.305474	1.762390	-0.809029
23.215651	0.137627	0.308827	1.601264	-1.027241
23.225025	0.140980	0.312194	1.426697	-1.174942
23.234400	0.147700	0.312194	1.201779	-1.272291
23.243774	0.154406	0.312194	0.903010	-1.329362
23.253151	0.161126	0.315547	0.543818	-1.336068
23.262526	0.167847	0.315547	0.164479	-1.285717
23.271900	0.174552	0.315547	-0.208139	-1.181647
23.281275	0.181273	0.312194	-0.533760	-1.030594
23.290649	0.187978	0.312194	-0.785530	-0.825822
23.300026	0.191346	0.305474	-0.946671	-0.553906
23.309401	0.191346	0.302121	-1.000375	-0.214845
23.318775	0.191346	0.295401	-0.946671	0.187978
23.328150	0.187978	0.285327	-0.792250	0.624388
23.337524	0.187978	0.278622	-0.567332	1.050726
23.346899	0.184625	0.271901	-0.298783	1.433417
23.356276	0.181273	0.265196	-0.013441	1.735538
23.365650	0.177905	0.261828	0.278622	1.950383
23.375025	0.174552	0.261828	0.584096	2.094731
23.384399	0.171199	0.261828	0.906363	2.185374
23.393774	0.167847	0.261828	1.218572	2.255872
23.403151	0.164479	0.258476	1.493841	2.326355
23.412525	0.164479	0.258476	1.718760	2.413645
23.421900	0.161126	0.258476	1.900032	2.504274
23.431274	0.157773	0.258476	2.057806	2.574772
23.440649	0.157773	0.258476	2.192080	2.601624
23.450026	0.154406	0.261828	2.289429	2.557993
23.459400	0.154406	0.265196	2.333075	2.433777
23.468775	0.157773	0.268549	2.296150	2.232373
23.478149	0.161126	0.275269	2.168581	1.876533
23.487524	0.167847	0.281975	1.950383	1.524046
23.496899	0.171199	0.288695	1.648262	1.141354
23.506275	0.177905	0.295401	1.278996	0.772089
23.515650	0.187978	0.302121	0.862733	0.443116
23.525024	0.194699	0.305474	0.433043	0.177905
23.534399	0.204772	0.308827	0.026852	-0.016794
23.543774	0.211477	0.308827	-0.325635	-0.140995
23.553150	0.218198	0.312194	-0.600904	-0.194713
23.562525	0.224903	0.312194	-0.815749	-0.187993
23.571899	0.228271	0.312194	-0.970170	-0.154421
23.581274	0.228271	0.312194	-1.070872	-0.130922
23.590649	0.231624	0.312194	-1.094371	-0.134289
23.600023	0.231624	0.312194	-1.020521	-0.161141
23.609400	0.228271	0.312194	-0.869453	-0.181288
23.618774	0.224903	0.312194	-0.657976	-0.137642
23.628149	0.221550	0.308827	-0.412911	0.010058
23.637524	0.218198	0.302121	-0.140995	0.275269
23.646898	0.214845	0.298768	0.157773	0.621036
23.656275	0.208125	0.292048	0.490114	0.993654
23.665649	0.204772	0.285327	0.852659	1.349494
23.675024	0.201404	0.281975	1.238704	1.654968
23.684399	0.194699	0.278622	1.618043	1.903385
23.693773	0.187978	0.278622	1.953736	2.084658
23.703150	0.181273	0.278622	2.245799	2.185374
23.712524	0.177905	0.278622	2.484143	2.205506
23.721899	0.174552	0.281975	2.665415	2.161875
23.731274	0.174552	0.281975	2.749339	2.084658
23.740648	0.177905	0.285327	2.695620	2.014160
23.750023	0.181273	0.285327	2.497569	1.980588
23.759399	0.187978	0.288695	2.171934	1.983956
23.768774	0.194699	0.288695	1.769111	1.994029
23.778149	0.201404	0.292048	1.342773	1.990661
23.787523	0.211477	0.292048	0.933230	1.953736
23.796898	0.218198	0.292048	0.574037	1.883239
23.806274	0.224903	0.295401	0.261828	1.775816
23.815649	0.231624	0.302121	0.006706	1.621395
23.825024	0.234976	0.305474	-0.208139	1.413271
23.834398	0.241697	0.315547	-0.386059	1.158148
23.843773	0.245050	0.322267	-0.533760	0.866085
23.853149	0.248402	0.328973	-0.657976	0.570670
23.862524	0.248402	0.335693	-0.751957	0.305474
23.871899	0.251770	0.342399	-0.802323	0.093982
23.881273	0.251770	0.345752	-0.785530	-0.050366
23.890648	0.251770	0.349119	-0.691533	-0.140995
23.900023	0.248402	0.349119	-0.510260	-0.184640
23.909399	0.245050	0.349119	-0.251785	-0.198066
23.918774	0.241697	0.349119	0.067130	-0.187993
23.928148	0.238329	0.349119	0.426322	-0.157788
23.937523	0.231624	0.349119	0.819087	-0.110790
23.946898	0.224903	0.352472	1.221925	-0.053719
23.956274	0.221550	0.352472	1.601264	-0.003368
23.965649	0.218198	0.352472	1.923531	0.036925
23.975023	0.214845	0.352472	2.148449	0.083923
23.984398	0.214845	0.352472	2.262578	0.161126
23.993773	0.214845	0.352472	2.255872	0.305474
24.003147	0.218198	0.349119	2.151802	0.530392
24.012524	0.221550	0.345752	1.977235	0.825807
24.021898	0.224903	0.342399	1.762390	1.144707
24.031273	0.228271	0.339046	1.520693	1.433417
24.040648	0.234976	0.339046	1.272276	1.648262
24.050022	0.238329	0.335693	1.033932	1.772463
24.059399	0.245050	0.335693	0.829160	1.832888
24.068773	0.248402	0.335693	0.654593	1.863107
24.078148	0.255123	0.339046	0.486746	1.896665
24.087523	0.258476	0.339046	0.298768	1.953736
24.096897	0.265196	0.339046	0.070482	2.030954
24.106274	0.271901	0.339046	-0.181288	2.108157
24.115648	0.278622	0.342399	-0.433058	2.165228
24.125023	0.281975	0.342399	-0.661328	2.178654
24.134398	0.285327	0.345752	-0.849321	2.138376
24.143772	0.288695	0.352472	-0.983596	2.030954
24.153147	0.292048	0.359192	-1.057446	1.846313
24.162523	0.292048	0.365898	-1.060799	1.584470
24.171898	0.292048	0.375971	-1.000375	1.255497
24.181273	0.292048	0.386044	-0.872821	0.899658
24.190647	0.288695	0.392750	-0.691533	0.560597
24.200022	0.288695	0.399470	-0.459909	0.265196
24.209398	0.285327	0.406191	-0.187993	0.030205
24.218773	0.281975	0.412896	0.110775	-0.154421
24.228148	0.278622	0.419617	0.426322	-0.298783
24.237522	0.278622	0.422969	0.735164	-0.402838
24.246897	0.275269	0.429690	1.000360	-0.463262
24.256273	0.271901	0.433043	1.218572	-0.466630
24.265648	0.271901	0.436395	1.399845	-0.422984
24.275023	0.268549	0.436395	1.571044	-0.355840
24.284397	0.268549	0.436395	1.748964	-0.292063
24.293772	0.268549	0.439748	1.926884	-0.224918
24.303146	0.265196	0.439748	2.081305	-0.127569
24.312523	0.265196	0.439748	2.188727	0.046983
24.321898	0.265196	0.439748	2.239078	0.308827
24.331272	0.265196	0.436395	2.232373	0.637814
24.340647	0.268549	0.433043	2.185374	0.993654
24.350021	0.271901	0.433043	2.118230	1.339421
24.359398	0.278622	0.429690	2.014160	1.658320
24.368773	0.281975	0.426322	1.856387	1.933604
24.378147	0.288695	0.426322	1.634821	2.151802
24.387522	0.298768	0.426322	1.356199	2.312928
24.396896	0.305474	0.426322	1.064152	2.406925
24.406271	0.315547	0.429690	0.802308	2.437145
24.415648	0.318900	0.433043	0.607595	2.420351
24.425022	0.325620	0.439748	0.490114	2.380073
24.434397	0.328973	0.446469	0.426322	2.343148
24.443771	0.335693	0.456542	0.386044	2.309576
24.453146	0.339046	0.463247	0.339046	2.269298
24.462523	0.345752	0.469968	0.285327	2.195433
24.471897	0.349119	0.476673	0.241697	2.067879
24.481272	0.352472	0.483394	0.198051	1.886606
24.490646	0.359192	0.490114	0.144348	1.661688
24.500021	0.362545	0.500172	0.070482	1.406550
24.509398	0.365898	0.510246	-0.003368	1.138002
24.518772	0.369251	0.523672	-0.050366	0.839233
24.528147	0.372618	0.533745	-0.023499	0.510246
24.537521	0.372618	0.543818	0.090629	0.161126
24.546896	0.372618	0.557244	0.265196	-0.181288
24.556271	0.372618	0.567317	0.463247	-0.473335
24.565647	0.372618	0.577390	0.651240	-0.688180
24.575022	0.375971	0.587463	0.819087	-0.822455
24.584396	0.375971	0.597537	0.970155	-0.906378
24.593771	0.379324	0.607595	1.107782	-0.933245
24.603146	0.382692	0.614315	1.215205	-0.943318
24.612522	0.382692	0.621036	1.282349	-0.926524
24.621897	0.389397	0.627741	1.312554	-0.879526
24.631271	0.392750	0.634462	1.309201	-0.792250
24.640646	0.396118	0.641167	1.295775	-0.664681
24.650021	0.402823	0.651240	1.262203	-0.483409
24.659395	0.406191	0.657961	1.205131	-0.248417
24.668772	0.412896	0.661314	1.124576	0.036925
24.678146	0.419617	0.668019	1.040652	0.365898
24.687521	0.422969	0.671387	0.966802	0.728458
24.696896	0.429690	0.671387	0.923157	1.121208
24.706270	0.436395	0.674739	0.906363	1.524046
24.715647	0.443116	0.678092	0.916436	1.913458
24.725021	0.446469	0.684813	0.939935	2.249151
24.734396	0.453174	0.694886	0.970155	2.500921
24.743771	0.456542	0.704959	1.020506	2.665415
24.753145	0.459895	0.715017	1.101077	2.745986
24.762522	0.466615	0.728458	1.201779	2.762765
24.771896	0.469968	0.745237	1.312554	2.729192
24.781271	0.473320	0.762016	1.416624	2.648622
24.790646	0.476673	0.782162	1.513973	2.510995
24.800020	0.480041	0.802308	1.611337	2.336428
24.809395	0.486746	0.822440	1.698613	2.151802
24.818771	0.493467	0.849307	1.759037	1.947030
24.828146	0.500172	0.872806	1.775816	1.792610
24.837521	0.506893	0.896305	1.738891	1.614690
24.846895	0.516966	0.923157	1.641542	1.386419
24.856270	0.527039	0.953361	1.510620	1.104429
24.865646	0.537112	0.983581	1.359552	0.778809
24.875021	0.547171	1.017153	1.195073	0.422969
24.884396	0.560597	1.054078	1.013786	0.043631
24.893770	0.574037	1.091003	0.798941	-0.345767
24.903145	0.587463	1.131281	0.547171	-0.718400
24.912521	0.600889	1.171574	0.292048	-1.037300
24.921896	0.614315	1.211852	0.070482	-1.265585
24.931271	0.627741	1.252130	-0.083938	-1.379713
24.940645	0.641167	1.292422	-0.171214	-1.403213
24.950020	0.651240	1.339421	-0.221565	-1.366287
24.959394	0.664666	1.389772	-0.251785	-1.319289
24.968771	0.681460	1.443475	-0.275284	-1.268938
24.978146	0.694886	1.500547	-0.292063	-1.198441
24.987520	0.704959	1.567692	-0.288710	-1.077592
24.996895	0.718385	1.638189	-0.265211	-0.906378
25.006269	0.728458	1.715392	-0.211492	-0.708327
25.015646	0.741884	1.806036	-0.140995	-0.496835
25.025021	0.755310	1.903385	-0.050366	-0.268564
25.034395	0.768736	2.017528	0.050351	-0.006720
25.043770	0.785515	2.145082	0.157773	0.292048
25.053144	0.798941	2.289429	0.258476	0.631094
25.062519	0.815734	2.453923	0.339046	0.980228
25.071896	0.835881	2.638564	0.389397	1.319274
25.081270	0.856012	2.843335	0.406191	1.594543
25.090645	0.876158	3.064886	0.402823	1.789242
25.100019	0.899658	3.299877	0.379324	1.900032
25.109394	0.926509	3.538221	0.349119	1.930237
25.118771	0.950009	3.779918	0.318900	1.893312
25.128145	0.976861	4.008189	0.305474	1.785889
25.137520	1.003727	4.273400	0.322267	1.567692
25.146894	1.033932	4.464746	0.375971	1.349494
25.156269	1.064152	4.632592	0.456542	1.114503
25.165646	1.107782	4.780293	0.570670	0.886232
25.175020	1.144707	4.901141	0.647888	0.671387
25.184395	1.181647	5.005211	0.701591	0.443116
25.193769	1.225278	5.085781	0.728458	0.174552
25.203144	1.268923	5.149558	0.731811	-0.140995
25.212519	1.315922	5.189836	0.701591	-0.490129
25.221895	1.369625	5.206630	0.651240	-0.839248
25.231270	1.430050	5.203262	0.580743	-1.148090
25.240644	1.497194	5.176410	0.506893	-1.396492
25.250019	1.567692	5.126059	0.443116	-1.584485
25.259394	1.648262	5.055562	0.406191	-1.705334
25.268770	1.735538	4.961565	0.416249	-1.742259
25.278145	1.832888	4.850790	0.486746	-1.665056
25.287519	1.940310	4.719868	0.614315	-1.453564
25.296894	2.064511	4.572168	0.778809	-1.114517
25.306269	2.205506	4.407674	0.963435	-0.688180
25.315645	2.366647	4.226401	1.141354	-0.228286
25.325020	2.551272	4.031688	1.295775	0.228271
25.334394	2.759412	3.826916	1.416624	0.647888
25.343769	2.991035	3.612071	1.503915	1.017153
25.353144	3.232732	3.393874	1.554266	1.336053
25.362518	3.484502	3.172308	1.581118	1.594543
25.371895	3.732920	2.957463	1.581118	1.799315
25.381269	3.974631	2.752692	1.557618	1.947030
25.390644	4.206255	2.557993	1.507267	2.037659
25.400019	4.468098	2.383426	1.409918	2.074584
25.409393	4.656091	2.225652	1.322627	2.061158
25.418770	4.823938	2.084658	1.218572	2.007455
25.428144	4.968286	1.963809	1.087651	1.920164
25.437519	5.092487	1.856387	0.919804	1.799315
25.446894	5.193204	1.762390	0.691518	1.641542
25.456268	5.273759	1.681820	0.416249	1.430050
25.465643	5.330831	1.611337	0.114128	1.164854
25.475019	5.367756	1.547545	-0.204787	0.842586
25.484394	5.377829	1.493841	-0.513628	0.493467
25.493769	5.367756	1.443475	-0.785530	0.157773
25.503143	5.330831	1.396492	-0.997022	-0.127569
25.512518	5.273759	1.352847	-1.124591	-0.328988
25.521894	5.193204	1.312554	-1.174942	-0.429690
25.531269	5.092487	1.272276	-1.171589	-0.429690
25.540644	4.974991	1.235351	-1.141369	-0.349134
25.550018	4.837364	1.198426	-1.104444	-0.224918
25.559393	4.682943	1.164854	-1.057446	-0.110790
25.568769	4.515097	1.134649	-1.003742	-0.036940
25.578144	4.327104	1.104429	-0.936598	-0.016794
25.587519	4.122332	1.077577	-0.856027	-0.036940
25.596893	3.904134	1.054078	-0.741899	-0.077218
25.606268	3.679216	1.027226	-0.584111	-0.117496
25.615643	3.444225	1.007080	-0.362560	-0.137642
25.625019	3.212601	0.983581	-0.060439	-0.120863
25.634394	2.984330	0.963435	0.318900	-0.063792
25.643768	2.766118	0.943303	0.765383	0.040278
25.653143	2.564698	0.923157	1.235351	0.174552
25.662518	2.380073	0.903010	1.698613	0.312194
25.671894	2.208874	0.886232	2.111509	0.429690
25.681269	2.061158	0.862733	2.440497	0.510246
25.690643	1.930237	0.845939	2.668768	0.520319
25.700018	1.816109	0.832513	2.796337	0.500172
25.709393	1.715392	0.819087	2.846688	0.476673
25.718767	1.628116	0.805661	2.846688	0.466615
25.728144	1.550898	0.795588	2.829909	0.476673
25.737518	1.480415	0.782162	2.803042	0.506893
25.746893	1.413271	0.768736	2.766118	0.563964
25.756268	1.356199	0.755310	2.688915	0.661314
25.765642	1.305848	0.738516	2.544567	0.798941
25.775019	1.258850	0.725091	2.316296	0.970155
25.784393	1.218572	0.711665	2.000734	1.158148
25.793768	1.185000	0.694886	1.611337	1.336053
25.803143	1.154780	0.681460	1.174927	1.466975
25.812517	1.124576	0.671387	0.741884	1.527399
25.821894	1.101077	0.661314	0.339046	1.517341
25.831268	1.077577	0.651240	0.000000	1.460269
25.840643	1.054078	0.641167	-0.275284	1.379699
25.850018	1.030579	0.634462	-0.483409	1.299128
25.859392	1.010433	0.627741	-0.624403	1.228631
25.868767	0.986934	0.617668	-0.701606	1.181647
25.878143	0.966802	0.610963	-0.708327	1.144707
25.887518	0.943303	0.604242	-0.657976	1.107782
25.896893	0.919804	0.594169	-0.567332	1.047358
25.906267	0.899658	0.587463	-0.466630	0.953361
25.915642	0.879511	0.584096	-0.382707	0.819087
25.925018	0.859380	0.577390	-0.298783	0.661314
25.934393	0.842586	0.574037	-0.201419	0.510246
25.943768	0.822440	0.570670	-0.060439	0.389397
25.953142	0.805661	0.567317	0.127554	0.322267
25.962517	0.785515	0.563964	0.365898	0.302121
25.971893	0.768736	0.557244	0.634462	0.332326
25.981268	0.748590	0.550538	0.906363	0.402823
25.990643	0.731811	0.543818	1.158148	0.496820
26.000017	0.715017	0.537112	1.403198	0.604242
26.009392	0.698239	0.527039	1.651615	0.701591
26.018766	0.684813	0.520319	1.896665	0.775442
26.028143	0.668019	0.513613	2.131656	0.825807
26.037518	0.651240	0.506893	2.336428	0.869438
26.046892	0.634462	0.500172	2.500921	0.919804
26.056267	0.621036	0.493467	2.645269	0.986934
26.065641	0.607595	0.486746	2.779543	1.064152
26.075018	0.594169	0.480041	2.913833	1.127928
26.084393	0.584096	0.476673	3.031313	1.161501
26.093767	0.574037	0.476673	3.101811	1.161501
26.103142	0.567317	0.473320	3.088385	1.148075
26.112516	0.557244	0.469968	2.970889	1.127928
26.121891	0.553891	0.466615	2.769485	1.107782
26.131268	0.547171	0.463247	2.521068	1.077577
26.140642	0.543818	0.459895	2.262578	1.027226
26.150017	0.540465	0.456542	1.997381	0.956729
26.159391	0.537112	0.456542	1.708686	0.862733
26.168766	0.537112	0.453174	1.386419	0.741884
26.178143	0.537112	0.449821	1.040652	0.607595
26.187517	0.537112	0.449821	0.701591	0.486746
26.196892	0.537112	0.446469	0.409544	0.409544
26.206266	0.537112	0.443116	0.184625	0.402823
26.215641	0.533745	0.439748	0.006706	0.473320
26.225018	0.530392	0.433043	-0.144362	0.621036
26.234392	0.527039	0.422969	-0.288710	0.869438
26.243767	0.523672	0.419617	-0.416264	1.080930
26.253141	0.520319	0.412896	-0.483409	1.268923
26.262516	0.516966	0.406191	-0.473335	1.423344
26.271891	0.510246	0.402823	-0.379339	1.540840
26.281267	0.503540	0.396118	-0.234991	1.614690
26.290642	0.493467	0.392750	-0.073865	1.634821
26.300016	0.483394	0.389397	0.083923	1.607969
26.309391	0.476673	0.389397	0.238329	1.534119
26.318766	0.466615	0.389397	0.406191	1.430050
26.328142	0.459895	0.389397	0.590816	1.302496
26.337517	0.453174	0.389397	0.792235	1.154780
26.346891	0.446469	0.392750	0.986934	0.986934
26.356266	0.439748	0.392750	1.154780	0.792235
26.365641	0.429690	0.396118	1.302496	0.560597
26.375017	0.422969	0.399470	1.436770	0.305474
26.384392	0.416249	0.399470	1.567692	0.043631
26.393766	0.409544	0.399470	1.701966	-0.198066
26.403141	0.402823	0.402823	1.822814	-0.406206
26.412516	0.399470	0.402823	1.916811	-0.577405
26.421890	0.396118	0.399470	1.947030	-0.704974
26.431267	0.396118	0.399470	1.896665	-0.765398
26.440641	0.392750	0.396118	1.765743	-0.751957
26.450016	0.392750	0.392750	1.577765	-0.664681
26.459391	0.392750	0.386044	1.366273	-0.520334
26.468765	0.392750	0.379324	1.144707	-0.335708
26.478142	0.392750	0.372618	0.916436	-0.130922
26.487516	0.396118	0.369251	0.668019	0.063777
26.496891	0.396118	0.365898	0.392750	0.234976
26.506266	0.396118	0.362545	0.110775	0.379324
26.515640	0.396118	0.359192	-0.130922	0.500172
26.525015	0.396118	0.355825	-0.308841	0.604242
26.534391	0.396118	0.352472	-0.422984	0.691518
26.543766	0.396118	0.349119	-0.493482	0.785515
26.553141	0.392750	0.345752	-0.547186	0.852659
26.562515	0.392750	0.345752	-0.580758	0.913084
26.571890	0.389397	0.342399	-0.587478	0.966802
26.581266	0.386044	0.339046	-0.543833	1.010433
26.590641	0.379324	0.335693	-0.439763	1.047358
26.600016	0.372618	0.332326	-0.281990	1.087651
26.609390	0.369251	0.328973	-0.077218	1.124576
26.618765	0.362545	0.328973	0.157773	1.148075
26.628141	0.355825	0.328973	0.409544	1.138002
26.637516	0.349119	0.325620	0.678092	1.087651
26.646891	0.342399	0.325620	0.946656	1.010433
26.656265	0.335693	0.325620	1.191705	0.916436
26.665640	0.325620	0.328973	1.389772	0.832513
26.675014	0.318900	0.328973	1.520693	0.772089
26.684391	0.315547	0.328973	1.597896	0.731811
26.693766	0.315547	0.328973	1.628116	0.708312
26.703140	0.315547	0.325620	1.631469	0.684813
26.712515	0.315547	0.322267	1.604617	0.664666
26.721889	0.315547	0.318900	1.537472	0.654593
26.731266	0.315547	0.318900	1.443475	0.664666
26.740641	0.315547	0.315547	1.336053	0.691518
26.750015	0.318900	0.315547	1.235351	0.718385
26.759390	0.315547	0.315547	1.134649	0.731811
26.768764	0.315547	0.315547	1.020506	0.718385
26.778139	0.315547	0.315547	0.886232	0.674739
26.787516	0.315547	0.312194	0.731811	0.610963
26.796890	0.315547	0.312194	0.563964	0.547171
26.806265	0.318900	0.312194	0.402823	0.506893
26.815639	0.318900	0.312194	0.265196	0.510246
26.825014	0.322267	0.308827	0.140980	0.553891
26.834391	0.325620	0.305474	0.020131	0.621036
26.843765	0.325620	0.305474	-0.104070	0.684813
26.853140	0.325620	0.302121	-0.204787	0.738516
26.862514	0.325620	0.302121	-0.261843	0.782162
26.871889	0.322267	0.298768	-0.271916	0.809014
26.881266	0.322267	0.298768	-0.255138	0.815734
26.890640	0.322267	0.295401	-0.238344	0.802308
26.900015	0.322267	0.295401	-0.261843	0.765383
26.909389	0.322267	0.295401	-0.302136	0.715017
26.918764	0.322267	0.295401	-0.328988	0.657961
26.928139	0.318900	0.295401	-0.295416	0.600889
26.937515	0.315547	0.295401	-0.174567	0.563964
26.946890	0.312194	0.295401	0.043631	0.540465
26.956264	0.302121	0.295401	0.325620	0.530392
26.965639	0.295401	0.292048	0.647888	0.510246
26.975014	0.288695	0.292048	0.976861	0.466615
26.984390	0.278622	0.292048	1.305848	0.399470
26.993765	0.271901	0.292048	1.618043	0.305474
27.003139	0.265196	0.292048	1.893312	0.204772
27.012514	0.258476	0.292048	2.101451	0.114128
27.021889	0.255123	0.292048	2.225652	0.053704
27.031265	0.255123	0.292048	2.262578	0.030205
27.040640	0.251770	0.292048	2.239078	0.036925
27.050014	0.251770	0.288695	2.192080	0.053704
27.059389	0.251770	0.288695	2.145082	0.077203
27.068764	0.251770	0.285327	2.101451	0.097349
27.078138	0.251770	0.285327	2.034307	0.120848
27.087515	0.255123	0.281975	1.903385	0.154406
27.096889	0.258476	0.281975	1.688540	0.187978
27.106264	0.261828	0.278622	1.396492	0.214845
27.115639	0.268549	0.278622	1.040652	0.234976
27.125013	0.271901	0.275269	0.661314	0.241697
27.134390	0.278622	0.275269	0.204772	0.245050
27.143764	0.285327	0.271901	-0.120863	0.251770
27.153139	0.288695	0.271901	-0.396132	0.278622
27.162514	0.292048	0.271901	-0.617683	0.332326
27.171888	0.295401	0.268549	-0.768751	0.419617
27.181263	0.295401	0.265196	-0.835896	0.523672
27.190639	0.295401	0.261828	-0.832528	0.627741
27.200014	0.295401	0.261828	-0.778824	0.715017
27.209389	0.292048	0.258476	-0.708327	0.768736
27.218763	0.288695	0.258476	-0.637829	0.788882
27.228138	0.285327	0.261828	-0.557259	0.772089
27.237514	0.281975	0.261828	-0.436410	0.715017
27.246889	0.278622	0.261828	-0.251785	0.621036
27.256264	0.271901	0.261828	0.010058	0.503540
27.265638	0.268549	0.261828	0.335693	0.375971
27.275013	0.261828	0.261828	0.715017	0.261828
27.284389	0.255123	0.261828	1.134649	0.191346
27.293764	0.245050	0.261828	1.577765	0.181273
27.303139	0.234976	0.258476	2.024233	0.228271
27.312513	0.228271	0.258476	2.453923	0.298768
27.321888	0.221550	0.258476	2.833262	0.386044
27.331263	0.214845	0.255123	3.145456	0.493467
27.340639	0.211477	0.255123	3.387153	0.577390
27.350014	0.208125	0.251770	3.558367	0.657961
27.359388	0.204772	0.251770	3.672495	0.728458
27.368763	0.204772	0.248402	3.722847	0.778809
27.378138	0.201404	0.248402	3.702715	0.798941
27.387514	0.201404	0.248402	3.595293	0.802308
27.396889	0.201404	0.245050	3.400579	0.805661
27.406263	0.208125	0.245050	3.125310	0.832513
27.415638	0.211477	0.245050	2.789617	0.892937
27.425013	0.218198	0.241697	2.400219	0.976861
27.434389	0.228271	0.241697	1.963809	1.047358
27.443764	0.234976	0.241697	1.480415	1.087651
27.453138	0.241697	0.241697	0.976861	1.084283
27.462513	0.251770	0.241697	0.476673	1.044005
27.471888	0.258476	0.241697	-0.013441	0.976861
27.481262	0.268549	0.241697	-0.473335	0.896305
27.490639	0.275269	0.241697	-0.896320	0.795588
27.500013	0.278622	0.245050	-1.262218	0.668019
27.509388	0.281975	0.248402	-1.544207	0.510246
27.518763	0.285327	0.251770	-1.755700	0.342399
27.528137	0.285327	0.255123	-1.799330	0.198051
27.537514	0.285327	0.255123	-1.752332	0.110775
27.546888	0.281975	0.255123	-1.628131	0.087276
27.556263	0.278622	0.255123	-1.450211	0.127554
27.565638	0.271901	0.248402	-1.235366	0.184625
27.575012	0.268549	0.245050	-0.986949	0.245050
27.584387	0.265196	0.245050	-0.698254	0.312194
27.593763	0.258476	0.241697	-0.369266	0.392750
27.603138	0.251770	0.241697	0.003353	0.493467
27.612513	0.245050	0.238329	0.419617	0.610963
27.621887	0.234976	0.238329	0.856012	0.728458
27.631262	0.228271	0.234976	1.289070	0.839233
27.640638	0.218198	0.231624	1.708686	0.936583
27.650013	0.211477	0.228271	2.101451	1.017153
27.659388	0.201404	0.224903	2.474070	1.084283
27.668762	0.194699	0.224903	2.829909	1.131281
27.678137	0.191346	0.224903	3.148809	1.161501
27.687513	0.184625	0.224903	3.390521	1.171574
27.696888	0.184625	0.224903	3.524795	1.168206
27.706263	0.184625	0.224903	3.524795	1.154780
27.715637	0.184625	0.224903	3.403947	1.131281
27.725012	0.187978	0.224903	3.182381	1.080930
27.734386	0.191346	0.228271	2.893686	0.976861
27.743763	0.198051	0.231624	2.547920	0.815734
27.753138	0.204772	0.231624	2.138376	0.610963
27.762512	0.211477	0.234976	1.668394	0.399470
27.771887	0.218198	0.241697	1.161501	0.208125
27.781261	0.224903	0.245050	0.657961	0.033557
27.790638	0.234976	0.248402	0.187978	-0.144362
27.800013	0.241697	0.251770	-0.248417	-0.318915
27.809387	0.248402	0.251770	-0.641182	-0.480056
27.818762	0.255123	0.255123	-0.980243	-0.597551
27.828136	0.261828	0.255123	-1.262218	-0.644535
27.837511	0.265196	0.251770	-1.473710	-0.610977
27.846888	0.265196	0.251770	-1.597911	-0.520334
27.856262	0.265196	0.248402	-1.631483	-0.412911
27.865637	0.261828	0.245050	-1.571059	-0.315562
27.875011	0.261828	0.241697	-1.423359	-0.224918
27.884386	0.255123	0.238329	-1.205146	-0.161141
27.893763	0.251770	0.238329	-0.926524	-0.100717
27.903137	0.245050	0.234976	-0.594184	-0.046998
27.912512	0.238329	0.234976	-0.214845	0.013426
27.921886	0.231624	0.234976	0.171199	0.083923
27.931261	0.224903	0.231624	0.537112	0.187978
27.940638	0.218198	0.228271	0.866085	0.332326
27.950012	0.211477	0.224903	1.161501	0.506893
27.959387	0.208125	0.221550	1.426697	0.681460
27.968761	0.204772	0.218198	1.651615	0.829160
27.978136	0.201404	0.214845	1.826182	0.943303
27.987511	0.198051	0.214845	1.943663	1.023859
27.996887	0.194699	0.211477	2.004087	1.101077
28.006262	0.194699	0.211477	2.017528	1.178280
28.015636	0.194699	0.211477	1.983956	1.252130
28.025011	0.194699	0.211477	1.923531	1.325995
28.034386	0.194699	0.211477	1.829535	1.396492
28.043762	0.194699	0.211477	1.695260	1.473695
28.053137	0.198051	0.208125	1.520693	1.547545
28.062511	0.204772	0.204772	1.312554	1.597896
28.071886	0.208125	0.201404	1.047358	1.621395
28.081261	0.211477	0.201404	0.845939	1.624763
28.090637	0.214845	0.198051	0.644535	1.618043
28.100012	0.218198	0.198051	0.426322	1.604617
28.109386	0.221550	0.198051	0.181273	1.567692
28.118761	0.228271	0.201404	-0.067145	1.493841
28.128136	0.231624	0.204772	-0.292063	1.376346
28.137510	0.234976	0.204772	-0.446483	1.221925
28.146887	0.238329	0.208125	-0.516981	1.050726
28.156261	0.238329	0.211477	-0.510260	0.889584
28.165636	0.234976	0.211477	-0.439763	0.755310
28.175011	0.234976	0.214845	-0.312209	0.651240
28.184385	0.231624	0.214845	-0.134289	0.567317
28.193762	0.228271	0.214845	0.097349	0.493467
28.203136	0.224903	0.214845	0.382692	0.439748
28.212511	0.218198	0.214845	0.698239	0.409544
28.221886	0.211477	0.218198	1.030579	0.389397
28.231260	0.204772	0.214845	1.369625	0.372618
28.240635	0.198051	0.214845	1.708686	0.362545
28.250011	0.191346	0.214845	2.037659	0.359192
28.259386	0.184625	0.214845	2.339795	0.369251
28.268761	0.181273	0.214845	2.584845	0.386044
28.278135	0.177905	0.214845	2.742618	0.416249
28.287510	0.174552	0.214845	2.806410	0.453174
28.296886	0.174552	0.214845	2.776191	0.493467
28.306261	0.177905	0.214845	2.668768	0.523672
28.315636	0.181273	0.214845	2.500921	0.547171
28.325010	0.184625	0.211477	2.292797	0.563964
28.334385	0.191346	0.211477	2.044380	0.574037
28.343761	0.194699	0.211477	1.772463	0.587463
28.353136	0.198051	0.211477	1.487121	0.607595
28.362511	0.204772	0.211477	1.205131	0.647888
28.371885	0.208125	0.211477	0.936583	0.718385
28.381260	0.211477	0.211477	0.681460	0.815734
28.390635	0.214845	0.208125	0.436395	0.943303
28.400011	0.218198	0.204772	0.194699	1.084283
28.409386	0.224903	0.201404	-0.046998	1.225278
28.418760	0.228271	0.198051	-0.271916	1.356199
28.428135	0.231624	0.194699	-0.453189	1.460269
28.437510	0.231624	0.194699	-0.570685	1.534119
28.446886	0.234976	0.194699	-0.624403	1.581118
28.456261	0.234976	0.191346	-0.624403	1.607969
28.465635	0.231624	0.191346	-0.577405	1.621395
28.475010	0.228271	0.191346	-0.480056	1.628116
28.484385	0.224903	0.191346	-0.318915	1.628116
28.493759	0.221550	0.187978	-0.063792	1.621395
28.503136	0.214845	0.191346	0.285327	1.597896
28.512510	0.208125	0.191346	0.704959	1.540840
28.521885	0.198051	0.194699	1.144707	1.450196
28.531260	0.191346	0.194699	1.550898	1.315922
28.540634	0.184625	0.198051	1.896665	1.164854
28.550011	0.177905	0.198051	2.182007	1.010433
28.559385	0.171199	0.201404	2.430424	0.872806
28.568760	0.164479	0.204772	2.648622	0.765383
28.578135	0.161126	0.204772	2.823189	0.684813
28.587509	0.157773	0.201404	2.933964	0.627741
28.596886	0.157773	0.201404	2.964184	0.590816
28.606260	0.157773	0.201404	2.907112	0.567317
28.615635	0.157773	0.201404	2.786264	0.547171
28.625010	0.161126	0.201404	2.618417	0.523672
28.634384	0.164479	0.204772	2.416998	0.506893
28.643759	0.167847	0.204772	2.171934	0.503540
28.653135	0.174552	0.204772	1.873165	0.523672
28.662510	0.181273	0.204772	1.510620	0.574037
28.671885	0.187978	0.204772	1.111150	0.637814
28.681259	0.194699	0.201404	0.715017	0.704959
28.690634	0.201404	0.198051	0.372618	0.765383
28.700010	0.208125	0.198051	0.114128	0.829160
28.709385	0.211477	0.194699	-0.070497	0.892937
28.718760	0.211477	0.194699	-0.198066	0.960082
28.728134	0.214845	0.191346	-0.285342	1.003727
28.737509	0.214845	0.191346	-0.335708	1.000360
28.746885	0.214845	0.194699	-0.332341	0.923157
28.756260	0.214845	0.198051	-0.255138	0.785515
28.765635	0.211477	0.201404	-0.110790	0.627741
28.775009	0.211477	0.201404	0.087276	0.493467
28.784384	0.208125	0.201404	0.312194	0.412896
28.793758	0.201404	0.201404	0.543818	0.369251
28.803135	0.198051	0.204772	0.765383	0.325620
28.812510	0.194699	0.201404	0.983581	0.261828
28.821884	0.187978	0.201404	1.191705	0.191346
28.831259	0.184625	0.201404	1.383051	0.137627
28.840633	0.184625	0.201404	1.544192	0.124201
28.850010	0.181273	0.201404	1.668394	0.140980
28.859385	0.177905	0.201404	1.748964	0.167847
28.868759	0.177905	0.201404	1.775816	0.198051
28.878134	0.177905	0.201404	1.755685	0.248402
28.887508	0.177905	0.198051	1.695260	0.359192
28.896883	0.181273	0.191346	1.607969	0.547171
28.906260	0.181273	0.187978	1.510620	0.798941
28.915634	0.181273	0.184625	1.406550	1.060784
28.925009	0.181273	0.181273	1.305848	1.285702
28.934383	0.184625	0.177905	1.201779	1.433417
28.943758	0.187978	0.177905	1.084283	1.503915
28.953135	0.191346	0.177905	0.953361	1.520693
28.962509	0.191346	0.177905	0.805661	1.507267
28.971884	0.194699	0.177905	0.647888	1.487121
28.981258	0.194699	0.174552	0.476673	1.470342
28.990633	0.198051	0.174552	0.298768	1.456916
29.000010	0.201404	0.174552	0.124201	1.450196
29.009384	0.204772	0.177905	-0.036940	1.450196
29.018759	0.208125	0.177905	-0.194713	1.453549
29.028133	0.208125	0.177905	-0.275284	1.456916
29.037508	0.208125	0.177905	-0.308841	1.440123
29.046883	0.208125	0.177905	-0.302136	1.379699
29.056259	0.208125	0.177905	-0.258490	1.289070
29.065634	0.204772	0.177905	-0.181288	1.161501
29.075008	0.204772	0.181273	-0.083938	1.010433
29.084383	0.201404	0.181273	0.030205	0.862733
29.093758	0.198051	0.184625	0.147700	0.738516
29.103134	0.198051	0.184625	0.261828	0.641167
29.112509	0.194699	0.184625	0.375971	0.574037
29.121883	0.194699	0.184625	0.480041	0.533745
29.131258	0.194699	0.184625	0.557244	0.527039
29.140633	0.191346	0.184625	0.624388	0.553891
29.150009	0.191346	0.184625	0.708312	0.594169
29.159384	0.184625	0.181273	0.835881	0.624388
29.168758	0.181273	0.181273	1.010433	0.624388
29.178133	0.177905	0.184625	1.205131	0.584096
29.187508	0.174552	0.184625	1.376346	0.510246
29.196882	0.174552	0.187978	1.503915	0.436395
29.206259	0.174552	0.187978	1.574397	0.389397
29.215633	0.174552	0.187978	1.594543	0.429690
29.225008	0.174552	0.184625	1.574397	0.543818
29.234383	0.174552	0.181273	1.530766	0.701591
29.243757	0.174552	0.177905	1.473695	0.872806
29.253134	0.177905	0.177905	1.399845	1.027226
29.262508	0.177905	0.174552	1.319274	1.148075
29.271883	0.177905	0.174552	1.262203	1.235351
29.281258	0.177905	0.171199	1.258850	1.295775
29.290632	0.174552	0.171199	1.322627	1.349494
29.300007	0.171199	0.171199	1.436770	1.389772
29.309383	0.171199	0.171199	1.564339	1.416624
29.318758	0.167847	0.171199	1.661688	1.419976
29.328133	0.167847	0.171199	1.705319	1.413271
29.337507	0.171199	0.171199	1.681820	1.419976
29.346882	0.171199	0.171199	1.597896	1.453549
29.356258	0.174552	0.171199	1.470342	1.513973
29.365633	0.174552	0.171199	1.322627	1.584470
29.375008	0.177905	0.171199	1.158148	1.631469
29.384382	0.181273	0.171199	0.990286	1.624763
29.393757	0.184625	0.171199	0.839233	1.540840
29.403133	0.184625	0.174552	0.725091	1.376346
29.412508	0.187978	0.177905	0.654593	1.144707
29.421883	0.187978	0.181273	0.644535	0.889584
29.431257	0.187978	0.184625	0.654593	0.644535
29.440632	0.187978	0.187978	0.678092	0.453174
29.450006	0.187978	0.191346	0.688165	0.332326
29.459383	0.187978	0.191346	0.684813	0.285327
29.468758	0.187978	0.191346	0.674739	0.295401
29.478132	0.184625	0.191346	0.688165	0.349119
29.487507	0.184625	0.191346	0.755310	0.436395
29.496881	0.181273	0.187978	0.892937	0.543818
29.506258	0.177905	0.187978	1.091003	0.644535
29.515633	0.174552	0.187978	1.329347	0.715017
29.525007	0.171199	0.187978	1.577765	0.738516
29.534382	0.164479	0.187978	1.809388	0.741884
29.543756	0.161126	0.187978	2.024233	0.755310
29.553131	0.157773	0.184625	2.225652	0.815734
29.562508	0.154406	0.184625	2.400219	0.929862
29.571882	0.151053	0.177905	2.534494	1.094356
29.581257	0.151053	0.174552	2.615064	1.289070
29.590631	0.151053	0.171199	2.638564	1.500547
29.600006	0.151053	0.167847	2.608344	1.718760
29.609383	0.151053	0.161126	2.534494	1.923531
29.618757	0.154406	0.157773	2.416998	2.088010
29.628132	0.154406	0.157773	2.249151	2.185374
29.637506	0.157773	0.154406	2.030954	2.185374
29.646881	0.161126	0.154406	1.765743	2.098083
29.656258	0.167847	0.157773	1.470342	1.940310
29.665632	0.171199	0.161126	1.164854	1.738891
29.675007	0.177905	0.164479	0.872806	1.507267
29.684381	0.181273	0.171199	0.600889	1.245424
29.693756	0.184625	0.174552	0.352472	0.963435
29.703131	0.187978	0.181273	0.127554	0.688165
29.712507	0.191346	0.184625	-0.067145	0.439748
29.721882	0.194699	0.187978	-0.214845	0.238329
29.731256	0.194699	0.191346	-0.295416	0.073850
29.740631	0.194699	0.194699	-0.312209	-0.070497
29.750006	0.194699	0.198051	-0.278637	-0.228286
29.759382	0.194699	0.201404	-0.198066	-0.409558
29.768757	0.191346	0.204772	-0.083938	-0.600904
29.778131	0.187978	0.204772	0.077203	-0.758678
29.787506	0.184625	0.208125	0.285327	-0.845954
29.796881	0.181273	0.204772	0.523672	-0.835896
29.806257	0.174552	0.204772	0.772089	-0.725105
29.815632	0.174552	0.198051	1.010433	-0.527054
29.825006	0.171199	0.194699	1.225278	-0.285342
29.834381	0.167847	0.191346	1.430050	-0.023499
29.843756	0.164479	0.184625	1.638189	0.248402
29.853130	0.164479	0.177905	1.836240	0.527039
29.862507	0.161126	0.174552	2.004087	0.819087
29.871881	0.157773	0.167847	2.124950	1.114503
29.881256	0.154406	0.161126	2.192080	1.399845
29.890631	0.154406	0.157773	2.208874	1.665041
29.900005	0.154406	0.151053	2.182007	1.893312
29.909382	0.154406	0.147700	2.121583	2.081305
29.918756	0.157773	0.147700	2.027586	2.232373
29.928131	0.157773	0.144348	1.903385	2.349854
29.937506	0.157773	0.140980	1.762390	2.423718
29.946880	0.161126	0.140980	1.621395	2.440497
29.956255	0.164479	0.144348	1.497194	2.390146
29.965631	0.164479	0.144348	1.386419	2.276003
29.975006	0.164479	0.147700	1.262203	2.104804
29.984381	0.167847	0.154406	1.141354	1.883239
29.993755	0.167847	0.157773	0.997007	1.624763
30.003130	0.171199	0.164479	0.825807	1.332700
30.012506	0.174552	0.171199	0.644535	1.030579
30.021881	0.174552	0.174552	0.453174	0.738516
30.031256	0.177905	0.181273	0.258476	0.469968
30.040630	0.184625	0.184625	0.057057	0.234976
30.050005	0.187978	0.187978	-0.144362	0.040278
30.059381	0.191346	0.191346	-0.328988	-0.107422
30.068756	0.191346	0.191346	-0.466630	-0.208139
30.078131	0.191346	0.191346	-0.533760	-0.268564
30.087505	0.191346	0.191346	-0.523686	-0.295416
30.096880	0.191346	0.191346	-0.443131	-0.298783
30.106255	0.187978	0.191346	-0.305489	-0.275284
30.115631	0.187978	0.191346	-0.130922	-0.224918
30.125006	0.184625	0.187978	0.067130	-0.144362
30.134380	0.177905	0.184625	0.281975	-0.020146
30.143755	0.174552	0.181273	0.496820	0.144348
30.153130	0.171199	0.177905	0.701591	0.345752
30.162506	0.167847	0.174552	0.896305	0.563964
30.171881	0.164479	0.167847	1.091003	0.778809
30.181255	0.157773	0.167847	1.299128	0.970155
30.190630	0.154406	0.164479	1.524046	1.114503
30.200005	0.151053	0.164479	1.769111	1.208499
30.209381	0.147700	0.164479	2.010808	1.268923
30.218756	0.140980	0.164479	2.242431	1.329347
30.228130	0.137627	0.161126	2.440497	1.399845
30.237505	0.137627	0.161126	2.584845	1.480415
30.246880	0.134274	0.157773	2.651989	1.544192
30.256254	0.134274	0.157773	2.635196	1.577765
30.265631	0.137627	0.154406	2.534494	1.581118
30.275005	0.140980	0.154406	2.349854	1.557618
30.284380	0.144348	0.154406	2.101451	1.517341
30.293755	0.147700	0.154406	1.799315	1.456916
30.303129	0.154406	0.157773	1.466975	1.369625
30.312506	0.157773	0.157773	1.124576	1.255497
30.321880	0.164479	0.161126	0.782162	1.097709
30.331255	0.171199	0.167847	0.456542	0.903010
30.340630	0.177905	0.171199	0.157773	0.684813
30.350004	0.184625	0.174552	-0.110790	0.469968
30.359379	0.187978	0.177905	-0.355840	0.275269
30.368755	0.194699	0.181273	-0.584111	0.110775
30.378130	0.194699	0.181273	-0.792250	-0.010073
30.387505	0.198051	0.181273	-0.966802	-0.073865
30.396879	0.201404	0.181273	-1.094371	-0.080571
30.406254	0.201404	0.181273	-1.154795	-0.040293
30.415630	0.204772	0.177905	-1.138017	0.030205
30.425005	0.204772	0.177905	-1.047373	0.110775
30.434380	0.201404	0.174552	-0.896320	0.191346
30.443754	0.194699	0.174552	-0.688180	0.268549
30.453129	0.191346	0.171199	-0.433058	0.345752
30.462505	0.184625	0.167847	-0.124216	0.426322
30.471880	0.177905	0.167847	0.248402	0.513613
30.481255	0.171199	0.167847	0.678092	0.587463
30.490629	0.161126	0.164479	1.144707	0.634462
30.500004	0.154406	0.164479	1.621395	0.654593
30.509378	0.144348	0.164479	2.088010	0.661314
30.518755	0.134274	0.164479	2.524421	0.664666
30.528130	0.127554	0.164479	2.910465	0.661314
30.537504	0.124201	0.167847	3.222674	0.637814
30.546879	0.117481	0.167847	3.427446	0.577390
30.556253	0.117481	0.167847	3.511369	0.480041
30.565630	0.117481	0.171199	3.477797	0.359192
30.575005	0.120848	0.174552	3.353581	0.238329
30.584379	0.124201	0.174552	3.175676	0.140980
30.593754	0.127554	0.174552	2.957463	0.073850
30.603128	0.134274	0.174552	2.712414	0.036925
30.612503	0.137627	0.174552	2.437145	0.020131
30.621880	0.144348	0.174552	2.128303	0.026852
30.631254	0.151053	0.171199	1.782537	0.073850
30.640629	0.157773	0.171199	1.409918	0.181273
30.650003	0.164479	0.167847	1.033932	0.352472
30.659378	0.171199	0.164479	0.671387	0.574037
30.668755	0.177905	0.161126	0.335693	0.829160
30.678129	0.184625	0.154406	0.033557	1.084283
30.687504	0.187978	0.151053	-0.238344	1.325995
30.696878	0.194699	0.144348	-0.473335	1.544192
30.706253	0.198051	0.140980	-0.671402	1.755685
30.715630	0.201404	0.137627	-0.822455	1.957089
30.725004	0.201404	0.134274	-0.916451	2.145082
30.734379	0.201404	0.130907	-0.939950	2.309576
30.743753	0.201404	0.127554	-0.889599	2.450571
30.753128	0.198051	0.124201	-0.751957	2.564698
30.762503	0.194699	0.120848	-0.533760	2.648622
30.771879	0.187978	0.120848	-0.255138	2.675488
30.781254	0.181273	0.124201	0.043631	2.628490
30.790628	0.174552	0.127554	0.322267	2.507642
30.800003	0.167847	0.130907	0.567317	2.323002
30.809378	0.164479	0.134274	0.792235	2.098083
30.818754	0.157773	0.137627	1.030579	1.859739
30.828129	0.154406	0.140980	1.299128	1.621395
30.837503	0.147700	0.144348	1.584470	1.362920
30.846878	0.144348	0.151053	1.866460	1.070857
30.856253	0.137627	0.157773	2.124950	0.745237
30.865629	0.134274	0.164479	2.349854	0.396118
30.875004	0.130907	0.167847	2.544567	0.060424
30.884378	0.127554	0.174552	2.695620	-0.224918
30.893753	0.127554	0.177905	2.786264	-0.449836
30.903128	0.124201	0.181273	2.799690	-0.614330
30.912502	0.127554	0.184625	2.729192	-0.735179
30.921879	0.127554	0.184625	2.591565	-0.829175
30.931253	0.130907	0.187978	2.410278	-0.889599
30.940628	0.134274	0.187978	2.202153	-0.892952
30.950003	0.137627	0.184625	1.970530	-0.815749
30.959377	0.144348	0.181273	1.712039	-0.664681
30.968754	0.151053	0.177905	1.423344	-0.469983
30.978128	0.157773	0.174552	1.114503	-0.271916
30.987503	0.161126	0.171199	0.812382	-0.097364
30.996878	0.164479	0.167847	0.547171	0.053704
31.006252	0.171199	0.167847	0.328973	0.201404
31.015627	0.171199	0.161126	0.154406	0.359192
31.025003	0.174552	0.157773	0.010058	0.537112
31.034378	0.177905	0.154406	-0.114143	0.721738
31.043753	0.177905	0.151053	-0.218213	0.903010
31.053127	0.181273	0.151053	-0.298783	1.080930
31.062502	0.181273	0.147700	-0.349134	1.235351
31.071878	0.181273	0.144348	-0.369266	1.339421
31.081253	0.181273	0.144348	-0.349134	1.383051
31.090628	0.181273	0.144348	-0.281990	1.352847
31.100002	0.177905	0.144348	-0.174567	1.262203
31.109377	0.177905	0.147700	-0.026867	1.134649
31.118753	0.174552	0.151053	0.157773	1.003727
31.128128	0.171199	0.151053	0.369251	0.896305
31.137503	0.164479	0.154406	0.594169	0.825807
31.146877	0.161126	0.154406	0.798941	0.785515
31.156252	0.157773	0.154406	0.960082	0.768736
31.165627	0.154406	0.154406	1.077577	0.765383
31.175003	0.151053	0.154406	1.154780	0.772089
31.184378	0.147700	0.154406	1.215205	0.775442
31.193752	0.147700	0.154406	1.268923	0.772089
31.203127	0.144348	0.154406	1.329347	0.755310
31.212502	0.144348	0.154406	1.383051	0.721738
31.221878	0.144348	0.154406	1.423344	0.657961
31.231253	0.144348	0.157773	1.423344	0.553891
31.240627	0.144348	0.161126	1.383051	0.402823
31.250002	0.147700	0.164479	1.312554	0.214845
31.259377	0.147700	0.167847	1.215205	0.013426
31.268753	0.147700	0.171199	1.084283	-0.171214
31.278128	0.151053	0.174552	0.903010	-0.328988
31.287502	0.157773	0.174552	0.664666	-0.446483
31.296877	0.164479	0.177905	0.375971	-0.520334
31.306252	0.171199	0.177905	0.006706	-0.537112
31.315626	0.174552	0.174552	-0.251785	-0.493482
31.325003	0.177905	0.174552	-0.443131	-0.389412
31.334377	0.177905	0.171199	-0.563979	-0.234991
31.343752	0.181273	0.167847	-0.617683	-0.050366
31.353127	0.181273	0.161126	-0.641182	0.140980
31.362501	0.177905	0.161126	-0.657976	0.315547
31.371878	0.177905	0.157773	-0.668034	0.476673
31.381252	0.177905	0.157773	-0.657976	0.631094
31.390627	0.177905	0.154406	-0.621051	0.802308
31.400002	0.177905	0.151053	-0.563979	0.990286
31.409376	0.174552	0.144348	-0.496835	1.171574
31.418751	0.171199	0.140980	-0.422984	1.329347
31.428127	0.171199	0.137627	-0.328988	1.446843
31.437502	0.167847	0.137627	-0.187993	1.513973
31.446877	0.164479	0.137627	0.006706	1.527399
31.456251	0.157773	0.140980	0.234976	1.480415
31.465626	0.154406	0.144348	0.463247	1.362920
31.475002	0.151053	0.147700	0.644535	1.188353
31.484377	0.151053	0.151053	0.762016	0.976861
31.493752	0.151053	0.154406	0.825807	0.772089
31.503126	0.147700	0.157773	0.859380	0.604242
31.512501	0.147700	0.161126	0.892937	0.483394
31.521877	0.147700	0.161126	0.936583	0.406191
31.531252	0.147700	0.161126	0.973508	0.355825
31.540627	0.147700	0.161126	0.990286	0.332326
31.550001	0.147700	0.161126	0.976861	0.328973
31.559376	0.147700	0.161126	0.936583	0.349119
31.568750	0.147700	0.161126	0.872806	0.389397
31.578127	0.147700	0.161126	0.792235	0.426322
31.587502	0.151053	0.161126	0.701591	0.433043
31.596876	0.151053	0.161126	0.600889	0.402823
31.606251	0.151053	0.164479	0.500172	0.362545
31.615625	0.154406	0.164479	0.412896	0.345752
31.625002	0.154406	0.164479	0.349119	0.382692
31.634377	0.154406	0.161126	0.325620	0.459895
31.643751	0.154406	0.161126	0.342399	0.550538
31.653126	0.154406	0.157773	0.379324	0.627741
31.662500	0.154406	0.157773	0.416249	0.674739
31.671875	0.154406	0.154406	0.439748	0.704959
31.681252	0.154406	0.154406	0.453174	0.725091
31.690626	0.154406	0.154406	0.466615	0.751957
31.700001	0.151053	0.154406	0.503540	0.782162
31.709375	0.151053	0.154406	0.567317	0.809014
31.718750	0.151053	0.154406	0.647888	0.839233
31.728127	0.147700	0.151053	0.731811	0.886232
31.737501	0.147700	0.151053	0.802308	0.953361
31.746876	0.147700	0.147700	0.876158	1.037285
31.756250	0.144348	0.147700	0.953361	1.114503
31.765625	0.140980	0.147700	1.037285	1.168206
31.775002	0.140980	0.147700	1.111150	1.174927
31.784376	0.140980	0.147700	1.154780	1.121208
31.793751	0.144348	0.151053	1.138002	1.013786
31.803125	0.144348	0.154406	1.064152	0.866085
31.812500	0.147700	0.157773	0.956729	0.708312
31.821875	0.151053	0.161126	0.852659	0.560597
31.831251	0.151053	0.161126	0.768736	0.422969
31.840626	0.151053	0.164479	0.708312	0.288695
31.850000	0.151053	0.164479	0.644535	0.164479
31.859375	0.154406	0.167847	0.574037	0.067130
31.868750	0.154406	0.167847	0.500172	0.020131
31.878126	0.154406	0.167847	0.446469	0.020131
31.887501	0.157773	0.167847	0.419617	0.050351
31.896875	0.157773	0.164479	0.422969	0.083923
31.906250	0.161126	0.164479	0.449821	0.107422
31.915625	0.161126	0.164479	0.500172	0.124201
31.925001	0.157773	0.161126	0.567317	0.144348
31.934376	0.157773	0.161126	0.637814	0.191346
31.943750	0.157773	0.157773	0.708312	0.258476
31.953125	0.157773	0.157773	0.772089	0.345752
31.962500	0.154406	0.157773	0.819087	0.443116
31.971874	0.151053	0.154406	0.845939	0.547171
31.981251	0.151053	0.154406	0.842586	0.647888
31.990625	0.151053	0.151053	0.805661	0.738516
