20.958424	-0.067234	-0.134468	0.402689	0.604153
20.989719	-0.067234	-0.134468	0.402689	0.604153
21.021015	-0.033617	-0.134468	0.402689	0.570536
21.052311	-0.033617	-0.134468	0.402689	0.570536
21.083607	-0.033617	-0.134468	0.402689	0.570536
21.114902	-0.033617	-0.134468	0.436306	0.570536
21.146198	-0.033617	-0.134468	0.436306	0.536919
21.177494	-0.033617	-0.134468	0.436306	0.536919
21.208790	-0.033617	-0.100851	0.436306	0.536919
21.240086	-0.033617	-0.100851	0.436306	0.536919
21.271381	-0.033617	-0.067234	0.469923	0.536919
21.302677	-0.033617	-0.067234	0.503540	0.536919
21.333973	-0.033617	-0.067234	0.503540	0.570536
21.365271	-0.033617	-0.067234	0.503540	0.570536
21.396566	-0.033617	-0.067234	0.469923	0.570536
21.427862	-0.033617	-0.033617	0.469923	0.570536
21.459158	-0.033617	-0.033617	0.469923	0.570536
21.490454	0.000000	-0.033617	0.469923	0.570536
21.521749	0.000000	0.000000	0.469923	0.604153
21.553045	0.000000	0.000000	0.469923	0.604153
21.584341	0.000000	0.000000	0.436306	0.604153
21.615637	0.000000	0.000000	0.436306	0.570536
21.646933	0.000000	0.000000	0.436306	0.570536
21.678228	0.000000	0.000000	0.402689	0.536919
21.709524	0.000000	0.000000	0.402689	0.536919
21.740820	0.000000	0.000000	0.402689	0.536919
21.772116	0.000000	0.033379	0.436306	0.503540
21.803411	0.000000	0.033379	0.402689	0.503540
21.834707	0.033379	0.033379	0.402689	0.503540
21.866005	0.033379	0.033379	0.402689	0.503540
21.897301	0.033379	0.033379	0.402689	0.503540
21.928596	0.033379	0.066996	0.402689	0.536919
21.959892	0.033379	0.066996	0.436306	0.536919
21.991188	0.033379	0.066996	0.436306	0.536919
22.022484	0.033379	0.100613	0.436306	0.536919
22.053780	0.033379	0.100613	0.436306	0.570536
22.085075	0.033379	0.100613	0.436306	0.570536
22.116371	0.033379	0.134230	0.436306	0.570536
22.147667	0.033379	0.134230	0.436306	0.536919
22.178963	0.033379	0.134230	0.436306	0.536919
22.210258	0.066996	0.167847	0.436306	0.536919
22.241554	0.066996	0.167847	0.469923	0.503540
22.272850	0.066996	0.201225	0.469923	0.469923
22.304146	0.100613	0.201225	0.469923	0.469923
22.335442	0.100613	0.234842	0.469923	0.469923
22.366739	0.100613	0.234842	0.469923	0.469923
22.398035	0.134230	0.268459	0.469923	0.469923
22.429331	0.134230	0.268459	0.503540	0.469923
22.460627	0.134230	0.302076	0.503540	0.469923
22.491922	0.134230	0.302076	0.503540	0.469923
22.523218	0.134230	0.335693	0.503540	0.469923
22.554514	0.134230	0.369072	0.503540	0.469923
22.585810	0.167847	0.369072	0.503540	0.503540
22.617105	0.167847	0.402689	0.503540	0.469923
22.648401	0.167847	0.402689	0.469923	0.469923
22.679697	0.201225	0.436306	0.469923	0.469923
22.710993	0.201225	0.436306	0.469923	0.469923
22.742289	0.201225	0.469923	0.469923	0.469923
22.773584	0.201225	0.503540	0.436306	0.469923
22.804880	0.201225	0.536919	0.436306	0.436306
22.836176	0.201225	0.570536	0.436306	0.436306
22.867474	0.234842	0.604153	0.436306	0.436306
22.898769	0.234842	0.637770	0.436306	0.436306
22.930065	0.234842	0.704765	0.436306	0.402689
22.961361	0.234842	0.738382	0.436306	0.402689
22.992657	0.234842	0.771999	0.469923	0.402689
23.023952	0.268459	0.805616	0.469923	0.369072
23.055248	0.268459	0.872612	0.469923	0.369072
23.086544	0.268459	0.906229	0.469923	0.335693
23.117840	0.268459	0.939846	0.436306	0.302076
23.149136	0.302076	0.973463	0.402689	0.302076
23.180431	0.335693	1.040459	0.402689	0.268459
23.211727	0.335693	1.107693	0.369072	0.268459
23.243023	0.335693	1.174927	0.369072	0.234842
23.274319	0.335693	1.241922	0.369072	0.234842
23.305614	0.335693	1.342773	0.402689	0.234842
23.336912	0.369072	1.443386	0.402689	0.201225
23.368208	0.369072	1.577616	0.402689	0.167847
23.399504	0.402689	1.712084	0.436306	0.134230
23.430799	0.402689	1.879930	0.436306	0.100613
23.462095	0.436306	2.047777	0.436306	0.066996
23.493391	0.436306	2.249002	0.436306	0.033379
23.524687	0.469923	2.517700	0.436306	0.000000
23.555983	0.503540	2.786160	0.436306	-0.033617
23.587278	0.503540	3.121853	0.436306	-0.100851
23.618574	0.536919	3.558397	0.402689	-0.168085
23.649870	0.536919	4.128933	0.402689	-0.268698
23.681166	0.570536	4.833937	0.369072	-0.402927
23.712461	0.570536	5.740404	0.369072	-0.604391
23.743757	0.604153	6.881714	0.335693	-0.839472
23.775053	0.637770	8.325338	0.335693	-1.208544
23.806349	0.671387	10.104656	0.302076	-1.678705
23.837646	0.704765	12.152433	0.302076	-2.282858
23.868942	0.738382	14.401674	0.268459	-2.987862
23.900238	0.771999	16.516447	0.268459	-3.726482
23.931534	0.805616	18.262148	0.268459	-4.397869
23.962830	0.839233	19.269228	0.268459	-4.834175
23.994125	0.872612	19.437075	0.268459	-5.002022
24.025421	0.906229	18.866539	0.268459	-4.867792
24.056717	0.973463	17.657995	0.234842	-4.498482
24.088013	1.007080	15.979528	0.234842	-3.927946
24.119308	1.040459	13.965130	0.201225	-3.222942
24.150604	1.074076	11.816740	0.201225	-2.517939
24.181900	1.141310	9.735346	0.167847	-1.812935
24.213196	1.174927	7.922411	0.134230	-1.242161
24.244492	1.241922	6.445408	0.100613	-0.772238
24.275787	1.275539	5.337477	0.066996	-0.436544
24.307083	1.376152	4.531860	0.033379	-0.235081
24.338381	1.477003	3.927708	0.033379	-0.134468
24.369677	1.544237	3.491163	0.000000	-0.033617
24.400972	1.644850	3.121853	0.000000	0.033379
24.432268	1.779079	2.819777	-0.033617	0.100613
24.463564	1.913309	2.551317	-0.033617	0.134230
24.494860	2.047777	2.349854	-0.033617	0.201225
24.526155	2.215624	2.148390	-0.033617	0.234842
24.557451	2.450466	1.980543	-0.033617	0.234842
24.588747	2.685547	1.846313	-0.067234	0.268459
24.620043	2.987623	1.712084	-0.100851	0.268459
24.651339	3.323317	1.611233	-0.134468	0.302076
24.682634	3.759861	1.510620	-0.201464	0.302076
24.713930	4.297018	1.409769	-0.268698	0.335693
24.745226	5.001783	1.342773	-0.335932	0.335693
24.776522	6.009102	1.241922	-0.436544	0.369072
24.807819	7.452488	1.174927	-0.537157	0.369072
24.839115	9.466648	1.141310	-0.638008	0.369072
24.870411	11.883736	1.074076	-0.671625	0.369072
24.901707	14.468670	1.007080	-0.772238	0.369072
24.933002	16.852140	0.973463	-0.872850	0.402689
24.964298	18.732309	0.906229	-1.007318	0.402689
24.995594	20.142078	0.872612	-1.175165	0.402689
25.026890	20.377159	0.805616	-1.275778	0.436306
25.058186	19.806385	0.771999	-1.275778	0.436306
25.089481	18.564224	0.738382	-1.275778	0.436306
25.120777	16.785145	0.671387	-1.175165	0.436306
25.152073	14.670134	0.637770	-1.074314	0.436306
25.183369	12.488127	0.604153	-0.940084	0.469923
25.214664	10.473967	0.570536	-0.772238	0.469923
25.245960	8.694649	0.536919	-0.638008	0.469923
25.277256	6.915331	0.536919	-0.436544	0.469923
25.308554	5.807638	0.503540	-0.302315	0.469923
25.339849	4.934788	0.469923	-0.168085	0.469923
25.371145	4.263401	0.469923	-0.100851	0.436306
25.402441	3.726244	0.436306	0.000000	0.436306
25.433737	3.289700	0.402689	0.066996	0.436306
25.465033	2.954006	0.402689	0.134230	0.436306
25.496328	2.685547	0.369072	0.167847	0.469923
25.527624	2.450466	0.335693	0.234842	0.469923
25.558920	2.282619	0.335693	0.268459	0.469923
25.590216	2.114773	0.302076	0.302076	0.469923
25.621511	1.946926	0.268459	0.335693	0.503540
25.652807	1.812696	0.268459	0.335693	0.503540
25.684103	1.712084	0.268459	0.369072	0.503540
25.715399	1.577616	0.234842	0.402689	0.503540
25.746695	1.477003	0.234842	0.402689	0.503540
25.777990	1.409769	0.234842	0.402689	0.503540
25.809288	1.342773	0.201225	0.436306	0.503540
25.840584	1.275539	0.201225	0.436306	0.469923
25.871880	1.208305	0.201225	0.436306	0.469923
25.903175	1.141310	0.201225	0.436306	0.469923
25.934471	1.074076	0.167847	0.436306	0.436306
25.965767	1.007080	0.167847	0.469923	0.436306
25.997063	0.939846	0.167847	0.469923	0.469923
26.028358	0.906229	0.134230	0.469923	0.469923
26.059654	0.872612	0.134230	0.469923	0.469923
26.090950	0.805616	0.134230	0.469923	0.469923
26.122246	0.771999	0.134230	0.469923	0.469923
26.153542	0.738382	0.100613	0.469923	0.469923
26.184837	0.704765	0.100613	0.469923	0.469923
26.216133	0.671387	0.066996	0.469923	0.469923
26.247429	0.637770	0.066996	0.469923	0.469923
26.278725	0.604153	0.033379	0.469923	0.469923
26.310022	0.570536	0.033379	0.436306	0.469923
26.341318	0.536919	0.033379	0.436306	0.469923
26.372614	0.536919	0.033379	0.436306	0.503540
26.403910	0.503540	0.000000	0.436306	0.503540
26.435205	0.469923	0.033379	0.469923	0.503540
26.466501	0.436306	0.033379	0.469923	0.469923
26.497797	0.402689	0.033379	0.469923	0.469923
26.529093	0.402689	0.000000	0.469923	0.469923
26.560389	0.369072	0.000000	0.469923	0.469923
26.591684	0.335693	0.000000	0.469923	0.469923
26.622980	0.335693	0.000000	0.469923	0.469923
26.654276	0.302076	0.000000	0.469923	0.469923
26.685572	0.302076	-0.033617	0.503540	0.469923
26.716867	0.268459	-0.033617	0.503540	0.469923
26.748163	0.268459	-0.033617	0.503540	0.469923
26.779461	0.234842	-0.033617	0.469923	0.469923
26.810757	0.234842	-0.033617	0.469923	0.469923
26.842052	0.201225	-0.033617	0.469923	0.469923
26.873348	0.201225	-0.033617	0.469923	0.503540
26.904644	0.201225	-0.033617	0.469923	0.503540
26.935940	0.167847	-0.033617	0.436306	0.503540
26.967236	0.167847	-0.033617	0.436306	0.503540
26.998531	0.134230	-0.067234	0.436306	0.469923
27.029827	0.134230	-0.067234	0.436306	0.469923
27.061123	0.134230	-0.067234	0.436306	0.469923
27.092419	0.100613	-0.067234	0.436306	0.469923
27.123714	0.100613	-0.067234	0.436306	0.469923
27.155010	0.100613	-0.100851	0.436306	0.436306
27.186306	0.100613	-0.100851	0.436306	0.436306
27.217602	0.066996	-0.100851	0.436306	0.436306
27.248898	0.066996	-0.100851	0.469923	0.436306
27.280195	0.066996	-0.100851	0.469923	0.436306
27.311491	0.066996	-0.100851	0.469923	0.436306
27.342787	0.066996	-0.100851	0.436306	0.436306
27.374083	0.033379	-0.100851	0.436306	0.436306
27.405378	0.033379	-0.100851	0.402689	0.436306
27.436674	0.033379	-0.100851	0.402689	0.436306
27.467970	0.033379	-0.100851	0.402689	0.436306
27.499266	0.000000	-0.100851	0.402689	0.436306
27.530561	0.000000	-0.100851	0.436306	0.436306
27.561857	0.000000	-0.100851	0.436306	0.469923
27.593153	-0.033617	-0.100851	0.436306	0.469923
27.624449	-0.033617	-0.100851	0.436306	0.469923
27.655745	-0.033617	-0.100851	0.436306	0.436306
27.687040	-0.033617	-0.100851	0.436306	0.436306
27.718336	-0.033617	-0.100851	0.436306	0.436306
27.749632	-0.033617	-0.100851	0.436306	0.402689
27.780930	-0.067234	-0.100851	0.436306	0.402689
27.812225	-0.067234	-0.100851	0.436306	0.402689
27.843521	-0.067234	-0.134468	0.436306	0.402689
27.874817	-0.100851	-0.134468	0.436306	0.402689
27.906113	-0.100851	-0.100851	0.436306	0.402689
27.937408	-0.100851	-0.100851	0.436306	0.402689
27.968704	-0.134468	-0.100851	0.436306	0.436306
