21.940655	-0.006720	-0.026867	-0.043646	0.023484
21.950029	-0.006720	-0.030220	-0.036940	0.013426
21.959404	-0.006720	-0.030220	-0.026867	0.006706
21.968779	-0.006720	-0.030220	-0.020146	-0.003368
21.978153	-0.006720	-0.030220	-0.016794	-0.013441
21.987530	-0.006720	-0.030220	-0.020146	-0.023499
21.996904	-0.006720	-0.030220	-0.033572	-0.030220
22.006279	-0.010073	-0.030220	-0.057071	-0.036940
22.015654	-0.010073	-0.030220	-0.077218	-0.040293
22.025028	-0.010073	-0.030220	-0.090644	-0.043646
22.034403	-0.006720	-0.030220	-0.090644	-0.043646
22.043779	-0.006720	-0.030220	-0.080571	-0.043646
22.053154	-0.006720	-0.030220	-0.077218	-0.043646
22.062529	-0.010073	-0.030220	-0.090644	-0.040293
22.071903	-0.010073	-0.030220	-0.117496	-0.040293
22.081278	-0.013441	-0.030220	-0.151068	-0.043646
22.090654	-0.013441	-0.030220	-0.171214	-0.050366
22.100029	-0.013441	-0.030220	-0.177920	-0.053719
22.109404	-0.013441	-0.030220	-0.167862	-0.053719
22.118778	-0.013441	-0.030220	-0.144362	-0.053719
22.128153	-0.013441	-0.030220	-0.114143	-0.050366
22.137529	-0.010073	-0.030220	-0.077218	-0.036940
22.146904	-0.010073	-0.030220	-0.036940	-0.013441
22.156279	-0.006720	-0.026867	0.003353	0.016779
22.165653	-0.006720	-0.026867	0.033557	0.040278
22.175028	-0.006720	-0.023499	0.046983	0.050351
22.184402	-0.006720	-0.023499	0.036925	0.040278
22.193779	-0.006720	-0.023499	0.003353	0.013426
22.203154	-0.010073	-0.026867	-0.040293	-0.023499
22.212528	-0.013441	-0.030220	-0.080571	-0.057071
22.221903	-0.013441	-0.030220	-0.104070	-0.087291
22.231277	-0.013441	-0.030220	-0.107422	-0.107422
22.240654	-0.013441	-0.030220	-0.087291	-0.120863
22.250029	-0.010073	-0.030220	-0.053719	-0.110790
22.259403	-0.006720	-0.030220	-0.020146	-0.080571
22.268778	-0.006720	-0.026867	0.000000	-0.033572
22.278152	-0.006720	-0.023499	0.000000	0.016779
22.287527	-0.006720	-0.023499	-0.013441	0.050351
22.296904	-0.010073	-0.023499	-0.036940	0.053704
22.306278	-0.010073	-0.023499	-0.060439	0.030205
22.315653	-0.010073	-0.026867	-0.070497	-0.010073
22.325027	-0.013441	-0.026867	-0.070497	-0.053719
22.334402	-0.013441	-0.030220	-0.060439	-0.090644
22.343779	-0.013441	-0.030220	-0.057071	-0.114143
22.353153	-0.013441	-0.030220	-0.067145	-0.120863
22.362528	-0.013441	-0.030220	-0.087291	-0.117496
22.371902	-0.013441	-0.030220	-0.114143	-0.093997
22.381277	-0.013441	-0.030220	-0.134289	-0.063792
22.390654	-0.013441	-0.026867	-0.140995	-0.023499
22.400028	-0.013441	-0.023499	-0.130922	0.016779
22.409403	-0.010073	-0.023499	-0.114143	0.050351
22.418777	-0.010073	-0.020146	-0.097364	0.063777
22.428152	-0.010073	-0.020146	-0.080571	0.057057
22.437527	-0.010073	-0.023499	-0.063792	0.030205
22.446903	-0.010073	-0.023499	-0.036940	-0.003368
22.456278	-0.006720	-0.026867	0.003353	-0.036940
22.465652	-0.003368	-0.026867	0.040278	-0.063792
22.475027	-0.003368	-0.026867	0.057057	-0.083938
22.484402	-0.003368	-0.026867	0.036925	-0.093997
22.493778	-0.006720	-0.026867	-0.010073	-0.087291
22.503153	-0.010073	-0.026867	-0.057071	-0.063792
22.512527	-0.010073	-0.023499	-0.087291	-0.026867
22.521902	-0.010073	-0.023499	-0.097364	0.006706
22.531277	-0.010073	-0.023499	-0.093997	0.026852
22.540651	-0.010073	-0.023499	-0.083938	0.030205
22.550028	-0.010073	-0.023499	-0.073865	0.016779
22.559402	-0.010073	-0.023499	-0.057071	-0.003368
22.568777	-0.006720	-0.023499	-0.040293	-0.010073
22.578152	-0.006720	-0.023499	-0.026867	0.000000
22.587526	-0.006720	-0.020146	-0.026867	0.023484
22.596903	-0.006720	-0.020146	-0.050366	0.040278
22.606277	-0.010073	-0.020146	-0.093997	0.033557
22.615652	-0.010073	-0.020146	-0.137642	0.003353
22.625027	-0.013441	-0.023499	-0.167862	-0.033572
22.634401	-0.013441	-0.023499	-0.174567	-0.053719
22.643778	-0.010073	-0.023499	-0.167862	-0.057071
22.653152	-0.010073	-0.020146	-0.154421	-0.040293
22.662527	-0.010073	-0.020146	-0.134289	-0.026867
22.671902	-0.010073	-0.020146	-0.110790	-0.026867
22.681276	-0.006720	-0.020146	-0.083938	-0.046998
22.690651	-0.006720	-0.020146	-0.060439	-0.063792
22.700027	-0.006720	-0.020146	-0.050366	-0.073865
22.709402	-0.006720	-0.020146	-0.053719	-0.067145
22.718777	-0.006720	-0.020146	-0.067145	-0.053719
22.728151	-0.006720	-0.020146	-0.077218	-0.043646
22.737526	-0.006720	-0.020146	-0.073865	-0.050366
22.746902	-0.006720	-0.020146	-0.063792	-0.067145
22.756277	-0.006720	-0.020146	-0.050366	-0.087291
22.765652	-0.003368	-0.020146	-0.043646	-0.110790
22.775026	-0.006720	-0.020146	-0.050366	-0.120863
22.784401	-0.006720	-0.020146	-0.060439	-0.107422
22.793777	-0.006720	-0.016794	-0.080571	-0.067145
22.803152	-0.006720	-0.013441	-0.097364	-0.013441
22.812527	-0.006720	-0.013441	-0.117496	0.036925
22.821901	-0.010073	-0.010073	-0.140995	0.067130
22.831276	-0.010073	-0.010073	-0.161141	0.067130
22.840651	-0.010073	-0.013441	-0.171214	0.043631
22.850027	-0.010073	-0.013441	-0.161141	0.003353
22.859402	-0.006720	-0.016794	-0.120863	-0.036940
22.868776	-0.003368	-0.016794	-0.063792	-0.070497
22.878151	0.000000	-0.020146	-0.013441	-0.087291
22.887526	0.003353	-0.020146	0.016779	-0.093997
22.896902	0.003353	-0.020146	0.020131	-0.090644
22.906277	0.000000	-0.016794	0.003353	-0.083938
22.915651	0.000000	-0.016794	-0.023499	-0.063792
22.925026	-0.003368	-0.016794	-0.053719	-0.036940
22.934401	-0.003368	-0.013441	-0.083938	-0.006720
22.943775	-0.003368	-0.010073	-0.107422	0.010058
22.953152	-0.003368	-0.010073	-0.120863	0.010058
22.962526	-0.003368	-0.010073	-0.120863	-0.010073
22.971901	-0.003368	-0.013441	-0.107422	-0.046998
22.981276	-0.003368	-0.013441	-0.083938	-0.090644
22.990650	0.000000	-0.016794	-0.060439	-0.127569
23.000027	0.000000	-0.016794	-0.050366	-0.147715
23.009401	0.000000	-0.013441	-0.057071	-0.144362
23.018776	0.000000	-0.013441	-0.070497	-0.117496
23.028151	0.000000	-0.013441	-0.090644	-0.080571
23.037525	-0.003368	-0.010073	-0.117496	-0.053719
23.046902	-0.003368	-0.010073	-0.140995	-0.036940
23.056276	-0.003368	-0.010073	-0.151068	-0.030220
23.065651	-0.003368	-0.010073	-0.151068	-0.030220
23.075026	-0.003368	-0.010073	-0.134289	-0.033572
23.084400	-0.003368	-0.010073	-0.104070	-0.040293
23.093775	0.000000	-0.010073	-0.067145	-0.046998
23.103151	0.000000	-0.010073	-0.033572	-0.057071
23.112526	0.003353	-0.010073	-0.020146	-0.063792
23.121901	0.003353	-0.010073	-0.023499	-0.067145
23.131275	0.000000	-0.013441	-0.043646	-0.070497
23.140650	0.000000	-0.013441	-0.067145	-0.077218
23.150026	0.000000	-0.013441	-0.090644	-0.083938
23.159401	0.000000	-0.013441	-0.104070	-0.087291
23.168776	0.000000	-0.013441	-0.104070	-0.087291
23.178150	0.000000	-0.013441	-0.093997	-0.080571
23.187525	0.003353	-0.013441	-0.077218	-0.067145
23.196901	0.003353	-0.010073	-0.063792	-0.057071
23.206276	0.003353	-0.010073	-0.070497	-0.053719
23.215651	0.003353	-0.010073	-0.093997	-0.063792
23.225025	0.000000	-0.010073	-0.124216	-0.080571
23.234400	0.000000	-0.010073	-0.147715	-0.097364
23.243774	0.000000	-0.013441	-0.151068	-0.107422
23.253151	0.000000	-0.010073	-0.140995	-0.104070
23.262526	0.003353	-0.010073	-0.120863	-0.083938
23.271900	0.003353	-0.006720	-0.110790	-0.046998
23.281275	0.003353	-0.006720	-0.100717	-0.010073
23.290649	0.003353	-0.003368	-0.087291	0.013426
23.300026	0.003353	-0.003368	-0.060439	0.013426
23.309401	0.006706	-0.006720	-0.036940	-0.006720
23.318775	0.006706	-0.006720	-0.023499	-0.043646
23.328150	0.006706	-0.010073	-0.036940	-0.073865
23.337524	0.006706	-0.010073	-0.067145	-0.093997
23.346899	0.003353	-0.010073	-0.087291	-0.107422
23.356276	0.006706	-0.010073	-0.087291	-0.117496
23.365650	0.006706	-0.010073	-0.063792	-0.120863
23.375025	0.010058	-0.010073	-0.033572	-0.110790
23.384399	0.010058	-0.006720	-0.016794	-0.090644
23.393774	0.010058	-0.003368	-0.013441	-0.067145
23.403151	0.010058	-0.003368	-0.020146	-0.060439
23.412525	0.010058	-0.003368	-0.026867	-0.067145
23.421900	0.010058	-0.003368	-0.033572	-0.087291
23.431274	0.010058	-0.006720	-0.040293	-0.110790
23.440649	0.010058	-0.006720	-0.053719	-0.130922
23.450026	0.006706	-0.006720	-0.073865	-0.137642
23.459400	0.006706	-0.006720	-0.097364	-0.134289
23.468775	0.006706	-0.003368	-0.110790	-0.110790
23.478149	0.006706	-0.003368	-0.114143	-0.077218
23.487524	0.006706	0.000000	-0.107422	-0.040293
23.496899	0.006706	0.000000	-0.093997	0.000000
23.506275	0.010058	0.003353	-0.077218	0.026852
23.515650	0.010058	0.003353	-0.070497	0.040278
23.525024	0.010058	0.003353	-0.070497	0.033557
23.534399	0.010058	0.003353	-0.073865	0.013426
23.543774	0.010058	0.000000	-0.080571	-0.010073
23.553150	0.010058	0.000000	-0.080571	-0.026867
23.562525	0.013426	0.000000	-0.073865	-0.040293
23.571899	0.013426	0.000000	-0.057071	-0.053719
23.581274	0.016779	-0.003368	-0.036940	-0.073865
23.590649	0.016779	-0.003368	-0.023499	-0.104070
23.600023	0.016779	-0.003368	-0.016794	-0.130922
23.609400	0.016779	-0.003368	-0.023499	-0.140995
23.618774	0.016779	-0.003368	-0.033572	-0.124216
23.628149	0.016779	0.000000	-0.046998	-0.083938
23.637524	0.013426	0.003353	-0.050366	-0.033572
23.646898	0.013426	0.006706	-0.050366	0.000000
23.656275	0.016779	0.006706	-0.046998	0.010058
23.665649	0.016779	0.006706	-0.050366	-0.006720
23.675024	0.016779	0.006706	-0.067145	-0.030220
23.684399	0.013426	0.003353	-0.087291	-0.050366
23.693773	0.013426	0.003353	-0.107422	-0.067145
23.703150	0.013426	0.003353	-0.117496	-0.077218
23.712524	0.013426	0.003353	-0.120863	-0.077218
23.721899	0.016779	0.006706	-0.114143	-0.077218
23.731274	0.016779	0.006706	-0.107422	-0.060439
23.740648	0.016779	0.006706	-0.093997	-0.033572
23.750023	0.020131	0.010058	-0.080571	0.003353
23.759399	0.020131	0.013426	-0.063792	0.043631
23.768774	0.023484	0.016779	-0.046998	0.070482
23.778149	0.023484	0.016779	-0.023499	0.070482
23.787523	0.023484	0.016779	-0.010073	0.040278
23.796898	0.023484	0.013426	-0.010073	0.000000
23.806274	0.023484	0.013426	-0.030220	-0.040293
23.815649	0.020131	0.013426	-0.073865	-0.063792
23.825024	0.016779	0.013426	-0.130922	-0.070497
23.834398	0.016779	0.013426	-0.184640	-0.053719
23.843773	0.013426	0.016779	-0.221565	-0.026867
23.853149	0.013426	0.020131	-0.231639	0.000000
23.862524	0.016779	0.020131	-0.214845	0.016779
23.871899	0.020131	0.020131	-0.174567	0.016779
23.881273	0.023484	0.020131	-0.124216	0.006706
23.890648	0.026852	0.020131	-0.073865	-0.013441
23.900023	0.026852	0.020131	-0.033572	-0.033572
23.909399	0.030205	0.016779	-0.020146	-0.053719
23.918774	0.030205	0.016779	-0.026867	-0.073865
23.928148	0.030205	0.016779	-0.050366	-0.097364
23.937523	0.026852	0.016779	-0.073865	-0.117496
23.946898	0.026852	0.016779	-0.097364	-0.127569
23.956274	0.026852	0.020131	-0.104070	-0.114143
23.965649	0.026852	0.020131	-0.107422	-0.090644
23.975023	0.026852	0.023484	-0.110790	-0.067145
23.984398	0.026852	0.023484	-0.114143	-0.060439
23.993773	0.026852	0.023484	-0.117496	-0.073865
24.003147	0.030205	0.020131	-0.110790	-0.087291
24.012524	0.030205	0.023484	-0.087291	-0.087291
24.021898	0.030205	0.023484	-0.057071	-0.060439
24.031273	0.033557	0.026852	-0.030220	-0.013441
24.040648	0.036925	0.030205	-0.016794	0.030205
24.050022	0.036925	0.030205	-0.026867	0.053704
24.059399	0.036925	0.030205	-0.043646	0.050351
24.068773	0.036925	0.030205	-0.046998	0.036925
24.078148	0.036925	0.030205	-0.036940	0.026852
24.087523	0.040278	0.033557	-0.020146	0.023484
24.096897	0.040278	0.033557	-0.010073	0.020131
24.106274	0.040278	0.033557	-0.010073	0.010058
24.115648	0.040278	0.033557	-0.023499	-0.026867
24.125023	0.040278	0.030205	-0.050366	-0.077218
24.134398	0.040278	0.030205	-0.090644	-0.134289
24.143772	0.036925	0.026852	-0.127569	-0.181288
24.153147	0.036925	0.030205	-0.154421	-0.204787
24.162523	0.036925	0.030205	-0.161141	-0.201419
24.171898	0.036925	0.033557	-0.144362	-0.181288
24.181273	0.040278	0.033557	-0.104070	-0.147715
24.190647	0.043631	0.036925	-0.063792	-0.117496
24.200022	0.043631	0.036925	-0.046998	-0.093997
24.209398	0.043631	0.040278	-0.067145	-0.073865
24.218773	0.043631	0.043631	-0.114143	-0.050366
24.228148	0.040278	0.043631	-0.161141	-0.020146
24.237522	0.040278	0.046983	-0.184640	0.003353
24.246897	0.040278	0.050351	-0.177920	0.003353
24.256273	0.043631	0.050351	-0.147715	-0.023499
24.265648	0.046983	0.046983	-0.114143	-0.067145
24.275023	0.046983	0.046983	-0.087291	-0.114143
24.284397	0.050351	0.046983	-0.070497	-0.140995
24.293772	0.050351	0.046983	-0.063792	-0.137642
24.303146	0.050351	0.050351	-0.060439	-0.107422
24.312523	0.050351	0.053704	-0.060439	-0.067145
24.321898	0.050351	0.057057	-0.063792	-0.040293
24.331272	0.050351	0.057057	-0.070497	-0.036940
24.340647	0.050351	0.060424	-0.077218	-0.046998
24.350021	0.050351	0.060424	-0.080571	-0.053719
24.359398	0.053704	0.063777	-0.083938	-0.046998
24.368773	0.053704	0.063777	-0.080571	-0.036940
24.378147	0.057057	0.067130	-0.073865	-0.033572
24.387522	0.057057	0.067130	-0.070497	-0.040293
24.396896	0.057057	0.067130	-0.070497	-0.067145
24.406271	0.057057	0.067130	-0.083938	-0.093997
24.415648	0.060424	0.067130	-0.100717	-0.114143
24.425022	0.060424	0.070482	-0.114143	-0.110790
24.434397	0.060424	0.073850	-0.120863	-0.093997
24.443771	0.060424	0.077203	-0.120863	-0.073865
24.453146	0.060424	0.080556	-0.107422	-0.063792
24.462523	0.060424	0.080556	-0.083938	-0.063792
24.471897	0.063777	0.083923	-0.057071	-0.070497
24.481272	0.067130	0.087276	-0.030220	-0.070497
24.490646	0.070482	0.087276	-0.013441	-0.063792
24.500021	0.070482	0.090629	-0.010073	-0.053719
24.509398	0.073850	0.093982	-0.013441	-0.046998
24.518772	0.073850	0.097349	-0.020146	-0.057071
24.528147	0.073850	0.097349	-0.030220	-0.073865
24.537521	0.077203	0.100702	-0.036940	-0.093997
24.546896	0.077203	0.104055	-0.046998	-0.110790
24.556271	0.077203	0.104055	-0.063792	-0.117496
24.565647	0.077203	0.107422	-0.083938	-0.114143
24.575022	0.077203	0.110775	-0.093997	-0.107422
24.584396	0.080556	0.114128	-0.097364	-0.107422
24.593771	0.080556	0.117481	-0.090644	-0.100717
24.603146	0.083923	0.120848	-0.087291	-0.093997
24.612522	0.083923	0.124201	-0.093997	-0.087291
24.621897	0.087276	0.127554	-0.107422	-0.083938
24.631271	0.087276	0.130907	-0.127569	-0.083938
24.640646	0.087276	0.134274	-0.147715	-0.087291
24.650021	0.087276	0.137627	-0.167862	-0.087291
24.659395	0.087276	0.140980	-0.184640	-0.083938
24.668772	0.090629	0.147700	-0.187993	-0.077218
24.678146	0.090629	0.151053	-0.167862	-0.067145
24.687521	0.093982	0.157773	-0.120863	-0.063792
24.696896	0.100702	0.161126	-0.067145	-0.067145
24.706270	0.104055	0.167847	-0.016794	-0.083938
24.715647	0.107422	0.171199	0.006706	-0.110790
24.725021	0.107422	0.174552	0.003353	-0.137642
24.734396	0.110775	0.177905	-0.016794	-0.164494
24.743771	0.110775	0.181273	-0.043646	-0.184640
24.753145	0.110775	0.187978	-0.067145	-0.187993
24.762522	0.114128	0.194699	-0.080571	-0.177920
24.771896	0.117481	0.201404	-0.093997	-0.154421
24.781271	0.117481	0.208125	-0.104070	-0.117496
24.790646	0.120848	0.218198	-0.117496	-0.077218
24.800020	0.124201	0.228271	-0.124216	-0.043646
24.809395	0.124201	0.238329	-0.120863	-0.023499
24.818771	0.130907	0.248402	-0.114143	-0.020146
24.828146	0.130907	0.255123	-0.107422	-0.043646
24.837521	0.134274	0.261828	-0.107422	-0.083938
24.846895	0.137627	0.268549	-0.107422	-0.140995
24.856270	0.140980	0.278622	-0.114143	-0.201419
24.865646	0.140980	0.288695	-0.120863	-0.261843
24.875021	0.144348	0.298768	-0.130922	-0.298783
24.884396	0.147700	0.312194	-0.140995	-0.305489
24.893770	0.151053	0.325620	-0.157788	-0.281990
24.903145	0.154406	0.342399	-0.171214	-0.248417
24.912521	0.157773	0.359192	-0.174567	-0.221565
24.921896	0.161126	0.379324	-0.161141	-0.201419
24.931271	0.167847	0.399470	-0.137642	-0.191361
24.940645	0.171199	0.419617	-0.110790	-0.187993
24.950020	0.177905	0.443116	-0.090644	-0.181288
24.959394	0.181273	0.469968	-0.080571	-0.171214
24.968771	0.184625	0.500172	-0.077218	-0.164494
24.978146	0.191346	0.530392	-0.083938	-0.177920
24.987520	0.194699	0.563964	-0.100717	-0.204787
24.996895	0.198051	0.604242	-0.127569	-0.245064
25.006269	0.201404	0.647888	-0.164494	-0.275284
25.015646	0.208125	0.698239	-0.194713	-0.292063
25.025021	0.211477	0.755310	-0.204787	-0.292063
25.034395	0.218198	0.822440	-0.191361	-0.292063
25.043770	0.228271	0.896305	-0.161141	-0.302136
25.053144	0.234976	0.980228	-0.130922	-0.318915
25.062519	0.241697	1.070857	-0.104070	-0.349134
25.071896	0.251770	1.168206	-0.090644	-0.379339
25.081270	0.258476	1.272276	-0.083938	-0.402838
25.090645	0.268549	1.372993	-0.077218	-0.426337
25.100019	0.278622	1.473695	-0.070497	-0.446483
25.109394	0.288695	1.564339	-0.063792	-0.469983
25.118771	0.298768	1.648262	-0.067145	-0.500187
25.128145	0.308827	1.722112	-0.073865	-0.530407
25.137520	0.318900	1.785889	-0.080571	-0.553906
25.146894	0.332326	1.839608	-0.077218	-0.570685
25.156269	0.342399	1.886606	-0.077218	-0.580758
25.165646	0.355825	1.926884	-0.087291	-0.600904
25.175020	0.369251	1.953736	-0.107422	-0.627756
25.184395	0.386044	1.973882	-0.134289	-0.657976
25.193769	0.399470	1.980588	-0.147715	-0.678107
25.203144	0.416249	1.983956	-0.147715	-0.678107
25.212519	0.436395	1.977235	-0.147715	-0.664681
25.221895	0.456542	1.960456	-0.140995	-0.651255
25.231270	0.480041	1.933604	-0.134289	-0.644535
25.240644	0.503540	1.896665	-0.130922	-0.651255
25.250019	0.530392	1.856387	-0.134289	-0.654608
25.259394	0.560597	1.806036	-0.147715	-0.641182
25.268770	0.594169	1.752317	-0.171214	-0.607610
25.278145	0.631094	1.691893	-0.204787	-0.567332
25.287519	0.671387	1.624763	-0.245064	-0.530407
25.296894	0.718385	1.550898	-0.288710	-0.510260
25.306269	0.772089	1.470342	-0.328988	-0.506908
25.315645	0.835881	1.383051	-0.362560	-0.510260
25.325020	0.909731	1.292422	-0.382707	-0.503555
25.334394	0.993654	1.201779	-0.389412	-0.476688
25.343769	1.087651	1.111150	-0.382707	-0.429690
25.353144	1.191705	1.027226	-0.365913	-0.372633
25.362518	1.299128	0.946656	-0.342414	-0.318915
25.371895	1.409918	0.872806	-0.322267	-0.278637
25.381269	1.517341	0.802308	-0.315562	-0.255138
25.390644	1.618043	0.741884	-0.328988	-0.245064
25.400019	1.708686	0.688165	-0.369266	-0.234991
25.409393	1.792610	0.641167	-0.416264	-0.221565
25.418770	1.866460	0.597537	-0.466630	-0.204787
25.428144	1.933604	0.563964	-0.503555	-0.184640
25.437519	1.990661	0.533745	-0.530407	-0.164494
25.446894	2.037659	0.503540	-0.547186	-0.147715
25.456268	2.074584	0.480041	-0.557259	-0.134289
25.465643	2.104804	0.456542	-0.557259	-0.120863
25.475019	2.121583	0.436395	-0.550553	-0.110790
25.484394	2.131656	0.416249	-0.540480	-0.100717
25.493769	2.128303	0.399470	-0.527054	-0.093997
25.503143	2.118230	0.382692	-0.516981	-0.097364
25.512518	2.098083	0.365898	-0.513628	-0.107422
25.521894	2.064511	0.352472	-0.513628	-0.120863
25.531269	2.027586	0.339046	-0.530407	-0.130922
25.540644	1.977235	0.325620	-0.553906	-0.137642
25.550018	1.923531	0.315547	-0.574052	-0.130922
25.559393	1.859739	0.305474	-0.577405	-0.117496
25.568769	1.775816	0.295401	-0.543833	-0.093997
25.578144	1.695260	0.288695	-0.500187	-0.063792
25.587519	1.614690	0.281975	-0.456557	-0.036940
25.596893	1.524046	0.271901	-0.429690	-0.016794
25.606268	1.426697	0.265196	-0.412911	-0.006720
25.615643	1.332700	0.258476	-0.396132	-0.003368
25.625019	1.235351	0.251770	-0.369266	-0.003368
25.634394	1.141354	0.245050	-0.332341	0.000000
25.643768	1.050726	0.238329	-0.298783	0.000000
25.653143	0.966802	0.231624	-0.281990	-0.003368
25.662518	0.889584	0.224903	-0.292063	-0.016794
25.671894	0.822440	0.218198	-0.308841	-0.036940
25.681269	0.758663	0.211477	-0.315562	-0.053719
25.690643	0.704959	0.204772	-0.302136	-0.063792
25.700018	0.661314	0.198051	-0.268564	-0.057071
25.709393	0.621036	0.194699	-0.224918	-0.043646
25.718767	0.584096	0.191346	-0.184640	-0.026867
25.728144	0.553891	0.187978	-0.154421	-0.016794
25.737518	0.516966	0.184625	-0.124216	-0.016794
25.746893	0.493467	0.177905	-0.110790	-0.020146
25.756268	0.469968	0.174552	-0.104070	-0.026867
25.765642	0.449821	0.171199	-0.093997	-0.023499
25.775019	0.433043	0.167847	-0.087291	-0.003368
25.784393	0.412896	0.164479	-0.080571	0.013426
25.793768	0.399470	0.157773	-0.083938	0.020131
25.803143	0.382692	0.154406	-0.093997	0.010058
25.812517	0.369251	0.147700	-0.104070	-0.010073
25.821894	0.355825	0.144348	-0.104070	-0.026867
25.831268	0.342399	0.140980	-0.097364	-0.033572
25.840643	0.332326	0.137627	-0.093997	-0.030220
25.850018	0.322267	0.134274	-0.093997	-0.030220
25.859392	0.312194	0.130907	-0.090644	-0.040293
25.868767	0.302121	0.124201	-0.080571	-0.063792
25.878143	0.292048	0.120848	-0.063792	-0.083938
25.887518	0.285327	0.117481	-0.040293	-0.090644
25.896893	0.278622	0.117481	-0.013441	-0.087291
25.906267	0.271901	0.114128	0.013426	-0.077218
25.915642	0.265196	0.110775	0.026852	-0.073865
25.925018	0.258476	0.107422	0.026852	-0.073865
25.934393	0.251770	0.107422	0.006706	-0.073865
25.943768	0.241697	0.104055	-0.030220	-0.070497
25.953142	0.234976	0.100702	-0.077218	-0.057071
25.962517	0.224903	0.100702	-0.124216	-0.043646
25.971893	0.218198	0.100702	-0.167862	-0.033572
25.981268	0.208125	0.097349	-0.198066	-0.026867
25.990643	0.204772	0.097349	-0.211492	-0.023499
26.000017	0.198051	0.093982	-0.201419	-0.020146
26.009392	0.194699	0.093982	-0.174567	-0.013441
26.018766	0.194699	0.093982	-0.130922	-0.013441
26.028143	0.191346	0.090629	-0.080571	-0.026867
26.037518	0.191346	0.087276	-0.030220	-0.053719
26.046892	0.187978	0.083923	0.006706	-0.080571
26.056267	0.184625	0.080556	0.023484	-0.093997
26.065641	0.181273	0.077203	0.020131	-0.090644
26.075018	0.177905	0.077203	-0.003368	-0.080571
26.084393	0.171199	0.077203	-0.043646	-0.070497
26.093767	0.164479	0.073850	-0.093997	-0.063792
26.103142	0.157773	0.073850	-0.147715	-0.060439
26.112516	0.151053	0.073850	-0.191361	-0.063792
26.121891	0.147700	0.070482	-0.214845	-0.073865
26.131268	0.144348	0.067130	-0.214845	-0.090644
26.140642	0.140980	0.063777	-0.181288	-0.110790
26.150017	0.140980	0.060424	-0.124216	-0.127569
26.159391	0.140980	0.060424	-0.060439	-0.140995
26.168766	0.140980	0.057057	-0.006720	-0.144362
26.178143	0.137627	0.057057	0.023484	-0.137642
26.187517	0.137627	0.057057	0.023484	-0.127569
26.196892	0.134274	0.060424	0.006706	-0.107422
26.206266	0.127554	0.060424	-0.023499	-0.087291
26.215641	0.124201	0.060424	-0.060439	-0.063792
26.225018	0.120848	0.060424	-0.097364	-0.043646
26.234392	0.117481	0.060424	-0.127569	-0.033572
26.243767	0.114128	0.057057	-0.147715	-0.043646
26.253141	0.110775	0.053704	-0.154421	-0.067145
26.262516	0.110775	0.050351	-0.147715	-0.093997
26.271891	0.110775	0.046983	-0.137642	-0.120863
26.281267	0.107422	0.046983	-0.124216	-0.137642
26.290642	0.107422	0.046983	-0.104070	-0.147715
26.300016	0.107422	0.043631	-0.073865	-0.144362
26.309391	0.107422	0.043631	-0.026867	-0.127569
26.318766	0.107422	0.046983	0.023484	-0.097364
26.328142	0.104055	0.046983	0.053704	-0.060439
26.337517	0.104055	0.046983	0.050351	-0.020146
26.346891	0.100702	0.050351	0.010058	0.006706
26.356266	0.097349	0.050351	-0.050366	0.020131
26.365641	0.093982	0.046983	-0.107422	0.016779
26.375017	0.090629	0.046983	-0.140995	-0.006720
26.384392	0.087276	0.043631	-0.151068	-0.040293
26.393766	0.087276	0.040278	-0.144362	-0.083938
26.403141	0.087276	0.033557	-0.134289	-0.127569
26.412516	0.083923	0.033557	-0.120863	-0.157788
26.421890	0.083923	0.030205	-0.100717	-0.171214
26.431267	0.083923	0.030205	-0.070497	-0.157788
26.440641	0.083923	0.030205	-0.040293	-0.130922
26.450016	0.083923	0.030205	-0.013441	-0.097364
26.459391	0.080556	0.033557	-0.003368	-0.063792
26.468765	0.080556	0.033557	-0.013441	-0.036940
26.478142	0.077203	0.033557	-0.040293	-0.020146
26.487516	0.073850	0.033557	-0.073865	-0.013441
26.496891	0.073850	0.033557	-0.097364	-0.010073
26.506266	0.070482	0.033557	-0.107422	-0.013441
26.515640	0.070482	0.030205	-0.100717	-0.016794
26.525015	0.070482	0.030205	-0.080571	-0.026867
26.534391	0.070482	0.030205	-0.057071	-0.050366
26.543766	0.070482	0.026852	-0.036940	-0.083938
26.553141	0.067130	0.023484	-0.026867	-0.120863
26.562515	0.067130	0.023484	-0.033572	-0.140995
26.571890	0.063777	0.023484	-0.060439	-0.140995
26.581266	0.060424	0.023484	-0.090644	-0.120863
26.590641	0.060424	0.023484	-0.110790	-0.097364
26.600016	0.057057	0.023484	-0.117496	-0.083938
26.609390	0.057057	0.023484	-0.097364	-0.080571
26.618765	0.060424	0.023484	-0.070497	-0.080571
26.628141	0.060424	0.023484	-0.046998	-0.080571
26.637516	0.060424	0.023484	-0.030220	-0.073865
26.646891	0.060424	0.023484	-0.020146	-0.067145
26.656265	0.057057	0.023484	-0.026867	-0.063792
26.665640	0.057057	0.023484	-0.040293	-0.070497
26.675014	0.053704	0.020131	-0.060439	-0.080571
26.684391	0.050351	0.020131	-0.070497	-0.093997
26.693766	0.050351	0.016779	-0.070497	-0.110790
26.703140	0.050351	0.016779	-0.063792	-0.127569
26.712515	0.050351	0.013426	-0.057071	-0.157788
26.721889	0.046983	0.010058	-0.060439	-0.187993
26.731266	0.046983	0.010058	-0.077218	-0.201419
26.740641	0.043631	0.010058	-0.107422	-0.191361
26.750015	0.043631	0.010058	-0.140995	-0.157788
26.759390	0.040278	0.013426	-0.167862	-0.117496
26.768764	0.040278	0.013426	-0.177920	-0.080571
26.778139	0.040278	0.016779	-0.177920	-0.053719
26.787516	0.040278	0.016779	-0.167862	-0.030220
26.796890	0.040278	0.016779	-0.144362	-0.006720
26.806265	0.040278	0.016779	-0.114143	0.010058
26.815639	0.043631	0.016779	-0.073865	0.016779
26.825014	0.043631	0.016779	-0.040293	0.000000
26.834391	0.043631	0.013426	-0.020146	-0.033572
26.843765	0.043631	0.010058	-0.016794	-0.077218
26.853140	0.040278	0.010058	-0.026867	-0.114143
26.862514	0.040278	0.006706	-0.040293	-0.140995
26.871889	0.036925	0.006706	-0.057071	-0.154421
26.881266	0.036925	0.006706	-0.070497	-0.161141
26.890640	0.033557	0.006706	-0.087291	-0.161141
26.900015	0.033557	0.006706	-0.097364	-0.151068
26.909389	0.033557	0.006706	-0.097364	-0.124216
26.918764	0.033557	0.006706	-0.083938	-0.087291
26.928139	0.033557	0.006706	-0.063792	-0.057071
26.937515	0.033557	0.006706	-0.050366	-0.050366
26.946890	0.033557	0.003353	-0.046998	-0.070497
26.956264	0.033557	0.003353	-0.067145	-0.104070
26.965639	0.030205	0.003353	-0.090644	-0.134289
26.975014	0.030205	0.000000	-0.104070	-0.147715
26.984390	0.030205	0.000000	-0.090644	-0.144362
26.993765	0.030205	0.000000	-0.060439	-0.137642
27.003139	0.033557	0.000000	-0.030220	-0.140995
27.012514	0.033557	0.000000	-0.020146	-0.147715
27.021889	0.030205	0.000000	-0.036940	-0.147715
27.031265	0.026852	0.000000	-0.073865	-0.130922
27.040640	0.023484	0.000000	-0.127569	-0.100717
27.050014	0.020131	0.003353	-0.171214	-0.063792
27.059389	0.020131	0.003353	-0.198066	-0.036940
27.068764	0.016779	0.003353	-0.201419	-0.023499
27.078138	0.016779	0.003353	-0.184640	-0.033572
27.087515	0.016779	0.003353	-0.164494	-0.057071
27.096889	0.020131	0.000000	-0.137642	-0.080571
27.106264	0.020131	0.000000	-0.107422	-0.090644
27.115639	0.023484	0.000000	-0.070497	-0.083938
27.125013	0.026852	0.000000	-0.030220	-0.067145
27.134390	0.026852	0.003353	0.003353	-0.053719
27.143764	0.026852	0.003353	0.013426	-0.053719
27.153139	0.026852	0.000000	-0.006720	-0.063792
27.162514	0.023484	0.000000	-0.043646	-0.077218
27.171888	0.023484	0.000000	-0.080571	-0.083938
27.181263	0.020131	0.000000	-0.104070	-0.073865
27.190639	0.020131	0.000000	-0.120863	-0.060439
27.200014	0.016779	0.000000	-0.130922	-0.050366
27.209389	0.016779	0.000000	-0.137642	-0.050366
27.218763	0.016779	-0.003368	-0.134289	-0.063792
27.228138	0.016779	-0.003368	-0.117496	-0.077218
27.237514	0.016779	-0.006720	-0.083938	-0.077218
27.246889	0.016779	-0.003368	-0.046998	-0.060439
27.256264	0.020131	-0.003368	-0.010073	-0.040293
27.265638	0.020131	-0.003368	0.013426	-0.033572
27.275013	0.020131	-0.003368	0.023484	-0.046998
27.284389	0.020131	-0.006720	0.013426	-0.077218
27.293764	0.020131	-0.010073	-0.006720	-0.120863
27.303139	0.016779	-0.010073	-0.033572	-0.154421
27.312513	0.016779	-0.013441	-0.070497	-0.174567
27.321888	0.013426	-0.013441	-0.107422	-0.167862
27.331263	0.010058	-0.013441	-0.147715	-0.151068
27.340639	0.010058	-0.013441	-0.184640	-0.127569
27.350014	0.006706	-0.013441	-0.214845	-0.110790
27.359388	0.003353	-0.013441	-0.231639	-0.110790
27.368763	0.003353	-0.013441	-0.224918	-0.107422
27.378138	0.003353	-0.013441	-0.194713	-0.097364
27.387514	0.006706	-0.010073	-0.147715	-0.077218
27.396889	0.010058	-0.010073	-0.090644	-0.053719
27.406263	0.013426	-0.010073	-0.043646	-0.040293
27.415638	0.013426	-0.010073	-0.013441	-0.043646
27.425013	0.013426	-0.010073	-0.003368	-0.067145
27.434389	0.013426	-0.013441	-0.013441	-0.110790
27.443764	0.010058	-0.013441	-0.033572	-0.151068
27.453138	0.010058	-0.016794	-0.063792	-0.184640
27.462513	0.006706	-0.020146	-0.090644	-0.211492
27.471888	0.006706	-0.020146	-0.117496	-0.218213
27.481262	0.003353	-0.020146	-0.130922	-0.198066
27.490639	0.003353	-0.016794	-0.134289	-0.144362
27.500013	0.003353	-0.013441	-0.124216	-0.067145
27.509388	0.006706	-0.010073	-0.104070	0.000000
27.518763	0.006706	-0.010073	-0.080571	0.036925
27.528137	0.006706	-0.010073	-0.050366	0.033557
27.537514	0.010058	-0.010073	-0.030220	0.010058
27.546888	0.010058	-0.013441	-0.020146	-0.016794
27.556263	0.006706	-0.013441	-0.026867	-0.030220
27.565638	0.006706	-0.013441	-0.046998	-0.033572
27.575012	0.006706	-0.013441	-0.067145	-0.033572
27.584387	0.003353	-0.013441	-0.077218	-0.040293
27.593763	0.003353	-0.016794	-0.067145	-0.050366
27.603138	0.006706	-0.016794	-0.043646	-0.057071
27.612513	0.006706	-0.016794	-0.023499	-0.053719
27.621887	0.006706	-0.016794	-0.013441	-0.043646
27.631262	0.006706	-0.016794	-0.026867	-0.036940
27.640638	0.003353	-0.016794	-0.046998	-0.040293
27.650013	0.003353	-0.016794	-0.067145	-0.057071
27.659388	0.000000	-0.016794	-0.077218	-0.080571
27.668762	0.000000	-0.016794	-0.080571	-0.093997
27.678137	0.000000	-0.016794	-0.080571	-0.093997
27.687513	0.000000	-0.016794	-0.083938	-0.080571
27.696888	0.000000	-0.016794	-0.093997	-0.057071
27.706263	0.000000	-0.016794	-0.100717	-0.030220
27.715637	0.000000	-0.013441	-0.100717	-0.003368
27.725012	0.000000	-0.013441	-0.087291	0.020131
27.734386	0.003353	-0.013441	-0.070497	0.040278
27.743763	0.003353	-0.013441	-0.053719	0.053704
27.753138	0.003353	-0.013441	-0.046998	0.040278
27.762512	0.003353	-0.013441	-0.040293	0.010058
27.771887	0.003353	-0.016794	-0.036940	-0.033572
27.781261	0.000000	-0.020146	-0.040293	-0.073865
27.790638	0.000000	-0.020146	-0.053719	-0.104070
27.800013	0.000000	-0.020146	-0.073865	-0.120863
27.809387	-0.003368	-0.020146	-0.087291	-0.120863
27.818762	-0.003368	-0.020146	-0.097364	-0.110790
27.828136	-0.003368	-0.020146	-0.097364	-0.093997
27.837511	-0.003368	-0.016794	-0.097364	-0.077218
27.846888	-0.003368	-0.016794	-0.104070	-0.057071
27.856262	-0.003368	-0.016794	-0.110790	-0.050366
27.865637	-0.006720	-0.020146	-0.117496	-0.050366
27.875011	-0.006720	-0.020146	-0.104070	-0.053719
27.884386	-0.003368	-0.020146	-0.080571	-0.057071
27.893763	-0.003368	-0.020146	-0.050366	-0.053719
27.903137	-0.003368	-0.020146	-0.030220	-0.053719
27.912512	-0.003368	-0.020146	-0.030220	-0.060439
27.921886	-0.003368	-0.020146	-0.040293	-0.080571
27.931261	-0.003368	-0.023499	-0.046998	-0.110790
27.940638	-0.003368	-0.023499	-0.040293	-0.140995
27.950012	-0.003368	-0.026867	-0.020146	-0.157788
27.959387	-0.003368	-0.026867	0.000000	-0.154421
27.968761	0.000000	-0.026867	0.010058	-0.144362
27.978136	0.000000	-0.026867	0.006706	-0.137642
27.987511	0.000000	-0.026867	0.006706	-0.144362
27.996887	0.000000	-0.026867	0.003353	-0.161141
28.006262	0.000000	-0.026867	-0.003368	-0.167862
28.015636	0.000000	-0.026867	-0.023499	-0.161141
28.025011	-0.003368	-0.026867	-0.060439	-0.137642
28.034386	-0.006720	-0.026867	-0.100717	-0.117496
28.043762	-0.006720	-0.026867	-0.137642	-0.104070
28.053137	-0.010073	-0.026867	-0.154421	-0.093997
28.062511	-0.010073	-0.026867	-0.151068	-0.080571
28.071886	-0.010073	-0.026867	-0.134289	-0.067145
28.081261	-0.010073	-0.026867	-0.120863	-0.057071
28.090637	-0.010073	-0.026867	-0.104070	-0.057071
28.100012	-0.010073	-0.026867	-0.087291	-0.067145
28.109386	-0.010073	-0.026867	-0.067145	-0.083938
28.118761	-0.010073	-0.026867	-0.040293	-0.097364
28.128136	-0.006720	-0.026867	-0.016794	-0.100717
28.137510	-0.006720	-0.026867	0.006706	-0.093997
28.146887	-0.006720	-0.026867	0.020131	-0.083938
28.156261	-0.006720	-0.026867	0.016779	-0.070497
28.165636	-0.006720	-0.026867	-0.006720	-0.053719
28.175011	-0.010073	-0.026867	-0.033572	-0.033572
28.184385	-0.010073	-0.023499	-0.057071	-0.013441
28.193762	-0.010073	-0.023499	-0.067145	-0.003368
28.203136	-0.010073	-0.023499	-0.063792	-0.010073
28.212511	-0.010073	-0.026867	-0.050366	-0.033572
28.221886	-0.010073	-0.026867	-0.036940	-0.063792
28.231260	-0.010073	-0.026867	-0.036940	-0.090644
28.240635	-0.010073	-0.026867	-0.040293	-0.100717
28.250011	-0.013441	-0.026867	-0.053719	-0.090644
28.259386	-0.013441	-0.026867	-0.073865	-0.073865
28.268761	-0.016794	-0.026867	-0.093997	-0.053719
28.278135	-0.016794	-0.026867	-0.117496	-0.036940
28.287510	-0.016794	-0.026867	-0.140995	-0.026867
28.296886	-0.020146	-0.026867	-0.164494	-0.026867
28.306261	-0.020146	-0.026867	-0.181288	-0.036940
28.315636	-0.020146	-0.026867	-0.187993	-0.053719
28.325010	-0.020146	-0.026867	-0.177920	-0.073865
28.334385	-0.020146	-0.030220	-0.147715	-0.100717
28.343761	-0.016794	-0.030220	-0.107422	-0.130922
28.353136	-0.016794	-0.030220	-0.060439	-0.157788
28.362511	-0.013441	-0.033572	-0.026867	-0.181288
28.371885	-0.013441	-0.033572	-0.006720	-0.184640
28.381260	-0.013441	-0.033572	-0.006720	-0.161141
28.390635	-0.013441	-0.030220	-0.016794	-0.114143
28.400011	-0.013441	-0.026867	-0.023499	-0.063792
28.409386	-0.013441	-0.026867	-0.030220	-0.026867
28.418760	-0.013441	-0.026867	-0.026867	-0.013441
28.428135	-0.013441	-0.026867	-0.023499	-0.020146
28.437510	-0.013441	-0.030220	-0.023499	-0.036940
28.446886	-0.016794	-0.030220	-0.026867	-0.053719
28.456261	-0.016794	-0.030220	-0.030220	-0.057071
28.465635	-0.016794	-0.030220	-0.036940	-0.046998
28.475010	-0.016794	-0.026867	-0.043646	-0.026867
28.484385	-0.016794	-0.026867	-0.046998	-0.010073
28.493759	-0.016794	-0.026867	-0.053719	-0.003368
28.503136	-0.016794	-0.026867	-0.060439	-0.020146
28.512510	-0.016794	-0.030220	-0.070497	-0.060439
28.521885	-0.016794	-0.033572	-0.077218	-0.114143
28.531260	-0.016794	-0.036940	-0.077218	-0.167862
28.540634	-0.016794	-0.036940	-0.070497	-0.208139
28.550011	-0.016794	-0.036940	-0.067145	-0.218213
28.559385	-0.016794	-0.036940	-0.067145	-0.198066
28.568760	-0.020146	-0.033572	-0.073865	-0.154421
28.578135	-0.020146	-0.030220	-0.090644	-0.104070
28.587509	-0.020146	-0.030220	-0.107422	-0.060439
28.596886	-0.023499	-0.026867	-0.124216	-0.036940
28.606260	-0.023499	-0.030220	-0.127569	-0.026867
28.615635	-0.020146	-0.030220	-0.110790	-0.030220
28.625010	-0.020146	-0.030220	-0.073865	-0.043646
28.634384	-0.016794	-0.030220	-0.023499	-0.067145
28.643759	-0.016794	-0.033572	0.016779	-0.100717
28.653135	-0.013441	-0.033572	0.043631	-0.134289
28.662510	-0.013441	-0.036940	0.057057	-0.161141
28.671885	-0.013441	-0.036940	0.067130	-0.171214
28.681259	-0.013441	-0.036940	0.067130	-0.151068
28.690634	-0.013441	-0.033572	0.057057	-0.107422
28.700010	-0.016794	-0.030220	0.023484	-0.057071
28.709385	-0.016794	-0.030220	-0.033572	-0.016794
28.718760	-0.020146	-0.030220	-0.090644	-0.010073
28.728134	-0.023499	-0.030220	-0.134289	-0.033572
28.737509	-0.023499	-0.033572	-0.147715	-0.077218
28.746885	-0.023499	-0.033572	-0.134289	-0.124216
28.756260	-0.023499	-0.036940	-0.104070	-0.151068
28.765635	-0.020146	-0.036940	-0.070497	-0.154421
28.775009	-0.020146	-0.036940	-0.040293	-0.140995
28.784384	-0.016794	-0.036940	-0.020146	-0.120863
28.793758	-0.016794	-0.033572	-0.013441	-0.107422
28.803135	-0.016794	-0.033572	-0.023499	-0.097364
28.812510	-0.020146	-0.033572	-0.050366	-0.077218
28.821884	-0.020146	-0.033572	-0.083938	-0.053719
28.831259	-0.023499	-0.033572	-0.117496	-0.026867
28.840633	-0.023499	-0.033572	-0.144362	-0.016794
28.850010	-0.026867	-0.033572	-0.151068	-0.023499
28.859385	-0.026867	-0.036940	-0.137642	-0.046998
28.868759	-0.026867	-0.036940	-0.107422	-0.073865
28.878134	-0.023499	-0.036940	-0.070497	-0.097364
28.887508	-0.023499	-0.036940	-0.030220	-0.117496
28.896883	-0.020146	-0.036940	0.000000	-0.130922
28.906260	-0.020146	-0.036940	0.023484	-0.144362
28.915634	-0.020146	-0.040293	0.036925	-0.151068
28.925009	-0.020146	-0.040293	0.033557	-0.157788
28.934383	-0.020146	-0.040293	0.013426	-0.157788
28.943758	-0.020146	-0.040293	-0.010073	-0.154421
28.953135	-0.020146	-0.040293	-0.023499	-0.144362
28.962509	-0.023499	-0.040293	-0.033572	-0.127569
28.971884	-0.023499	-0.040293	-0.033572	-0.097364
28.981258	-0.023499	-0.036940	-0.023499	-0.063792
28.990633	-0.023499	-0.036940	-0.010073	-0.036940
29.000010	-0.020146	-0.033572	0.006706	-0.020146
29.009384	-0.020146	-0.036940	0.023484	-0.016794
29.018759	-0.020146	-0.036940	0.033557	-0.023499
29.028133	-0.020146	-0.036940	0.023484	-0.040293
29.037508	-0.023499	-0.036940	-0.006720	-0.057071
29.046883	-0.023499	-0.040293	-0.046998	-0.073865
29.056259	-0.026867	-0.040293	-0.070497	-0.087291
29.065634	-0.026867	-0.040293	-0.080571	-0.093997
29.075008	-0.023499	-0.040293	-0.070497	-0.100717
29.084383	-0.023499	-0.040293	-0.060439	-0.104070
29.093758	-0.023499	-0.040293	-0.057071	-0.104070
29.103134	-0.026867	-0.040293	-0.067145	-0.100717
29.112509	-0.026867	-0.040293	-0.093997	-0.087291
29.121883	-0.026867	-0.040293	-0.104070	-0.073865
29.131258	-0.026867	-0.040293	-0.093997	-0.067145
29.140633	-0.026867	-0.040293	-0.067145	-0.077218
29.150009	-0.023499	-0.040293	-0.036940	-0.097364
29.159384	-0.023499	-0.040293	-0.013441	-0.117496
29.168758	-0.023499	-0.040293	-0.013441	-0.127569
29.178133	-0.023499	-0.040293	-0.033572	-0.124216
29.187508	-0.023499	-0.040293	-0.063792	-0.117496
29.196882	-0.026867	-0.040293	-0.093997	-0.107422
29.206259	-0.026867	-0.040293	-0.117496	-0.104070
29.215633	-0.026867	-0.040293	-0.127569	-0.104070
29.225008	-0.026867	-0.040293	-0.124216	-0.097364
29.234383	-0.026867	-0.040293	-0.110790	-0.083938
29.243757	-0.026867	-0.036940	-0.077218	-0.070497
29.253134	-0.026867	-0.036940	-0.036940	-0.063792
29.262508	-0.023499	-0.036940	0.006706	-0.073865
29.271883	-0.023499	-0.036940	0.033557	-0.090644
29.281258	-0.020146	-0.040293	0.036925	-0.110790
29.290632	-0.023499	-0.040293	0.013426	-0.120863
29.300007	-0.023499	-0.040293	-0.023499	-0.124216
29.309383	-0.023499	-0.040293	-0.063792	-0.127569
29.318758	-0.026867	-0.040293	-0.093997	-0.134289
29.328133	-0.026867	-0.040293	-0.107422	-0.140995
29.337507	-0.026867	-0.040293	-0.110790	-0.140995
29.346882	-0.026867	-0.040293	-0.114143	-0.134289
29.356258	-0.030220	-0.040293	-0.110790	-0.110790
29.365633	-0.026867	-0.036940	-0.107422	-0.080571
29.375008	-0.026867	-0.036940	-0.093997	-0.050366
29.384382	-0.026867	-0.036940	-0.077218	-0.033572
29.393757	-0.026867	-0.036940	-0.063792	-0.026867
29.403133	-0.023499	-0.036940	-0.053719	-0.026867
29.412508	-0.023499	-0.036940	-0.053719	-0.023499
29.421883	-0.023499	-0.036940	-0.060439	-0.016794
29.431257	-0.023499	-0.036940	-0.073865	-0.016794
29.440632	-0.026867	-0.036940	-0.080571	-0.030220
29.450006	-0.026867	-0.036940	-0.073865	-0.053719
29.459383	-0.026867	-0.040293	-0.053719	-0.083938
29.468758	-0.023499	-0.040293	-0.023499	-0.104070
29.478132	-0.023499	-0.040293	0.000000	-0.107422
29.487507	-0.023499	-0.040293	0.016779	-0.090644
29.496881	-0.023499	-0.036940	0.023484	-0.067145
29.506258	-0.023499	-0.036940	0.030205	-0.043646
29.515633	-0.023499	-0.036940	0.033557	-0.036940
29.525007	-0.023499	-0.036940	0.023484	-0.040293
29.534382	-0.026867	-0.036940	0.003353	-0.043646
29.543756	-0.026867	-0.036940	-0.023499	-0.036940
29.553131	-0.030220	-0.036940	-0.046998	-0.030220
29.562508	-0.030220	-0.036940	-0.060439	-0.023499
29.571882	-0.030220	-0.036940	-0.067145	-0.036940
29.581257	-0.030220	-0.040293	-0.073865	-0.067145
29.590631	-0.030220	-0.040293	-0.080571	-0.110790
29.600006	-0.033572	-0.043646	-0.080571	-0.144362
29.609383	-0.033572	-0.043646	-0.070497	-0.154421
29.618757	-0.030220	-0.043646	-0.053719	-0.130922
29.628132	-0.030220	-0.040293	-0.033572	-0.087291
29.637506	-0.030220	-0.036940	-0.016794	-0.040293
29.646881	-0.030220	-0.036940	-0.006720	-0.006720
29.656258	-0.030220	-0.033572	-0.010073	0.013426
29.665632	-0.030220	-0.033572	-0.016794	0.020131
29.675007	-0.030220	-0.036940	-0.026867	0.020131
29.684381	-0.030220	-0.036940	-0.043646	0.003353
29.693756	-0.033572	-0.040293	-0.067145	-0.033572
29.703131	-0.033572	-0.040293	-0.100717	-0.090644
29.712507	-0.036940	-0.046998	-0.137642	-0.157788
29.721882	-0.040293	-0.046998	-0.164494	-0.211492
29.731256	-0.040293	-0.050366	-0.164494	-0.241712
29.740631	-0.036940	-0.050366	-0.144362	-0.241712
29.750006	-0.036940	-0.046998	-0.100717	-0.211492
29.759382	-0.033572	-0.046998	-0.046998	-0.164494
29.768757	-0.030220	-0.043646	-0.003368	-0.114143
29.778131	-0.030220	-0.040293	0.020131	-0.077218
29.787506	-0.026867	-0.040293	0.020131	-0.050366
29.796881	-0.030220	-0.040293	0.000000	-0.036940
29.806257	-0.030220	-0.040293	-0.036940	-0.026867
29.815632	-0.033572	-0.036940	-0.080571	-0.023499
29.825006	-0.036940	-0.036940	-0.114143	-0.026867
29.834381	-0.036940	-0.036940	-0.124216	-0.036940
29.843756	-0.033572	-0.040293	-0.107422	-0.060439
29.853130	-0.033572	-0.040293	-0.067145	-0.080571
29.862507	-0.030220	-0.040293	-0.020146	-0.087291
29.871881	-0.026867	-0.040293	0.030205	-0.063792
29.881256	-0.026867	-0.036940	0.070482	-0.023499
29.890631	-0.023499	-0.036940	0.097349	0.016779
29.900005	-0.023499	-0.033572	0.097349	0.043631
29.909382	-0.026867	-0.036940	0.063777	0.046983
29.918756	-0.030220	-0.036940	0.000000	0.023484
29.928131	-0.033572	-0.040293	-0.080571	-0.026867
29.937506	-0.036940	-0.043646	-0.151068	-0.090644
29.946880	-0.040293	-0.043646	-0.191361	-0.144362
29.956255	-0.040293	-0.043646	-0.194713	-0.164494
29.965631	-0.040293	-0.043646	-0.164494	-0.147715
29.975006	-0.036940	-0.043646	-0.124216	-0.117496
29.984381	-0.036940	-0.043646	-0.090644	-0.097364
29.993755	-0.033572	-0.043646	-0.070497	-0.097364
30.003130	-0.033572	-0.043646	-0.070497	-0.104070
30.012506	-0.033572	-0.043646	-0.080571	-0.104070
30.021881	-0.033572	-0.043646	-0.093997	-0.087291
30.031256	-0.033572	-0.040293	-0.104070	-0.070497
30.040630	-0.033572	-0.040293	-0.120863	-0.063792
30.050005	-0.036940	-0.040293	-0.147715	-0.067145
30.059381	-0.036940	-0.043646	-0.177920	-0.083938
30.068756	-0.036940	-0.043646	-0.198066	-0.090644
30.078131	-0.040293	-0.043646	-0.198066	-0.090644
30.087505	-0.036940	-0.040293	-0.167862	-0.070497
30.096880	-0.036940	-0.040293	-0.117496	-0.046998
30.106255	-0.033572	-0.036940	-0.070497	-0.023499
30.115631	-0.033572	-0.036940	-0.040293	-0.006720
30.125006	-0.033572	-0.036940	-0.040293	0.000000
30.134380	-0.033572	-0.036940	-0.057071	-0.006720
30.143755	-0.033572	-0.036940	-0.080571	-0.020146
30.153130	-0.033572	-0.036940	-0.097364	-0.040293
30.162506	-0.033572	-0.040293	-0.110790	-0.060439
30.171881	-0.033572	-0.040293	-0.117496	-0.080571
30.181255	-0.033572	-0.040293	-0.117496	-0.093997
30.190630	-0.033572	-0.040293	-0.114143	-0.100717
30.200005	-0.033572	-0.040293	-0.110790	-0.097364
30.209381	-0.036940	-0.040293	-0.110790	-0.087291
30.218756	-0.036940	-0.040293	-0.107422	-0.070497
30.228130	-0.033572	-0.040293	-0.107422	-0.060439
30.237505	-0.033572	-0.040293	-0.107422	-0.057071
30.246880	-0.033572	-0.040293	-0.104070	-0.063792
30.256254	-0.033572	-0.040293	-0.093997	-0.073865
30.265631	-0.033572	-0.040293	-0.090644	-0.083938
30.275005	-0.033572	-0.040293	-0.093997	-0.087291
30.284380	-0.033572	-0.040293	-0.104070	-0.083938
30.293755	-0.036940	-0.040293	-0.117496	-0.087291
30.303129	-0.036940	-0.043646	-0.127569	-0.100717
30.312506	-0.036940	-0.043646	-0.130922	-0.117496
30.321880	-0.036940	-0.043646	-0.130922	-0.124216
30.331255	-0.036940	-0.043646	-0.130922	-0.107422
30.340630	-0.036940	-0.043646	-0.137642	-0.073865
30.350004	-0.036940	-0.040293	-0.137642	-0.036940
30.359379	-0.036940	-0.040293	-0.127569	-0.010073
30.368755	-0.036940	-0.040293	-0.107422	-0.006720
30.378130	-0.036940	-0.040293	-0.083938	-0.023499
30.387505	-0.036940	-0.040293	-0.063792	-0.053719
30.396879	-0.033572	-0.043646	-0.057071	-0.083938
30.406254	-0.033572	-0.043646	-0.057071	-0.107422
30.415630	-0.033572	-0.043646	-0.057071	-0.117496
30.425005	-0.033572	-0.043646	-0.050366	-0.110790
30.434380	-0.033572	-0.043646	-0.050366	-0.097364
30.443754	-0.033572	-0.043646	-0.053719	-0.077218
30.453129	-0.033572	-0.040293	-0.063792	-0.057071
30.462505	-0.036940	-0.040293	-0.077218	-0.033572
30.471880	-0.036940	-0.040293	-0.087291	-0.013441
30.481255	-0.036940	-0.040293	-0.097364	-0.003368
30.490629	-0.036940	-0.040293	-0.100717	-0.013441
30.500004	-0.036940	-0.040293	-0.107422	-0.036940
30.509378	-0.036940	-0.043646	-0.120863	-0.073865
30.518755	-0.036940	-0.046998	-0.134289	-0.100717
30.528130	-0.036940	-0.046998	-0.147715	-0.110790
30.537504	-0.040293	-0.046998	-0.151068	-0.100717
30.546879	-0.040293	-0.043646	-0.147715	-0.080571
30.556253	-0.040293	-0.043646	-0.137642	-0.060439
30.565630	-0.036940	-0.043646	-0.127569	-0.043646
30.575005	-0.036940	-0.043646	-0.110790	-0.030220
30.584379	-0.036940	-0.043646	-0.090644	-0.020146
30.593754	-0.036940	-0.043646	-0.070497	-0.013441
30.603128	-0.036940	-0.043646	-0.070497	-0.023499
30.612503	-0.036940	-0.043646	-0.093997	-0.050366
30.621880	-0.040293	-0.046998	-0.124216	-0.090644
30.631254	-0.040293	-0.050366	-0.151068	-0.130922
30.640629	-0.040293	-0.050366	-0.164494	-0.144362
30.650003	-0.040293	-0.050366	-0.164494	-0.130922
30.659378	-0.040293	-0.046998	-0.157788	-0.097364
30.668755	-0.040293	-0.046998	-0.147715	-0.063792
30.678129	-0.036940	-0.043646	-0.134289	-0.043646
30.687504	-0.036940	-0.043646	-0.117496	-0.033572
30.696878	-0.036940	-0.043646	-0.093997	-0.026867
30.706253	-0.036940	-0.043646	-0.070497	-0.026867
30.715630	-0.036940	-0.043646	-0.053719	-0.030220
30.725004	-0.033572	-0.043646	-0.050366	-0.043646
30.734379	-0.033572	-0.043646	-0.070497	-0.067145
30.743753	-0.036940	-0.046998	-0.107422	-0.087291
30.753128	-0.040293	-0.046998	-0.157788	-0.104070
30.762503	-0.040293	-0.050366	-0.201419	-0.107422
30.771879	-0.043646	-0.050366	-0.224918	-0.097364
30.781254	-0.043646	-0.046998	-0.218213	-0.077218
30.790628	-0.043646	-0.046998	-0.194713	-0.053719
30.800003	-0.040293	-0.043646	-0.171214	-0.033572
30.809378	-0.040293	-0.043646	-0.151068	-0.026867
30.818754	-0.040293	-0.043646	-0.130922	-0.043646
30.828129	-0.036940	-0.046998	-0.104070	-0.077218
30.837503	-0.036940	-0.050366	-0.077218	-0.117496
30.846878	-0.033572	-0.050366	-0.057071	-0.147715
30.856253	-0.033572	-0.050366	-0.057071	-0.161141
30.865629	-0.036940	-0.050366	-0.073865	-0.157788
30.875004	-0.036940	-0.050366	-0.104070	-0.144362
30.884378	-0.036940	-0.050366	-0.134289	-0.130922
30.893753	-0.040293	-0.050366	-0.154421	-0.117496
30.903128	-0.040293	-0.050366	-0.161141	-0.104070
30.912502	-0.040293	-0.046998	-0.154421	-0.090644
30.921879	-0.040293	-0.046998	-0.140995	-0.073865
30.931253	-0.040293	-0.046998	-0.124216	-0.067145
30.940628	-0.036940	-0.046998	-0.104070	-0.080571
30.950003	-0.036940	-0.046998	-0.080571	-0.110790
30.959377	-0.036940	-0.050366	-0.060439	-0.137642
30.968754	-0.036940	-0.050366	-0.050366	-0.140995
30.978128	-0.036940	-0.046998	-0.057071	-0.107422
30.987503	-0.036940	-0.043646	-0.080571	-0.050366
30.996878	-0.040293	-0.043646	-0.107422	0.013426
31.006252	-0.040293	-0.040293	-0.127569	0.063777
31.015627	-0.043646	-0.040293	-0.140995	0.080556
31.025003	-0.043646	-0.040293	-0.154421	0.067130
31.034378	-0.043646	-0.043646	-0.167862	0.023484
31.043753	-0.043646	-0.046998	-0.177920	-0.026867
31.053127	-0.043646	-0.050366	-0.184640	-0.080571
31.062502	-0.043646	-0.050366	-0.187993	-0.120863
31.071878	-0.043646	-0.053719	-0.187993	-0.154421
31.081253	-0.043646	-0.053719	-0.187993	-0.174567
31.090628	-0.043646	-0.053719	-0.184640	-0.174567
31.100002	-0.040293	-0.053719	-0.174567	-0.157788
31.109377	-0.040293	-0.050366	-0.161141	-0.130922
31.118753	-0.040293	-0.046998	-0.144362	-0.100717
31.128128	-0.040293	-0.046998	-0.134289	-0.077218
31.137503	-0.040293	-0.043646	-0.127569	-0.067145
31.146877	-0.040293	-0.043646	-0.127569	-0.063792
31.156252	-0.040293	-0.043646	-0.130922	-0.063792
31.165627	-0.040293	-0.043646	-0.144362	-0.067145
31.175003	-0.043646	-0.043646	-0.167862	-0.073865
31.184378	-0.043646	-0.043646	-0.198066	-0.080571
31.193752	-0.046998	-0.046998	-0.221565	-0.083938
31.203127	-0.046998	-0.046998	-0.228286	-0.083938
31.212502	-0.046998	-0.046998	-0.211492	-0.080571
31.221878	-0.043646	-0.043646	-0.171214	-0.067145
31.231253	-0.043646	-0.043646	-0.127569	-0.036940
31.240627	-0.040293	-0.040293	-0.097364	0.000000
31.250002	-0.040293	-0.040293	-0.090644	0.036925
31.259377	-0.040293	-0.040293	-0.100717	0.057057
31.268753	-0.040293	-0.040293	-0.120863	0.046983
31.278128	-0.043646	-0.040293	-0.144362	0.016779
31.287502	-0.043646	-0.043646	-0.167862	-0.030220
31.296877	-0.043646	-0.046998	-0.174567	-0.073865
31.306252	-0.043646	-0.046998	-0.174567	-0.104070
31.315626	-0.043646	-0.046998	-0.171214	-0.114143
31.325003	-0.043646	-0.046998	-0.174567	-0.110790
31.334377	-0.043646	-0.046998	-0.187993	-0.107422
31.343752	-0.046998	-0.046998	-0.198066	-0.114143
31.353127	-0.046998	-0.046998	-0.201419	-0.120863
31.362501	-0.046998	-0.046998	-0.194713	-0.120863
31.371878	-0.046998	-0.046998	-0.184640	-0.110790
31.381252	-0.046998	-0.046998	-0.171214	-0.100717
31.390627	-0.043646	-0.046998	-0.161141	-0.104070
31.400002	-0.043646	-0.046998	-0.157788	-0.120863
31.409376	-0.043646	-0.050366	-0.157788	-0.151068
31.418751	-0.046998	-0.050366	-0.157788	-0.171214
31.428127	-0.046998	-0.053719	-0.144362	-0.171214
31.437502	-0.043646	-0.050366	-0.117496	-0.144362
31.446877	-0.043646	-0.046998	-0.077218	-0.100717
31.456251	-0.040293	-0.046998	-0.043646	-0.053719
31.465626	-0.040293	-0.043646	-0.033572	-0.030220
31.475002	-0.040293	-0.043646	-0.060439	-0.033572
31.484377	-0.040293	-0.043646	-0.117496	-0.053719
31.493752	-0.046998	-0.046998	-0.187993	-0.077218
31.503126	-0.046998	-0.046998	-0.234991	-0.093997
31.512501	-0.046998	-0.046998	-0.241712	-0.104070
31.521877	-0.046998	-0.046998	-0.218213	-0.104070
31.531252	-0.043646	-0.046998	-0.187993	-0.104070
31.540627	-0.043646	-0.046998	-0.171214	-0.104070
31.550001	-0.043646	-0.046998	-0.171214	-0.097364
31.559376	-0.046998	-0.046998	-0.181288	-0.083938
31.568750	-0.046998	-0.046998	-0.181288	-0.067145
31.578127	-0.046998	-0.043646	-0.174567	-0.050366
31.587502	-0.046998	-0.043646	-0.167862	-0.043646
31.596876	-0.046998	-0.040293	-0.167862	-0.050366
31.606251	-0.046998	-0.040293	-0.167862	-0.057071
31.615625	-0.043646	-0.040293	-0.161141	-0.057071
31.625002	-0.043646	-0.040293	-0.144362	-0.043646
31.634377	-0.043646	-0.040293	-0.117496	-0.026867
31.643751	-0.043646	-0.040293	-0.097364	-0.020146
31.653126	-0.043646	-0.040293	-0.093997	-0.026867
31.662500	-0.043646	-0.043646	-0.104070	-0.050366
31.671875	-0.046998	-0.043646	-0.124216	-0.077218
31.681252	-0.046998	-0.046998	-0.134289	-0.104070
31.690626	-0.046998	-0.046998	-0.137642	-0.124216
31.700001	-0.046998	-0.046998	-0.127569	-0.134289
31.709375	-0.046998	-0.046998	-0.117496	-0.134289
31.718750	-0.043646	-0.046998	-0.110790	-0.130922
31.728127	-0.043646	-0.046998	-0.107422	-0.124216
31.737501	-0.043646	-0.046998	-0.097364	-0.117496
31.746876	-0.043646	-0.046998	-0.077218	-0.110790
31.756250	-0.043646	-0.046998	-0.053719	-0.104070
31.765625	-0.040293	-0.046998	-0.036940	-0.097364
31.775002	-0.040293	-0.046998	-0.033572	-0.087291
31.784376	-0.043646	-0.046998	-0.046998	-0.073865
31.793751	-0.043646	-0.046998	-0.067145	-0.057071
31.803125	-0.043646	-0.043646	-0.080571	-0.046998
31.812500	-0.043646	-0.043646	-0.090644	-0.040293
31.821875	-0.043646	-0.043646	-0.107422	-0.030220
31.831251	-0.046998	-0.043646	-0.120863	-0.026867
31.840626	-0.046998	-0.043646	-0.127569	-0.030220
31.850000	-0.046998	-0.043646	-0.120863	-0.043646
31.859375	-0.046998	-0.046998	-0.100717	-0.063792
31.868750	-0.046998	-0.046998	-0.080571	-0.087291
31.878126	-0.046998	-0.050366	-0.057071	-0.100717
31.887501	-0.043646	-0.050366	-0.036940	-0.107422
31.896875	-0.043646	-0.050366	-0.026867	-0.107422
31.906250	-0.043646	-0.050366	-0.026867	-0.097364
31.915625	-0.043646	-0.050366	-0.033572	-0.087291
31.925001	-0.043646	-0.046998	-0.053719	-0.077218
31.934376	-0.046998	-0.046998	-0.077218	-0.067145
31.943750	-0.046998	-0.046998	-0.104070	-0.060439
31.953125	-0.046998	-0.046998	-0.124216	-0.057071
31.962500	-0.046998	-0.046998	-0.120863	-0.053719
31.971874	-0.046998	-0.046998	-0.097364	-0.043646
31.981251	-0.046998	-0.043646	-0.063792	-0.033572
31.990625	-0.043646	-0.043646	-0.036940	-0.026867
