20.958424	0.020087	-0.080585	0.000000	0.060380
20.989719	0.010014	-0.080585	0.000000	0.070453
21.021015	0.010014	-0.080585	0.000000	0.080526
21.052311	0.010014	-0.080585	0.010014	0.090599
21.083607	0.010014	-0.090659	0.010014	0.100672
21.114902	0.010014	-0.090659	0.010014	0.100672
21.146198	0.010014	-0.100732	0.010014	0.100672
21.177494	0.010014	-0.110805	0.000000	0.100672
21.208790	0.010014	-0.120878	0.000000	0.100672
21.240086	0.010014	-0.120878	0.000000	0.110745
21.271381	0.000000	-0.110805	0.000000	0.120819
21.302677	0.000000	-0.110805	0.010014	0.130892
21.333973	0.000000	-0.110805	0.010014	0.140965
21.365271	0.000000	-0.110805	0.010014	0.151038
21.396566	0.000000	-0.120878	0.020087	0.161111
21.427862	0.000000	-0.141025	0.030160	0.151038
21.459158	0.000000	-0.151098	0.030160	0.151038
21.490454	0.000000	-0.161171	0.030160	0.161111
21.521749	0.010014	-0.161171	0.030160	0.171185
21.553045	0.010014	-0.161171	0.030160	0.181258
21.584341	0.000000	-0.161171	0.030160	0.181258
21.615637	0.000000	-0.161171	0.030160	0.181258
21.646933	-0.010073	-0.171244	0.030160	0.191331
21.678228	-0.010073	-0.181317	0.040233	0.191331
21.709524	-0.010073	-0.201464	0.030160	0.201404
21.740820	-0.010073	-0.211537	0.030160	0.211477
21.772116	-0.020146	-0.211537	0.030160	0.221550
21.803411	-0.020146	-0.221610	0.030160	0.241697
21.834707	-0.010073	-0.221610	0.030160	0.251770
21.866005	-0.010073	-0.221610	0.040233	0.261784
21.897301	-0.020146	-0.231683	0.040233	0.271857
21.928596	-0.030220	-0.231683	0.040233	0.281930
21.959892	-0.030220	-0.251830	0.050306	0.292003
21.991188	-0.020146	-0.261843	0.050306	0.292003
22.022484	-0.020146	-0.281990	0.060380	0.302076
22.053780	-0.030220	-0.292063	0.060380	0.312150
22.085075	-0.030220	-0.292063	0.070453	0.322223
22.116371	-0.040293	-0.292063	0.070453	0.332296
22.147667	-0.040293	-0.302136	0.070453	0.352442
22.178963	-0.050366	-0.302136	0.070453	0.362515
22.210258	-0.050366	-0.312209	0.080526	0.372589
22.241554	-0.050366	-0.332355	0.080526	0.382662
22.272850	-0.050366	-0.342429	0.080526	0.392735
22.304146	-0.050366	-0.352502	0.080526	0.412881
22.335442	-0.050366	-0.352502	0.080526	0.433028
22.366739	-0.060439	-0.362575	0.080526	0.453174
22.398035	-0.060439	-0.372648	0.080526	0.463247
22.429331	-0.070512	-0.392795	0.090599	0.473320
22.460627	-0.070512	-0.412941	0.100672	0.493467
22.491922	-0.080585	-0.433087	0.100672	0.513613
22.523218	-0.080585	-0.453234	0.110745	0.523627
22.554514	-0.090659	-0.483453	0.110745	0.543773
22.585810	-0.100732	-0.513673	0.110745	0.573993
22.617105	-0.100732	-0.523686	0.120819	0.604212
22.648401	-0.100732	-0.543833	0.130892	0.634432
22.679697	-0.100732	-0.563979	0.130892	0.664651
22.710993	-0.090659	-0.594199	0.140965	0.704944
22.742289	-0.100732	-0.614345	0.140965	0.735164
22.773584	-0.100732	-0.644565	0.140965	0.765383
22.804880	-0.110805	-0.684857	0.151038	0.795543
22.836176	-0.120878	-0.725150	0.161111	0.835836
22.867474	-0.130951	-0.755370	0.181258	0.886202
22.898769	-0.130951	-0.775456	0.191331	0.926495
22.930065	-0.141025	-0.805676	0.191331	0.976861
22.961361	-0.151098	-0.845969	0.201404	1.027226
22.992657	-0.161171	-0.896335	0.201404	1.087606
23.023952	-0.161171	-0.946701	0.211477	1.148045
23.055248	-0.161171	-1.007140	0.221550	1.208484
23.086544	-0.171244	-1.077592	0.231624	1.289070
23.117840	-0.171244	-1.138031	0.231624	1.369596
23.149136	-0.191391	-1.208544	0.231624	1.470327
23.180431	-0.201464	-1.289070	0.241697	1.581073
23.211727	-0.201464	-1.379728	0.241697	1.701951
23.243023	-0.201464	-1.480460	0.251770	1.842916
23.274319	-0.211537	-1.601279	0.261784	2.014160
23.305614	-0.211537	-1.752377	0.271857	2.205491
23.336912	-0.221610	-1.923561	0.281930	2.427042
23.368208	-0.231683	-2.114892	0.292003	2.709031
23.399504	-0.241756	-2.346516	0.302076	3.041387
23.430799	-0.251830	-2.618432	0.312150	3.444195
23.462095	-0.251830	-2.930641	0.322223	3.947735
23.493391	-0.261843	-3.293216	0.332296	4.582226
23.524687	-0.281990	-3.726244	0.342369	5.357683
23.555983	-0.292063	-4.229784	0.342369	6.344616
23.587278	-0.302136	-4.834056	0.352442	7.553101
23.618574	-0.312209	-5.518854	0.362515	9.003342
23.649870	-0.322282	-6.274164	0.382662	10.715365
23.681166	-0.342429	-7.059693	0.392735	12.608707
23.712461	-0.352502	-7.835150	0.402808	14.572501
23.743757	-0.372648	-8.550167	0.422955	16.435623
23.775053	-0.382721	-9.134293	0.433028	17.926098
23.806349	-0.402868	-9.547174	0.443101	18.772066
23.837646	-0.412941	-9.788931	0.463247	18.802284
23.868942	-0.423014	-9.889603	0.493467	18.046974
23.900238	-0.433087	-9.919823	0.513613	16.737759
23.931534	-0.453234	-9.909749	0.543773	15.096188
23.962830	-0.473380	-9.819090	0.563920	13.243139
23.994125	-0.493526	-9.617686	0.584066	11.158466
24.025421	-0.513673	-9.224951	0.604212	8.842171
24.056717	-0.533760	-8.590460	0.634432	6.304324
24.088013	-0.543833	-7.674038	0.664651	3.585219
24.119308	-0.563979	-6.495714	0.694871	0.835836
24.150604	-0.584126	-5.156279	0.725091	-1.691937
24.181900	-0.614345	-3.776610	0.755310	-3.726244
24.213196	-0.654638	-2.527833	0.785470	-4.964948
24.244492	-0.684857	-1.581132	0.815690	-5.317450
24.275787	-0.715077	-0.976920	0.855982	-4.944801
24.307083	-0.755370	-0.684857	0.886202	-4.159272
24.338381	-0.805676	-0.594199	0.936568	-3.283143
24.369677	-0.845969	-0.614345	0.976861	-2.467394
24.400972	-0.886261	-0.664711	1.037240	-1.822829
24.432268	-0.926554	-0.705004	1.087606	-1.339436
24.463564	-0.966847	-0.735223	1.148045	-0.976920
24.494860	-1.017213	-0.735223	1.208484	-0.705004
24.526155	-1.067519	-0.735223	1.278996	-0.493526
24.557451	-1.127958	-0.725150	1.359522	-0.332355
24.588747	-1.198471	-0.715077	1.460254	-0.211537
24.620043	-1.279056	-0.705004	1.571000	-0.110805
24.651339	-1.369655	-0.705004	1.691878	-0.040293
24.682634	-1.480460	-0.694931	1.832843	0.010014
24.713930	-1.611352	-0.674784	1.983941	0.050306
24.745226	-1.762450	-0.654638	2.145052	0.080526
24.776522	-1.943707	-0.634491	2.346456	0.100672
24.807819	-2.135038	-0.614345	2.578139	0.130892
24.839115	-2.366662	-0.594199	2.870142	0.140965
24.870411	-2.638578	-0.574052	3.222644	0.161111
24.901707	-2.960861	-0.563979	3.655672	0.171185
24.933002	-3.373742	-0.543833	4.199505	0.171185
24.964298	-3.897429	-0.523686	4.884362	0.171185
24.995594	-4.572213	-0.503600	5.760491	0.171185
25.026890	-5.428195	-0.493526	6.878376	0.181258
25.058186	-6.495714	-0.473380	8.278191	0.191331
25.089481	-7.815003	-0.463307	9.970129	0.201404
25.120777	-9.345770	-0.453234	11.873484	0.201404
25.152073	-10.826230	-0.443161	13.736606	0.201404
25.183369	-12.044787	-0.423014	15.307665	0.191331
25.214664	-12.880683	-0.412941	16.344965	0.191331
25.245960	-13.323784	-0.402868	16.767920	0.191331
25.277256	-13.505041	-0.392795	16.606808	0.191331
25.308554	-13.505041	-0.382721	15.932083	0.181258
25.339849	-13.394297	-0.372648	14.844418	0.181258
25.371145	-13.172686	-0.362575	13.384163	0.181258
25.402441	-12.779951	-0.342429	11.581480	0.181258
25.433737	-12.115299	-0.332355	9.466589	0.181258
25.465033	-11.007488	-0.322282	7.029414	0.181258
25.496328	-9.375990	-0.312209	4.360676	0.181258
25.527624	-7.321537	-0.312209	1.722097	0.171185
25.558920	-5.146265	-0.292063	-0.624418	0.161111
25.590216	-3.172338	-0.281990	-2.417028	0.161111
25.621511	-1.651645	-0.271916	-3.524840	0.151038
25.652807	-0.654638	-0.261843	-3.998160	0.151038
25.684103	-0.110805	-0.251830	-3.978014	0.140965
25.715399	0.080526	-0.251830	-3.625512	0.130892
25.746695	0.080526	-0.251830	-3.121972	0.120819
25.777990	-0.030220	-0.241756	-2.568126	0.110745
25.809288	-0.171244	-0.241756	-2.044439	0.110745
25.840584	-0.312209	-0.231683	-1.581132	0.110745
25.871880	-0.433087	-0.221610	-1.188397	0.110745
25.903175	-0.523686	-0.211537	-0.876188	0.110745
25.934471	-0.594199	-0.211537	-0.624418	0.110745
25.965767	-0.634491	-0.201464	-0.423014	0.110745
25.997063	-0.664711	-0.191391	-0.271916	0.110745
26.028358	-0.674784	-0.191391	-0.161171	0.110745
26.059654	-0.674784	-0.191391	-0.070512	0.100672
26.090950	-0.664711	-0.191391	0.000000	0.100672
26.122246	-0.664711	-0.181317	0.060380	0.090599
26.153542	-0.644565	-0.181317	0.100672	0.090599
26.184837	-0.634491	-0.171244	0.130892	0.080526
26.216133	-0.614345	-0.171244	0.161111	0.080526
26.247429	-0.594199	-0.161171	0.171185	0.070453
26.278725	-0.574052	-0.161171	0.181258	0.070453
26.310022	-0.553906	-0.151098	0.201404	0.070453
26.341318	-0.543833	-0.151098	0.201404	0.070453
26.372614	-0.523686	-0.151098	0.211477	0.070453
26.403910	-0.513673	-0.141025	0.211477	0.070453
26.435205	-0.493526	-0.130951	0.221550	0.060380
26.466501	-0.473380	-0.120878	0.221550	0.060380
26.497797	-0.453234	-0.120878	0.231624	0.060380
26.529093	-0.433087	-0.120878	0.231624	0.070453
26.560389	-0.423014	-0.120878	0.221550	0.060380
26.591684	-0.412941	-0.120878	0.221550	0.050306
26.622980	-0.402868	-0.120878	0.221550	0.040233
26.654276	-0.392795	-0.110805	0.211477	0.040233
26.685572	-0.372648	-0.110805	0.211477	0.040233
26.716867	-0.362575	-0.100732	0.211477	0.040233
26.748163	-0.352502	-0.100732	0.191331	0.040233
26.779461	-0.342429	-0.100732	0.181258	0.040233
26.810757	-0.332355	-0.100732	0.171185	0.040233
26.842052	-0.322282	-0.100732	0.171185	0.040233
26.873348	-0.312209	-0.100732	0.171185	0.030160
26.904644	-0.292063	-0.100732	0.171185	0.020087
26.935940	-0.281990	-0.090659	0.171185	0.020087
26.967236	-0.281990	-0.080585	0.171185	0.020087
26.998531	-0.271916	-0.080585	0.161111	0.020087
27.029827	-0.271916	-0.080585	0.151038	0.020087
27.061123	-0.261843	-0.080585	0.151038	0.010014
27.092419	-0.251830	-0.090659	0.151038	0.010014
27.123714	-0.241756	-0.090659	0.140965	0.010014
27.155010	-0.231683	-0.080585	0.140965	0.010014
27.186306	-0.221610	-0.080585	0.130892	0.010014
27.217602	-0.211537	-0.070512	0.130892	0.020087
27.248898	-0.201464	-0.070512	0.120819	0.020087
27.280195	-0.201464	-0.070512	0.110745	0.020087
27.311491	-0.191391	-0.070512	0.110745	0.020087
27.342787	-0.191391	-0.070512	0.100672	0.020087
27.374083	-0.181317	-0.070512	0.110745	0.010014
27.405378	-0.171244	-0.070512	0.100672	0.010014
27.436674	-0.171244	-0.070512	0.100672	0.010014
27.467970	-0.171244	-0.070512	0.090599	0.010014
27.499266	-0.161171	-0.070512	0.090599	0.010014
27.530561	-0.161171	-0.080585	0.090599	0.010014
27.561857	-0.151098	-0.080585	0.080526	0.010014
27.593153	-0.151098	-0.080585	0.080526	0.010014
27.624449	-0.151098	-0.070512	0.080526	0.020087
27.655745	-0.141025	-0.080585	0.080526	0.030160
27.687040	-0.141025	-0.080585	0.070453	0.020087
27.718336	-0.141025	-0.070512	0.070453	0.020087
27.749632	-0.141025	-0.070512	0.070453	0.020087
27.780930	-0.141025	-0.080585	0.060380	0.020087
27.812225	-0.130951	-0.090659	0.060380	0.020087
27.843521	-0.130951	-0.090659	0.050306	0.020087
27.874817	-0.130951	-0.100732	0.040233	0.020087
27.906113	-0.120878	-0.100732	0.040233	0.020087
27.937408	-0.110805	-0.100732	0.040233	0.020087
27.968704	-0.110805	-0.110805	0.030160	0.030160
