21.452927	0.000000	-0.060439	0.000000	0.070453
21.491898	-0.010073	-0.070512	0.000000	0.060380
21.530867	-0.010073	-0.080585	0.010014	0.060380
21.569838	-0.010073	-0.080585	0.010014	0.060380
21.608809	-0.010073	-0.090659	0.010014	0.070453
21.647779	0.000000	-0.090659	0.000000	0.080526
21.686750	0.000000	-0.090659	0.010014	0.100672
21.725721	0.010014	-0.090659	0.020087	0.110745
21.764692	0.010014	-0.100732	0.020087	0.120819
21.803661	0.010014	-0.110805	0.020087	0.120819
21.842632	0.010014	-0.120878	0.020087	0.120819
21.881603	0.000000	-0.130951	0.020087	0.130892
21.920574	0.000000	-0.130951	0.020087	0.151038
21.959545	-0.010073	-0.120878	0.020087	0.161111
21.998516	-0.020146	-0.120878	0.020087	0.171185
22.037487	-0.020146	-0.120878	0.030160	0.171185
22.076456	-0.020146	-0.130951	0.040233	0.181258
22.115427	-0.020146	-0.130951	0.050306	0.171185
22.154398	-0.020146	-0.141025	0.050306	0.181258
22.193369	-0.030220	-0.141025	0.060380	0.201404
22.232340	-0.030220	-0.151098	0.060380	0.221550
22.271311	-0.040293	-0.161171	0.060380	0.241697
22.310282	-0.050366	-0.171244	0.060380	0.241697
22.349251	-0.060439	-0.191391	0.060380	0.251770
22.388222	-0.060439	-0.201464	0.060380	0.261784
22.427193	-0.060439	-0.201464	0.070453	0.271857
22.466164	-0.060439	-0.211537	0.070453	0.292003
22.505135	-0.060439	-0.211537	0.080526	0.302076
22.544106	-0.050366	-0.221610	0.080526	0.312150
22.583076	-0.050366	-0.231683	0.080526	0.332296
22.622046	-0.040293	-0.241756	0.080526	0.342369
22.661016	-0.050366	-0.251830	0.090599	0.362515
22.699987	-0.050366	-0.271916	0.100672	0.372589
22.738958	-0.060439	-0.292063	0.110745	0.402808
22.777929	-0.070512	-0.312209	0.110745	0.422955
22.816900	-0.070512	-0.332355	0.110745	0.443101
22.855871	-0.080585	-0.352502	0.110745	0.473320
22.894840	-0.080585	-0.372648	0.120819	0.503540
22.933811	-0.090659	-0.402868	0.130892	0.543773
22.972782	-0.090659	-0.433087	0.140965	0.573993
23.011753	-0.090659	-0.473380	0.140965	0.614285
23.050724	-0.100732	-0.523686	0.151038	0.654578
23.089695	-0.100732	-0.563979	0.171185	0.704944
23.128666	-0.110805	-0.614345	0.191331	0.765383
23.167635	-0.120878	-0.674784	0.201404	0.825763
23.206606	-0.120878	-0.755370	0.211477	0.886202
23.245577	-0.130951	-0.845969	0.221550	0.966787
23.284548	-0.130951	-0.956774	0.221550	1.047313
23.323519	-0.141025	-1.087666	0.231624	1.148045
23.362490	-0.151098	-1.238763	0.241697	1.268923
23.401461	-0.161171	-1.420021	0.251770	1.419961
23.440430	-0.171244	-1.631498	0.261784	1.621366
23.479401	-0.181317	-1.903415	0.271857	1.863062
23.518372	-0.191391	-2.235770	0.292003	2.175272
23.557343	-0.211537	-2.638578	0.302076	2.578139
23.596313	-0.221610	-3.121972	0.312150	3.101766
23.635284	-0.241756	-3.706098	0.322223	3.766477
23.674255	-0.251830	-4.380882	0.332296	4.592299
23.713224	-0.261843	-5.095899	0.352442	5.599380
23.752195	-0.271916	-5.810916	0.372589	6.747425
23.791166	-0.281990	-6.425261	0.392735	7.986188
23.830137	-0.302136	-6.848216	0.412881	9.174526
23.869108	-0.322282	-6.979108	0.433028	10.161459
23.908079	-0.342429	-6.757557	0.453174	10.775805
23.947050	-0.362575	-6.223798	0.473320	10.936916
23.986021	-0.392795	-5.478561	0.493467	10.685146
24.024990	-0.412941	-4.602432	0.513613	10.151386
24.063961	-0.433087	-3.625512	0.543773	9.386003
24.102932	-0.453234	-2.527833	0.573993	8.399069
24.141903	-0.493526	-1.289070	0.614285	7.190585
24.180874	-0.523686	0.030160	0.654578	5.810857
24.219845	-0.563979	1.329303	0.694871	4.330456
24.258816	-0.604272	2.427042	0.745237	2.900362
24.297785	-0.654638	3.121912	0.785470	1.742244
24.336756	-0.715077	3.303230	0.835836	0.966787
24.375727	-0.785530	3.031313	0.886202	0.604212
24.414698	-0.866115	2.537847	0.956714	0.513613
24.453669	-0.956774	1.994014	1.027226	0.523627
24.492640	-1.067519	1.530766	1.107752	0.563920
24.531610	-1.198471	1.168191	1.208484	0.573993
24.570580	-1.359582	0.876129	1.329303	0.584066
24.609550	-1.550913	0.664651	1.470327	0.573993
24.648521	-1.792669	0.493467	1.651585	0.553846
24.687492	-2.104819	0.362515	1.873136	0.543773
24.726463	-2.527833	0.261784	2.155125	0.523627
24.765434	-3.091812	0.191331	2.517700	0.523627
24.804405	-3.826976	0.130892	2.980947	0.513613
24.843374	-4.753470	0.090599	3.595293	0.513613
24.882345	-5.901575	0.050306	4.380822	0.503540
24.921316	-7.130206	0.040233	5.307317	0.493467
24.960287	-8.217871	0.030160	6.314397	0.473320
24.999258	-8.963108	0.020087	7.291257	0.453174
25.038229	-9.305477	0.010014	8.107006	0.433028
25.077200	-9.285331	0.000000	8.701205	0.412881
25.116169	-8.973181	0.000000	9.033501	0.382662
25.155140	-8.409203	0.000000	9.104013	0.362515
25.194111	-7.603526	-0.010073	8.922756	0.332296
25.233082	-6.485641	-0.020146	8.509815	0.322223
25.272053	-4.975021	-0.020146	7.885456	0.312150
25.311024	-3.081739	-0.020146	7.110000	0.312150
25.349995	-1.067519	-0.020146	6.203592	0.302076
25.388964	0.684798	-0.010073	5.226731	0.292003
25.427935	1.953721	-0.010073	4.270017	0.281930
25.466906	2.648592	-0.010073	3.393829	0.271857
25.505877	2.870142	-0.020146	2.658665	0.261784
25.544847	2.749324	-0.020146	2.084613	0.251770
25.583818	2.447188	-0.030220	1.661658	0.241697
25.622789	2.064466	-0.030220	1.349449	0.231624
25.661758	1.681805	-0.030220	1.127899	0.221550
25.700729	1.349449	-0.030220	0.976861	0.201404
25.739700	1.057386	-0.020146	0.866055	0.201404
25.778671	0.815690	-0.020146	0.785470	0.201404
25.817642	0.614285	-0.020146	0.715017	0.191331
25.856613	0.463247	-0.030220	0.664651	0.171185
25.895584	0.332296	-0.030220	0.614285	0.161111
25.934553	0.241697	-0.020146	0.573993	0.161111
25.973524	0.171185	-0.020146	0.543773	0.151038
26.012495	0.120819	-0.020146	0.513613	0.151038
26.051466	0.080526	-0.010073	0.493467	0.161111
26.090437	0.060380	-0.010073	0.483394	0.151038
26.129408	0.040233	0.000000	0.473320	0.140965
26.168379	0.030160	0.000000	0.453174	0.140965
26.207348	0.010014	0.000000	0.433028	0.130892
26.246319	0.000000	0.010014	0.422955	0.120819
26.285290	-0.010073	0.010014	0.412881	0.120819
26.324261	-0.010073	0.000000	0.392735	0.120819
26.363232	-0.020146	0.000000	0.382662	0.120819
26.402203	-0.020146	0.000000	0.362515	0.110745
26.441174	-0.030220	0.000000	0.342369	0.100672
26.480143	-0.030220	0.000000	0.322223	0.100672
26.519114	-0.040293	0.010014	0.302076	0.090599
26.558084	-0.040293	0.020087	0.292003	0.080526
26.597055	-0.040293	0.020087	0.271857	0.060380
26.636026	-0.040293	0.010014	0.261784	0.050306
26.674997	-0.040293	0.010014	0.241697	0.040233
26.713968	-0.040293	0.010014	0.231624	0.040233
26.752939	-0.030220	0.010014	0.221550	0.050306
26.791908	-0.030220	0.010014	0.211477	0.050306
26.830879	-0.030220	0.010014	0.201404	0.040233
26.869850	-0.030220	0.010014	0.191331	0.040233
26.908821	-0.040293	0.000000	0.181258	0.030160
26.947792	-0.040293	0.010014	0.181258	0.040233
26.986763	-0.050366	0.010014	0.171185	0.040233
27.025734	-0.040293	0.010014	0.161111	0.030160
27.064703	-0.030220	0.010014	0.151038	0.030160
27.103674	-0.020146	0.010014	0.140965	0.040233
27.142645	-0.010073	0.010014	0.140965	0.030160
27.181616	-0.010073	0.010014	0.130892	0.030160
27.220587	-0.010073	0.010014	0.120819	0.020087
27.259558	-0.020146	0.010014	0.110745	0.020087
27.298529	-0.010073	0.010014	0.110745	0.010014
27.337498	0.000000	0.010014	0.110745	0.010014
27.376469	0.000000	0.010014	0.110745	0.010014
27.415440	0.010014	0.010014	0.110745	0.010014
27.454411	0.000000	0.020087	0.100672	0.020087
27.493382	0.000000	0.020087	0.090599	0.030160
27.532352	0.000000	0.020087	0.070453	0.030160
27.571323	-0.010073	0.020087	0.060380	0.030160
27.610292	-0.010073	0.010014	0.040233	0.020087
27.649263	0.000000	0.010014	0.030160	0.020087
27.688234	0.000000	0.020087	0.030160	0.020087
27.727205	0.010014	0.020087	0.040233	0.020087
27.766176	0.010014	0.020087	0.050306	0.030160
27.805147	0.010014	0.020087	0.040233	0.030160
27.844118	0.010014	0.020087	0.040233	0.030160
27.883087	0.020087	0.020087	0.030160	0.030160
27.922058	0.020087	0.020087	0.030160	0.030160
27.961029	0.020087	0.020087	0.030160	0.030160
