26.000483	0.030160	0.070453	0.040233	0.191331
26.031731	0.030160	0.060380	0.040233	0.191331
26.062979	0.030160	0.070453	0.050306	0.201404
26.094227	0.030160	0.070453	0.050306	0.201404
26.125475	0.040233	0.070453	0.060380	0.201404
26.156723	0.030160	0.080526	0.060380	0.211477
26.187971	0.040233	0.080526	0.070453	0.211477
26.219219	0.040233	0.080526	0.070453	0.211477
26.250467	0.040233	0.080526	0.080526	0.221550
26.281715	0.030160	0.080526	0.080526	0.221550
26.312963	0.040233	0.080526	0.080526	0.231624
26.344212	0.040233	0.090599	0.080526	0.231624
26.375460	0.050306	0.100672	0.080526	0.241697
26.406708	0.050306	0.100672	0.080526	0.251770
26.437956	0.050306	0.100672	0.080526	0.251770
26.469204	0.050306	0.100672	0.070453	0.261784
26.500452	0.050306	0.100672	0.070453	0.271857
26.531700	0.050306	0.110745	0.070453	0.271857
26.562948	0.050306	0.110745	0.070453	0.281930
26.594196	0.050306	0.110745	0.070453	0.281930
26.625444	0.050306	0.110745	0.070453	0.281930
26.656693	0.050306	0.120819	0.080526	0.292003
26.687941	0.050306	0.120819	0.090599	0.292003
26.719189	0.050306	0.120819	0.090599	0.302076
26.750437	0.050306	0.120819	0.090599	0.302076
26.781685	0.060380	0.130892	0.090599	0.312150
26.812933	0.060380	0.130892	0.090599	0.312150
26.844181	0.060380	0.130892	0.100672	0.322223
26.875429	0.060380	0.120819	0.100672	0.322223
26.906677	0.060380	0.120819	0.100672	0.322223
26.937925	0.070453	0.120819	0.110745	0.332296
26.969173	0.070453	0.130892	0.110745	0.352442
27.000422	0.070453	0.130892	0.110745	0.362515
27.031670	0.070453	0.140965	0.120819	0.372589
27.062918	0.080526	0.151038	0.120819	0.382662
27.094166	0.080526	0.161111	0.130892	0.392735
27.125414	0.080526	0.171185	0.140965	0.392735
27.156662	0.070453	0.181258	0.151038	0.392735
27.187910	0.070453	0.191331	0.151038	0.402808
27.219158	0.070453	0.191331	0.161111	0.412881
27.250406	0.080526	0.201404	0.161111	0.412881
27.281654	0.080526	0.201404	0.171185	0.422955
27.312902	0.080526	0.201404	0.171185	0.433028
27.344151	0.080526	0.201404	0.181258	0.443101
27.375399	0.080526	0.191331	0.191331	0.453174
27.406647	0.090599	0.191331	0.191331	0.473320
27.437895	0.100672	0.201404	0.191331	0.483394
27.469143	0.100672	0.201404	0.191331	0.493467
27.500391	0.100672	0.221550	0.191331	0.503540
27.531639	0.100672	0.231624	0.201404	0.513613
27.562887	0.100672	0.231624	0.211477	0.523627
27.594135	0.100672	0.241697	0.221550	0.533700
27.625383	0.100672	0.241697	0.221550	0.553846
27.656631	0.110745	0.241697	0.231624	0.573993
27.687880	0.110745	0.251770	0.241697	0.584066
27.719128	0.110745	0.261784	0.241697	0.604212
27.750376	0.110745	0.271857	0.251770	0.614285
27.781624	0.110745	0.281930	0.251770	0.634432
27.812872	0.120819	0.292003	0.261784	0.644505
27.844120	0.120819	0.302076	0.261784	0.664651
27.875368	0.120819	0.312150	0.261784	0.674725
27.906616	0.120819	0.322223	0.271857	0.694871
27.937866	0.120819	0.332296	0.281930	0.715017
27.969114	0.130892	0.342369	0.292003	0.725091
28.000362	0.140965	0.352442	0.292003	0.755310
28.031610	0.140965	0.352442	0.302076	0.775397
28.062859	0.151038	0.362515	0.312150	0.795543
28.094107	0.151038	0.372589	0.322223	0.815690
28.125355	0.161111	0.382662	0.332296	0.845909
28.156603	0.161111	0.392735	0.342369	0.876129
28.187851	0.171185	0.412881	0.342369	0.896275
28.219099	0.181258	0.433028	0.352442	0.916421
28.250347	0.181258	0.453174	0.372589	0.946641
28.281595	0.191331	0.473320	0.382662	0.966787
28.312843	0.201404	0.493467	0.392735	0.997007
28.344091	0.201404	0.513613	0.402808	1.037240
28.375340	0.201404	0.533700	0.402808	1.077533
28.406588	0.201404	0.553846	0.412881	1.107752
28.437836	0.201404	0.573993	0.412881	1.148045
28.469084	0.211477	0.584066	0.422955	1.188338
28.500332	0.211477	0.604212	0.433028	1.228631
28.531580	0.221550	0.634432	0.443101	1.278996
28.562828	0.221550	0.654578	0.463247	1.329303
28.594076	0.231624	0.674725	0.473320	1.379669
28.625324	0.231624	0.704944	0.493467	1.440108
28.656572	0.241697	0.735164	0.513613	1.500547
28.687820	0.251770	0.775397	0.533700	1.560926
28.719069	0.261784	0.805616	0.553846	1.621366
28.750317	0.271857	0.845909	0.573993	1.691878
28.781565	0.271857	0.886202	0.594139	1.762390
28.812813	0.281930	0.936568	0.614285	1.842916
28.844061	0.292003	0.986934	0.634432	1.933575
28.875309	0.302076	1.047313	0.644505	2.024233
28.906557	0.312150	1.107752	0.664651	2.114832
28.937805	0.322223	1.168191	0.684798	2.225637
28.969053	0.342369	1.238704	0.704944	2.346456
29.000301	0.352442	1.319230	0.715017	2.477407
29.031549	0.362515	1.399815	0.725091	2.618372
29.062798	0.372589	1.490474	0.745237	2.779543
29.094046	0.382662	1.611292	0.765383	2.960801
29.125294	0.402808	1.752317	0.795543	3.162205
29.156542	0.412881	1.913428	0.825763	3.383756
29.187790	0.422955	2.094686	0.845909	3.635526
29.219038	0.443101	2.306223	0.866055	3.927588
29.250286	0.463247	2.578139	0.896275	4.280090
29.281534	0.483394	2.920508	0.936568	4.703045
29.312782	0.503540	3.343523	0.966787	5.226731
29.344030	0.513613	3.917515	0.997007	5.931675
29.375278	0.533700	4.672825	1.037240	6.868303
29.406527	0.543773	5.710125	1.077533	8.127153
29.437775	0.563920	7.089853	1.107752	9.819031
29.469023	0.573993	8.892536	1.148045	12.024582
29.500271	0.594139	11.168539	1.188338	14.844418
29.531519	0.614285	13.817191	1.228631	18.359125
29.562767	0.644505	16.556442	1.278996	22.478104
29.594015	0.674725	18.822372	1.319230	26.848852
29.625263	0.704944	19.769073	1.369596	30.554951
29.656511	0.725091	18.600822	1.419961	32.105862
29.687759	0.755310	15.186846	1.490474	30.172230
29.719007	0.785470	10.775805	1.550853	25.056244
29.750256	0.815690	7.261038	1.611292	19.134581
29.781504	0.855982	5.226731	1.681805	14.401317
29.812752	0.916421	4.149139	1.762390	11.228979
29.844000	0.976861	3.494561	1.852989	9.164453
29.875248	1.037240	3.051460	1.943648	7.724345
29.906496	1.097679	2.709031	2.034307	6.666899
29.937744	1.148045	2.437115	2.145052	5.871296
29.968992	1.218557	2.215564	2.255857	5.236804
30.000240	1.289070	2.034307	2.386749	4.723191
30.031488	1.359522	1.873136	2.527773	4.300237
30.062737	1.440108	1.742244	2.678812	3.947735
30.093985	1.550853	1.631439	2.849996	3.635526
30.125233	1.671731	1.530766	3.041387	3.363609
30.156481	1.802683	1.440108	3.252864	3.131986
30.187729	1.963794	1.369596	3.474414	2.920508
30.218977	2.145052	1.299083	3.726184	2.749324
30.250225	2.366602	1.228631	3.998101	2.588153
30.281473	2.648592	1.168191	4.320383	2.447188
30.312721	2.980947	1.107752	4.723191	2.316296
30.343969	3.383756	1.047313	5.277097	2.195418
30.375219	3.907442	0.997007	6.022334	2.084613
30.406467	4.662752	0.946641	7.009268	1.983941
30.437716	5.831003	0.916421	8.338631	1.893282
30.468964	7.774651	0.886202	10.483742	1.812696
30.500212	10.211825	0.845909	14.653087	1.732171
30.531460	11.974216	0.815690	21.370352	1.661658
30.562708	12.387096	0.795543	28.792561	1.601219
30.593956	11.641860	0.765383	33.948837	1.540840
30.625204	10.332644	0.735164	35.358727	1.480401
30.656452	8.902609	0.715017	33.425152	1.419961
30.687700	7.583320	0.694871	29.487431	1.359522
30.718948	6.455362	0.684798	24.864912	1.309156
30.750196	5.508721	0.664651	20.393431	1.258850
30.781445	4.733264	0.644505	16.536295	1.218557
30.812693	4.098833	0.634432	13.424397	1.178265
30.843941	3.585219	0.614285	10.987282	1.137972
30.875189	3.172278	0.594139	9.134233	1.097679
30.906437	2.839923	0.573993	7.724345	1.067460
30.937685	2.557993	0.553846	6.646752	1.027226
30.968933	2.326310	0.533700	5.820930	0.997007
31.000181	2.124906	0.523627	5.166292	0.966787
31.031429	1.953721	0.513613	4.642606	0.936568
31.062677	1.802683	0.493467	4.209578	0.916421
31.093925	1.671731	0.483394	3.847063	0.896275
31.125174	1.560926	0.473320	3.544927	0.866055
31.156422	1.460254	0.463247	3.283083	0.845909
31.187670	1.369596	0.453174	3.051460	0.825763
31.218918	1.278996	0.443101	2.809763	0.795543
31.250166	1.218557	0.433028	2.628446	0.775397
31.281414	1.148045	0.433028	2.477407	0.755310
31.312662	1.087606	0.433028	2.336383	0.735164
31.343910	1.037240	0.422955	2.205491	0.715017
31.375158	0.986934	0.412881	2.094686	0.694871
31.406406	0.946641	0.402808	1.994014	0.674725
31.437654	0.916421	0.392735	1.903355	0.654578
31.468903	0.876129	0.382662	1.822770	0.634432
31.500151	0.845909	0.372589	1.742244	0.604212
31.531399	0.815690	0.372589	1.661658	0.584066
31.562647	0.775397	0.362515	1.601219	0.573993
31.593895	0.745237	0.362515	1.530766	0.563920
31.625143	0.725091	0.362515	1.470327	0.563920
31.656391	0.704944	0.352442	1.409888	0.543773
31.687639	0.684798	0.342369	1.359522	0.533700
31.718887	0.664651	0.332296	1.309156	0.523627
31.750135	0.654578	0.332296	1.268923	0.513613
31.781384	0.634432	0.322223	1.218557	0.493467
31.812632	0.604212	0.312150	1.178265	0.483394
31.843880	0.584066	0.312150	1.127899	0.473320
31.875128	0.573993	0.312150	1.097679	0.463247
31.906376	0.553846	0.312150	1.057386	0.453174
31.937624	0.543773	0.302076	1.027226	0.453174
31.968872	0.523627	0.302076	0.997007	0.443101
32.000122	0.523627	0.292003	0.966787	0.433028
32.031368	0.513613	0.292003	0.936568	0.422955
32.062618	0.493467	0.281930	0.906348	0.412881
32.093864	0.483394	0.271857	0.886202	0.402808
32.125114	0.473320	0.271857	0.855982	0.392735
32.156361	0.463247	0.271857	0.825763	0.392735
32.187611	0.453174	0.261784	0.805616	0.392735
32.218857	0.443101	0.261784	0.785470	0.382662
32.250107	0.433028	0.261784	0.765383	0.372589
32.281353	0.433028	0.261784	0.745237	0.362515
32.312603	0.422955	0.261784	0.735164	0.362515
32.343849	0.412881	0.261784	0.715017	0.352442
32.375099	0.402808	0.251770	0.694871	0.342369
32.406345	0.392735	0.241697	0.674725	0.342369
32.437595	0.382662	0.241697	0.654578	0.332296
32.468842	0.382662	0.241697	0.644505	0.332296
32.500092	0.372589	0.241697	0.624359	0.332296
32.531338	0.372589	0.231624	0.614285	0.322223
32.562588	0.372589	0.221550	0.604212	0.312150
32.593834	0.372589	0.221550	0.584066	0.302076
32.625084	0.352442	0.221550	0.573993	0.292003
32.656330	0.332296	0.221550	0.543773	0.281930
32.687580	0.322223	0.211477	0.533700	0.271857
32.718826	0.322223	0.211477	0.513613	0.271857
32.750076	0.322223	0.211477	0.503540	0.261784
32.781322	0.322223	0.211477	0.493467	0.251770
32.812572	0.312150	0.211477	0.483394	0.241697
32.843819	0.312150	0.211477	0.473320	0.231624
32.875069	0.302076	0.211477	0.453174	0.231624
32.906315	0.292003	0.201404	0.443101	0.231624
32.937565	0.281930	0.201404	0.433028	0.231624
32.968811	0.271857	0.191331	0.412881	0.231624
33.000061	0.271857	0.181258	0.402808	0.231624
33.031307	0.271857	0.181258	0.392735	0.221550
33.062557	0.261784	0.181258	0.382662	0.221550
33.093803	0.261784	0.181258	0.372589	0.221550
33.125053	0.261784	0.181258	0.362515	0.211477
33.156300	0.251770	0.181258	0.352442	0.211477
33.187550	0.251770	0.181258	0.352442	0.211477
33.218796	0.241697	0.181258	0.342369	0.211477
33.250046	0.241697	0.181258	0.332296	0.201404
33.281292	0.231624	0.161111	0.322223	0.191331
33.312542	0.231624	0.161111	0.322223	0.191331
33.343788	0.221550	0.151038	0.312150	0.181258
33.375038	0.221550	0.151038	0.312150	0.181258
33.406284	0.211477	0.151038	0.302076	0.181258
33.437534	0.211477	0.151038	0.292003	0.181258
33.468781	0.211477	0.161111	0.271857	0.191331
33.500031	0.211477	0.161111	0.261784	0.191331
33.531277	0.211477	0.161111	0.251770	0.191331
33.562527	0.201404	0.161111	0.251770	0.181258
33.593773	0.201404	0.171185	0.251770	0.181258
33.625023	0.191331	0.171185	0.241697	0.181258
33.656269	0.181258	0.171185	0.241697	0.181258
33.687519	0.171185	0.171185	0.231624	0.181258
33.718765	0.171185	0.161111	0.231624	0.181258
33.750015	0.161111	0.161111	0.221550	0.181258
33.781261	0.161111	0.171185	0.201404	0.171185
33.812511	0.151038	0.161111	0.201404	0.171185
33.843758	0.161111	0.161111	0.191331	0.171185
33.875008	0.161111	0.161111	0.191331	0.161111
33.906254	0.161111	0.161111	0.181258	0.161111
33.937504	0.161111	0.161111	0.171185	0.161111
33.968750	0.161111	0.161111	0.161111	0.161111
