21.940655	-0.010073	-0.010073	-0.020146	0.020131
21.979643	-0.010073	-0.010073	0.003353	0.020131
22.018633	-0.006720	-0.010073	0.023484	0.010058
22.057623	-0.006720	-0.010073	0.036925	0.000000
22.096613	-0.006720	-0.010073	0.043631	0.006706
22.135603	-0.006720	-0.010073	0.053704	0.030205
22.174593	-0.006720	-0.006720	0.060424	0.067130
22.213581	-0.006720	-0.003368	0.070482	0.097349
22.252571	-0.006720	-0.003368	0.077203	0.104055
22.291561	-0.003368	0.000000	0.083923	0.093982
22.330551	-0.003368	0.000000	0.093982	0.077203
22.369541	-0.003368	0.000000	0.097349	0.057057
22.408531	-0.003368	0.000000	0.104055	0.040278
22.447521	-0.003368	0.000000	0.104055	0.020131
22.486509	-0.003368	0.000000	0.093982	0.006706
22.525499	-0.003368	0.000000	0.070482	0.010058
22.564489	-0.006720	0.000000	0.040278	0.033557
22.603479	-0.006720	0.003353	0.013426	0.070482
22.642469	-0.006720	0.003353	-0.006720	0.097349
22.681459	-0.006720	0.003353	-0.010073	0.097349
22.720448	-0.006720	0.003353	0.006706	0.070482
22.759438	-0.003368	0.003353	0.036925	0.030205
22.798428	-0.003368	0.003353	0.067130	-0.013441
22.837418	-0.003368	0.003353	0.090629	-0.046998
22.876408	0.000000	0.003353	0.097349	-0.063792
22.915398	0.000000	0.003353	0.093982	-0.063792
22.954386	-0.003368	0.006706	0.077203	-0.050366
22.993376	-0.003368	0.006706	0.046983	-0.023499
23.032366	-0.006720	0.006706	0.016779	0.010058
23.071356	-0.006720	0.010058	-0.006720	0.046983
23.110346	-0.006720	0.013426	-0.020146	0.080556
23.149336	-0.006720	0.013426	-0.026867	0.093982
23.188324	-0.006720	0.013426	-0.030220	0.083923
23.227314	-0.006720	0.013426	-0.040293	0.050351
23.266304	-0.006720	0.013426	-0.053719	0.003353
23.305294	-0.006720	0.013426	-0.057071	-0.043646
23.344284	-0.003368	0.010058	-0.030220	-0.073865
23.383274	0.000000	0.010058	0.026852	-0.083938
23.422262	0.003353	0.013426	0.097349	-0.070497
23.461252	0.006706	0.013426	0.154406	-0.053719
23.500242	0.006706	0.016779	0.181273	-0.036940
23.539232	0.006706	0.020131	0.161126	-0.026867
23.578222	0.006706	0.020131	0.107422	-0.026867
23.617212	0.003353	0.023484	0.036925	-0.030220
23.656202	0.000000	0.023484	-0.026867	-0.033572
23.695190	0.000000	0.026852	-0.073865	-0.030220
23.734180	0.000000	0.026852	-0.093997	-0.020146
23.773170	0.000000	0.030205	-0.083938	-0.006720
23.812160	0.000000	0.033557	-0.053719	0.003353
23.851151	0.003353	0.036925	-0.010073	0.006706
23.890141	0.006706	0.040278	0.030205	0.016779
23.929129	0.006706	0.043631	0.057057	0.030205
23.968119	0.010058	0.046983	0.053704	0.050351
24.007109	0.006706	0.050351	0.020131	0.060424
24.046099	0.003353	0.053704	-0.040293	0.053704
24.085089	0.003353	0.057057	-0.107422	0.023484
24.124079	0.000000	0.060424	-0.157788	-0.016794
24.163067	0.000000	0.063777	-0.174567	-0.043646
24.202057	0.003353	0.070482	-0.157788	-0.043646
24.241047	0.006706	0.077203	-0.114143	-0.026867
24.280037	0.010058	0.083923	-0.060439	-0.003368
24.319027	0.013426	0.093982	-0.003368	0.006706
24.358017	0.016779	0.104055	0.046983	0.010058
24.397005	0.020131	0.114128	0.087276	0.003353
24.435995	0.023484	0.124201	0.104055	0.000000
24.474985	0.023484	0.137627	0.100702	-0.003368
24.513975	0.023484	0.154406	0.073850	-0.003368
24.552965	0.020131	0.174552	0.020131	-0.010073
24.591955	0.020131	0.201404	-0.020146	-0.013441
24.630943	0.020131	0.231624	-0.043646	-0.013441
24.669933	0.020131	0.271901	-0.036940	-0.010073
24.708923	0.023484	0.325620	-0.010073	-0.006720
24.747913	0.026852	0.392750	0.033557	-0.016794
24.786903	0.033557	0.476673	0.073850	-0.043646
24.825893	0.036925	0.590816	0.104055	-0.090644
24.864883	0.040278	0.731811	0.110775	-0.147715
24.903872	0.040278	0.896305	0.100702	-0.221565
24.942862	0.040278	1.080930	0.070482	-0.315562
24.981852	0.043631	1.258850	0.036925	-0.422984
25.020842	0.043631	1.396492	0.003353	-0.527054
25.059832	0.043631	1.460269	-0.016794	-0.597551
25.098822	0.043631	1.430050	-0.030220	-0.607610
25.137810	0.046983	1.322627	-0.030220	-0.553906
25.176800	0.050351	1.151428	-0.023499	-0.446483
25.215790	0.053704	0.953361	-0.013441	-0.318915
25.254780	0.060424	0.758663	-0.010073	-0.198066
25.293770	0.063777	0.587463	-0.016794	-0.100717
25.332760	0.067130	0.463247	-0.036940	-0.026867
25.371748	0.070482	0.375971	-0.057071	0.023484
25.410738	0.073850	0.318900	-0.067145	0.060424
25.449728	0.080556	0.278622	-0.067145	0.073850
25.488718	0.087276	0.245050	-0.057071	0.067130
25.527708	0.097349	0.218198	-0.040293	0.043631
25.566698	0.104055	0.194699	-0.033572	0.013426
25.605686	0.110775	0.174552	-0.036940	-0.010073
25.644676	0.120848	0.157773	-0.050366	-0.020146
25.683666	0.134274	0.144348	-0.060439	-0.020146
25.722656	0.147700	0.130907	-0.063792	-0.016794
25.761646	0.161126	0.117481	-0.060439	-0.013441
25.800636	0.181273	0.107422	-0.060439	-0.013441
25.839624	0.201404	0.100702	-0.060439	-0.010073
25.878614	0.228271	0.093982	-0.067145	-0.006720
25.917604	0.261828	0.087276	-0.080571	0.003353
25.956594	0.308827	0.080556	-0.093997	0.023484
25.995584	0.372618	0.077203	-0.110790	0.053704
26.034575	0.466615	0.073850	-0.144362	0.093982
26.073565	0.614315	0.073850	-0.187993	0.124201
26.112553	0.812382	0.070482	-0.231639	0.144348
26.151543	1.047358	0.067130	-0.261843	0.154406
26.190533	1.275629	0.060424	-0.265211	0.144348
26.229523	1.456916	0.057057	-0.248417	0.124201
26.268513	1.564339	0.050351	-0.221565	0.090629
26.307503	1.571044	0.046983	-0.198066	0.050351
26.346491	1.483768	0.040278	-0.187993	0.003353
26.385481	1.322627	0.036925	-0.187993	-0.020146
26.424471	1.124576	0.033557	-0.194713	-0.033572
26.463461	0.926509	0.030205	-0.194713	-0.033572
26.502451	0.751957	0.030205	-0.177920	-0.026867
26.541441	0.607595	0.026852	-0.154421	-0.013441
26.580429	0.493467	0.026852	-0.137642	0.000000
26.619419	0.402823	0.026852	-0.127569	0.016779
26.658409	0.335693	0.023484	-0.120863	0.026852
26.697399	0.285327	0.023484	-0.104070	0.033557
26.736389	0.248402	0.023484	-0.077218	0.036925
26.775379	0.218198	0.020131	-0.046998	0.033557
26.814367	0.194699	0.016779	-0.023499	0.033557
26.853357	0.177905	0.016779	-0.010073	0.033557
26.892347	0.161126	0.013426	0.000000	0.033557
26.931337	0.147700	0.013426	0.003353	0.036925
26.970327	0.134274	0.013426	0.010058	0.033557
27.009317	0.124201	0.013426	0.010058	0.023484
27.048306	0.114128	0.010058	0.010058	0.006706
27.087296	0.107422	0.010058	0.013426	-0.010073
27.126286	0.100702	0.006706	0.026852	-0.023499
27.165276	0.093982	0.006706	0.053704	-0.023499
27.204266	0.087276	0.003353	0.080556	-0.016794
27.243256	0.083923	0.003353	0.090629	-0.003368
27.282246	0.080556	0.003353	0.083923	0.010058
27.321234	0.073850	0.003353	0.053704	0.026852
27.360224	0.067130	0.003353	0.016779	0.040278
27.399214	0.063777	0.003353	-0.020146	0.060424
27.438204	0.057057	0.003353	-0.046998	0.077203
27.477194	0.053704	0.000000	-0.063792	0.080556
27.516184	0.050351	0.000000	-0.073865	0.073850
27.555172	0.046983	0.000000	-0.073865	0.057057
27.594162	0.046983	-0.003368	-0.050366	0.040278
27.633152	0.046983	-0.006720	-0.006720	0.030205
27.672142	0.046983	-0.006720	0.050351	0.030205
27.711132	0.043631	-0.006720	0.100702	0.036925
27.750122	0.043631	-0.006720	0.124201	0.046983
27.789110	0.040278	-0.003368	0.120848	0.070482
27.828100	0.036925	-0.003368	0.087276	0.104055
27.867090	0.030205	0.000000	0.033557	0.140980
27.906080	0.026852	0.000000	-0.013441	0.171199
27.945070	0.023484	0.000000	-0.050366	0.184625
27.984060	0.020131	-0.003368	-0.063792	0.174552
28.023048	0.016779	-0.006720	-0.067145	0.140980
28.062038	0.016779	-0.006720	-0.060439	0.097349
28.101028	0.016779	-0.010073	-0.046998	0.046983
28.140018	0.016779	-0.010073	-0.030220	0.003353
28.179008	0.016779	-0.013441	-0.010073	-0.023499
28.217999	0.013426	-0.013441	-0.010073	-0.020146
28.256987	0.013426	-0.010073	-0.016794	0.013426
28.295977	0.010058	-0.010073	-0.030220	0.070482
28.334967	0.010058	-0.006720	-0.036940	0.134274
28.373957	0.006706	-0.006720	-0.040293	0.181273
28.412947	0.006706	-0.006720	-0.033572	0.194699
28.451937	0.006706	-0.010073	-0.013441	0.174552
28.490927	0.006706	-0.010073	0.013426	0.120848
28.529915	0.010058	-0.013441	0.040278	0.060424
28.568905	0.010058	-0.016794	0.053704	0.003353
28.607895	0.010058	-0.016794	0.043631	-0.033572
28.646885	0.006706	-0.020146	0.016779	-0.057071
28.685875	0.006706	-0.020146	-0.013441	-0.063792
28.724865	0.003353	-0.020146	-0.026867	-0.043646
28.763853	0.003353	-0.020146	-0.013441	-0.006720
28.802843	0.003353	-0.016794	0.016779	0.036925
28.841833	0.003353	-0.016794	0.050351	0.070482
28.880823	0.003353	-0.016794	0.077203	0.080556
28.919813	0.003353	-0.020146	0.083923	0.057057
28.958803	0.003353	-0.023499	0.080556	0.006706
28.997791	0.003353	-0.023499	0.067130	-0.050366
29.036781	0.000000	-0.026867	0.043631	-0.093997
29.075771	-0.003368	-0.026867	0.023484	-0.120863
29.114761	-0.003368	-0.026867	0.010058	-0.127569
29.153751	-0.003368	-0.026867	0.006706	-0.120863
29.192741	-0.003368	-0.026867	0.020131	-0.100717
29.231730	0.000000	-0.023499	0.043631	-0.063792
29.270720	0.000000	-0.023499	0.067130	-0.013441
29.309710	0.000000	-0.020146	0.073850	0.046983
29.348700	0.000000	-0.016794	0.060424	0.104055
29.387690	-0.003368	-0.016794	0.026852	0.147700
29.426680	-0.006720	-0.013441	-0.010073	0.164479
29.465668	-0.006720	-0.016794	-0.033572	0.154406
29.504658	-0.006720	-0.016794	-0.036940	0.117481
29.543648	-0.006720	-0.020146	-0.023499	0.060424
29.582638	-0.006720	-0.023499	-0.006720	-0.006720
29.621628	-0.006720	-0.026867	0.010058	-0.063792
29.660618	-0.006720	-0.026867	0.020131	-0.097364
29.699608	-0.010073	-0.026867	0.030205	-0.104070
29.738596	-0.010073	-0.026867	0.046983	-0.087291
29.777586	-0.010073	-0.026867	0.063777	-0.050366
29.816576	-0.006720	-0.023499	0.070482	-0.006720
29.855566	-0.006720	-0.023499	0.057057	0.040278
29.894556	-0.010073	-0.020146	0.023484	0.083923
29.933546	-0.010073	-0.020146	-0.013441	0.110775
29.972534	-0.013441	-0.020146	-0.033572	0.117481
30.011524	-0.013441	-0.020146	-0.023499	0.093982
30.050514	-0.013441	-0.023499	0.010058	0.043631
30.089504	-0.013441	-0.026867	0.050351	-0.023499
30.128494	-0.010073	-0.030220	0.080556	-0.093997
30.167484	-0.010073	-0.033572	0.090629	-0.137642
30.206472	-0.013441	-0.030220	0.083923	-0.147715
30.245462	-0.013441	-0.030220	0.067130	-0.117496
30.284452	-0.013441	-0.026867	0.053704	-0.070497
30.323442	-0.013441	-0.023499	0.036925	-0.026867
30.362432	-0.013441	-0.023499	0.016779	0.006706
30.401423	-0.016794	-0.020146	-0.010073	0.030205
30.440411	-0.016794	-0.020146	-0.033572	0.053704
30.479401	-0.016794	-0.016794	-0.053719	0.067130
30.518391	-0.016794	-0.016794	-0.060439	0.067130
30.557381	-0.016794	-0.020146	-0.060439	0.043631
30.596371	-0.016794	-0.020146	-0.043646	-0.006720
30.635361	-0.016794	-0.023499	-0.020146	-0.046998
30.674349	-0.016794	-0.026867	0.006706	-0.080571
30.713339	-0.016794	-0.026867	0.033557	-0.100717
30.752329	-0.016794	-0.026867	0.053704	-0.107422
30.791319	-0.016794	-0.030220	0.067130	-0.097364
30.830309	-0.016794	-0.030220	0.070482	-0.070497
30.869299	-0.016794	-0.026867	0.063777	-0.043646
30.908289	-0.016794	-0.026867	0.043631	-0.020146
30.947277	-0.020146	-0.026867	0.003353	-0.006720
30.986267	-0.023499	-0.026867	-0.050366	0.000000
31.025257	-0.026867	-0.023499	-0.110790	0.013426
31.064247	-0.026867	-0.023499	-0.140995	0.033557
31.103237	-0.026867	-0.023499	-0.124216	0.057057
31.142227	-0.023499	-0.023499	-0.063792	0.073850
31.181215	-0.020146	-0.023499	0.010058	0.077203
31.220205	-0.016794	-0.023499	0.080556	0.067130
31.259195	-0.013441	-0.023499	0.127554	0.046983
31.298185	-0.013441	-0.023499	0.140980	0.033557
31.337175	-0.016794	-0.023499	0.124201	0.030205
31.376165	-0.016794	-0.023499	0.087276	0.043631
31.415154	-0.020146	-0.023499	0.043631	0.063777
31.454144	-0.020146	-0.023499	0.003353	0.080556
31.493134	-0.023499	-0.023499	-0.020146	0.090629
31.532124	-0.023499	-0.023499	-0.020146	0.107422
31.571114	-0.023499	-0.020146	0.003353	0.130907
31.610104	-0.020146	-0.020146	0.040278	0.151053
31.649092	-0.016794	-0.016794	0.083923	0.157773
31.688082	-0.016794	-0.016794	0.120848	0.140980
31.727072	-0.016794	-0.020146	0.137627	0.104055
31.766062	-0.016794	-0.023499	0.127554	0.050351
31.805052	-0.016794	-0.026867	0.104055	-0.010073
31.844042	-0.020146	-0.026867	0.073850	-0.053719
31.883030	-0.023499	-0.030220	0.053704	-0.067145
31.922020	-0.023499	-0.026867	0.033557	-0.046998
31.961010	-0.023499	-0.026867	0.013426	-0.013441
