20.958424	0.060380	-0.050366	0.040233	0.100672
20.989719	0.040233	-0.040293	0.030160	0.100672
21.021015	0.020087	-0.030220	0.020087	0.100672
21.052311	0.000000	-0.040293	0.020087	0.100672
21.083607	-0.010073	-0.060439	0.020087	0.100672
21.114902	-0.010073	-0.070512	0.030160	0.100672
21.146198	0.000000	-0.070512	0.040233	0.110745
21.177494	0.010014	-0.070512	0.040233	0.110745
21.208790	0.000000	-0.060439	0.040233	0.120819
21.240086	-0.010073	-0.050366	0.040233	0.120819
21.271381	-0.030220	-0.050366	0.050306	0.130892
21.302677	-0.030220	-0.060439	0.050306	0.130892
21.333973	-0.020146	-0.060439	0.050306	0.130892
21.365271	-0.020146	-0.060439	0.050306	0.140965
21.396566	-0.020146	-0.050366	0.050306	0.151038
21.427862	0.000000	-0.050366	0.050306	0.151038
21.459158	0.000000	-0.050366	0.050306	0.161111
21.490454	-0.010073	-0.060439	0.050306	0.161111
21.521749	-0.010073	-0.060439	0.060380	0.171185
21.553045	0.000000	-0.060439	0.060380	0.181258
21.584341	0.000000	-0.060439	0.070453	0.191331
21.615637	-0.010073	-0.030220	0.070453	0.201404
21.646933	-0.010073	0.000000	0.070453	0.221550
21.678228	-0.010073	0.000000	0.080526	0.231624
21.709524	-0.010073	-0.020146	0.080526	0.241697
21.740820	-0.020146	-0.010073	0.080526	0.261784
21.772116	-0.030220	0.000000	0.080526	0.281930
21.803411	-0.030220	-0.010073	0.090599	0.292003
21.834707	-0.020146	-0.030220	0.090599	0.292003
21.866005	-0.020146	0.000000	0.090599	0.312150
21.897301	-0.020146	0.030160	0.090599	0.332296
21.928596	0.000000	0.050306	0.090599	0.332296
21.959892	0.010014	0.040233	0.100672	0.332296
21.991188	0.010014	0.010014	0.100672	0.312150
22.022484	0.020087	0.000000	0.120819	0.312150
22.053780	0.030160	0.020087	0.130892	0.322223
22.085075	0.040233	0.040233	0.140965	0.342369
22.116371	0.040233	0.040233	0.140965	0.352442
22.147667	0.030160	0.030160	0.140965	0.362515
22.178963	0.020087	0.030160	0.140965	0.372589
22.210258	0.010014	0.050306	0.140965	0.382662
22.241554	0.000000	0.050306	0.151038	0.382662
22.272850	0.000000	0.030160	0.151038	0.382662
22.304146	0.000000	0.010014	0.151038	0.382662
22.335442	0.010014	0.010014	0.161111	0.402808
22.366739	0.020087	0.040233	0.171185	0.422955
22.398035	0.030160	0.050306	0.191331	0.433028
22.429331	0.040233	0.050306	0.201404	0.443101
22.460627	0.030160	0.070453	0.201404	0.463247
22.491922	0.020087	0.090599	0.211477	0.483394
22.523218	0.010014	0.090599	0.211477	0.503540
22.554514	0.000000	0.110745	0.211477	0.523627
22.585810	-0.010073	0.130892	0.211477	0.543773
22.617105	-0.010073	0.120819	0.211477	0.563920
22.648401	0.000000	0.090599	0.221550	0.573993
22.679697	0.010014	0.070453	0.231624	0.584066
22.710993	0.020087	0.080526	0.241697	0.604212
22.742289	0.030160	0.080526	0.251770	0.624359
22.773584	0.030160	0.060380	0.261784	0.644505
22.804880	0.020087	0.050306	0.271857	0.664651
22.836176	0.020087	0.040233	0.281930	0.684798
22.867474	0.030160	0.050306	0.302076	0.704944
22.898769	0.040233	0.060380	0.312150	0.735164
22.930065	0.060380	0.070453	0.322223	0.755310
22.961361	0.050306	0.060380	0.322223	0.775397
22.992657	0.040233	0.060380	0.322223	0.795543
23.023952	0.030160	0.080526	0.332296	0.835836
23.055248	0.020087	0.090599	0.342369	0.866055
23.086544	0.030160	0.100672	0.352442	0.906348
23.117840	0.030160	0.090599	0.362515	0.936568
23.149136	0.030160	0.080526	0.372589	0.966787
23.180431	0.040233	0.090599	0.382662	1.017153
23.211727	0.040233	0.120819	0.382662	1.087606
23.243023	0.030160	0.130892	0.392735	1.137972
23.274319	0.020087	0.130892	0.402808	1.198411
23.305614	0.000000	0.120819	0.412881	1.238704
23.336912	0.000000	0.100672	0.433028	1.278996
23.368208	0.000000	0.080526	0.453174	1.329303
23.399504	-0.010073	0.090599	0.473320	1.389742
23.430799	0.010014	0.080526	0.503540	1.460254
23.462095	0.050306	0.080526	0.533700	1.530766
23.493391	0.080526	0.080526	0.563920	1.601219
23.524687	0.080526	0.080526	0.573993	1.681805
23.555983	0.070453	0.100672	0.584066	1.772463
23.587278	0.060380	0.110745	0.594139	1.863062
23.618574	0.050306	0.100672	0.604212	1.973867
23.649870	0.060380	0.080526	0.624359	2.084613
23.681166	0.070453	0.060380	0.654578	2.235711
23.712461	0.080526	0.040233	0.684798	2.386749
23.743757	0.070453	0.030160	0.704944	2.547920
23.775053	0.050306	0.010014	0.725091	2.739251
23.806349	0.040233	-0.010073	0.745237	2.960801
23.837646	0.040233	-0.050366	0.765383	3.222644
23.868942	0.040233	-0.100732	0.785470	3.504634
23.900238	0.050306	-0.151098	0.805616	3.847063
23.931534	0.070453	-0.221610	0.835836	4.249871
23.962830	0.070453	-0.302136	0.866055	4.743338
23.994125	0.060380	-0.402868	0.896275	5.327463
24.025421	0.060380	-0.503600	0.926495	6.062627
24.056717	0.050306	-0.614345	0.956714	6.958961
24.088013	0.050306	-0.725150	0.997007	8.066713
24.119308	0.050306	-0.825822	1.027226	9.426296
24.150604	0.060380	-0.876188	1.067460	11.077940
24.181900	0.070453	-0.845969	1.107752	13.021588
24.213196	0.080526	-0.694931	1.158118	15.257299
24.244492	0.090599	-0.392795	1.208484	17.674328
24.275787	0.110745	0.100672	1.258850	20.131588
24.307083	0.110745	0.815690	1.329303	22.407650
24.338381	0.090599	1.732171	1.379669	24.200260
24.369677	0.060380	2.719104	1.440108	25.217415
24.400972	0.060380	3.675818	1.500547	25.328159
24.432268	0.070453	4.511714	1.560926	24.693727
24.463564	0.090599	5.186439	1.631439	23.595989
24.494860	0.100672	5.750418	1.712024	22.155880
24.526155	0.100672	6.223738	1.792610	20.363272
24.557451	0.080526	6.636679	1.873136	18.208086
24.588747	0.060380	7.029414	1.973867	15.589655
24.620043	0.060380	7.402062	2.084613	12.528122
24.651339	0.060380	7.754505	2.205491	9.144306
24.682634	0.060380	7.986188	2.346456	5.629599
24.713930	0.050306	7.986188	2.497554	2.386749
24.745226	0.030160	7.663906	2.668738	-0.120878
24.776522	0.020087	7.039487	2.849996	-1.611352
24.807819	-0.030220	6.213665	3.051460	-2.074599
24.839115	-0.100732	5.317390	3.283083	-1.842976
24.870411	-0.161171	4.491568	3.544927	-1.349509
24.901707	-0.241756	3.786623	3.857136	-0.815749
24.933002	-0.322282	3.212571	4.239798	-0.352502
24.964298	-0.423014	2.729177	4.692972	0.020087
24.995594	-0.553906	2.326310	5.246878	0.281930
25.026890	-0.745296	1.913428	5.931675	0.503540
25.058186	-1.007140	1.671731	6.777644	0.634432
25.089481	-1.329362	1.470327	7.865310	0.725091
25.120777	-1.732230	1.319230	9.245038	0.805616
25.152073	-2.185404	1.188338	10.957062	0.866055
25.183369	-2.729237	1.067460	13.112247	0.906348
25.214664	-3.323436	0.956714	15.680313	0.946641
25.245960	-3.786683	0.855982	18.419563	0.966787
25.277256	-3.907502	0.765383	20.987629	0.976861
25.308554	-3.615439	0.715017	23.062229	0.976861
25.339849	-2.981007	0.684798	24.472178	0.966787
25.371145	-2.155185	0.664651	25.237560	0.946641
25.402441	-1.258910	0.634432	25.418818	0.926495
25.433737	-0.412941	0.614285	25.076389	0.906348
25.465033	0.362515	0.584066	24.260639	0.886202
25.496328	1.137972	0.553846	22.991716	0.866055
25.527624	2.235711	0.523627	20.635128	0.835836
25.558920	3.424048	0.493467	18.077135	0.815690
25.590216	4.964888	0.483394	14.935076	0.795543
25.621511	6.616533	0.473320	11.440456	0.785470
25.652807	7.966042	0.453174	8.046568	0.765383
25.684103	8.711279	0.433028	5.095840	0.745237
25.715399	8.811951	0.402808	2.839923	0.725091
25.746695	8.378923	0.372589	1.329303	0.704944
25.777990	7.593393	0.362515	0.433028	0.684798
25.809288	6.646752	0.342369	0.010014	0.664651
25.840584	5.700052	0.332296	-0.100732	0.644505
25.871880	4.823923	0.322223	-0.040293	0.624359
25.903175	4.048467	0.312150	0.100672	0.604212
25.934471	3.393829	0.302076	0.251770	0.594139
25.965767	2.860069	0.292003	0.402808	0.573993
25.997063	2.427042	0.271857	0.533700	0.553846
26.028358	2.064466	0.251770	0.644505	0.533700
26.059654	1.772463	0.241697	0.725091	0.523627
26.090950	1.520693	0.231624	0.795543	0.513613
26.122246	1.319230	0.241697	0.845909	0.503540
26.153542	1.158118	0.251770	0.896275	0.503540
26.184837	1.027226	0.241697	0.936568	0.493467
26.216133	0.926495	0.231624	0.966787	0.483394
26.247429	0.845909	0.221550	0.986934	0.473320
26.278725	0.785470	0.201404	0.986934	0.453174
26.310022	0.735164	0.181258	0.976861	0.443101
26.341318	0.674725	0.161111	0.946641	0.422955
26.372614	0.614285	0.151038	0.916421	0.412881
26.403910	0.584066	0.140965	0.886202	0.402808
26.435205	0.563920	0.140965	0.866055	0.392735
26.466501	0.543773	0.140965	0.845909	0.382662
26.497797	0.503540	0.161111	0.825763	0.372589
26.529093	0.473320	0.181258	0.805616	0.372589
26.560389	0.453174	0.181258	0.795543	0.362515
26.591684	0.453174	0.161111	0.785470	0.352442
26.622980	0.473320	0.140965	0.775397	0.332296
26.654276	0.483394	0.130892	0.755310	0.322223
26.685572	0.473320	0.120819	0.735164	0.312150
26.716867	0.443101	0.110745	0.694871	0.302076
26.748163	0.402808	0.100672	0.664651	0.302076
26.779461	0.352442	0.100672	0.634432	0.302076
26.810757	0.302076	0.100672	0.604212	0.292003
26.842052	0.271857	0.100672	0.584066	0.281930
26.873348	0.251770	0.090599	0.563920	0.271857
26.904644	0.251770	0.090599	0.553846	0.261784
26.935940	0.241697	0.090599	0.543773	0.261784
26.967236	0.241697	0.080526	0.543773	0.251770
26.998531	0.241697	0.080526	0.533700	0.251770
27.029827	0.241697	0.080526	0.523627	0.241697
27.061123	0.241697	0.090599	0.513613	0.241697
27.092419	0.231624	0.110745	0.503540	0.241697
27.123714	0.231624	0.151038	0.493467	0.241697
27.155010	0.251770	0.171185	0.483394	0.251770
27.186306	0.271857	0.161111	0.473320	0.251770
27.217602	0.261784	0.130892	0.453174	0.241697
27.248898	0.241697	0.130892	0.433028	0.241697
27.280195	0.231624	0.120819	0.412881	0.231624
27.311491	0.221550	0.110745	0.392735	0.231624
27.342787	0.231624	0.100672	0.382662	0.221550
27.374083	0.231624	0.090599	0.382662	0.211477
27.405378	0.201404	0.070453	0.372589	0.201404
27.436674	0.171185	0.060380	0.352442	0.191331
27.467970	0.161111	0.060380	0.342369	0.191331
27.499266	0.140965	0.080526	0.322223	0.191331
27.530561	0.120819	0.090599	0.302076	0.201404
27.561857	0.120819	0.100672	0.292003	0.201404
27.593153	0.130892	0.110745	0.292003	0.201404
27.624449	0.140965	0.090599	0.292003	0.191331
27.655745	0.151038	0.080526	0.281930	0.181258
27.687040	0.161111	0.090599	0.271857	0.191331
27.718336	0.151038	0.090599	0.251770	0.201404
27.749632	0.140965	0.090599	0.241697	0.211477
27.780930	0.120819	0.080526	0.231624	0.211477
27.812225	0.130892	0.070453	0.231624	0.211477
27.843521	0.130892	0.080526	0.221550	0.211477
27.874817	0.120819	0.090599	0.211477	0.211477
27.906113	0.100672	0.090599	0.211477	0.211477
27.937408	0.090599	0.100672	0.201404	0.211477
27.968704	0.090599	0.090599	0.201404	0.211477
