25.020113	0.010014	-0.040293	-0.100732	-0.302136
25.029482	0.000000	-0.040293	-0.110805	-0.312209
25.038851	0.000000	-0.040293	-0.110805	-0.312209
25.048220	0.000000	-0.040293	-0.110805	-0.312209
25.057589	0.010014	-0.040293	-0.100732	-0.302136
25.066957	0.010014	-0.030220	-0.100732	-0.302136
25.076326	0.000000	-0.040293	-0.100732	-0.302136
25.085695	0.000000	-0.040293	-0.090659	-0.312209
25.095064	0.000000	-0.030220	-0.090659	-0.302136
25.104433	0.010014	-0.030220	-0.090659	-0.302136
25.113802	0.010014	-0.030220	-0.090659	-0.302136
25.123171	0.000000	-0.030220	-0.100732	-0.302136
25.132542	0.000000	-0.040293	-0.100732	-0.302136
25.141911	0.000000	-0.040293	-0.100732	-0.302136
25.151279	0.000000	-0.040293	-0.100732	-0.302136
25.160648	0.000000	-0.040293	-0.100732	-0.292063
25.170017	0.000000	-0.040293	-0.100732	-0.292063
25.179386	0.000000	-0.040293	-0.090659	-0.292063
25.188755	0.010014	-0.040293	-0.090659	-0.292063
25.198124	0.010014	-0.040293	-0.090659	-0.292063
25.207493	0.010014	-0.040293	-0.090659	-0.302136
25.216862	0.010014	-0.040293	-0.100732	-0.302136
25.226231	0.010014	-0.040293	-0.100732	-0.302136
25.235600	0.000000	-0.030220	-0.100732	-0.302136
25.244968	0.000000	-0.040293	-0.110805	-0.302136
25.254337	0.010014	-0.050366	-0.110805	-0.302136
25.263706	0.010014	-0.050366	-0.110805	-0.302136
25.273075	0.010014	-0.050366	-0.110805	-0.292063
25.282444	0.010014	-0.040293	-0.100732	-0.292063
25.291813	0.010014	-0.040293	-0.100732	-0.302136
25.301182	0.010014	-0.040293	-0.100732	-0.302136
25.310551	0.010014	-0.040293	-0.100732	-0.292063
25.319920	0.010014	-0.030220	-0.100732	-0.292063
25.329288	0.010014	-0.030220	-0.110805	-0.292063
25.338657	0.010014	-0.040293	-0.110805	-0.292063
25.348026	0.010014	-0.040293	-0.110805	-0.302136
25.357397	0.010014	-0.030220	-0.110805	-0.292063
25.366766	0.000000	-0.030220	-0.110805	-0.292063
25.376135	-0.010073	-0.030220	-0.110805	-0.302136
25.385504	-0.010073	-0.030220	-0.120878	-0.302136
25.394873	-0.010073	-0.030220	-0.120878	-0.302136
25.404242	0.000000	-0.030220	-0.120878	-0.292063
25.413610	0.000000	-0.020146	-0.120878	-0.292063
25.422979	0.000000	-0.030220	-0.120878	-0.292063
25.432348	-0.010073	-0.030220	-0.110805	-0.302136
25.441717	0.000000	-0.030220	-0.110805	-0.302136
25.451086	0.000000	-0.030220	-0.110805	-0.292063
25.460455	0.000000	-0.030220	-0.110805	-0.302136
25.469824	0.000000	-0.040293	-0.120878	-0.302136
25.479193	0.010014	-0.040293	-0.120878	-0.302136
25.488562	0.010014	-0.030220	-0.120878	-0.292063
25.497931	0.010014	-0.030220	-0.120878	-0.292063
25.507299	0.000000	-0.030220	-0.130951	-0.292063
25.516668	0.000000	-0.040293	-0.120878	-0.292063
25.526037	0.000000	-0.040293	-0.120878	-0.292063
25.535406	0.000000	-0.040293	-0.120878	-0.292063
25.544775	-0.010073	-0.040293	-0.120878	-0.292063
25.554144	-0.010073	-0.050366	-0.120878	-0.302136
25.563513	-0.010073	-0.050366	-0.110805	-0.302136
25.572882	0.000000	-0.040293	-0.110805	-0.302136
25.582253	0.000000	-0.030220	-0.110805	-0.292063
25.591621	0.000000	-0.030220	-0.110805	-0.292063
25.600990	0.000000	-0.030220	-0.110805	-0.292063
25.610359	0.000000	-0.030220	-0.110805	-0.292063
25.619728	0.000000	-0.030220	-0.110805	-0.292063
25.629097	0.000000	-0.020146	-0.110805	-0.292063
25.638466	0.000000	-0.030220	-0.120878	-0.292063
25.647835	0.000000	-0.030220	-0.120878	-0.302136
25.657204	0.000000	-0.030220	-0.120878	-0.302136
25.666573	0.000000	-0.030220	-0.110805	-0.302136
25.675941	0.000000	-0.030220	-0.120878	-0.302136
25.685310	-0.010073	-0.030220	-0.110805	-0.302136
25.694679	0.000000	-0.040293	-0.110805	-0.302136
25.704048	-0.010073	-0.040293	-0.110805	-0.292063
25.713417	-0.010073	-0.040293	-0.120878	-0.292063
25.722786	-0.010073	-0.040293	-0.130951	-0.292063
25.732155	-0.010073	-0.040293	-0.130951	-0.302136
25.741524	-0.010073	-0.040293	-0.120878	-0.302136
25.750893	-0.010073	-0.040293	-0.120878	-0.292063
25.760262	-0.010073	-0.030220	-0.120878	-0.292063
25.769630	-0.010073	-0.030220	-0.120878	-0.292063
25.778999	-0.010073	-0.030220	-0.120878	-0.292063
25.788368	0.000000	-0.030220	-0.120878	-0.292063
25.797737	-0.010073	-0.020146	-0.120878	-0.292063
25.807106	-0.010073	-0.020146	-0.120878	-0.292063
25.816477	-0.010073	-0.020146	-0.120878	-0.302136
25.825846	-0.010073	-0.030220	-0.120878	-0.302136
25.835215	0.000000	-0.030220	-0.120878	-0.302136
25.844584	0.000000	-0.030220	-0.120878	-0.292063
25.853952	0.000000	-0.030220	-0.130951	-0.292063
25.863321	0.000000	-0.040293	-0.130951	-0.302136
25.872690	0.000000	-0.050366	-0.130951	-0.302136
25.882059	0.000000	-0.050366	-0.130951	-0.292063
25.891428	0.000000	-0.050366	-0.130951	-0.292063
25.900797	0.000000	-0.050366	-0.141025	-0.292063
25.910166	0.000000	-0.040293	-0.130951	-0.292063
25.919535	0.010014	-0.040293	-0.130951	-0.292063
25.928904	0.000000	-0.040293	-0.130951	-0.292063
25.938272	0.000000	-0.040293	-0.130951	-0.292063
25.947641	0.000000	-0.040293	-0.130951	-0.292063
25.957010	0.000000	-0.040293	-0.120878	-0.292063
25.966379	0.000000	-0.040293	-0.120878	-0.292063
25.975748	0.000000	-0.040293	-0.120878	-0.292063
25.985117	0.000000	-0.050366	-0.120878	-0.302136
25.994486	0.010014	-0.050366	-0.120878	-0.302136
26.003855	0.010014	-0.050366	-0.120878	-0.302136
26.013224	0.010014	-0.040293	-0.130951	-0.292063
26.022593	0.000000	-0.040293	-0.130951	-0.292063
26.031961	0.000000	-0.040293	-0.141025	-0.292063
26.041332	0.010014	-0.040293	-0.141025	-0.292063
26.050701	0.010014	-0.030220	-0.141025	-0.292063
26.060070	0.010014	-0.030220	-0.141025	-0.292063
26.069439	0.000000	-0.030220	-0.151098	-0.281990
26.078808	0.000000	-0.030220	-0.141025	-0.281990
26.088177	0.000000	-0.040293	-0.141025	-0.281990
26.097546	0.000000	-0.040293	-0.130951	-0.281990
26.106915	0.000000	-0.040293	-0.130951	-0.292063
26.116283	-0.010073	-0.050366	-0.130951	-0.292063
26.125652	-0.010073	-0.050366	-0.120878	-0.302136
26.135021	-0.010073	-0.050366	-0.120878	-0.302136
26.144390	-0.020146	-0.040293	-0.130951	-0.292063
26.153759	-0.030220	-0.030220	-0.130951	-0.292063
26.163128	-0.030220	-0.030220	-0.130951	-0.292063
26.172497	-0.020146	-0.030220	-0.130951	-0.292063
26.181866	0.000000	-0.030220	-0.120878	-0.292063
26.191235	0.000000	-0.030220	-0.120878	-0.292063
26.200603	0.000000	-0.030220	-0.130951	-0.292063
26.209972	0.000000	-0.030220	-0.130951	-0.302136
26.219341	0.000000	-0.040293	-0.120878	-0.302136
26.228710	0.000000	-0.040293	-0.120878	-0.292063
26.238079	-0.010073	-0.040293	-0.120878	-0.292063
26.247448	-0.020146	-0.040293	-0.130951	-0.292063
26.256817	-0.020146	-0.040293	-0.130951	-0.292063
26.266188	-0.010073	-0.040293	-0.130951	-0.292063
26.275557	-0.010073	-0.040293	-0.130951	-0.292063
26.284925	-0.010073	-0.030220	-0.141025	-0.292063
26.294294	-0.010073	-0.030220	-0.141025	-0.292063
26.303663	-0.010073	-0.040293	-0.130951	-0.292063
26.313032	0.000000	-0.030220	-0.130951	-0.292063
26.322401	-0.010073	-0.020146	-0.130951	-0.292063
26.331770	-0.010073	-0.010073	-0.141025	-0.292063
26.341139	-0.010073	-0.010073	-0.141025	-0.302136
26.350508	0.000000	-0.020146	-0.141025	-0.302136
26.359877	0.000000	-0.020146	-0.141025	-0.312209
26.369246	-0.010073	-0.020146	-0.151098	-0.312209
26.378614	-0.020146	-0.020146	-0.151098	-0.302136
26.387983	-0.010073	-0.020146	-0.141025	-0.292063
26.397352	-0.010073	-0.030220	-0.141025	-0.292063
26.406721	-0.010073	-0.030220	-0.141025	-0.281990
26.416090	-0.020146	-0.030220	-0.141025	-0.281990
26.425459	-0.020146	-0.030220	-0.130951	-0.281990
26.434828	-0.010073	-0.030220	-0.130951	-0.281990
26.444197	-0.010073	-0.040293	-0.130951	-0.292063
26.453566	-0.010073	-0.030220	-0.141025	-0.292063
26.462934	-0.020146	-0.030220	-0.151098	-0.292063
26.472303	-0.010073	-0.030220	-0.151098	-0.281990
26.481672	0.000000	-0.030220	-0.151098	-0.281990
26.491043	0.000000	-0.020146	-0.151098	-0.281990
26.500412	0.000000	-0.020146	-0.151098	-0.281990
26.509781	0.000000	-0.020146	-0.161171	-0.281990
26.519150	0.000000	-0.030220	-0.151098	-0.281990
26.528519	0.000000	-0.030220	-0.141025	-0.281990
26.537888	0.000000	-0.030220	-0.130951	-0.281990
26.547256	-0.010073	-0.030220	-0.130951	-0.281990
26.556625	-0.010073	-0.030220	-0.130951	-0.281990
26.565994	0.000000	-0.030220	-0.130951	-0.281990
26.575363	0.000000	-0.030220	-0.130951	-0.281990
26.584732	0.000000	-0.030220	-0.141025	-0.271916
26.594101	-0.010073	-0.030220	-0.151098	-0.271916
26.603470	-0.010073	-0.030220	-0.151098	-0.281990
26.612839	-0.010073	-0.030220	-0.141025	-0.281990
26.622208	-0.010073	-0.030220	-0.141025	-0.271916
26.631577	-0.010073	-0.020146	-0.141025	-0.271916
26.640945	-0.020146	-0.030220	-0.141025	-0.271916
26.650314	-0.010073	-0.040293	-0.141025	-0.281990
26.659683	-0.010073	-0.040293	-0.141025	-0.292063
26.669052	-0.020146	-0.040293	-0.141025	-0.292063
26.678421	-0.020146	-0.040293	-0.151098	-0.302136
26.687790	-0.020146	-0.040293	-0.151098	-0.302136
26.697159	-0.010073	-0.040293	-0.141025	-0.302136
26.706528	-0.010073	-0.030220	-0.141025	-0.292063
26.715899	-0.010073	-0.030220	-0.141025	-0.292063
26.725267	-0.010073	-0.030220	-0.151098	-0.292063
26.734636	-0.010073	-0.040293	-0.151098	-0.292063
26.744005	-0.010073	-0.040293	-0.151098	-0.292063
26.753374	-0.010073	-0.040293	-0.151098	-0.281990
26.762743	-0.010073	-0.030220	-0.151098	-0.281990
26.772112	-0.010073	-0.030220	-0.161171	-0.281990
26.781481	-0.010073	-0.030220	-0.161171	-0.281990
26.790850	-0.010073	-0.030220	-0.161171	-0.281990
26.800219	-0.010073	-0.020146	-0.161171	-0.281990
26.809587	-0.020146	-0.020146	-0.161171	-0.281990
26.818956	-0.020146	-0.020146	-0.161171	-0.281990
26.828325	-0.020146	-0.030220	-0.151098	-0.281990
26.837694	-0.020146	-0.030220	-0.151098	-0.281990
26.847063	-0.020146	-0.030220	-0.151098	-0.281990
26.856432	-0.020146	-0.030220	-0.161171	-0.281990
26.865801	-0.020146	-0.030220	-0.151098	-0.281990
26.875170	-0.020146	-0.040293	-0.151098	-0.281990
26.884539	-0.020146	-0.030220	-0.161171	-0.281990
26.893908	-0.020146	-0.040293	-0.161171	-0.281990
26.903276	-0.010073	-0.040293	-0.161171	-0.292063
26.912645	-0.010073	-0.040293	-0.151098	-0.292063
26.922014	0.000000	-0.040293	-0.151098	-0.292063
26.931383	0.000000	-0.040293	-0.151098	-0.292063
26.940754	-0.010073	-0.040293	-0.151098	-0.292063
26.950123	-0.010073	-0.040293	-0.151098	-0.292063
26.959492	-0.010073	-0.040293	-0.151098	-0.292063
26.968861	-0.010073	-0.040293	-0.151098	-0.292063
26.978230	-0.010073	-0.040293	-0.161171	-0.292063
26.987598	-0.010073	-0.040293	-0.161171	-0.292063
26.996967	0.000000	-0.040293	-0.151098	-0.292063
27.006336	0.000000	-0.040293	-0.151098	-0.292063
27.015705	0.000000	-0.040293	-0.151098	-0.292063
27.025074	0.000000	-0.040293	-0.161171	-0.292063
27.034443	0.000000	-0.040293	-0.161171	-0.292063
27.043812	0.000000	-0.040293	-0.161171	-0.292063
27.053181	0.000000	-0.040293	-0.161171	-0.281990
27.062550	-0.010073	-0.040293	-0.171244	-0.281990
27.071918	-0.010073	-0.040293	-0.171244	-0.281990
27.081287	0.000000	-0.040293	-0.161171	-0.281990
27.090656	-0.010073	-0.040293	-0.161171	-0.281990
27.100025	-0.010073	-0.040293	-0.161171	-0.271916
27.109394	-0.020146	-0.040293	-0.161171	-0.271916
27.118763	-0.020146	-0.040293	-0.161171	-0.281990
27.128132	-0.020146	-0.050366	-0.161171	-0.281990
27.137501	-0.010073	-0.040293	-0.151098	-0.281990
27.146870	-0.010073	-0.030220	-0.161171	-0.271916
27.156239	-0.010073	-0.030220	-0.161171	-0.281990
27.165609	-0.010073	-0.030220	-0.161171	-0.281990
27.174978	-0.010073	-0.040293	-0.161171	-0.292063
27.184347	-0.010073	-0.040293	-0.161171	-0.292063
27.193716	-0.020146	-0.040293	-0.161171	-0.302136
27.203085	-0.010073	-0.040293	-0.161171	-0.302136
27.212454	-0.010073	-0.030220	-0.161171	-0.302136
27.221823	-0.010073	-0.030220	-0.151098	-0.292063
27.231192	-0.010073	-0.020146	-0.161171	-0.281990
27.240561	-0.010073	-0.020146	-0.151098	-0.281990
27.249929	0.000000	-0.020146	-0.151098	-0.292063
27.259298	0.000000	-0.030220	-0.151098	-0.292063
27.268667	-0.010073	-0.030220	-0.151098	-0.281990
27.278036	-0.020146	-0.030220	-0.151098	-0.281990
27.287405	-0.020146	-0.040293	-0.161171	-0.292063
27.296774	-0.020146	-0.040293	-0.161171	-0.292063
27.306143	-0.020146	-0.040293	-0.161171	-0.292063
27.315512	-0.020146	-0.030220	-0.161171	-0.302136
27.324881	-0.020146	-0.030220	-0.161171	-0.302136
27.334249	-0.020146	-0.030220	-0.161171	-0.302136
27.343618	-0.020146	-0.030220	-0.161171	-0.302136
27.352987	-0.020146	-0.030220	-0.161171	-0.302136
27.362356	-0.030220	-0.030220	-0.171244	-0.302136
27.371725	-0.030220	-0.030220	-0.171244	-0.302136
27.381094	-0.020146	-0.030220	-0.171244	-0.302136
27.390465	-0.020146	-0.030220	-0.171244	-0.292063
27.399834	-0.010073	-0.020146	-0.171244	-0.292063
27.409203	-0.020146	-0.020146	-0.171244	-0.292063
27.418571	-0.020146	-0.020146	-0.181317	-0.292063
27.427940	-0.020146	-0.030220	-0.181317	-0.292063
27.437309	-0.010073	-0.030220	-0.181317	-0.292063
27.446678	-0.010073	-0.030220	-0.181317	-0.292063
27.456047	-0.010073	-0.040293	-0.181317	-0.292063
27.465416	-0.010073	-0.040293	-0.181317	-0.292063
27.474785	0.000000	-0.040293	-0.171244	-0.292063
27.484154	0.000000	-0.030220	-0.161171	-0.292063
27.493523	-0.010073	-0.030220	-0.161171	-0.292063
27.502892	-0.020146	-0.040293	-0.161171	-0.292063
27.512260	-0.020146	-0.040293	-0.161171	-0.292063
27.521629	-0.020146	-0.040293	-0.171244	-0.292063
27.530998	-0.020146	-0.040293	-0.171244	-0.281990
27.540367	-0.020146	-0.040293	-0.171244	-0.281990
27.549736	-0.020146	-0.050366	-0.171244	-0.292063
27.559105	-0.010073	-0.050366	-0.171244	-0.292063
27.568474	-0.010073	-0.050366	-0.171244	-0.281990
27.577843	-0.020146	-0.050366	-0.171244	-0.281990
27.587212	-0.020146	-0.050366	-0.181317	-0.281990
27.596581	-0.030220	-0.050366	-0.181317	-0.281990
27.605949	-0.020146	-0.050366	-0.171244	-0.271916
27.615320	-0.010073	-0.040293	-0.171244	-0.271916
27.624689	-0.010073	-0.040293	-0.171244	-0.271916
27.634058	-0.010073	-0.040293	-0.171244	-0.271916
27.643427	-0.010073	-0.040293	-0.171244	-0.281990
27.652796	-0.010073	-0.040293	-0.171244	-0.281990
27.662165	-0.020146	-0.040293	-0.171244	-0.292063
27.671534	-0.020146	-0.040293	-0.171244	-0.292063
27.680902	-0.030220	-0.040293	-0.171244	-0.292063
27.690271	-0.020146	-0.050366	-0.171244	-0.292063
27.699640	-0.020146	-0.050366	-0.171244	-0.292063
27.709009	-0.010073	-0.040293	-0.171244	-0.292063
27.718378	-0.020146	-0.040293	-0.171244	-0.281990
27.727747	-0.020146	-0.050366	-0.171244	-0.281990
27.737116	-0.010073	-0.050366	-0.171244	-0.271916
27.746485	-0.010073	-0.040293	-0.171244	-0.271916
27.755854	-0.010073	-0.040293	-0.171244	-0.271916
27.765223	-0.020146	-0.040293	-0.171244	-0.271916
27.774591	-0.010073	-0.040293	-0.171244	-0.271916
27.783960	-0.010073	-0.050366	-0.171244	-0.281990
27.793329	-0.020146	-0.050366	-0.171244	-0.281990
27.802698	-0.020146	-0.040293	-0.181317	-0.281990
27.812067	-0.030220	-0.040293	-0.181317	-0.281990
27.821436	-0.030220	-0.040293	-0.171244	-0.281990
27.830805	-0.030220	-0.040293	-0.181317	-0.281990
27.840176	-0.030220	-0.030220	-0.181317	-0.281990
27.849545	-0.030220	-0.030220	-0.181317	-0.281990
27.858913	-0.020146	-0.030220	-0.181317	-0.281990
27.868282	-0.020146	-0.030220	-0.171244	-0.281990
27.877651	-0.020146	-0.040293	-0.181317	-0.281990
27.887020	-0.010073	-0.040293	-0.181317	-0.281990
27.896389	-0.010073	-0.040293	-0.181317	-0.281990
27.905758	-0.010073	-0.040293	-0.181317	-0.281990
27.915127	-0.010073	-0.030220	-0.181317	-0.292063
27.924496	-0.020146	-0.030220	-0.191391	-0.281990
27.933865	-0.020146	-0.040293	-0.191391	-0.281990
27.943233	-0.020146	-0.030220	-0.181317	-0.281990
27.952602	-0.020146	-0.030220	-0.181317	-0.271916
27.961971	-0.020146	-0.040293	-0.181317	-0.271916
27.971340	-0.020146	-0.040293	-0.181317	-0.271916
27.980709	-0.020146	-0.040293	-0.171244	-0.271916
27.990078	-0.020146	-0.040293	-0.171244	-0.271916
27.999447	-0.020146	-0.040293	-0.171244	-0.271916
28.008816	-0.020146	-0.040293	-0.171244	-0.271916
28.018185	-0.020146	-0.040293	-0.171244	-0.271916
28.027554	-0.020146	-0.040293	-0.171244	-0.281990
28.036922	-0.020146	-0.040293	-0.171244	-0.281990
28.046291	-0.030220	-0.040293	-0.171244	-0.281990
28.055660	-0.030220	-0.040293	-0.181317	-0.281990
28.065031	-0.030220	-0.050366	-0.181317	-0.281990
28.074400	-0.030220	-0.050366	-0.171244	-0.281990
28.083769	-0.020146	-0.060439	-0.171244	-0.281990
28.093138	-0.030220	-0.050366	-0.171244	-0.271916
28.102507	-0.030220	-0.050366	-0.181317	-0.271916
28.111876	-0.030220	-0.050366	-0.181317	-0.281990
28.121244	-0.030220	-0.050366	-0.181317	-0.281990
28.130613	-0.020146	-0.050366	-0.171244	-0.292063
28.139982	-0.020146	-0.050366	-0.171244	-0.292063
28.149351	-0.020146	-0.050366	-0.181317	-0.292063
28.158720	-0.020146	-0.050366	-0.181317	-0.292063
28.168089	-0.010073	-0.040293	-0.181317	-0.292063
28.177458	-0.020146	-0.040293	-0.181317	-0.292063
28.186827	-0.020146	-0.040293	-0.191391	-0.292063
28.196196	-0.030220	-0.040293	-0.191391	-0.292063
28.205564	-0.020146	-0.040293	-0.191391	-0.281990
28.214933	-0.020146	-0.040293	-0.191391	-0.281990
28.224302	-0.030220	-0.040293	-0.191391	-0.292063
28.233671	-0.040293	-0.040293	-0.191391	-0.292063
28.243040	-0.040293	-0.040293	-0.191391	-0.292063
28.252409	-0.030220	-0.040293	-0.191391	-0.292063
28.261778	-0.030220	-0.050366	-0.181317	-0.281990
28.271147	-0.030220	-0.050366	-0.181317	-0.281990
28.280516	-0.030220	-0.050366	-0.181317	-0.281990
28.289886	-0.030220	-0.060439	-0.181317	-0.281990
28.299255	-0.030220	-0.060439	-0.181317	-0.281990
28.308624	-0.030220	-0.060439	-0.181317	-0.281990
28.317993	-0.040293	-0.060439	-0.191391	-0.281990
28.327362	-0.040293	-0.060439	-0.191391	-0.281990
28.336731	-0.030220	-0.060439	-0.191391	-0.281990
28.346100	-0.030220	-0.060439	-0.191391	-0.281990
28.355469	-0.030220	-0.050366	-0.191391	-0.281990
28.364838	-0.030220	-0.050366	-0.191391	-0.281990
28.374207	-0.030220	-0.060439	-0.181317	-0.271916
28.383575	-0.020146	-0.050366	-0.181317	-0.271916
28.392944	-0.030220	-0.050366	-0.181317	-0.261843
28.402313	-0.040293	-0.050366	-0.181317	-0.261843
28.411682	-0.040293	-0.050366	-0.181317	-0.261843
28.421051	-0.030220	-0.050366	-0.171244	-0.261843
28.430420	-0.020146	-0.050366	-0.171244	-0.261843
28.439789	-0.020146	-0.050366	-0.171244	-0.251830
28.449158	-0.030220	-0.050366	-0.181317	-0.261843
28.458527	-0.030220	-0.060439	-0.171244	-0.261843
28.467896	-0.040293	-0.060439	-0.171244	-0.271916
28.477264	-0.040293	-0.050366	-0.171244	-0.261843
28.486633	-0.050366	-0.050366	-0.181317	-0.261843
28.496002	-0.040293	-0.060439	-0.191391	-0.261843
28.505371	-0.030220	-0.060439	-0.191391	-0.261843
28.514742	-0.030220	-0.060439	-0.181317	-0.261843
28.524111	-0.030220	-0.050366	-0.181317	-0.261843
28.533480	-0.030220	-0.060439	-0.181317	-0.261843
28.542849	-0.040293	-0.060439	-0.181317	-0.261843
28.552217	-0.040293	-0.060439	-0.181317	-0.261843
28.561586	-0.040293	-0.060439	-0.171244	-0.261843
28.570955	-0.040293	-0.060439	-0.181317	-0.251830
28.580324	-0.050366	-0.050366	-0.181317	-0.251830
28.589693	-0.040293	-0.060439	-0.191391	-0.251830
28.599062	-0.040293	-0.060439	-0.191391	-0.251830
28.608431	-0.030220	-0.060439	-0.191391	-0.251830
28.617800	-0.040293	-0.060439	-0.191391	-0.251830
28.627169	-0.040293	-0.070512	-0.191391	-0.251830
28.636538	-0.040293	-0.070512	-0.181317	-0.251830
28.645906	-0.040293	-0.070512	-0.181317	-0.251830
28.655275	-0.040293	-0.070512	-0.181317	-0.241756
28.664644	-0.050366	-0.070512	-0.191391	-0.231683
28.674013	-0.050366	-0.070512	-0.191391	-0.231683
28.683382	-0.040293	-0.070512	-0.191391	-0.231683
28.692751	-0.040293	-0.070512	-0.191391	-0.231683
28.702120	-0.040293	-0.070512	-0.191391	-0.231683
28.711489	-0.040293	-0.070512	-0.201464	-0.221610
28.720858	-0.030220	-0.070512	-0.191391	-0.211537
28.730227	-0.020146	-0.080585	-0.191391	-0.201464
28.739597	-0.020146	-0.090659	-0.191391	-0.191391
28.748966	-0.030220	-0.100732	-0.191391	-0.181317
28.758335	-0.030220	-0.110805	-0.191391	-0.171244
28.767704	-0.030220	-0.130951	-0.181317	-0.151098
28.777073	-0.030220	-0.151098	-0.181317	-0.130951
28.786442	-0.040293	-0.171244	-0.191391	-0.110805
28.795811	-0.040293	-0.201464	-0.191391	-0.080585
28.805180	-0.040293	-0.231683	-0.191391	-0.050366
28.814548	-0.030220	-0.251830	-0.191391	-0.020146
28.823917	-0.040293	-0.271916	-0.191391	0.020087
28.833286	-0.050366	-0.292063	-0.191391	0.060380
28.842655	-0.050366	-0.312209	-0.191391	0.090599
28.852024	-0.050366	-0.342429	-0.191391	0.120819
28.861393	-0.040293	-0.362575	-0.181317	0.151038
28.870762	-0.050366	-0.382721	-0.171244	0.181258
28.880131	-0.050366	-0.402868	-0.181317	0.201404
28.889500	-0.050366	-0.423014	-0.171244	0.211477
28.898869	-0.040293	-0.433087	-0.171244	0.221550
28.908237	-0.040293	-0.433087	-0.171244	0.221550
28.917606	-0.040293	-0.423014	-0.181317	0.201404
28.926975	-0.040293	-0.412941	-0.191391	0.171185
28.936344	-0.040293	-0.382721	-0.191391	0.130892
28.945713	-0.040293	-0.352502	-0.181317	0.090599
28.955082	-0.040293	-0.322282	-0.181317	0.050306
28.964453	-0.050366	-0.292063	-0.181317	0.010014
28.973822	-0.050366	-0.261843	-0.181317	-0.020146
28.983191	-0.050366	-0.231683	-0.181317	-0.060439
28.992559	-0.050366	-0.211537	-0.181317	-0.090659
29.001928	-0.050366	-0.191391	-0.181317	-0.110805
29.011297	-0.060439	-0.181317	-0.181317	-0.120878
29.020666	-0.050366	-0.171244	-0.181317	-0.130951
29.030035	-0.040293	-0.161171	-0.181317	-0.151098
29.039404	-0.040293	-0.141025	-0.181317	-0.161171
29.048773	-0.040293	-0.130951	-0.181317	-0.161171
29.058142	-0.050366	-0.130951	-0.181317	-0.171244
29.067511	-0.040293	-0.130951	-0.181317	-0.181317
29.076880	-0.040293	-0.120878	-0.181317	-0.191391
29.086248	-0.050366	-0.120878	-0.181317	-0.191391
29.095617	-0.050366	-0.110805	-0.181317	-0.191391
29.104986	-0.050366	-0.110805	-0.181317	-0.201464
29.114355	-0.040293	-0.110805	-0.181317	-0.211537
29.123724	-0.040293	-0.100732	-0.181317	-0.211537
29.133093	-0.040293	-0.090659	-0.181317	-0.211537
29.142462	-0.050366	-0.080585	-0.181317	-0.211537
29.151831	-0.050366	-0.080585	-0.181317	-0.221610
29.161200	-0.060439	-0.080585	-0.171244	-0.221610
29.170568	-0.060439	-0.080585	-0.171244	-0.231683
29.179937	-0.070512	-0.070512	-0.161171	-0.231683
29.189308	-0.070512	-0.080585	-0.161171	-0.231683
29.198677	-0.070512	-0.080585	-0.151098	-0.231683
29.208046	-0.070512	-0.090659	-0.151098	-0.241756
29.217415	-0.080585	-0.090659	-0.141025	-0.241756
29.226784	-0.080585	-0.080585	-0.130951	-0.241756
29.236153	-0.090659	-0.080585	-0.120878	-0.241756
29.245522	-0.100732	-0.080585	-0.100732	-0.241756
29.254890	-0.120878	-0.080585	-0.080585	-0.251830
29.264259	-0.141025	-0.080585	-0.060439	-0.251830
29.273628	-0.161171	-0.080585	-0.030220	-0.251830
29.282997	-0.191391	-0.080585	0.000000	-0.251830
29.292366	-0.211537	-0.080585	0.040233	-0.251830
29.301735	-0.241756	-0.080585	0.070453	-0.251830
29.311104	-0.271916	-0.080585	0.100672	-0.251830
29.320473	-0.302136	-0.080585	0.140965	-0.241756
29.329842	-0.322282	-0.080585	0.171185	-0.241756
29.339211	-0.352502	-0.070512	0.201404	-0.241756
29.348579	-0.382721	-0.070512	0.231624	-0.251830
29.357948	-0.423014	-0.060439	0.251770	-0.251830
29.367317	-0.443161	-0.060439	0.261784	-0.261843
29.376686	-0.463307	-0.060439	0.271857	-0.261843
29.386055	-0.463307	-0.060439	0.261784	-0.271916
29.395424	-0.463307	-0.060439	0.251770	-0.271916
29.404793	-0.433087	-0.060439	0.221550	-0.271916
29.414164	-0.402868	-0.060439	0.191331	-0.271916
29.423532	-0.362575	-0.060439	0.161111	-0.271916
29.432901	-0.332355	-0.060439	0.120819	-0.271916
29.442270	-0.312209	-0.060439	0.090599	-0.271916
29.451639	-0.281990	-0.050366	0.050306	-0.271916
29.461008	-0.251830	-0.050366	0.020087	-0.271916
29.470377	-0.231683	-0.050366	0.000000	-0.271916
29.479746	-0.221610	-0.050366	-0.020146	-0.261843
29.489115	-0.211537	-0.050366	-0.040293	-0.261843
29.498484	-0.191391	-0.050366	-0.050366	-0.251830
29.507853	-0.171244	-0.050366	-0.060439	-0.261843
29.517221	-0.161171	-0.050366	-0.070512	-0.261843
29.526590	-0.151098	-0.050366	-0.090659	-0.261843
29.535959	-0.141025	-0.060439	-0.100732	-0.261843
29.545328	-0.130951	-0.060439	-0.100732	-0.271916
29.554697	-0.120878	-0.060439	-0.110805	-0.271916
29.564066	-0.120878	-0.060439	-0.110805	-0.261843
29.573435	-0.110805	-0.050366	-0.120878	-0.261843
29.582804	-0.110805	-0.050366	-0.120878	-0.261843
29.592173	-0.100732	-0.050366	-0.130951	-0.261843
29.601542	-0.100732	-0.050366	-0.130951	-0.261843
29.610910	-0.100732	-0.050366	-0.130951	-0.261843
29.620279	-0.100732	-0.050366	-0.141025	-0.261843
29.629648	-0.090659	-0.050366	-0.141025	-0.261843
29.639019	-0.080585	-0.050366	-0.141025	-0.251830
29.648388	-0.080585	-0.050366	-0.151098	-0.251830
29.657757	-0.080585	-0.050366	-0.151098	-0.251830
29.667126	-0.080585	-0.050366	-0.151098	-0.261843
29.676495	-0.080585	-0.060439	-0.151098	-0.271916
29.685863	-0.080585	-0.060439	-0.161171	-0.271916
29.695232	-0.080585	-0.060439	-0.171244	-0.271916
29.704601	-0.080585	-0.050366	-0.171244	-0.261843
29.713970	-0.070512	-0.050366	-0.181317	-0.261843
29.723339	-0.060439	-0.060439	-0.181317	-0.261843
29.732708	-0.060439	-0.050366	-0.181317	-0.261843
29.742077	-0.060439	-0.050366	-0.191391	-0.261843
29.751446	-0.070512	-0.050366	-0.191391	-0.261843
29.760815	-0.070512	-0.050366	-0.181317	-0.271916
29.770184	-0.060439	-0.060439	-0.171244	-0.271916
29.779552	-0.070512	-0.050366	-0.171244	-0.271916
29.788921	-0.070512	-0.050366	-0.171244	-0.271916
29.798290	-0.070512	-0.050366	-0.181317	-0.271916
29.807659	-0.070512	-0.060439	-0.191391	-0.281990
29.817028	-0.060439	-0.060439	-0.191391	-0.281990
29.826397	-0.060439	-0.050366	-0.191391	-0.281990
29.835766	-0.060439	-0.050366	-0.201464	-0.281990
29.845135	-0.060439	-0.050366	-0.201464	-0.292063
29.854504	-0.050366	-0.050366	-0.201464	-0.281990
29.863874	-0.050366	-0.040293	-0.201464	-0.271916
29.873243	-0.060439	-0.030220	-0.211537	-0.261843
29.882612	-0.050366	-0.030220	-0.211537	-0.261843
29.891981	-0.040293	-0.040293	-0.201464	-0.261843
29.901350	-0.040293	-0.050366	-0.201464	-0.271916
29.910719	-0.040293	-0.050366	-0.201464	-0.271916
29.920088	-0.040293	-0.050366	-0.201464	-0.261843
29.929457	-0.040293	-0.060439	-0.201464	-0.261843
29.938826	-0.040293	-0.060439	-0.191391	-0.261843
29.948195	-0.040293	-0.060439	-0.191391	-0.261843
29.957563	-0.040293	-0.050366	-0.191391	-0.261843
29.966932	-0.050366	-0.040293	-0.201464	-0.251830
29.976301	-0.040293	-0.040293	-0.211537	-0.261843
29.985670	-0.040293	-0.050366	-0.211537	-0.271916
29.995039	-0.040293	-0.040293	-0.211537	-0.261843
30.004408	-0.040293	-0.040293	-0.211537	-0.261843
30.013777	-0.040293	-0.030220	-0.211537	-0.261843
30.023146	-0.040293	-0.040293	-0.211537	-0.271916
30.032515	-0.040293	-0.040293	-0.221610	-0.271916
30.041883	-0.040293	-0.030220	-0.221610	-0.271916
30.051252	-0.050366	-0.030220	-0.221610	-0.271916
30.060621	-0.040293	-0.030220	-0.221610	-0.271916
30.069990	-0.040293	-0.040293	-0.211537	-0.271916
30.079359	-0.040293	-0.040293	-0.211537	-0.271916
30.088730	-0.050366	-0.030220	-0.211537	-0.271916
30.098099	-0.050366	-0.030220	-0.221610	-0.271916
30.107468	-0.040293	-0.030220	-0.211537	-0.281990
30.116837	-0.040293	-0.030220	-0.211537	-0.292063
30.126205	-0.040293	-0.030220	-0.211537	-0.292063
30.135574	-0.050366	-0.030220	-0.211537	-0.281990
30.144943	-0.050366	-0.030220	-0.211537	-0.271916
30.154312	-0.050366	-0.040293	-0.201464	-0.271916
30.163681	-0.050366	-0.050366	-0.191391	-0.271916
30.173050	-0.050366	-0.050366	-0.201464	-0.281990
30.182419	-0.060439	-0.040293	-0.201464	-0.271916
30.191788	-0.060439	-0.040293	-0.201464	-0.271916
30.201157	-0.050366	-0.040293	-0.201464	-0.271916
30.210526	-0.050366	-0.040293	-0.211537	-0.271916
30.219894	-0.050366	-0.030220	-0.211537	-0.271916
30.229263	-0.050366	-0.030220	-0.221610	-0.271916
30.238632	-0.040293	-0.040293	-0.221610	-0.271916
30.248001	-0.040293	-0.040293	-0.211537	-0.281990
30.257370	-0.030220	-0.040293	-0.211537	-0.281990
30.266739	-0.040293	-0.040293	-0.221610	-0.271916
30.276108	-0.040293	-0.040293	-0.221610	-0.271916
30.285477	-0.030220	-0.050366	-0.211537	-0.261843
30.294846	-0.030220	-0.040293	-0.221610	-0.261843
30.304214	-0.030220	-0.040293	-0.221610	-0.261843
30.313585	-0.040293	-0.030220	-0.221610	-0.261843
30.322954	-0.040293	-0.040293	-0.221610	-0.261843
30.332323	-0.030220	-0.040293	-0.221610	-0.271916
30.341692	-0.030220	-0.040293	-0.221610	-0.271916
30.351061	-0.040293	-0.040293	-0.221610	-0.271916
30.360430	-0.040293	-0.040293	-0.221610	-0.261843
30.369799	-0.040293	-0.040293	-0.221610	-0.261843
30.379168	-0.030220	-0.040293	-0.211537	-0.271916
30.388536	-0.030220	-0.030220	-0.221610	-0.261843
30.397905	-0.040293	-0.030220	-0.221610	-0.261843
30.407274	-0.040293	-0.030220	-0.221610	-0.261843
30.416643	-0.040293	-0.040293	-0.211537	-0.261843
30.426012	-0.040293	-0.040293	-0.211537	-0.261843
30.435381	-0.040293	-0.030220	-0.211537	-0.261843
30.444750	-0.040293	-0.030220	-0.221610	-0.261843
30.454119	-0.040293	-0.040293	-0.221610	-0.261843
30.463488	-0.030220	-0.040293	-0.221610	-0.261843
30.472857	-0.040293	-0.040293	-0.231683	-0.271916
30.482225	-0.040293	-0.030220	-0.231683	-0.271916
30.491594	-0.040293	-0.030220	-0.231683	-0.271916
30.500963	-0.040293	-0.030220	-0.221610	-0.271916
30.510332	-0.040293	-0.030220	-0.221610	-0.261843
30.519701	-0.040293	-0.020146	-0.231683	-0.261843
30.529070	-0.040293	-0.020146	-0.241756	-0.261843
30.538441	-0.040293	-0.020146	-0.241756	-0.271916
30.547810	-0.040293	-0.030220	-0.231683	-0.271916
30.557178	-0.040293	-0.030220	-0.231683	-0.281990
30.566547	-0.040293	-0.030220	-0.221610	-0.281990
30.575916	-0.040293	-0.030220	-0.221610	-0.281990
30.585285	-0.040293	-0.030220	-0.211537	-0.292063
30.594654	-0.040293	-0.030220	-0.211537	-0.292063
30.604023	-0.040293	-0.030220	-0.211537	-0.281990
30.613392	-0.040293	-0.030220	-0.221610	-0.281990
30.622761	-0.030220	-0.020146	-0.221610	-0.281990
30.632130	-0.030220	-0.020146	-0.221610	-0.281990
30.641499	-0.020146	-0.030220	-0.221610	-0.281990
30.650867	-0.030220	-0.030220	-0.231683	-0.281990
30.660236	-0.030220	-0.040293	-0.231683	-0.281990
30.669605	-0.040293	-0.040293	-0.231683	-0.281990
30.678974	-0.030220	-0.040293	-0.231683	-0.271916
30.688343	-0.030220	-0.030220	-0.241756	-0.271916
30.697712	-0.040293	-0.030220	-0.241756	-0.271916
30.707081	-0.040293	-0.030220	-0.241756	-0.271916
30.716450	-0.040293	-0.030220	-0.241756	-0.261843
30.725819	-0.040293	-0.030220	-0.231683	-0.271916
30.735188	-0.040293	-0.030220	-0.231683	-0.271916
30.744556	-0.040293	-0.040293	-0.231683	-0.261843
30.753925	-0.040293	-0.040293	-0.231683	-0.261843
30.763296	-0.040293	-0.040293	-0.231683	-0.261843
30.772665	-0.040293	-0.040293	-0.231683	-0.261843
30.782034	-0.040293	-0.030220	-0.231683	-0.271916
30.791403	-0.040293	-0.030220	-0.231683	-0.271916
30.800772	-0.040293	-0.030220	-0.221610	-0.271916
30.810141	-0.030220	-0.030220	-0.221610	-0.271916
30.819510	-0.030220	-0.030220	-0.221610	-0.261843
30.828878	-0.030220	-0.030220	-0.231683	-0.261843
30.838247	-0.040293	-0.040293	-0.231683	-0.271916
30.847616	-0.040293	-0.040293	-0.231683	-0.271916
30.856985	-0.040293	-0.040293	-0.231683	-0.271916
30.866354	-0.040293	-0.030220	-0.231683	-0.271916
30.875723	-0.050366	-0.030220	-0.241756	-0.271916
30.885092	-0.050366	-0.030220	-0.241756	-0.271916
30.894461	-0.040293	-0.030220	-0.241756	-0.271916
30.903830	-0.040293	-0.030220	-0.231683	-0.271916
30.913198	-0.030220	-0.030220	-0.231683	-0.271916
30.922567	-0.030220	-0.030220	-0.241756	-0.271916
30.931936	-0.030220	-0.040293	-0.241756	-0.271916
30.941305	-0.030220	-0.040293	-0.241756	-0.271916
30.950674	-0.030220	-0.040293	-0.241756	-0.271916
30.960043	-0.030220	-0.040293	-0.241756	-0.271916
30.969412	-0.040293	-0.040293	-0.241756	-0.281990
30.978781	-0.030220	-0.030220	-0.231683	-0.271916
30.988152	-0.030220	-0.030220	-0.231683	-0.271916
30.997520	-0.030220	-0.040293	-0.231683	-0.271916
31.006889	-0.040293	-0.040293	-0.241756	-0.271916
31.016258	-0.040293	-0.040293	-0.241756	-0.261843
31.025627	-0.040293	-0.050366	-0.241756	-0.261843
31.034996	-0.030220	-0.050366	-0.241756	-0.251830
31.044365	-0.030220	-0.050366	-0.241756	-0.251830
31.053734	-0.030220	-0.050366	-0.241756	-0.251830
31.063103	-0.030220	-0.040293	-0.241756	-0.251830
31.072472	-0.030220	-0.040293	-0.231683	-0.261843
31.081841	-0.030220	-0.030220	-0.221610	-0.261843
31.091209	-0.030220	-0.030220	-0.221610	-0.271916
31.100578	-0.030220	-0.030220	-0.221610	-0.271916
31.109947	-0.030220	-0.030220	-0.231683	-0.271916
31.119316	-0.040293	-0.020146	-0.231683	-0.261843
31.128685	-0.040293	-0.020146	-0.241756	-0.261843
31.138054	-0.040293	-0.030220	-0.241756	-0.261843
31.147423	-0.040293	-0.030220	-0.251830	-0.271916
31.156792	-0.040293	-0.030220	-0.241756	-0.271916
31.166161	-0.040293	-0.030220	-0.241756	-0.271916
31.175529	-0.040293	-0.030220	-0.241756	-0.271916
31.184898	-0.050366	-0.030220	-0.251830	-0.261843
31.194267	-0.050366	-0.030220	-0.241756	-0.261843
31.203636	-0.040293	-0.030220	-0.241756	-0.261843
31.213007	-0.040293	-0.040293	-0.241756	-0.261843
31.222376	-0.050366	-0.040293	-0.241756	-0.261843
31.231745	-0.050366	-0.040293	-0.241756	-0.261843
31.241114	-0.040293	-0.040293	-0.241756	-0.261843
31.250483	-0.040293	-0.030220	-0.241756	-0.261843
31.259851	-0.040293	-0.030220	-0.251830	-0.261843
31.269220	-0.050366	-0.030220	-0.251830	-0.261843
31.278589	-0.040293	-0.040293	-0.251830	-0.261843
31.287958	-0.040293	-0.050366	-0.251830	-0.261843
31.297327	-0.030220	-0.050366	-0.251830	-0.261843
31.306696	-0.040293	-0.040293	-0.251830	-0.271916
31.316065	-0.040293	-0.040293	-0.251830	-0.271916
31.325434	-0.040293	-0.040293	-0.241756	-0.281990
31.334803	-0.040293	-0.030220	-0.241756	-0.271916
31.344172	-0.040293	-0.030220	-0.241756	-0.271916
31.353540	-0.040293	-0.030220	-0.241756	-0.261843
31.362909	-0.040293	-0.040293	-0.241756	-0.261843
31.372278	-0.040293	-0.040293	-0.241756	-0.261843
31.381647	-0.040293	-0.040293	-0.241756	-0.261843
31.391016	-0.030220	-0.040293	-0.241756	-0.261843
31.400385	-0.030220	-0.040293	-0.241756	-0.271916
31.409754	-0.030220	-0.040293	-0.241756	-0.271916
31.419123	-0.020146	-0.040293	-0.241756	-0.271916
31.428492	-0.020146	-0.040293	-0.241756	-0.271916
31.437862	-0.020146	-0.030220	-0.251830	-0.261843
31.447231	-0.030220	-0.030220	-0.251830	-0.261843
31.456600	-0.030220	-0.030220	-0.261843	-0.271916
31.465969	-0.030220	-0.030220	-0.261843	-0.271916
31.475338	-0.040293	-0.030220	-0.251830	-0.271916
31.484707	-0.040293	-0.030220	-0.251830	-0.271916
31.494076	-0.030220	-0.040293	-0.241756	-0.271916
31.503445	-0.030220	-0.040293	-0.241756	-0.271916
31.512814	-0.030220	-0.040293	-0.241756	-0.261843
31.522182	-0.030220	-0.040293	-0.251830	-0.261843
31.531551	-0.030220	-0.040293	-0.251830	-0.261843
31.540920	-0.020146	-0.040293	-0.251830	-0.271916
31.550289	-0.020146	-0.040293	-0.241756	-0.281990
31.559658	-0.020146	-0.030220	-0.241756	-0.281990
31.569027	-0.030220	-0.030220	-0.251830	-0.281990
31.578396	-0.030220	-0.030220	-0.251830	-0.281990
31.587765	-0.030220	-0.030220	-0.261843	-0.281990
31.597134	-0.030220	-0.030220	-0.261843	-0.281990
31.606503	-0.030220	-0.030220	-0.261843	-0.271916
31.615871	-0.040293	-0.030220	-0.261843	-0.271916
31.625240	-0.030220	-0.030220	-0.261843	-0.261843
31.634609	-0.030220	-0.030220	-0.261843	-0.261843
31.643978	-0.020146	-0.030220	-0.261843	-0.251830
31.653347	-0.030220	-0.030220	-0.261843	-0.251830
31.662718	-0.030220	-0.030220	-0.261843	-0.251830
31.672087	-0.030220	-0.030220	-0.261843	-0.251830
31.681456	-0.030220	-0.030220	-0.261843	-0.251830
31.690825	-0.030220	-0.030220	-0.261843	-0.251830
31.700193	-0.030220	-0.030220	-0.261843	-0.251830
31.709562	-0.030220	-0.030220	-0.261843	-0.241756
31.718931	-0.030220	-0.020146	-0.251830	-0.241756
31.728300	-0.020146	-0.020146	-0.251830	-0.251830
31.737669	-0.020146	-0.020146	-0.251830	-0.251830
31.747038	-0.030220	-0.020146	-0.261843	-0.251830
31.756407	-0.020146	-0.020146	-0.261843	-0.261843
31.765776	-0.020146	-0.030220	-0.261843	-0.261843
31.775145	-0.020146	-0.030220	-0.261843	-0.261843
31.784513	-0.030220	-0.020146	-0.261843	-0.261843
31.793882	-0.030220	-0.020146	-0.261843	-0.251830
31.803251	-0.020146	-0.020146	-0.251830	-0.251830
31.812620	-0.030220	-0.020146	-0.251830	-0.251830
31.821989	-0.030220	-0.020146	-0.251830	-0.251830
31.831358	-0.030220	-0.020146	-0.251830	-0.251830
31.840727	-0.020146	-0.020146	-0.251830	-0.251830
31.850096	-0.020146	-0.020146	-0.251830	-0.251830
31.859465	-0.020146	-0.020146	-0.261843	-0.261843
31.868834	-0.020146	-0.020146	-0.261843	-0.261843
31.878202	-0.020146	-0.020146	-0.261843	-0.251830
31.887573	-0.020146	-0.020146	-0.261843	-0.251830
31.896942	-0.020146	-0.020146	-0.261843	-0.261843
31.906311	-0.020146	-0.020146	-0.261843	-0.261843
31.915680	-0.020146	-0.020146	-0.261843	-0.251830
31.925049	-0.030220	-0.030220	-0.261843	-0.261843
31.934418	-0.020146	-0.030220	-0.261843	-0.261843
31.943787	-0.020146	-0.040293	-0.261843	-0.271916
31.953156	-0.020146	-0.040293	-0.261843	-0.271916
31.962524	-0.030220	-0.030220	-0.251830	-0.271916
31.971893	-0.020146	-0.030220	-0.251830	-0.261843
31.981262	-0.020146	-0.030220	-0.251830	-0.261843
31.990631	-0.030220	-0.030220	-0.261843	-0.261843
