21.452927	-0.050366	-0.050366	0.000000	0.060380
21.484102	-0.050366	-0.050366	0.000000	0.060380
21.515280	-0.050366	-0.040293	0.000000	0.060380
21.546455	-0.050366	-0.030220	0.010014	0.080526
21.577633	-0.050366	-0.030220	0.020087	0.090599
21.608809	-0.050366	-0.030220	0.020087	0.100672
21.639986	-0.060439	-0.030220	0.020087	0.110745
21.671162	-0.060439	-0.040293	0.020087	0.120819
21.702339	-0.070512	-0.040293	0.020087	0.120819
21.733515	-0.070512	-0.050366	0.020087	0.120819
21.764692	-0.060439	-0.040293	0.030160	0.130892
21.795868	-0.060439	-0.040293	0.040233	0.151038
21.827045	-0.050366	-0.040293	0.040233	0.161111
21.858221	-0.040293	-0.040293	0.050306	0.161111
21.889397	-0.030220	-0.040293	0.050306	0.171185
21.920574	-0.030220	-0.040293	0.050306	0.181258
21.951750	-0.030220	-0.030220	0.050306	0.191331
21.982927	-0.030220	-0.030220	0.050306	0.201404
22.014103	-0.040293	-0.020146	0.060380	0.221550
22.045280	-0.040293	-0.010073	0.060380	0.241697
22.076456	-0.040293	0.000000	0.060380	0.251770
22.107634	-0.040293	0.010014	0.070453	0.271857
22.138809	-0.040293	0.010014	0.070453	0.292003
22.169987	-0.030220	0.010014	0.070453	0.302076
22.201162	-0.030220	0.000000	0.070453	0.322223
22.232340	-0.040293	0.000000	0.080526	0.342369
22.263515	-0.040293	0.000000	0.080526	0.362515
22.294693	-0.040293	0.000000	0.090599	0.382662
22.325869	-0.030220	0.010014	0.110745	0.402808
22.357046	-0.020146	0.010014	0.130892	0.433028
22.388222	-0.020146	0.010014	0.151038	0.443101
22.419399	-0.020146	0.000000	0.151038	0.463247
22.450575	-0.020146	0.000000	0.151038	0.483394
22.481752	-0.030220	0.000000	0.151038	0.493467
22.512928	-0.030220	0.000000	0.161111	0.523627
22.544106	-0.030220	0.010014	0.171185	0.543773
22.575281	-0.030220	0.020087	0.171185	0.573993
22.606459	-0.030220	0.020087	0.181258	0.604212
22.637634	-0.030220	0.020087	0.191331	0.634432
22.668812	-0.030220	0.020087	0.201404	0.664651
22.699987	-0.020146	0.020087	0.211477	0.694871
22.731165	-0.010073	0.030160	0.231624	0.725091
22.762341	-0.010073	0.030160	0.231624	0.765383
22.793518	-0.010073	0.030160	0.241697	0.795543
22.824694	0.000000	0.030160	0.251770	0.835836
22.855871	0.000000	0.040233	0.261784	0.876129
22.887047	0.000000	0.040233	0.271857	0.916421
22.918224	0.010014	0.030160	0.281930	0.946641
22.949400	0.020087	0.020087	0.292003	0.986934
22.980577	0.020087	0.020087	0.302076	1.037240
23.011753	0.010014	0.010014	0.312150	1.087606
23.042931	0.000000	0.010014	0.322223	1.148045
23.074106	-0.010073	0.010014	0.342369	1.208484
23.105282	-0.010073	0.010014	0.362515	1.289070
23.136459	-0.010073	0.020087	0.392735	1.369596
23.167635	-0.010073	0.020087	0.412881	1.460254
23.198812	-0.010073	0.010014	0.433028	1.550853
23.229988	-0.010073	0.000000	0.453174	1.641512
23.261166	-0.010073	-0.020146	0.473320	1.762390
23.292341	-0.010073	-0.030220	0.483394	1.893282
23.323519	-0.010073	-0.060439	0.493467	2.034307
23.354694	0.000000	-0.080585	0.513613	2.195418
23.385872	0.000000	-0.110805	0.523627	2.386749
23.417048	0.000000	-0.141025	0.553846	2.598226
23.448225	0.000000	-0.171244	0.573993	2.839923
23.479401	0.000000	-0.221610	0.604212	3.142059
23.510578	0.000000	-0.271916	0.644505	3.494561
23.541754	0.010014	-0.332355	0.664651	3.927588
23.572931	0.010014	-0.412941	0.694871	4.441202
23.604107	0.000000	-0.493526	0.715017	5.055547
23.635284	0.010014	-0.574052	0.745237	5.810857
23.666460	0.020087	-0.654638	0.775397	6.747425
23.697638	0.020087	-0.725150	0.815690	7.875383
23.728813	0.020087	-0.775456	0.855982	9.255112
23.759991	0.020087	-0.785530	0.886202	10.886550
23.791166	0.020087	-0.715077	0.926495	12.759745
23.822344	0.020087	-0.503600	0.966787	14.824271
23.853519	0.010014	-0.120878	1.007080	16.979456
23.884697	0.020087	0.433028	1.057386	19.013763
23.915873	0.030160	1.158118	1.117826	20.725786
23.947050	0.040233	1.983941	1.178265	21.823524
23.978226	0.040233	2.809763	1.238704	22.155880
24.009403	0.030160	3.555000	1.309156	21.793306
24.040579	0.030160	4.179358	1.389742	20.977556
24.071756	0.040233	4.672825	1.470327	19.889891
24.102932	0.040233	5.075693	1.550853	18.540442
24.134109	0.030160	5.408049	1.641512	16.898870
24.165285	0.010014	5.730271	1.732171	14.935076
24.196463	-0.010073	6.052554	1.842916	12.588560
24.227638	-0.030220	6.364763	1.963794	9.879470
24.258816	-0.050366	6.646752	2.104759	6.878376
24.289991	-0.080585	6.817937	2.255857	3.826916
24.321167	-0.100732	6.757498	2.416968	0.463247
24.352345	-0.141025	6.415129	2.608299	-1.440167
24.383520	-0.181317	5.841076	2.829909	-2.396882
24.414698	-0.241756	5.126059	3.081679	-2.517760
24.445873	-0.302136	4.390836	3.383756	-2.155185
24.477051	-0.382721	3.695965	3.726184	-1.641572
24.508226	-0.473380	3.101766	4.149139	-1.127958
24.539404	-0.594199	2.618372	4.662752	-0.684857
24.570580	-0.755370	2.215564	5.297244	-0.342429
24.601757	-0.986993	1.883209	6.082773	-0.080585
24.632933	-1.279056	1.611292	7.069707	0.110745
24.664110	-1.631498	1.399815	8.308411	0.261784
24.695286	-2.054513	1.218557	9.839177	0.382662
24.726463	-2.537906	1.067460	11.742592	0.473320
24.757639	-3.051519	0.936568	13.988376	0.543773
24.788816	-3.424108	0.825763	16.355038	0.604212
24.819992	-3.504694	0.755310	18.550514	0.654578
24.851170	-3.232777	0.694871	20.302832	0.694871
24.882345	-2.678871	0.654578	21.481096	0.725091
24.913523	-1.973927	0.604212	22.105515	0.735164
24.944698	-1.228690	0.563920	22.236406	0.735164
24.975876	-0.523686	0.533700	21.964491	0.725091
25.007051	0.130892	0.503540	21.330059	0.704944
25.038229	0.735164	0.483394	20.353199	0.684798
25.069405	1.359522	0.453174	19.003689	0.664651
25.100582	2.134979	0.422955	17.190933	0.634432
25.131758	3.162205	0.392735	14.864564	0.614285
25.162935	4.471421	0.372589	12.074947	0.604212
25.194111	5.881369	0.342369	9.003342	0.594139
25.225288	7.029414	0.322223	6.042480	0.584066
25.256464	7.684052	0.312150	3.494561	0.573993
25.287642	7.784724	0.302076	1.581073	0.553846
25.318817	7.422209	0.281930	0.302076	0.533700
25.349995	6.747425	0.271857	-0.423014	0.513613
25.381170	5.921662	0.251770	-0.725150	0.483394
25.412348	5.075693	0.241697	-0.765443	0.463247
25.443523	4.280090	0.231624	-0.644565	0.443101
25.474701	3.595293	0.221550	-0.453234	0.422955
25.505877	3.011167	0.211477	-0.251830	0.402808
25.537054	2.537847	0.201404	-0.070512	0.392735
25.568230	2.155125	0.201404	0.090599	0.372589
25.599405	1.832843	0.191331	0.221550	0.362515
25.630583	1.571000	0.191331	0.322223	0.342369
25.661758	1.349449	0.191331	0.402808	0.332296
25.692936	1.168191	0.181258	0.463247	0.312150
25.724112	1.007080	0.171185	0.513613	0.292003
25.755289	0.866055	0.161111	0.553846	0.271857
25.786465	0.765383	0.161111	0.584066	0.261784
25.817642	0.694871	0.151038	0.614285	0.251770
25.848818	0.654578	0.151038	0.634432	0.241697
25.879995	0.614285	0.140965	0.644505	0.231624
25.911171	0.573993	0.140965	0.634432	0.221550
25.942348	0.533700	0.140965	0.624359	0.201404
25.973524	0.503540	0.130892	0.604212	0.191331
26.004702	0.473320	0.120819	0.594139	0.181258
26.035877	0.443101	0.120819	0.573993	0.171185
26.067055	0.412881	0.130892	0.553846	0.171185
26.098230	0.392735	0.130892	0.543773	0.151038
26.129408	0.382662	0.120819	0.523627	0.140965
26.160583	0.362515	0.110745	0.503540	0.130892
26.191761	0.342369	0.110745	0.483394	0.120819
26.222937	0.322223	0.100672	0.463247	0.120819
26.254114	0.302076	0.100672	0.453174	0.120819
26.285290	0.281930	0.100672	0.443101	0.110745
26.316467	0.271857	0.090599	0.422955	0.110745
26.347643	0.261784	0.090599	0.412881	0.100672
26.378820	0.261784	0.090599	0.392735	0.090599
26.409996	0.251770	0.090599	0.382662	0.080526
26.441174	0.231624	0.090599	0.362515	0.070453
26.472349	0.221550	0.090599	0.352442	0.070453
26.503527	0.201404	0.090599	0.332296	0.060380
26.534702	0.191331	0.080526	0.312150	0.060380
26.565880	0.181258	0.070453	0.302076	0.050306
26.597055	0.171185	0.070453	0.292003	0.050306
26.628233	0.171185	0.060380	0.271857	0.040233
26.659409	0.171185	0.050306	0.261784	0.040233
26.690586	0.161111	0.040233	0.251770	0.040233
26.721762	0.161111	0.040233	0.241697	0.030160
26.752939	0.151038	0.040233	0.231624	0.030160
26.784115	0.140965	0.050306	0.221550	0.030160
26.815290	0.130892	0.060380	0.211477	0.020087
26.846468	0.120819	0.060380	0.201404	0.020087
26.877644	0.120819	0.070453	0.191331	0.010014
26.908821	0.120819	0.070453	0.171185	0.010014
26.939997	0.110745	0.050306	0.161111	0.000000
26.971174	0.110745	0.040233	0.161111	-0.010073
27.002350	0.100672	0.030160	0.151038	-0.010073
27.033527	0.090599	0.030160	0.140965	-0.020146
27.064703	0.080526	0.030160	0.130892	-0.020146
27.095881	0.080526	0.030160	0.120819	-0.020146
27.127056	0.080526	0.030160	0.120819	-0.020146
27.158234	0.080526	0.030160	0.110745	-0.020146
27.189409	0.080526	0.030160	0.100672	-0.020146
27.220587	0.080526	0.020087	0.090599	-0.020146
27.251762	0.080526	0.010014	0.080526	-0.030220
27.282940	0.070453	0.010014	0.080526	-0.030220
27.314116	0.070453	0.010014	0.080526	-0.030220
27.345293	0.060380	0.010014	0.070453	-0.030220
27.376469	0.060380	0.010014	0.060380	-0.040293
27.407646	0.060380	0.010014	0.050306	-0.040293
27.438822	0.060380	0.010014	0.040233	-0.050366
27.469999	0.060380	0.010014	0.030160	-0.050366
27.501175	0.060380	0.000000	0.020087	-0.060439
27.532352	0.050306	0.000000	0.020087	-0.060439
27.563528	0.050306	0.010014	0.010014	-0.060439
27.594706	0.040233	0.010014	0.010014	-0.060439
27.625881	0.030160	0.010014	0.000000	-0.060439
27.657059	0.030160	0.020087	0.000000	-0.060439
27.688234	0.030160	0.020087	0.000000	-0.060439
27.719412	0.030160	0.020087	0.000000	-0.060439
27.750587	0.030160	0.010014	-0.010073	-0.060439
27.781765	0.020087	0.010014	-0.010073	-0.060439
27.812941	0.010014	0.020087	-0.020146	-0.060439
27.844118	0.010014	0.020087	-0.030220	-0.060439
27.875294	0.000000	0.020087	-0.040293	-0.050366
27.906471	0.000000	0.020087	-0.040293	-0.050366
27.937647	0.010014	0.010014	-0.050366	-0.050366
27.968824	0.010014	0.010014	-0.050366	-0.050366
