20.958424	-0.241756	-0.302136	0.120819	0.060380
20.989719	-0.251830	-0.281990	0.110745	0.080526
21.021015	-0.261843	-0.292063	0.110745	0.080526
21.052311	-0.261843	-0.312209	0.120819	0.070453
21.083607	-0.271916	-0.322282	0.120819	0.080526
21.114902	-0.281990	-0.312209	0.120819	0.100672
21.146198	-0.281990	-0.312209	0.120819	0.110745
21.177494	-0.271916	-0.332355	0.130892	0.100672
21.208790	-0.271916	-0.342429	0.130892	0.090599
21.240086	-0.292063	-0.342429	0.110745	0.090599
21.271381	-0.312209	-0.342429	0.100672	0.110745
21.302677	-0.312209	-0.342429	0.110745	0.110745
21.333973	-0.312209	-0.342429	0.120819	0.110745
21.365271	-0.322282	-0.342429	0.110745	0.110745
21.396566	-0.332355	-0.342429	0.110745	0.120819
21.427862	-0.312209	-0.342429	0.120819	0.110745
21.459158	-0.292063	-0.362575	0.140965	0.100672
21.490454	-0.292063	-0.372648	0.140965	0.100672
21.521749	-0.302136	-0.362575	0.130892	0.110745
21.553045	-0.302136	-0.352502	0.140965	0.120819
21.584341	-0.281990	-0.362575	0.161111	0.100672
21.615637	-0.271916	-0.372648	0.171185	0.100672
21.646933	-0.292063	-0.362575	0.151038	0.110745
21.678228	-0.312209	-0.352502	0.140965	0.120819
21.709524	-0.302136	-0.362575	0.151038	0.110745
21.740820	-0.302136	-0.372648	0.161111	0.110745
21.772116	-0.312209	-0.362575	0.161111	0.120819
21.803411	-0.332355	-0.342429	0.151038	0.140965
21.834707	-0.322282	-0.342429	0.161111	0.140965
21.866005	-0.312209	-0.362575	0.171185	0.130892
21.897301	-0.322282	-0.362575	0.161111	0.130892
21.928596	-0.342429	-0.362575	0.130892	0.140965
21.959892	-0.342429	-0.362575	0.130892	0.140965
21.991188	-0.332355	-0.362575	0.151038	0.140965
22.022484	-0.312209	-0.372648	0.161111	0.140965
22.053780	-0.322282	-0.362575	0.151038	0.161111
22.085075	-0.322282	-0.372648	0.130892	0.161111
22.116371	-0.302136	-0.392795	0.140965	0.140965
22.147667	-0.281990	-0.392795	0.161111	0.140965
22.178963	-0.292063	-0.382721	0.161111	0.171185
22.210258	-0.312209	-0.372648	0.151038	0.191331
22.241554	-0.312209	-0.382721	0.161111	0.181258
22.272850	-0.302136	-0.402868	0.171185	0.161111
22.304146	-0.312209	-0.402868	0.171185	0.171185
22.335442	-0.332355	-0.392795	0.140965	0.181258
22.366739	-0.342429	-0.392795	0.130892	0.161111
22.398035	-0.342429	-0.412941	0.140965	0.140965
22.429331	-0.332355	-0.412941	0.151038	0.151038
22.460627	-0.352502	-0.392795	0.140965	0.181258
22.491922	-0.362575	-0.372648	0.140965	0.201404
22.523218	-0.362575	-0.382721	0.151038	0.201404
22.554514	-0.352502	-0.392795	0.161111	0.191331
22.585810	-0.362575	-0.382721	0.161111	0.211477
22.617105	-0.372648	-0.372648	0.151038	0.231624
22.648401	-0.382721	-0.372648	0.151038	0.241697
22.679697	-0.382721	-0.382721	0.161111	0.221550
22.710993	-0.392795	-0.392795	0.171185	0.211477
22.742289	-0.412941	-0.382721	0.161111	0.221550
22.773584	-0.412941	-0.382721	0.171185	0.221550
22.804880	-0.412941	-0.392795	0.191331	0.221550
22.836176	-0.412941	-0.402868	0.191331	0.221550
22.867474	-0.423014	-0.392795	0.181258	0.231624
22.898769	-0.433087	-0.382721	0.171185	0.231624
22.930065	-0.423014	-0.382721	0.191331	0.231624
22.961361	-0.423014	-0.392795	0.211477	0.231624
22.992657	-0.433087	-0.382721	0.201404	0.231624
23.023952	-0.453234	-0.382721	0.191331	0.241697
23.055248	-0.453234	-0.382721	0.201404	0.231624
23.086544	-0.433087	-0.392795	0.211477	0.241697
23.117840	-0.443161	-0.382721	0.221550	0.271857
23.149136	-0.443161	-0.372648	0.211477	0.292003
23.180431	-0.433087	-0.392795	0.221550	0.281930
23.211727	-0.423014	-0.392795	0.221550	0.271857
23.243023	-0.433087	-0.372648	0.211477	0.281930
23.274319	-0.443161	-0.352502	0.191331	0.292003
23.305614	-0.433087	-0.352502	0.201404	0.292003
23.336912	-0.423014	-0.362575	0.231624	0.281930
23.368208	-0.423014	-0.352502	0.241697	0.292003
23.399504	-0.433087	-0.342429	0.241697	0.312150
23.430799	-0.433087	-0.332355	0.231624	0.322223
23.462095	-0.423014	-0.352502	0.251770	0.312150
23.493391	-0.412941	-0.362575	0.261784	0.312150
23.524687	-0.433087	-0.352502	0.251770	0.332296
23.555983	-0.443161	-0.332355	0.241697	0.342369
23.587278	-0.443161	-0.342429	0.241697	0.332296
23.618574	-0.423014	-0.352502	0.261784	0.322223
23.649870	-0.423014	-0.352502	0.261784	0.332296
23.681166	-0.443161	-0.342429	0.251770	0.352442
23.712461	-0.443161	-0.342429	0.251770	0.362515
23.743757	-0.423014	-0.352502	0.281930	0.362515
23.775053	-0.423014	-0.352502	0.281930	0.372589
23.806349	-0.433087	-0.342429	0.271857	0.392735
23.837646	-0.443161	-0.332355	0.261784	0.392735
23.868942	-0.423014	-0.332355	0.271857	0.382662
23.900238	-0.412941	-0.322282	0.271857	0.382662
23.931534	-0.423014	-0.302136	0.261784	0.392735
23.962830	-0.443161	-0.281990	0.251770	0.402808
23.994125	-0.443161	-0.271916	0.261784	0.392735
24.025421	-0.433087	-0.261843	0.281930	0.392735
24.056717	-0.423014	-0.241756	0.302076	0.412881
24.088013	-0.433087	-0.211537	0.302076	0.422955
24.119308	-0.433087	-0.201464	0.312150	0.402808
24.150604	-0.412941	-0.201464	0.332296	0.382662
24.181900	-0.423014	-0.171244	0.342369	0.382662
24.213196	-0.443161	-0.120878	0.322223	0.402808
24.244492	-0.443161	-0.080585	0.322223	0.402808
24.275787	-0.433087	-0.060439	0.332296	0.382662
24.307083	-0.423014	-0.030220	0.352442	0.372589
24.338381	-0.433087	0.030160	0.342369	0.362515
24.369677	-0.443161	0.100672	0.332296	0.332296
24.400972	-0.443161	0.171185	0.342369	0.271857
24.432268	-0.433087	0.271857	0.362515	0.211477
24.463564	-0.443161	0.422955	0.372589	0.161111
24.494860	-0.453234	0.614285	0.362515	0.110745
24.526155	-0.453234	0.815690	0.372589	0.020087
24.557451	-0.433087	1.037240	0.392735	-0.110805
24.588747	-0.412941	1.329303	0.402808	-0.271916
24.620043	-0.423014	1.681805	0.392735	-0.453234
24.651339	-0.423014	2.084613	0.382662	-0.674784
24.682634	-0.402868	2.537847	0.412881	-0.956774
24.713930	-0.382721	3.031313	0.433028	-1.258910
24.745226	-0.382721	3.585219	0.433028	-1.540899
24.776522	-0.382721	4.139066	0.433028	-1.782596
24.807819	-0.362575	4.602373	0.433028	-1.903415
24.839115	-0.342429	4.904449	0.443101	-1.782596
24.870411	-0.332355	4.934669	0.433028	-1.279056
24.901707	-0.332355	4.582226	0.433028	-0.302136
24.933002	-0.332355	3.746331	0.433028	1.178265
24.964298	-0.312209	2.477407	0.453174	3.031313
24.995594	-0.292063	0.946641	0.463247	5.065620
25.026890	-0.281990	-0.705004	0.453174	7.059634
25.058186	-0.271916	-2.346516	0.453174	8.822023
25.089481	-0.241756	-3.907502	0.453174	10.322571
25.120777	-0.221610	-5.367815	0.453174	11.611641
25.152073	-0.211537	-6.687105	0.443101	12.729526
25.183369	-0.191391	-7.865369	0.433028	13.615788
25.214664	-0.141025	-8.842230	0.443101	14.230072
25.245960	-0.090659	-9.547174	0.463247	14.481842
25.277256	-0.050366	-9.859383	0.443101	14.280438
25.308554	-0.010073	-9.758711	0.422955	13.555347
25.339849	0.050306	-9.245098	0.412881	12.316645
25.371145	0.151038	-8.399129	0.412881	10.725439
25.402441	0.251770	-7.311463	0.382662	9.003342
25.433737	0.362515	-6.183565	0.332296	7.422209
25.465033	0.513613	-5.186498	0.292003	6.112993
25.496328	0.775397	-4.390895	0.241697	5.095840
25.527624	1.017153	-3.746390	0.161111	4.320383
25.558920	1.299083	-3.242850	0.050306	3.756404
25.590216	1.671731	-2.839983	-0.090659	3.293157
25.621511	2.145052	-2.527833	-0.231683	2.920508
25.652807	2.739251	-2.276063	-0.402868	2.608299
25.684103	3.444195	-2.054513	-0.614345	2.366602
25.715399	4.290164	-1.873195	-0.805676	2.175272
25.746695	5.196512	-1.732230	-0.866115	1.994014
25.777990	5.951822	-1.621425	-0.725150	1.832843
25.809288	6.243885	-1.520753	-0.271916	1.701951
25.840584	5.911589	-1.430094	0.533700	1.611292
25.871880	4.954815	-1.359582	1.681805	1.510620
25.903175	3.484488	-1.309216	3.061533	1.409888
25.934471	1.701951	-1.248837	4.511714	1.329303
25.965767	-0.271916	-1.178324	5.951822	1.278996
25.997063	-2.265990	-1.117885	7.341623	1.208484
26.028358	-4.229784	-1.087666	8.620620	1.137972
26.059654	-6.203651	-1.057446	9.788871	1.077533
26.090950	-8.157433	-1.007140	10.785877	1.047313
26.122246	-9.970188	-0.966847	11.601627	1.017153
26.153542	-11.490881	-0.956774	12.175619	0.966787
26.184837	-12.538254	-0.956774	12.356937	0.926495
26.216133	-12.920916	-0.926554	12.074947	0.906348
26.247429	-12.588620	-0.896335	11.390090	0.906348
26.278725	-11.631846	-0.876188	10.413229	0.886202
26.310022	-10.312557	-0.876188	9.295344	0.835836
26.341318	-8.882523	-0.876188	8.127153	0.805616
26.372614	-7.512867	-0.835896	7.009268	0.805616
26.403910	-6.314456	-0.805676	6.022334	0.805616
26.435205	-5.277157	-0.785530	5.186439	0.765383
26.466501	-4.441261	-0.775456	4.481494	0.735164
26.497797	-3.786683	-0.755370	3.887296	0.725091
26.529093	-3.252923	-0.725150	3.383756	0.725091
26.560389	-2.819896	-0.725150	3.001094	0.704944
26.591684	-2.467394	-0.725150	2.688885	0.664651
26.622980	-2.195477	-0.715077	2.427042	0.644505
26.654276	-1.984000	-0.705004	2.195418	0.634432
26.685572	-1.812756	-0.694931	2.014160	0.624359
26.716867	-1.671791	-0.705004	1.863062	0.604212
26.748163	-1.550913	-0.715077	1.722097	0.594139
26.779461	-1.470387	-0.694931	1.601219	0.594139
26.810757	-1.389802	-0.684857	1.500547	0.584066
26.842052	-1.299143	-0.694931	1.430035	0.563920
26.873348	-1.228690	-0.684857	1.349449	0.553846
26.904644	-1.178324	-0.654638	1.268923	0.553846
26.935940	-1.138031	-0.634491	1.188338	0.553846
26.967236	-1.087666	-0.634491	1.148045	0.543773
26.998531	-1.037300	-0.634491	1.097679	0.523627
27.029827	-1.007140	-0.614345	1.037240	0.523627
27.061123	-0.986993	-0.594199	0.976861	0.533700
27.092419	-0.956774	-0.594199	0.946641	0.523627
27.123714	-0.906408	-0.604272	0.926495	0.493467
27.155010	-0.876188	-0.594199	0.906348	0.483394
27.186306	-0.866115	-0.584126	0.855982	0.493467
27.217602	-0.835896	-0.584126	0.825763	0.493467
27.248898	-0.805676	-0.594199	0.815690	0.473320
27.280195	-0.785530	-0.604272	0.795543	0.463247
27.311491	-0.785530	-0.594199	0.755310	0.473320
27.342787	-0.785530	-0.584126	0.715017	0.473320
27.374083	-0.765443	-0.594199	0.694871	0.463247
27.405378	-0.745296	-0.594199	0.674725	0.443101
27.436674	-0.735223	-0.584126	0.644505	0.453174
27.467970	-0.745296	-0.574052	0.604212	0.463247
27.499266	-0.725150	-0.563979	0.594139	0.473320
27.530561	-0.705004	-0.563979	0.594139	0.473320
27.561857	-0.694931	-0.553906	0.573993	0.473320
27.593153	-0.705004	-0.543833	0.553846	0.483394
27.624449	-0.694931	-0.553906	0.543773	0.483394
27.655745	-0.684857	-0.574052	0.543773	0.463247
27.687040	-0.674784	-0.584126	0.543773	0.453174
27.718336	-0.674784	-0.574052	0.523627	0.473320
27.749632	-0.664711	-0.563979	0.503540	0.473320
27.780930	-0.644565	-0.584126	0.503540	0.453174
27.812225	-0.624418	-0.604272	0.493467	0.433028
27.843521	-0.624418	-0.594199	0.473320	0.443101
27.874817	-0.634491	-0.594199	0.453174	0.463247
27.906113	-0.624418	-0.604272	0.453174	0.453174
27.937408	-0.604272	-0.614345	0.473320	0.433028
27.968704	-0.594199	-0.614345	0.473320	0.443101
