22.510115	0.020087	-0.060439	-0.040293	-0.010073
22.549194	0.020087	-0.070512	-0.040293	-0.010073
22.588276	0.020087	-0.070512	-0.040293	-0.010073
22.627357	0.020087	-0.080585	-0.040293	-0.010073
22.666439	0.020087	-0.080585	-0.030220	-0.020146
22.705521	0.020087	-0.080585	-0.030220	-0.020146
22.744602	0.020087	-0.080585	-0.030220	-0.010073
22.783682	0.020087	-0.090659	-0.030220	0.000000
22.822763	0.020087	-0.090659	-0.030220	0.000000
22.861845	0.020087	-0.080585	-0.040293	0.000000
22.900927	0.020087	-0.080585	-0.040293	-0.010073
22.940008	0.020087	-0.090659	-0.040293	-0.010073
22.979090	0.010014	-0.090659	-0.030220	-0.010073
23.018169	0.010014	-0.100732	-0.030220	0.000000
23.057251	0.010014	-0.100732	-0.030220	0.010014
23.096333	0.010014	-0.110805	-0.030220	0.010014
23.135414	0.010014	-0.120878	-0.030220	0.010014
23.174496	0.010014	-0.130951	-0.040293	0.020087
23.213577	0.010014	-0.141025	-0.040293	0.030160
23.252657	0.000000	-0.151098	-0.040293	0.030160
23.291739	0.000000	-0.161171	-0.040293	0.030160
23.330820	0.000000	-0.171244	-0.040293	0.030160
23.369902	-0.010073	-0.181317	-0.040293	0.030160
23.408983	-0.020146	-0.191391	-0.030220	0.030160
23.448065	-0.030220	-0.201464	-0.030220	0.030160
23.487144	-0.040293	-0.201464	-0.020146	0.030160
23.526226	-0.040293	-0.211537	-0.020146	0.040233
23.565308	-0.050366	-0.211537	-0.010073	0.040233
23.604389	-0.060439	-0.221610	-0.010073	0.040233
23.643471	-0.070512	-0.231683	0.000000	0.040233
23.682550	-0.070512	-0.241756	0.010014	0.050306
23.721632	-0.070512	-0.261843	0.010014	0.050306
23.760714	-0.070512	-0.271916	0.010014	0.060380
23.799795	-0.080585	-0.281990	0.020087	0.060380
23.838877	-0.080585	-0.292063	0.020087	0.060380
23.877958	-0.090659	-0.302136	0.010014	0.070453
23.917038	-0.090659	-0.322282	0.010014	0.080526
23.956120	-0.090659	-0.332355	0.010014	0.090599
23.995201	-0.090659	-0.352502	0.010014	0.100672
24.034283	-0.090659	-0.362575	0.020087	0.110745
24.073364	-0.100732	-0.382721	0.020087	0.110745
24.112446	-0.100732	-0.402868	0.020087	0.110745
24.151525	-0.100732	-0.433087	0.020087	0.110745
24.190607	-0.110805	-0.443161	0.030160	0.120819
24.229689	-0.120878	-0.463307	0.030160	0.130892
24.268770	-0.120878	-0.483453	0.020087	0.140965
24.307852	-0.130951	-0.513673	0.020087	0.151038
24.346933	-0.141025	-0.543833	0.030160	0.161111
24.386013	-0.151098	-0.574052	0.030160	0.161111
24.425095	-0.161171	-0.604272	0.040233	0.171185
24.464176	-0.171244	-0.644565	0.040233	0.191331
24.503258	-0.181317	-0.674784	0.040233	0.211477
24.542339	-0.181317	-0.725150	0.040233	0.221550
24.581421	-0.191391	-0.765443	0.040233	0.241697
24.620501	-0.201464	-0.815749	0.040233	0.251770
24.659582	-0.211537	-0.876188	0.050306	0.271857
24.698664	-0.221610	-0.936627	0.050306	0.281930
24.737745	-0.231683	-1.007140	0.060380	0.302076
24.776827	-0.231683	-1.097739	0.070453	0.322223
24.815907	-0.241756	-1.188397	0.070453	0.342369
24.854988	-0.251830	-1.289070	0.070453	0.382662
24.894070	-0.271916	-1.420021	0.080526	0.422955
24.933151	-0.281990	-1.560986	0.080526	0.463247
24.972233	-0.292063	-1.742303	0.080526	0.523627
25.011314	-0.302136	-1.963854	0.080526	0.584066
25.050394	-0.312209	-2.235770	0.080526	0.674725
25.089476	-0.322282	-2.568126	0.090599	0.775397
25.128557	-0.342429	-2.981007	0.100672	0.926495
25.167639	-0.352502	-3.494620	0.110745	1.137972
25.206720	-0.362575	-4.139125	0.120819	1.409888
25.245802	-0.382721	-4.944801	0.130892	1.762390
25.284882	-0.392795	-5.901575	0.130892	2.215564
25.323963	-0.412941	-6.999254	0.140965	2.759397
25.363045	-0.443161	-8.177578	0.140965	3.393829
25.402126	-0.463307	-9.335697	0.151038	4.068613
25.441208	-0.483453	-10.322630	0.161111	4.703045
25.480289	-0.503600	-11.017561	0.171185	5.206585
25.519369	-0.533760	-11.309624	0.181258	5.538940
25.558451	-0.574052	-11.198818	0.181258	5.669892
25.597532	-0.604272	-10.715425	0.181258	5.639672
25.636614	-0.644565	-9.909749	0.191331	5.468428
25.675695	-0.674784	-8.812010	0.211477	5.156279
25.714777	-0.715077	-7.462561	0.231624	4.682899
25.753857	-0.755370	-5.911648	0.241697	4.018247
25.792938	-0.805676	-4.229784	0.261784	3.172278
25.832020	-0.866115	-2.568126	0.271857	2.205491
25.871101	-0.926554	-1.117885	0.292003	1.248777
25.910183	-0.986993	-0.100732	0.312150	0.473320
25.949263	-1.067519	0.402808	0.342369	0.000000
25.988344	-1.158178	0.493467	0.362515	-0.181317
26.027426	-1.268983	0.332296	0.392735	-0.161171
26.066507	-1.389802	0.120819	0.412881	-0.070512
26.105589	-1.520753	-0.070512	0.443101	0.000000
26.144670	-1.691937	-0.201464	0.483394	0.050306
26.183750	-1.893342	-0.281990	0.523627	0.090599
26.222832	-2.145112	-0.342429	0.584066	0.120819
26.261913	-2.447248	-0.392795	0.654578	0.130892
26.300995	-2.850056	-0.423014	0.745237	0.151038
26.340076	-3.383815	-0.443161	0.855982	0.161111
26.379158	-4.098892	-0.453234	0.986934	0.161111
26.418238	-5.055606	-0.463307	1.148045	0.171185
26.457319	-6.284237	-0.463307	1.329303	0.161111
26.496401	-7.704258	-0.453234	1.540840	0.161111
26.535482	-9.154439	-0.443161	1.782537	0.151038
26.574564	-10.473728	-0.433087	2.044380	0.140965
26.613646	-11.511028	-0.412941	2.286077	0.140965
26.652725	-12.205898	-0.392795	2.517700	0.130892
26.691807	-12.518108	-0.372648	2.729177	0.130892
26.730888	-12.497961	-0.352502	2.900362	0.120819
26.769970	-12.135386	-0.342429	3.031313	0.110745
26.809052	-11.420369	-0.322282	3.111839	0.110745
26.848133	-10.262251	-0.312209	3.111839	0.110745
26.887213	-8.620680	-0.312209	3.021240	0.100672
26.926294	-6.616592	-0.302136	2.829909	0.090599
26.965376	-4.541993	-0.302136	2.527773	0.090599
27.004457	-2.699018	-0.292063	2.124906	0.090599
27.043539	-1.329362	-0.281990	1.691878	0.080526
27.082619	-0.473380	-0.271916	1.299083	0.080526
27.121700	-0.020146	-0.261843	0.976861	0.080526
27.160782	0.140965	-0.251830	0.735164	0.080526
27.199863	0.140965	-0.241756	0.563920	0.070453
27.238945	0.070453	-0.231683	0.443101	0.070453
27.278027	-0.030220	-0.221610	0.372589	0.060380
27.317106	-0.130951	-0.211537	0.312150	0.050306
27.356188	-0.221610	-0.201464	0.281930	0.040233
27.395269	-0.302136	-0.201464	0.251770	0.040233
27.434351	-0.362575	-0.191391	0.241697	0.040233
27.473433	-0.402868	-0.191391	0.221550	0.040233
27.512514	-0.433087	-0.181317	0.211477	0.040233
27.551594	-0.443161	-0.171244	0.211477	0.030160
27.590675	-0.443161	-0.161171	0.211477	0.030160
27.629757	-0.443161	-0.151098	0.211477	0.030160
27.668839	-0.433087	-0.141025	0.201404	0.020087
27.707920	-0.433087	-0.130951	0.181258	0.020087
27.747002	-0.423014	-0.120878	0.171185	0.020087
27.786081	-0.402868	-0.120878	0.151038	0.020087
27.825163	-0.382721	-0.120878	0.140965	0.010014
27.864244	-0.372648	-0.120878	0.130892	0.010014
27.903326	-0.352502	-0.110805	0.130892	0.000000
27.942408	-0.342429	-0.100732	0.130892	0.000000
27.981489	-0.332355	-0.090659	0.130892	-0.010073
28.020569	-0.322282	-0.090659	0.120819	-0.010073
28.059650	-0.312209	-0.080585	0.110745	-0.010073
28.098732	-0.292063	-0.080585	0.100672	-0.010073
28.137814	-0.281990	-0.070512	0.090599	-0.010073
28.176895	-0.271916	-0.070512	0.090599	-0.020146
28.215975	-0.261843	-0.060439	0.080526	-0.020146
28.255056	-0.251830	-0.060439	0.080526	-0.030220
28.294138	-0.241756	-0.060439	0.080526	-0.030220
28.333220	-0.231683	-0.060439	0.070453	-0.030220
28.372301	-0.221610	-0.060439	0.070453	-0.030220
28.411383	-0.211537	-0.050366	0.060380	-0.020146
28.450462	-0.201464	-0.040293	0.060380	-0.030220
28.489544	-0.191391	-0.040293	0.050306	-0.030220
28.528625	-0.181317	-0.030220	0.050306	-0.040293
28.567707	-0.171244	-0.030220	0.050306	-0.050366
28.606789	-0.171244	-0.020146	0.050306	-0.060439
28.645870	-0.161171	-0.010073	0.040233	-0.060439
28.684950	-0.161171	0.000000	0.040233	-0.050366
28.724031	-0.151098	0.000000	0.040233	-0.050366
28.763113	-0.141025	0.010014	0.040233	-0.050366
28.802195	-0.141025	0.010014	0.040233	-0.050366
28.841276	-0.130951	0.020087	0.040233	-0.050366
28.880358	-0.120878	0.020087	0.030160	-0.060439
28.919437	-0.110805	0.020087	0.030160	-0.060439
28.958519	-0.100732	0.020087	0.030160	-0.070512
28.997601	-0.100732	0.030160	0.020087	-0.070512
29.036682	-0.100732	0.030160	0.010014	-0.070512
29.075764	-0.090659	0.040233	0.010014	-0.070512
29.114845	-0.080585	0.040233	0.000000	-0.070512
29.153925	-0.080585	0.040233	0.000000	-0.070512
29.193007	-0.070512	0.040233	-0.010073	-0.070512
29.232088	-0.060439	0.030160	-0.010073	-0.070512
29.271170	-0.050366	0.040233	-0.010073	-0.070512
29.310251	-0.050366	0.040233	0.000000	-0.070512
29.349333	-0.040293	0.040233	0.000000	-0.070512
29.388412	-0.030220	0.050306	-0.010073	-0.070512
29.427494	-0.030220	0.050306	-0.010073	-0.070512
29.466576	-0.020146	0.050306	-0.020146	-0.070512
29.505657	-0.010073	0.050306	-0.020146	-0.080585
29.544739	-0.010073	0.050306	-0.020146	-0.080585
29.583818	0.000000	0.050306	-0.020146	-0.080585
29.622900	0.000000	0.060380	-0.030220	-0.070512
29.661982	0.000000	0.050306	-0.030220	-0.060439
29.701063	-0.010073	0.050306	-0.040293	-0.050366
29.740145	0.000000	0.050306	-0.040293	-0.050366
29.779226	0.000000	0.050306	-0.050366	-0.050366
29.818306	0.010014	0.050306	-0.050366	-0.060439
29.857388	0.010014	0.050306	-0.050366	-0.060439
29.896469	0.020087	0.060380	-0.060439	-0.070512
29.935551	0.030160	0.060380	-0.060439	-0.070512
29.974632	0.030160	0.070453	-0.070512	-0.070512
30.013714	0.040233	0.080526	-0.080585	-0.070512
30.052794	0.040233	0.080526	-0.090659	-0.070512
30.091875	0.040233	0.090599	-0.090659	-0.070512
30.130957	0.040233	0.090599	-0.080585	-0.070512
30.170038	0.050306	0.090599	-0.070512	-0.070512
30.209120	0.050306	0.080526	-0.070512	-0.070512
30.248201	0.050306	0.080526	-0.070512	-0.060439
30.287281	0.050306	0.070453	-0.080585	-0.060439
30.326363	0.040233	0.070453	-0.080585	-0.060439
30.365444	0.040233	0.070453	-0.080585	-0.060439
30.404526	0.040233	0.070453	-0.070512	-0.060439
30.443607	0.040233	0.070453	-0.070512	-0.060439
30.482689	0.040233	0.070453	-0.070512	-0.070512
30.521769	0.040233	0.070453	-0.080585	-0.070512
30.560850	0.050306	0.070453	-0.080585	-0.070512
30.599932	0.060380	0.080526	-0.090659	-0.070512
30.639013	0.060380	0.080526	-0.090659	-0.070512
30.678095	0.070453	0.080526	-0.080585	-0.080585
30.717175	0.070453	0.090599	-0.080585	-0.080585
30.756256	0.070453	0.090599	-0.080585	-0.090659
30.795338	0.070453	0.080526	-0.080585	-0.090659
30.834419	0.070453	0.080526	-0.080585	-0.090659
30.873501	0.070453	0.080526	-0.070512	-0.100732
30.912582	0.060380	0.080526	-0.070512	-0.100732
30.951662	0.060380	0.080526	-0.070512	-0.090659
30.990744	0.060380	0.090599	-0.080585	-0.090659
31.029825	0.060380	0.090599	-0.080585	-0.090659
31.068907	0.060380	0.090599	-0.080585	-0.090659
31.107988	0.060380	0.090599	-0.080585	-0.090659
31.147070	0.060380	0.100672	-0.080585	-0.080585
31.186150	0.060380	0.100672	-0.090659	-0.080585
31.225231	0.060380	0.100672	-0.090659	-0.080585
31.264313	0.060380	0.100672	-0.090659	-0.080585
31.303394	0.060380	0.100672	-0.090659	-0.080585
31.342476	0.070453	0.100672	-0.090659	-0.080585
31.381557	0.070453	0.090599	-0.090659	-0.080585
31.420637	0.070453	0.090599	-0.090659	-0.080585
31.459719	0.070453	0.080526	-0.090659	-0.080585
31.498800	0.080526	0.080526	-0.080585	-0.080585
31.537882	0.080526	0.080526	-0.080585	-0.090659
31.576963	0.080526	0.080526	-0.080585	-0.090659
31.616045	0.090599	0.080526	-0.080585	-0.090659
31.655125	0.090599	0.080526	-0.080585	-0.090659
31.694206	0.090599	0.090599	-0.090659	-0.090659
31.733288	0.080526	0.090599	-0.090659	-0.090659
31.772369	0.080526	0.090599	-0.100732	-0.080585
31.811451	0.080526	0.100672	-0.090659	-0.080585
31.850531	0.080526	0.100672	-0.090659	-0.080585
31.889612	0.080526	0.100672	-0.090659	-0.080585
31.928694	0.090599	0.100672	-0.090659	-0.070512
31.967775	0.090599	0.110745	-0.090659	-0.070512
32.006855	0.100672	0.110745	-0.090659	-0.070512
32.045937	0.110745	0.120819	-0.090659	-0.070512
32.085018	0.110745	0.120819	-0.090659	-0.080585
32.124100	0.110745	0.120819	-0.090659	-0.080585
32.163181	0.110745	0.120819	-0.080585	-0.080585
32.202263	0.110745	0.120819	-0.080585	-0.090659
32.241344	0.110745	0.120819	-0.090659	-0.090659
32.280426	0.110745	0.120819	-0.090659	-0.090659
32.319508	0.120819	0.120819	-0.100732	-0.090659
32.358589	0.120819	0.120819	-0.100732	-0.090659
32.397671	0.120819	0.120819	-0.110805	-0.090659
32.436749	0.130892	0.130892	-0.110805	-0.090659
32.475830	0.140965	0.120819	-0.110805	-0.080585
32.514912	0.140965	0.120819	-0.110805	-0.090659
32.553993	0.140965	0.120819	-0.100732	-0.090659
32.593075	0.140965	0.110745	-0.100732	-0.100732
32.632156	0.151038	0.110745	-0.100732	-0.100732
32.671238	0.140965	0.100672	-0.110805	-0.100732
32.710320	0.140965	0.110745	-0.120878	-0.110805
32.749401	0.140965	0.110745	-0.120878	-0.110805
32.788483	0.130892	0.120819	-0.120878	-0.110805
32.827564	0.130892	0.130892	-0.110805	-0.110805
32.866642	0.120819	0.130892	-0.100732	-0.110805
32.905724	0.120819	0.140965	-0.100732	-0.110805
32.944805	0.120819	0.140965	-0.100732	-0.110805
32.983887	0.110745	0.140965	-0.110805	-0.110805
33.022968	0.110745	0.151038	-0.110805	-0.110805
33.062050	0.110745	0.151038	-0.110805	-0.100732
33.101131	0.110745	0.151038	-0.110805	-0.100732
33.140213	0.120819	0.151038	-0.110805	-0.100732
33.179295	0.120819	0.151038	-0.100732	-0.110805
33.218376	0.130892	0.151038	-0.100732	-0.120878
33.257458	0.130892	0.140965	-0.100732	-0.130951
33.296539	0.130892	0.140965	-0.110805	-0.130951
33.335617	0.120819	0.140965	-0.110805	-0.120878
33.374699	0.120819	0.140965	-0.120878	-0.110805
33.413780	0.120819	0.140965	-0.120878	-0.110805
33.452862	0.130892	0.130892	-0.110805	-0.100732
33.491943	0.130892	0.130892	-0.110805	-0.110805
33.531025	0.130892	0.120819	-0.100732	-0.110805
33.570107	0.130892	0.120819	-0.110805	-0.120878
33.609188	0.140965	0.130892	-0.110805	-0.130951
33.648270	0.140965	0.140965	-0.110805	-0.130951
33.687351	0.140965	0.140965	-0.110805	-0.120878
33.726433	0.130892	0.140965	-0.110805	-0.120878
33.765514	0.130892	0.140965	-0.110805	-0.110805
33.804592	0.130892	0.140965	-0.100732	-0.110805
33.843674	0.130892	0.130892	-0.090659	-0.110805
33.882755	0.130892	0.130892	-0.090659	-0.110805
33.921837	0.130892	0.130892	-0.100732	-0.110805
33.960918	0.130892	0.130892	-0.110805	-0.110805
