21.940655	0.000000	-0.030220	0.020087	0.030160
21.979643	0.000000	-0.040293	0.020087	0.030160
22.018633	-0.010073	-0.040293	0.020087	0.020087
22.057623	-0.010073	-0.040293	0.020087	0.020087
22.096613	-0.010073	-0.050366	0.020087	0.010014
22.135603	-0.010073	-0.050366	0.020087	0.010014
22.174593	-0.010073	-0.050366	0.030160	0.010014
22.213581	-0.010073	-0.050366	0.030160	0.020087
22.252571	-0.020146	-0.050366	0.030160	0.020087
22.291561	-0.020146	-0.050366	0.030160	0.020087
22.330551	-0.020146	-0.040293	0.030160	0.010014
22.369541	-0.020146	-0.040293	0.030160	0.020087
22.408531	-0.020146	-0.040293	0.030160	0.020087
22.447521	-0.020146	-0.030220	0.030160	0.020087
22.486509	-0.020146	-0.030220	0.040233	0.020087
22.525499	-0.020146	-0.030220	0.040233	0.030160
22.564489	-0.020146	-0.030220	0.040233	0.030160
22.603479	-0.020146	-0.040293	0.030160	0.040233
22.642469	-0.020146	-0.040293	0.030160	0.040233
22.681459	-0.020146	-0.040293	0.030160	0.040233
22.720448	-0.010073	-0.040293	0.040233	0.040233
22.759438	-0.010073	-0.050366	0.040233	0.040233
22.798428	-0.010073	-0.060439	0.040233	0.040233
22.837418	-0.020146	-0.060439	0.030160	0.030160
22.876408	-0.020146	-0.070512	0.030160	0.040233
22.915398	-0.020146	-0.070512	0.030160	0.040233
22.954386	-0.020146	-0.070512	0.030160	0.050306
22.993376	-0.030220	-0.070512	0.030160	0.050306
23.032366	-0.030220	-0.080585	0.030160	0.040233
23.071356	-0.030220	-0.080585	0.030160	0.040233
23.110346	-0.020146	-0.090659	0.030160	0.060380
23.149336	-0.030220	-0.090659	0.020087	0.060380
23.188324	-0.030220	-0.090659	0.020087	0.060380
23.227314	-0.030220	-0.100732	0.020087	0.060380
23.266304	-0.030220	-0.100732	0.030160	0.060380
23.305294	-0.020146	-0.100732	0.040233	0.070453
23.344284	-0.020146	-0.110805	0.030160	0.070453
23.383274	-0.030220	-0.130951	0.030160	0.070453
23.422262	-0.030220	-0.141025	0.030160	0.080526
23.461252	-0.030220	-0.161171	0.030160	0.080526
23.500242	-0.030220	-0.171244	0.030160	0.090599
23.539232	-0.030220	-0.201464	0.020087	0.090599
23.578222	-0.030220	-0.221610	0.020087	0.090599
23.617212	-0.030220	-0.241756	0.030160	0.110745
23.656202	-0.030220	-0.271916	0.040233	0.130892
23.695190	-0.040293	-0.312209	0.040233	0.151038
23.734180	-0.040293	-0.362575	0.040233	0.171185
23.773170	-0.050366	-0.412941	0.040233	0.201404
23.812160	-0.050366	-0.483453	0.040233	0.241697
23.851151	-0.050366	-0.563979	0.040233	0.302076
23.890141	-0.060439	-0.654638	0.040233	0.362515
23.929129	-0.060439	-0.755370	0.040233	0.433028
23.968119	-0.060439	-0.866115	0.050306	0.513613
24.007109	-0.060439	-0.976920	0.060380	0.584066
24.046099	-0.060439	-1.087666	0.060380	0.644505
24.085089	-0.060439	-1.178324	0.060380	0.684798
24.124079	-0.070512	-1.248837	0.050306	0.715017
24.163067	-0.070512	-1.299143	0.050306	0.735164
24.202057	-0.070512	-1.329362	0.050306	0.735164
24.241047	-0.060439	-1.329362	0.050306	0.725091
24.280037	-0.060439	-1.329362	0.050306	0.704944
24.319027	-0.070512	-1.309216	0.050306	0.674725
24.358017	-0.080585	-1.258910	0.060380	0.644505
24.397005	-0.080585	-1.188397	0.060380	0.594139
24.435995	-0.080585	-1.087666	0.060380	0.523627
24.474985	-0.090659	-0.956774	0.070453	0.433028
24.513975	-0.100732	-0.795603	0.070453	0.332296
24.552965	-0.110805	-0.614345	0.070453	0.241697
24.591955	-0.110805	-0.433087	0.070453	0.151038
24.630943	-0.120878	-0.292063	0.070453	0.080526
24.669933	-0.120878	-0.191391	0.070453	0.040233
24.708923	-0.130951	-0.141025	0.070453	0.030160
24.747913	-0.141025	-0.120878	0.080526	0.030160
24.786903	-0.151098	-0.110805	0.080526	0.030160
24.825893	-0.171244	-0.100732	0.090599	0.030160
24.864883	-0.191391	-0.100732	0.090599	0.030160
24.903872	-0.211537	-0.100732	0.100672	0.040233
24.942862	-0.241756	-0.100732	0.110745	0.050306
24.981852	-0.271916	-0.100732	0.120819	0.050306
25.020842	-0.302136	-0.090659	0.140965	0.050306
25.059832	-0.342429	-0.090659	0.161111	0.050306
25.098822	-0.402868	-0.090659	0.181258	0.050306
25.137810	-0.483453	-0.080585	0.191331	0.050306
25.176800	-0.574052	-0.080585	0.221550	0.040233
25.215790	-0.674784	-0.080585	0.251770	0.040233
25.254780	-0.795603	-0.080585	0.292003	0.040233
25.293770	-0.926554	-0.080585	0.322223	0.030160
25.332760	-1.057446	-0.080585	0.362515	0.030160
25.371748	-1.178324	-0.080585	0.392735	0.030160
25.410738	-1.279056	-0.070512	0.422955	0.030160
25.449728	-1.349509	-0.070512	0.443101	0.030160
25.488718	-1.409948	-0.070512	0.463247	0.030160
25.527708	-1.450241	-0.070512	0.463247	0.030160
25.566698	-1.480460	-0.060439	0.463247	0.030160
25.605686	-1.500607	-0.060439	0.443101	0.030160
25.644676	-1.490533	-0.050366	0.412881	0.030160
25.683666	-1.460314	-0.050366	0.382662	0.020087
25.722656	-1.399875	-0.050366	0.332296	0.020087
25.761646	-1.279056	-0.050366	0.302076	0.020087
25.800636	-1.117885	-0.040293	0.261784	0.020087
25.839624	-0.916481	-0.040293	0.211477	0.020087
25.878614	-0.715077	-0.040293	0.171185	0.020087
25.917604	-0.523686	-0.040293	0.140965	0.020087
25.956594	-0.372648	-0.040293	0.120819	0.030160
25.995584	-0.271916	-0.040293	0.110745	0.030160
26.034575	-0.201464	-0.040293	0.100672	0.020087
26.073565	-0.161171	-0.030220	0.080526	0.010014
26.112553	-0.130951	-0.030220	0.080526	0.010014
26.151543	-0.120878	-0.030220	0.070453	0.020087
26.190533	-0.110805	-0.030220	0.060380	0.020087
26.229523	-0.100732	-0.030220	0.060380	0.020087
26.268513	-0.100732	-0.020146	0.060380	0.010014
26.307503	-0.090659	-0.020146	0.060380	0.020087
26.346491	-0.090659	-0.020146	0.070453	0.020087
26.385481	-0.090659	-0.020146	0.070453	0.020087
26.424471	-0.080585	-0.020146	0.060380	0.020087
26.463461	-0.080585	-0.020146	0.050306	0.010014
26.502451	-0.070512	-0.020146	0.050306	0.010014
26.541441	-0.070512	-0.020146	0.040233	0.010014
26.580429	-0.070512	-0.020146	0.030160	0.010014
26.619419	-0.070512	-0.020146	0.020087	0.010014
26.658409	-0.070512	-0.020146	0.020087	0.020087
26.697399	-0.070512	-0.020146	0.020087	0.020087
26.736389	-0.080585	-0.020146	0.030160	0.030160
26.775379	-0.080585	-0.020146	0.030160	0.030160
26.814367	-0.070512	-0.020146	0.030160	0.030160
26.853357	-0.070512	-0.020146	0.030160	0.030160
26.892347	-0.060439	-0.020146	0.030160	0.020087
26.931337	-0.050366	-0.020146	0.020087	0.020087
26.970327	-0.050366	-0.020146	0.030160	0.000000
27.009317	-0.040293	-0.020146	0.030160	-0.010073
27.048306	-0.040293	-0.020146	0.040233	-0.010073
27.087296	-0.040293	-0.020146	0.040233	-0.010073
27.126286	-0.040293	-0.010073	0.030160	-0.010073
27.165276	-0.040293	-0.010073	0.030160	-0.010073
27.204266	-0.040293	-0.010073	0.030160	-0.020146
27.243256	-0.040293	-0.010073	0.030160	-0.010073
27.282246	-0.040293	-0.010073	0.030160	0.000000
27.321234	-0.050366	0.000000	0.030160	0.000000
27.360224	-0.050366	0.000000	0.030160	0.000000
27.399214	-0.040293	0.000000	0.020087	0.010014
27.438204	-0.040293	0.000000	0.020087	0.010014
27.477194	-0.040293	0.000000	0.020087	0.010014
27.516184	-0.030220	0.000000	0.020087	0.010014
27.555172	-0.030220	-0.010073	0.020087	0.020087
27.594162	-0.030220	-0.010073	0.020087	0.020087
27.633152	-0.030220	-0.010073	0.010014	0.030160
27.672142	-0.030220	-0.010073	0.010014	0.040233
27.711132	-0.020146	0.000000	0.020087	0.030160
27.750122	-0.020146	0.000000	0.030160	0.030160
27.789110	-0.020146	0.000000	0.030160	0.020087
27.828100	-0.030220	0.000000	0.030160	0.020087
27.867090	-0.030220	-0.010073	0.020087	0.020087
27.906080	-0.030220	-0.010073	0.020087	0.010014
27.945070	-0.030220	-0.020146	0.020087	0.000000
27.984060	-0.020146	-0.010073	0.020087	0.000000
28.023048	-0.020146	-0.010073	0.020087	0.010014
28.062038	-0.020146	-0.010073	0.020087	0.010014
28.101028	-0.020146	-0.010073	0.020087	0.000000
28.140018	-0.020146	-0.010073	0.030160	0.000000
28.179008	-0.020146	-0.010073	0.030160	0.000000
28.217999	-0.020146	-0.010073	0.020087	0.000000
28.256987	-0.020146	-0.010073	0.020087	0.000000
28.295977	-0.020146	-0.010073	0.020087	0.010014
28.334967	-0.020146	-0.010073	0.020087	0.010014
28.373957	-0.020146	-0.010073	0.020087	0.010014
28.412947	-0.020146	0.000000	0.020087	0.020087
28.451937	-0.020146	0.000000	0.020087	0.020087
28.490927	-0.020146	-0.010073	0.020087	0.010014
28.529915	-0.020146	-0.010073	0.020087	0.010014
28.568905	-0.020146	0.000000	0.010014	0.010014
28.607895	-0.010073	0.000000	0.010014	0.000000
28.646885	-0.010073	0.000000	0.010014	0.000000
28.685875	0.000000	-0.010073	0.010014	0.000000
28.724865	0.000000	-0.010073	0.010014	0.000000
28.763853	0.000000	0.000000	0.000000	0.000000
28.802843	0.000000	0.000000	0.000000	0.000000
28.841833	0.000000	0.000000	0.010014	0.000000
28.880823	-0.010073	0.000000	0.020087	0.000000
28.919813	-0.010073	0.000000	0.020087	0.000000
28.958803	-0.010073	0.000000	0.020087	0.000000
28.997791	0.000000	0.000000	0.020087	0.000000
29.036781	0.000000	0.000000	0.030160	0.000000
29.075771	0.000000	0.000000	0.030160	-0.010073
29.114761	0.000000	0.000000	0.020087	-0.010073
29.153751	0.000000	0.000000	0.020087	-0.020146
29.192741	0.000000	0.000000	0.010014	-0.010073
29.231730	0.000000	0.000000	0.010014	-0.010073
29.270720	0.000000	0.000000	0.000000	-0.010073
29.309710	0.000000	0.000000	0.000000	-0.010073
29.348700	-0.010073	0.000000	0.000000	-0.010073
29.387690	-0.010073	0.000000	0.010014	0.000000
29.426680	-0.010073	0.000000	0.020087	0.000000
29.465668	-0.010073	0.010014	0.010014	0.000000
29.504658	-0.010073	0.010014	0.010014	-0.010073
29.543648	-0.010073	0.010014	0.010014	0.000000
29.582638	-0.010073	0.000000	0.010014	0.000000
29.621628	0.000000	0.000000	0.010014	0.000000
29.660618	0.000000	0.000000	0.000000	0.000000
29.699608	0.000000	0.000000	-0.010073	-0.010073
29.738596	-0.010073	0.000000	0.000000	-0.010073
29.777586	0.000000	0.000000	0.000000	-0.010073
29.816576	0.000000	0.000000	0.000000	0.000000
29.855566	0.000000	0.010014	0.000000	0.000000
29.894556	0.000000	0.010014	0.000000	0.000000
29.933546	0.000000	0.020087	0.010014	0.000000
29.972534	0.000000	0.020087	0.020087	0.000000
30.011524	0.000000	0.020087	0.020087	-0.010073
30.050514	0.000000	0.020087	0.010014	-0.020146
30.089504	0.000000	0.010014	0.010014	-0.020146
30.128494	0.000000	0.010014	0.010014	-0.020146
30.167484	0.010014	0.010014	0.010014	-0.010073
30.206472	0.010014	0.010014	0.010014	-0.010073
30.245462	0.010014	0.010014	0.010014	-0.010073
30.284452	0.010014	0.010014	0.010014	-0.020146
30.323442	0.010014	0.010014	0.010014	-0.020146
30.362432	0.010014	0.010014	0.020087	-0.020146
30.401423	0.010014	0.010014	0.020087	-0.030220
30.440411	0.010014	0.010014	0.010014	-0.020146
30.479401	0.010014	0.000000	0.010014	-0.010073
30.518391	0.010014	0.000000	0.010014	-0.010073
30.557381	0.010014	0.000000	0.010014	-0.010073
30.596371	0.020087	0.000000	0.010014	-0.020146
30.635361	0.020087	0.000000	0.010014	-0.020146
30.674349	0.010014	0.000000	0.010014	-0.020146
30.713339	0.010014	0.010014	0.010014	-0.020146
30.752329	0.010014	0.010014	0.010014	-0.020146
30.791319	0.010014	0.010014	0.010014	-0.020146
30.830309	0.010014	0.020087	0.000000	-0.020146
30.869299	0.010014	0.020087	0.010014	0.000000
30.908289	0.020087	0.020087	0.010014	0.000000
30.947277	0.010014	0.020087	0.010014	0.000000
30.986267	0.010014	0.010014	0.010014	-0.010073
31.025257	0.010014	0.010014	0.010014	-0.010073
31.064247	0.010014	0.010014	0.010014	0.000000
31.103237	0.010014	0.010014	0.010014	0.000000
31.142227	0.010014	0.010014	0.010014	-0.010073
31.181215	0.010014	0.010014	0.020087	-0.020146
31.220205	0.010014	0.010014	0.020087	-0.010073
31.259195	0.010014	0.010014	0.010014	0.000000
31.298185	0.010014	0.010014	0.000000	-0.010073
31.337175	0.010014	0.010014	0.000000	-0.010073
31.376165	0.000000	0.010014	-0.010073	-0.010073
31.415154	0.000000	0.010014	-0.010073	-0.010073
31.454144	0.000000	0.010014	-0.020146	-0.010073
31.493134	0.010014	0.010014	-0.020146	-0.020146
31.532124	0.020087	0.000000	-0.020146	-0.020146
31.571114	0.030160	0.000000	-0.020146	-0.020146
31.610104	0.030160	0.000000	-0.020146	-0.020146
31.649092	0.020087	0.000000	-0.020146	-0.020146
31.688082	0.020087	0.000000	-0.030220	-0.010073
31.727072	0.010014	0.000000	-0.030220	-0.010073
31.766062	0.010014	0.000000	-0.030220	-0.010073
31.805052	0.010014	0.000000	-0.030220	0.000000
31.844042	0.010014	0.000000	-0.020146	0.000000
31.883030	0.010014	0.000000	-0.020146	-0.010073
31.922020	0.010014	0.000000	-0.010073	-0.010073
31.961010	0.000000	0.000000	-0.010073	-0.010073
