20.958424	-0.030220	-0.060439	0.010014	0.050306
20.989719	-0.030220	-0.070512	0.010014	0.050306
21.021015	-0.040293	-0.070512	0.010014	0.050306
21.052311	-0.040293	-0.060439	0.010014	0.060380
21.083607	-0.040293	-0.060439	0.000000	0.070453
21.114902	-0.040293	-0.050366	0.000000	0.070453
21.146198	-0.040293	-0.050366	0.000000	0.080526
21.177494	-0.040293	-0.050366	0.000000	0.080526
21.208790	-0.040293	-0.050366	0.000000	0.080526
21.240086	-0.040293	-0.050366	0.010014	0.090599
21.271381	-0.030220	-0.050366	0.010014	0.100672
21.302677	-0.040293	-0.050366	0.020087	0.100672
21.333973	-0.040293	-0.040293	0.020087	0.110745
21.365271	-0.050366	-0.040293	0.020087	0.120819
21.396566	-0.040293	-0.040293	0.020087	0.120819
21.427862	-0.040293	-0.040293	0.030160	0.140965
21.459158	-0.030220	-0.040293	0.040233	0.151038
21.490454	-0.030220	-0.040293	0.040233	0.161111
21.521749	-0.020146	-0.050366	0.040233	0.171185
21.553045	-0.020146	-0.060439	0.040233	0.171185
21.584341	-0.030220	-0.070512	0.050306	0.181258
21.615637	-0.030220	-0.080585	0.050306	0.191331
21.646933	-0.030220	-0.090659	0.060380	0.201404
21.678228	-0.030220	-0.090659	0.070453	0.211477
21.709524	-0.030220	-0.090659	0.070453	0.231624
21.740820	-0.030220	-0.080585	0.070453	0.251770
21.772116	-0.020146	-0.070512	0.080526	0.271857
21.803411	-0.020146	-0.050366	0.080526	0.281930
21.834707	-0.020146	-0.030220	0.090599	0.292003
21.866005	-0.020146	-0.030220	0.090599	0.302076
21.897301	-0.020146	-0.020146	0.100672	0.312150
21.928596	-0.020146	-0.020146	0.100672	0.312150
21.959892	-0.020146	-0.020146	0.100672	0.322223
21.991188	-0.010073	-0.010073	0.100672	0.322223
22.022484	-0.010073	-0.020146	0.110745	0.332296
22.053780	-0.020146	-0.010073	0.120819	0.342369
22.085075	-0.020146	-0.010073	0.130892	0.352442
22.116371	-0.020146	0.000000	0.130892	0.362515
22.147667	-0.030220	0.000000	0.130892	0.382662
22.178963	-0.030220	-0.010073	0.130892	0.392735
22.210258	-0.030220	-0.010073	0.130892	0.412881
22.241554	-0.030220	-0.010073	0.130892	0.433028
22.272850	-0.030220	-0.010073	0.140965	0.453174
22.304146	-0.030220	-0.010073	0.140965	0.473320
22.335442	-0.030220	-0.010073	0.151038	0.493467
22.366739	-0.030220	-0.010073	0.161111	0.503540
22.398035	-0.030220	0.000000	0.161111	0.513613
22.429331	-0.040293	0.000000	0.171185	0.523627
22.460627	-0.030220	-0.010073	0.171185	0.543773
22.491922	-0.020146	0.000000	0.181258	0.563920
22.523218	-0.020146	0.010014	0.191331	0.594139
22.554514	-0.020146	0.010014	0.211477	0.614285
22.585810	-0.020146	0.010014	0.211477	0.634432
22.617105	-0.020146	0.020087	0.221550	0.664651
22.648401	-0.020146	0.030160	0.231624	0.694871
22.679697	-0.020146	0.040233	0.241697	0.725091
22.710993	-0.030220	0.030160	0.251770	0.745237
22.742289	-0.030220	0.030160	0.261784	0.765383
22.773584	-0.020146	0.020087	0.271857	0.795543
22.804880	-0.020146	0.020087	0.281930	0.825763
22.836176	-0.020146	0.010014	0.292003	0.855982
22.867474	-0.010073	0.010014	0.302076	0.886202
22.898769	0.000000	0.010014	0.312150	0.926495
22.930065	0.020087	0.020087	0.322223	0.966787
22.961361	0.030160	0.020087	0.332296	1.007080
22.992657	0.040233	0.020087	0.332296	1.057386
23.023952	0.030160	0.020087	0.342369	1.097679
23.055248	0.020087	0.030160	0.352442	1.137972
23.086544	0.020087	0.040233	0.362515	1.188338
23.117840	0.010014	0.040233	0.372589	1.238704
23.149136	0.010014	0.040233	0.392735	1.289070
23.180431	0.000000	0.040233	0.412881	1.379669
23.211727	0.000000	0.040233	0.422955	1.440108
23.243023	0.000000	0.040233	0.433028	1.520693
23.274319	0.010014	0.030160	0.453174	1.591146
23.305614	0.020087	0.030160	0.473320	1.681805
23.336912	0.020087	0.020087	0.493467	1.762390
23.368208	0.020087	0.020087	0.513613	1.863062
23.399504	0.020087	0.010014	0.533700	2.004087
23.430799	0.020087	0.010014	0.553846	2.134979
23.462095	0.020087	-0.010073	0.573993	2.265930
23.493391	0.020087	-0.030220	0.584066	2.427042
23.524687	0.010014	-0.060439	0.594139	2.598226
23.555983	0.010014	-0.100732	0.614285	2.799690
23.587278	0.010014	-0.141025	0.634432	3.041387
23.618574	0.020087	-0.191391	0.654578	3.313303
23.649870	0.030160	-0.251830	0.674725	3.625453
23.681166	0.020087	-0.312209	0.704944	3.998101
23.712461	0.010014	-0.382721	0.725091	4.441202
23.743757	0.000000	-0.463307	0.745237	4.974961
23.775053	0.000000	-0.563979	0.775397	5.639672
23.806349	0.000000	-0.674784	0.805616	6.445348
23.837646	0.000000	-0.795603	0.835836	7.442355
23.868942	0.000000	-0.906408	0.866055	8.660913
23.900238	0.010014	-0.997066	0.906348	10.141314
23.931534	0.010014	-1.047373	0.946641	11.883556
23.962830	0.020087	-0.997066	0.986934	13.917923
23.994125	0.030160	-0.825822	1.017153	16.173780
24.025421	0.030160	-0.483453	1.057386	18.530369
24.056717	0.030160	0.060380	1.097679	20.836592
24.088013	0.030160	0.795543	1.137972	22.810459
24.119308	0.030160	1.671731	1.178265	24.170040
24.150604	0.030160	2.588153	1.228631	24.734020
24.181900	0.030160	3.434122	1.278996	24.502337
24.213196	0.040233	4.159212	1.339376	23.726881
24.244492	0.040233	4.763484	1.399815	22.619129
24.275787	0.030160	5.256951	1.460254	21.229326
24.307083	0.030160	5.679905	1.530766	19.537449
24.338381	0.020087	6.062627	1.611292	17.462849
24.369677	0.020087	6.465435	1.701951	14.955163
24.400972	0.020087	6.868303	1.792610	12.054801
24.432268	0.010014	7.261038	1.883209	8.801878
24.463564	0.010014	7.532954	1.983941	5.418062
24.494860	0.000000	7.613540	2.094686	2.286077
24.526155	-0.010073	7.412136	2.215564	-0.211537
24.557451	-0.030220	6.898522	2.356529	-1.752377
24.588747	-0.060439	6.163359	2.507627	-2.286136
24.620043	-0.090659	5.327463	2.668738	-2.135038
24.651339	-0.130951	4.511714	2.870142	-1.671791
24.682634	-0.171244	3.796697	3.091753	-1.148105
24.713930	-0.231683	3.192425	3.343523	-0.664711
24.745226	-0.302136	2.709031	3.635526	-0.261843
24.776522	-0.382721	2.316296	3.977954	0.030160
24.807819	-0.483453	1.983941	4.390836	0.251770
24.839115	-0.614345	1.722097	4.884362	0.402808
24.870411	-0.785530	1.510620	5.478501	0.513613
24.901707	-0.997066	1.319230	6.223738	0.594139
24.933002	-1.279056	1.158118	7.160366	0.664651
24.964298	-1.641572	1.027226	8.328557	0.715017
24.995594	-2.084672	0.916421	9.788871	0.765383
25.026890	-2.588212	0.825763	11.611641	0.805616
25.058186	-3.182411	0.755310	13.837337	0.845909
25.089481	-3.766537	0.704944	16.385258	0.866055
25.120777	-4.139125	0.654578	18.973469	0.866055
25.152073	-4.129052	0.624359	21.239399	0.855982
25.183369	-3.756464	0.594139	22.981644	0.835836
25.214664	-3.101826	0.563920	24.109602	0.815690
25.245960	-2.316356	0.543773	24.633289	0.795543
25.277256	-1.510680	0.523627	24.663507	0.775397
25.308554	-0.745296	0.503540	24.250566	0.755310
25.339849	-0.030220	0.493467	23.444950	0.735164
25.371145	0.674725	0.473320	22.236406	0.715017
25.402441	1.470327	0.453174	20.584822	0.694871
25.433737	2.487481	0.433028	18.409491	0.674725
25.465033	3.836989	0.402808	15.640020	0.654578
25.496328	5.438209	0.382662	12.447536	0.644505
25.527624	6.968975	0.352442	9.083867	0.624359
25.558920	8.066713	0.332296	5.992115	0.614285
25.590216	8.550108	0.322223	3.484488	0.604212
25.621511	8.439362	0.312150	1.651585	0.573993
25.652807	7.885456	0.292003	0.483394	0.563920
25.684103	7.059634	0.281930	-0.130951	0.543773
25.715399	6.143212	0.261784	-0.372648	0.533700
25.746695	5.236804	0.261784	-0.362575	0.523627
25.777990	4.421055	0.251770	-0.241756	0.513613
25.809288	3.716111	0.241697	-0.070512	0.493467
25.840584	3.131986	0.231624	0.110745	0.473320
25.871880	2.648592	0.221550	0.271857	0.463247
25.903175	2.255857	0.211477	0.412881	0.443101
25.934471	1.923501	0.201404	0.513613	0.433028
25.965767	1.651585	0.191331	0.594139	0.433028
25.997063	1.430035	0.181258	0.664651	0.422955
26.028358	1.248777	0.171185	0.715017	0.412881
26.059654	1.087606	0.171185	0.765383	0.402808
26.090950	0.966787	0.161111	0.795543	0.382662
26.122246	0.855982	0.161111	0.825763	0.372589
26.153542	0.775397	0.151038	0.845909	0.362515
26.184837	0.715017	0.140965	0.855982	0.352442
26.216133	0.664651	0.140965	0.866055	0.342369
26.247429	0.634432	0.140965	0.855982	0.332296
26.278725	0.604212	0.140965	0.845909	0.322223
26.310022	0.573993	0.140965	0.825763	0.312150
26.341318	0.543773	0.140965	0.805616	0.302076
26.372614	0.513613	0.130892	0.785470	0.292003
26.403910	0.493467	0.130892	0.765383	0.281930
26.435205	0.473320	0.120819	0.745237	0.281930
26.466501	0.443101	0.120819	0.725091	0.271857
26.497797	0.412881	0.110745	0.704944	0.261784
26.529093	0.392735	0.110745	0.674725	0.251770
26.560389	0.372589	0.110745	0.654578	0.251770
26.591684	0.352442	0.110745	0.634432	0.241697
26.622980	0.332296	0.110745	0.614285	0.231624
26.654276	0.322223	0.100672	0.604212	0.231624
26.685572	0.302076	0.100672	0.584066	0.221550
26.716867	0.292003	0.100672	0.563920	0.211477
26.748163	0.281930	0.090599	0.553846	0.201404
26.779461	0.271857	0.090599	0.533700	0.191331
26.810757	0.261784	0.090599	0.523627	0.191331
26.842052	0.251770	0.080526	0.503540	0.181258
26.873348	0.241697	0.080526	0.483394	0.181258
26.904644	0.231624	0.080526	0.473320	0.181258
26.935940	0.221550	0.090599	0.463247	0.181258
26.967236	0.211477	0.090599	0.453174	0.171185
26.998531	0.201404	0.080526	0.443101	0.171185
27.029827	0.191331	0.080526	0.433028	0.171185
27.061123	0.181258	0.080526	0.422955	0.161111
27.092419	0.171185	0.070453	0.412881	0.161111
27.123714	0.161111	0.070453	0.392735	0.161111
27.155010	0.151038	0.060380	0.382662	0.151038
27.186306	0.151038	0.060380	0.362515	0.151038
27.217602	0.140965	0.060380	0.352442	0.151038
27.248898	0.140965	0.060380	0.342369	0.151038
27.280195	0.130892	0.060380	0.322223	0.151038
27.311491	0.120819	0.060380	0.312150	0.140965
27.342787	0.130892	0.060380	0.302076	0.140965
27.374083	0.130892	0.060380	0.302076	0.130892
27.405378	0.130892	0.060380	0.292003	0.130892
27.436674	0.120819	0.060380	0.281930	0.130892
27.467970	0.110745	0.060380	0.281930	0.130892
27.499266	0.100672	0.060380	0.271857	0.130892
27.530561	0.100672	0.050306	0.261784	0.130892
27.561857	0.100672	0.050306	0.261784	0.120819
27.593153	0.100672	0.050306	0.251770	0.120819
27.624449	0.090599	0.060380	0.241697	0.120819
27.655745	0.090599	0.060380	0.231624	0.120819
27.687040	0.080526	0.060380	0.211477	0.120819
27.718336	0.080526	0.060380	0.201404	0.110745
27.749632	0.080526	0.060380	0.191331	0.110745
27.780930	0.080526	0.070453	0.191331	0.120819
27.812225	0.080526	0.070453	0.181258	0.120819
27.843521	0.080526	0.080526	0.181258	0.120819
27.874817	0.080526	0.080526	0.171185	0.130892
27.906113	0.080526	0.080526	0.161111	0.130892
27.937408	0.070453	0.070453	0.151038	0.130892
27.968704	0.070453	0.070453	0.140965	0.130892
