26.977619	9.970188	12.756586	1100.003052	1100.003052
27.008831	10.003805	12.387276	1100.003052	1100.003052
27.040041	9.903193	11.010885	1100.003052	1100.003052
27.071251	9.835958	10.104656	1100.003052	1100.003052
27.102463	9.668112	9.936810	1100.003052	1100.003052
27.133673	9.366035	11.178732	1100.003052	1100.003052
27.164883	8.996725	12.823820	1100.003052	1100.003052
27.196095	8.594036	13.495207	1100.003052	1100.003052
27.227304	8.191109	12.924433	1100.003052	1100.003052
27.258514	8.090258	11.917353	1100.003052	1100.003052
27.289726	8.157492	10.306120	1100.003052	1100.003052
27.320936	8.996725	8.896112	1100.003052	1100.003052
27.352146	10.037422	7.889032	1100.003052	1100.003052
27.383358	10.675192	7.956028	1100.003052	1100.003052
27.414568	11.346579	10.306120	1100.003052	1100.003052
27.445778	11.749506	11.715889	1100.003052	1100.003052
27.476990	11.548042	11.749506	1100.003052	1100.003052
27.508200	10.003805	11.078119	1100.003052	1100.003052
27.539410	8.862495	10.037422	1100.003052	1100.003052
27.570621	8.392572	9.701729	1100.003052	1100.003052
27.601831	7.653952	10.071039	1100.003052	1100.003052
27.633041	7.553339	10.574579	1100.003052	1100.003052
27.664253	7.620335	11.245966	1100.003052	1100.003052
27.695463	8.258104	11.783123	1100.003052	1100.003052
27.726673	9.567499	11.715889	1100.003052	1100.003052
27.757885	10.608196	11.548042	1100.003052	1100.003052
27.789095	11.413813	11.581659	1100.003052	1100.003052
27.820305	10.843039	12.152433	1100.003052	1100.003052
27.851517	10.540962	12.891054	1100.003052	1100.003052
27.882727	10.708809	13.427973	1100.003052	1100.003052
27.913937	11.413813	13.629436	1100.003052	1100.003052
27.945148	12.152433	13.394594	1100.003052	1100.003052
27.976358	12.488127	12.991667	1100.003052	1100.003052
28.007568	12.253046	12.924433	1100.003052	1100.003052
28.038780	12.353897	13.260126	1100.003052	1100.003052
28.069990	12.655973	13.562441	1100.003052	1100.003052
28.101200	12.085199	13.327360	1100.003052	1100.003052
28.132412	11.111736	12.353897	1100.003052	1100.003052
28.163622	10.339499	11.514664	1100.003052	1100.003052
28.194832	10.238886	11.245966	1100.003052	1100.003052
28.226044	10.742426	11.749506	1100.003052	1100.003052
28.257254	11.313200	12.622356	1100.003052	1100.003052
28.288464	11.111736	12.891054	1100.003052	1100.003052
28.319675	10.910273	12.958050	1100.003052	1100.003052
28.350885	10.776043	12.823820	1100.003052	1100.003052
28.382095	10.138273	12.722969	1100.003052	1100.003052
28.413307	9.433270	12.857437	1100.003052	1100.003052
28.444517	8.828878	12.790203	1100.003052	1100.003052
28.475727	8.594036	12.219429	1100.003052	1100.003052
28.506939	9.399652	12.018204	1100.003052	1100.003052
28.538149	10.977507	12.790203	1100.003052	1100.003052
28.569359	12.823820	13.898134	1100.003052	1100.003052
28.600571	13.965130	14.132977	1100.003052	1100.003052
28.631781	13.763666	13.293743	1100.003052	1100.003052
28.662991	12.756586	12.790203	1100.003052	1100.003052
28.694202	11.682510	12.857437	1100.003052	1100.003052
28.725412	10.943890	12.756586	1100.003052	1100.003052
28.756622	10.037422	12.152433	1100.003052	1100.003052
28.787834	10.205269	11.481047	1100.003052	1100.003052
28.819044	10.742426	11.749506	1100.003052	1100.003052
28.850254	11.984587	12.253046	1100.003052	1100.003052
28.881466	12.320280	12.118816	1100.003052	1100.003052
28.912676	11.816740	11.380196	1100.003052	1100.003052
28.943886	11.984587	10.104656	1100.003052	1100.003052
28.975098	12.219429	9.634495	1100.003052	1100.003052
29.006308	11.615276	9.198189	1100.003052	1100.003052
29.037518	10.876656	9.231806	1100.003052	1100.003052
29.068729	10.708809	10.037422	1100.003052	1100.003052
29.099939	10.708809	11.078119	1100.003052	1100.003052
29.131149	11.010885	11.111736	1100.003052	1100.003052
29.162361	12.085199	10.540962	1100.003052	1100.003052
29.193571	13.025284	10.742426	1100.003052	1100.003052
29.224781	13.562441	11.682510	1100.003052	1100.003052
29.255993	13.461590	11.917353	1100.003052	1100.003052
29.287203	12.387276	11.615276	1100.003052	1100.003052
29.318413	11.413813	10.742426	1100.003052	1100.003052
29.349625	10.977507	9.735346	1100.003052	1100.003052
29.380835	10.641813	10.037422	1100.003052	1100.003052
29.412045	10.608196	10.574579	1100.003052	1100.003052
29.443256	11.145353	10.943890	1100.003052	1100.003052
29.474466	11.615276	11.380196	1100.003052	1100.003052
29.505676	11.145353	11.514664	1100.003052	1100.003052
29.536888	10.507345	11.313200	1100.003052	1100.003052
29.568098	10.171652	10.708809	1100.003052	1100.003052
29.599308	9.903193	10.306120	1100.003052	1100.003052
29.630520	10.205269	10.910273	1100.003052	1100.003052
29.661730	10.708809	11.850357	1100.003052	1100.003052
29.692940	10.876656	12.488127	1100.003052	1100.003052
29.724152	11.447430	12.689590	1100.003052	1100.003052
29.755362	12.353897	12.655973	1100.003052	1100.003052
29.786572	13.025284	12.588739	1100.003052	1100.003052
29.817783	12.991667	12.454510	1100.003052	1100.003052
29.848993	12.454510	12.420893	1100.003052	1100.003052
29.880203	11.984587	12.219429	1100.003052	1100.003052
29.911415	11.581659	11.682510	1100.003052	1100.003052
29.942625	11.279583	11.648893	1100.003052	1100.003052
29.973835	10.910273	11.783123	1100.003052	1100.003052
30.005047	10.238886	11.548042	1100.003052	1100.003052
30.036257	9.802341	11.313200	1100.003052	1100.003052
30.067467	10.104656	11.212349	1100.003052	1100.003052
30.098679	10.708809	11.514664	1100.003052	1100.003052
30.129889	11.111736	11.984587	1100.003052	1100.003052
30.161098	11.346579	12.488127	1100.003052	1100.003052
30.192310	11.380196	13.293743	1100.003052	1100.003052
30.223520	11.313200	13.696671	1100.003052	1100.003052
30.254730	11.010885	13.629436	1100.003052	1100.003052
30.285942	10.339499	13.528824	1100.003052	1100.003052
30.317152	9.835958	13.663054	1100.003052	1100.003052
30.348362	9.634495	13.495207	1100.003052	1100.003052
30.379574	10.037422	13.394594	1100.003052	1100.003052
30.410784	11.010885	13.663054	1100.003052	1100.003052
30.441994	11.749506	13.730288	1100.003052	1100.003052
30.473206	12.219429	13.159513	1100.003052	1100.003052
30.504416	12.085199	12.588739	1100.003052	1100.003052
30.535625	11.648893	12.655973	1100.003052	1100.003052
30.566837	11.380196	13.394594	1100.003052	1100.003052
30.598047	11.212349	13.763666	1100.003052	1100.003052
30.629257	11.447430	13.427973	1100.003052	1100.003052
30.660469	11.346579	12.186050	1100.003052	1100.003052
30.691679	10.977507	11.044502	1100.003052	1100.003052
30.722889	10.675192	11.178732	1100.003052	1100.003052
30.754101	10.776043	11.615276	1100.003052	1100.003052
30.785311	11.447430	11.648893	1100.003052	1100.003052
30.816521	11.682510	11.850357	1100.003052	1100.003052
30.847733	11.346579	12.488127	1100.003052	1100.003052
30.878942	11.413813	13.360977	1100.003052	1100.003052
30.910152	11.816740	13.830900	1100.003052	1100.003052
30.941364	11.715889	14.166594	1100.003052	1100.003052
30.972574	10.843039	14.200211	1100.003052	1100.003052
31.003784	9.231806	13.763666	1100.003052	1100.003052
31.034996	9.063959	12.286663	1100.003052	1100.003052
31.066206	9.634495	10.473967	1100.003052	1100.003052
31.097416	10.675192	9.634495	1100.003052	1100.003052
31.128628	11.682510	10.003805	1100.003052	1100.003052
31.159838	12.622356	10.540962	1100.003052	1100.003052
31.191048	13.293743	10.675192	1100.003052	1100.003052
31.222260	13.260126	10.574579	1100.003052	1100.003052
31.253469	12.051582	11.245966	1100.003052	1100.003052
31.284679	10.406733	11.447430	1100.003052	1100.003052
31.315889	9.500265	11.481047	1100.003052	1100.003052
31.347101	9.332418	11.682510	1100.003052	1100.003052
31.378311	9.601116	12.588739	1100.003052	1100.003052
31.409521	10.440350	13.528824	1100.003052	1100.003052
31.440733	11.245966	13.293743	1100.003052	1100.003052
31.471943	11.682510	12.186050	1100.003052	1100.003052
31.503153	12.353897	11.481047	1100.003052	1100.003052
31.534365	13.058901	10.977507	1100.003052	1100.003052
31.565575	12.924433	11.044502	1100.003052	1100.003052
31.596785	11.917353	11.682510	1100.003052	1100.003052
31.627996	10.708809	12.387276	1100.003052	1100.003052
31.659206	10.205269	13.159513	1100.003052	1100.003052
31.690416	10.809660	13.360977	1100.003052	1100.003052
31.721628	11.481047	13.025284	1100.003052	1100.003052
31.752838	11.346579	12.219429	1100.003052	1100.003052
31.784048	10.406733	11.615276	1100.003052	1100.003052
31.815260	9.601116	11.615276	1100.003052	1100.003052
31.846470	9.634495	12.118816	1100.003052	1100.003052
31.877680	10.306120	12.722969	1100.003052	1100.003052
31.908892	10.238886	12.924433	1100.003052	1100.003052
31.940102	10.138273	12.454510	1100.003052	1100.003052
31.971312	10.473967	12.152433	1100.003052	1100.003052
32.002522	10.406733	12.320280	1100.003052	1100.003052
32.033733	10.440350	12.219429	1100.003052	1100.003052
32.064945	10.742426	12.253046	1100.003052	1100.003052
32.096153	11.044502	12.555122	1100.003052	1100.003052
32.127365	10.977507	12.924433	1100.003052	1100.003052
32.158577	9.936810	12.722969	1100.003052	1100.003052
32.189785	7.721186	11.850357	1100.003052	1100.003052
32.220997	5.941868	11.078119	1100.003052	1100.003052
32.252209	5.505323	10.708809	1100.003052	1100.003052
32.283417	6.411791	11.010885	1100.003052	1100.003052
32.314629	8.459568	11.883736	1100.003052	1100.003052
32.345840	9.433270	12.722969	1100.003052	1100.003052
32.377048	10.675192	12.891054	1100.003052	1100.003052
32.408260	12.219429	12.420893	1100.003052	1100.003052
32.439472	12.555122	12.018204	1100.003052	1100.003052
32.470680	12.387276	12.387276	1100.003052	1100.003052
32.501892	11.917353	12.991667	1100.003052	1100.003052
32.533104	10.608196	12.756586	1100.003052	1100.003052
32.564312	10.507345	12.689590	1100.003052	1100.003052
32.595524	11.413813	12.387276	1100.003052	1100.003052
32.626736	11.984587	11.346579	1100.003052	1100.003052
32.657944	11.648893	11.145353	1100.003052	1100.003052
32.689156	11.615276	11.749506	1100.003052	1100.003052
32.720367	12.387276	12.118816	1100.003052	1100.003052
32.751575	12.891054	12.051582	1100.003052	1100.003052
32.782787	12.722969	12.286663	1100.003052	1100.003052
32.813999	12.689590	12.622356	1100.003052	1100.003052
32.845207	12.722969	12.588739	1100.003052	1100.003052
32.876419	11.917353	12.521744	1100.003052	1100.003052
32.907631	10.608196	12.555122	1100.003052	1100.003052
32.938839	10.037422	12.521744	1100.003052	1100.003052
32.970051	10.003805	11.783123	1100.003052	1100.003052
33.001263	10.373116	10.977507	1100.003052	1100.003052
33.032471	11.111736	10.071039	1100.003052	1100.003052
33.063683	11.145353	9.903193	1100.003052	1100.003052
33.094894	9.164572	10.776043	1100.003052	1100.003052
33.126102	7.788181	12.152433	1100.003052	1100.003052
33.157314	9.265423	13.058901	1100.003052	1100.003052
33.188526	11.447430	13.159513	1100.003052	1100.003052
33.219734	12.622356	12.320280	1100.003052	1100.003052
33.250946	13.226748	11.481047	1100.003052	1100.003052
33.282158	13.528824	11.245966	1100.003052	1100.003052
33.313366	12.924433	11.178732	1100.003052	1100.003052
33.344578	12.387276	11.816740	1100.003052	1100.003052
33.375790	12.118816	12.085199	1100.003052	1100.003052
33.406998	12.051582	11.682510	1100.003052	1100.003052
33.438210	12.085199	11.715889	1100.003052	1100.003052
33.469421	11.950970	11.917353	1100.003052	1100.003052
33.500629	11.615276	11.682510	1100.003052	1100.003052
33.531841	11.212349	11.078119	1100.003052	1100.003052
33.563053	10.977507	10.910273	1100.003052	1100.003052
33.594261	11.010885	11.380196	1100.003052	1100.003052
33.625473	11.044502	11.615276	1100.003052	1100.003052
33.656685	11.514664	11.648893	1100.003052	1100.003052
33.687893	12.118816	11.313200	1100.003052	1100.003052
33.719105	12.219429	11.111736	1100.003052	1100.003052
33.750317	11.850357	11.447430	1100.003052	1100.003052
33.781525	11.245966	12.253046	1100.003052	1100.003052
33.812737	10.507345	11.548042	1100.003052	1100.003052
33.843948	9.533882	9.332418	1100.003052	1100.003052
33.875156	9.265423	7.486105	1100.003052	1100.003052
33.906368	10.003805	7.351875	1100.003052	1100.003052
33.937580	10.776043	8.392572	1100.003052	1100.003052
33.968788	10.675192	9.936810	1100.003052	1100.003052
