26.977619	-0.268698	-0.839472	-0.268698	-0.436544
27.008831	-0.268698	-0.839472	-0.235081	-0.436544
27.040041	-0.235081	-0.839472	-0.235081	-0.436544
27.071251	-0.235081	-0.839472	-0.201464	-0.436544
27.102463	-0.201464	-0.839472	-0.201464	-0.436544
27.133673	-0.201464	-0.805855	-0.168085	-0.436544
27.164883	-0.201464	-0.772238	-0.201464	-0.436544
27.196095	-0.235081	-0.738621	-0.201464	-0.402927
27.227304	-0.235081	-0.738621	-0.235081	-0.436544
27.258514	-0.235081	-0.738621	-0.235081	-0.436544
27.289726	-0.268698	-0.705004	-0.235081	-0.436544
27.320936	-0.268698	-0.638008	-0.268698	-0.402927
27.352146	-0.302315	-0.638008	-0.268698	-0.436544
27.383358	-0.335932	-0.604391	-0.302315	-0.436544
27.414568	-0.369310	-0.604391	-0.335932	-0.436544
27.445778	-0.369310	-0.604391	-0.335932	-0.436544
27.476990	-0.402927	-0.604391	-0.335932	-0.436544
27.508200	-0.402927	-0.604391	-0.369310	-0.436544
27.539410	-0.402927	-0.671625	-0.335932	-0.436544
27.570621	-0.369310	-0.738621	-0.302315	-0.470161
27.601831	-0.369310	-0.772238	-0.302315	-0.470161
27.633041	-0.369310	-0.805855	-0.302315	-0.470161
27.664253	-0.369310	-0.839472	-0.302315	-0.470161
27.695463	-0.369310	-0.872850	-0.268698	-0.470161
27.726673	-0.369310	-0.906467	-0.235081	-0.470161
27.757885	-0.335932	-0.906467	-0.201464	-0.470161
27.789095	-0.302315	-0.906467	-0.201464	-0.470161
27.820305	-0.302315	-0.906467	-0.168085	-0.470161
27.851517	-0.302315	-0.906467	-0.168085	-0.470161
27.882727	-0.302315	-0.872850	-0.168085	-0.470161
27.913937	-0.302315	-0.872850	-0.134468	-0.436544
27.945148	-0.302315	-0.805855	-0.134468	-0.402927
27.976358	-0.302315	-0.772238	-0.100851	-0.369310
28.007568	-0.268698	-0.738621	-0.100851	-0.335932
28.038780	-0.235081	-0.705004	-0.067234	-0.335932
28.069990	-0.235081	-0.705004	-0.067234	-0.335932
28.101200	-0.235081	-0.705004	-0.100851	-0.335932
28.132412	-0.268698	-0.705004	-0.134468	-0.302315
28.163622	-0.302315	-0.671625	-0.201464	-0.268698
28.194832	-0.369310	-0.638008	-0.235081	-0.268698
28.226044	-0.402927	-0.638008	-0.302315	-0.235081
28.257254	-0.470161	-0.638008	-0.335932	-0.235081
28.288464	-0.470161	-0.671625	-0.369310	-0.235081
28.319675	-0.503778	-0.705004	-0.402927	-0.268698
28.350885	-0.470161	-0.738621	-0.436544	-0.302315
28.382095	-0.470161	-0.738621	-0.436544	-0.335932
28.413307	-0.470161	-0.738621	-0.436544	-0.369310
28.444517	-0.470161	-0.772238	-0.470161	-0.369310
28.475727	-0.470161	-0.805855	-0.470161	-0.402927
28.506939	-0.470161	-0.805855	-0.436544	-0.402927
28.538149	-0.436544	-0.805855	-0.436544	-0.470161
28.569359	-0.402927	-0.805855	-0.402927	-0.503778
28.600571	-0.335932	-0.805855	-0.335932	-0.537157
28.631781	-0.335932	-0.805855	-0.335932	-0.570774
28.662991	-0.335932	-0.839472	-0.335932	-0.604391
28.694202	-0.369310	-0.839472	-0.335932	-0.604391
28.725412	-0.369310	-0.839472	-0.335932	-0.604391
28.756622	-0.402927	-0.805855	-0.335932	-0.570774
28.787834	-0.369310	-0.805855	-0.335932	-0.503778
28.819044	-0.335932	-0.772238	-0.335932	-0.470161
28.850254	-0.335932	-0.738621	-0.335932	-0.436544
28.881466	-0.302315	-0.738621	-0.335932	-0.436544
28.912676	-0.302315	-0.738621	-0.335932	-0.402927
28.943886	-0.302315	-0.705004	-0.335932	-0.402927
28.975098	-0.335932	-0.705004	-0.335932	-0.369310
29.006308	-0.335932	-0.671625	-0.335932	-0.369310
29.037518	-0.335932	-0.638008	-0.335932	-0.335932
29.068729	-0.369310	-0.604391	-0.335932	-0.302315
29.099939	-0.369310	-0.570774	-0.369310	-0.268698
29.131149	-0.402927	-0.537157	-0.369310	-0.235081
29.162361	-0.402927	-0.503778	-0.369310	-0.235081
29.193571	-0.436544	-0.537157	-0.402927	-0.268698
29.224781	-0.436544	-0.604391	-0.436544	-0.335932
29.255993	-0.470161	-0.638008	-0.436544	-0.402927
29.287203	-0.503778	-0.705004	-0.470161	-0.436544
29.318413	-0.503778	-0.705004	-0.470161	-0.470161
29.349625	-0.503778	-0.705004	-0.470161	-0.503778
29.380835	-0.470161	-0.705004	-0.436544	-0.503778
29.412045	-0.436544	-0.705004	-0.402927	-0.470161
29.443256	-0.402927	-0.705004	-0.369310	-0.436544
29.474466	-0.402927	-0.738621	-0.369310	-0.402927
29.505676	-0.402927	-0.738621	-0.369310	-0.369310
29.536888	-0.402927	-0.772238	-0.402927	-0.369310
29.568098	-0.369310	-0.805855	-0.369310	-0.335932
29.599308	-0.369310	-0.772238	-0.369310	-0.302315
29.630520	-0.369310	-0.772238	-0.335932	-0.235081
29.661730	-0.369310	-0.772238	-0.335932	-0.201464
29.692940	-0.369310	-0.772238	-0.335932	-0.201464
29.724152	-0.369310	-0.772238	-0.302315	-0.201464
29.755362	-0.369310	-0.772238	-0.302315	-0.201464
29.786572	-0.369310	-0.738621	-0.302315	-0.201464
29.817783	-0.402927	-0.705004	-0.335932	-0.201464
29.848993	-0.436544	-0.705004	-0.335932	-0.201464
29.880203	-0.436544	-0.705004	-0.369310	-0.235081
29.911415	-0.436544	-0.705004	-0.402927	-0.268698
29.942625	-0.436544	-0.738621	-0.402927	-0.302315
29.973835	-0.436544	-0.772238	-0.436544	-0.335932
30.005047	-0.470161	-0.805855	-0.436544	-0.335932
30.036257	-0.470161	-0.839472	-0.470161	-0.335932
30.067467	-0.537157	-0.872850	-0.503778	-0.335932
30.098679	-0.570774	-0.872850	-0.537157	-0.335932
30.129889	-0.570774	-0.872850	-0.537157	-0.335932
30.161098	-0.604391	-0.872850	-0.503778	-0.335932
30.192310	-0.570774	-0.872850	-0.503778	-0.335932
30.223520	-0.570774	-0.872850	-0.503778	-0.335932
30.254730	-0.537157	-0.872850	-0.503778	-0.335932
30.285942	-0.537157	-0.839472	-0.503778	-0.335932
30.317152	-0.537157	-0.839472	-0.470161	-0.369310
30.348362	-0.503778	-0.839472	-0.470161	-0.369310
30.379574	-0.470161	-0.805855	-0.470161	-0.369310
30.410784	-0.436544	-0.805855	-0.436544	-0.335932
30.441994	-0.402927	-0.805855	-0.402927	-0.302315
30.473206	-0.402927	-0.805855	-0.369310	-0.302315
30.504416	-0.369310	-0.805855	-0.369310	-0.302315
30.535625	-0.369310	-0.839472	-0.335932	-0.302315
30.566837	-0.369310	-0.839472	-0.335932	-0.335932
30.598047	-0.369310	-0.872850	-0.369310	-0.335932
30.629257	-0.369310	-0.872850	-0.369310	-0.369310
30.660469	-0.402927	-0.906467	-0.402927	-0.402927
30.691679	-0.402927	-0.906467	-0.402927	-0.402927
30.722889	-0.402927	-0.906467	-0.402927	-0.402927
30.754101	-0.436544	-0.906467	-0.436544	-0.369310
30.785311	-0.470161	-0.906467	-0.470161	-0.369310
30.816521	-0.503778	-0.940084	-0.503778	-0.369310
30.847733	-0.537157	-0.940084	-0.537157	-0.369310
30.878942	-0.570774	-0.940084	-0.537157	-0.335932
30.910152	-0.570774	-0.906467	-0.537157	-0.268698
30.941364	-0.570774	-0.872850	-0.537157	-0.235081
30.972574	-0.537157	-0.839472	-0.537157	-0.235081
31.003784	-0.537157	-0.839472	-0.537157	-0.201464
31.034996	-0.537157	-0.805855	-0.503778	-0.201464
31.066206	-0.537157	-0.772238	-0.503778	-0.168085
31.097416	-0.503778	-0.738621	-0.503778	-0.168085
31.128628	-0.503778	-0.705004	-0.470161	-0.134468
31.159838	-0.470161	-0.705004	-0.470161	-0.134468
31.191048	-0.436544	-0.671625	-0.436544	-0.134468
31.222260	-0.436544	-0.671625	-0.436544	-0.134468
31.253469	-0.470161	-0.671625	-0.436544	-0.134468
31.284679	-0.470161	-0.705004	-0.436544	-0.168085
31.315889	-0.470161	-0.738621	-0.436544	-0.201464
31.347101	-0.470161	-0.772238	-0.470161	-0.268698
31.378311	-0.470161	-0.805855	-0.436544	-0.302315
31.409521	-0.470161	-0.805855	-0.436544	-0.335932
31.440733	-0.470161	-0.772238	-0.436544	-0.335932
31.471943	-0.503778	-0.772238	-0.436544	-0.369310
31.503153	-0.470161	-0.772238	-0.436544	-0.402927
31.534365	-0.470161	-0.805855	-0.402927	-0.369310
31.565575	-0.503778	-0.805855	-0.402927	-0.335932
31.596785	-0.503778	-0.805855	-0.402927	-0.335932
31.627996	-0.537157	-0.805855	-0.436544	-0.302315
31.659206	-0.570774	-0.805855	-0.436544	-0.302315
31.690416	-0.604391	-0.805855	-0.470161	-0.268698
31.721628	-0.638008	-0.772238	-0.470161	-0.235081
31.752838	-0.604391	-0.738621	-0.402927	-0.201464
31.784048	-0.604391	-0.705004	-0.369310	-0.201464
31.815260	-0.570774	-0.705004	-0.335932	-0.168085
31.846470	-0.570774	-0.705004	-0.335932	-0.168085
31.877680	-0.570774	-0.705004	-0.335932	-0.168085
31.908892	-0.604391	-0.705004	-0.369310	-0.168085
31.940102	-0.604391	-0.738621	-0.369310	-0.134468
31.971312	-0.604391	-0.738621	-0.369310	-0.168085
32.002522	-0.570774	-0.738621	-0.369310	-0.168085
32.033733	-0.537157	-0.738621	-0.335932	-0.201464
32.064945	-0.503778	-0.705004	-0.302315	-0.201464
32.096153	-0.470161	-0.738621	-0.302315	-0.201464
32.127365	-0.503778	-0.738621	-0.302315	-0.201464
32.158577	-0.537157	-0.772238	-0.335932	-0.235081
32.189785	-0.570774	-0.805855	-0.402927	-0.235081
32.220997	-0.604391	-0.805855	-0.436544	-0.268698
32.252209	-0.638008	-0.805855	-0.470161	-0.302315
32.283417	-0.638008	-0.805855	-0.470161	-0.302315
32.314629	-0.638008	-0.772238	-0.436544	-0.268698
32.345840	-0.638008	-0.738621	-0.402927	-0.268698
32.377048	-0.638008	-0.705004	-0.369310	-0.268698
32.408260	-0.638008	-0.671625	-0.335932	-0.268698
32.439472	-0.671625	-0.671625	-0.302315	-0.302315
32.470680	-0.671625	-0.705004	-0.302315	-0.302315
32.501892	-0.671625	-0.705004	-0.302315	-0.335932
32.533104	-0.671625	-0.738621	-0.335932	-0.302315
32.564312	-0.671625	-0.738621	-0.335932	-0.302315
32.595524	-0.671625	-0.738621	-0.335932	-0.268698
32.626736	-0.638008	-0.738621	-0.369310	-0.268698
32.657944	-0.604391	-0.772238	-0.369310	-0.268698
32.689156	-0.604391	-0.772238	-0.369310	-0.302315
32.720367	-0.638008	-0.772238	-0.369310	-0.302315
32.751575	-0.671625	-0.738621	-0.369310	-0.302315
32.782787	-0.705004	-0.738621	-0.402927	-0.302315
32.813999	-0.705004	-0.738621	-0.436544	-0.268698
32.845207	-0.738621	-0.738621	-0.470161	-0.268698
32.876419	-0.738621	-0.738621	-0.503778	-0.268698
32.907631	-0.738621	-0.738621	-0.503778	-0.268698
32.938839	-0.705004	-0.738621	-0.503778	-0.302315
32.970051	-0.738621	-0.705004	-0.503778	-0.335932
33.001263	-0.738621	-0.705004	-0.537157	-0.369310
33.032471	-0.738621	-0.705004	-0.537157	-0.402927
33.063683	-0.738621	-0.705004	-0.537157	-0.436544
33.094894	-0.705004	-0.738621	-0.503778	-0.436544
33.126102	-0.705004	-0.738621	-0.503778	-0.402927
33.157314	-0.705004	-0.738621	-0.470161	-0.369310
33.188526	-0.705004	-0.738621	-0.470161	-0.402927
33.219734	-0.705004	-0.772238	-0.436544	-0.402927
33.250946	-0.738621	-0.805855	-0.436544	-0.402927
33.282158	-0.772238	-0.839472	-0.436544	-0.402927
33.313366	-0.772238	-0.839472	-0.436544	-0.402927
33.344578	-0.772238	-0.839472	-0.436544	-0.402927
33.375790	-0.772238	-0.805855	-0.436544	-0.436544
33.406998	-0.772238	-0.772238	-0.436544	-0.436544
33.438210	-0.772238	-0.772238	-0.436544	-0.436544
33.469421	-0.772238	-0.738621	-0.470161	-0.402927
33.500629	-0.772238	-0.705004	-0.470161	-0.402927
33.531841	-0.772238	-0.705004	-0.503778	-0.402927
33.563053	-0.805855	-0.705004	-0.503778	-0.402927
33.594261	-0.872850	-0.738621	-0.537157	-0.436544
33.625473	-0.906467	-0.738621	-0.537157	-0.436544
33.656685	-0.906467	-0.738621	-0.537157	-0.402927
33.687893	-0.940084	-0.738621	-0.570774	-0.369310
33.719105	-0.940084	-0.705004	-0.604391	-0.335932
33.750317	-0.940084	-0.705004	-0.604391	-0.302315
33.781525	-0.940084	-0.738621	-0.570774	-0.335932
33.812737	-0.940084	-0.772238	-0.570774	-0.369310
33.843948	-0.940084	-0.805855	-0.570774	-0.402927
33.875156	-0.940084	-0.805855	-0.604391	-0.436544
33.906368	-0.906467	-0.805855	-0.570774	-0.470161
33.937580	-0.906467	-0.805855	-0.570774	-0.503778
33.968788	-0.872850	-0.839472	-0.537157	-0.537157
