21.940655	0.550538	0.151053	1.289070	-0.073865
21.950029	0.453174	0.097349	1.044005	-0.181288
21.959404	0.355825	-0.023499	0.768736	-0.318915
21.968779	0.198051	-0.154421	0.473320	-0.469983
21.978153	-0.057071	-0.241712	0.110775	-0.651255
21.987530	-0.308841	-0.322267	-0.339061	-0.872821
21.996904	-0.510260	-0.456557	-0.778824	-1.064166
22.006279	-0.711679	-0.600904	-1.134664	-1.171589
22.015654	-0.856027	-0.664681	-1.399860	-1.242086
22.025028	-0.950024	-0.671402	-1.567706	-1.268938
22.034403	-1.030594	-0.684828	-1.685202	-1.188368
22.043779	-1.111165	-0.664681	-1.769125	-1.033947
22.053154	-1.154795	-0.580758	-1.792625	-0.913098
22.062529	-1.161516	-0.503555	-1.759052	-0.839248
22.071903	-1.161516	-0.449836	-1.718760	-0.768751
22.081278	-1.138017	-0.355840	-1.708701	-0.711679
22.090654	-1.070872	-0.255138	-1.681834	-0.661328
22.100029	-1.044020	-0.204787	-1.574412	-0.584111
22.109404	-1.013801	-0.177920	-1.383066	-0.463262
22.118778	-0.896320	-0.127569	-1.091018	-0.318915
22.128153	-0.681475	-0.070497	-0.698254	-0.177920
22.137529	-0.490129	-0.053719	-0.241712	-0.026867
22.146904	-0.322267	-0.023499	0.191346	0.177905
22.156279	-0.117496	0.083923	0.553891	0.416249
22.165653	0.144348	0.238329	0.882864	0.574037
22.175028	0.345752	0.318900	1.174927	0.617668
22.184402	0.480041	0.305474	1.403198	0.617668
22.193779	0.557244	0.298768	1.557618	0.594169
22.203154	0.547171	0.295401	1.634821	0.580743
22.212528	0.506893	0.265196	1.597896	0.584096
22.221903	0.516966	0.238329	1.487121	0.614315
22.231277	0.543818	0.268549	1.369625	0.647888
22.240654	0.493467	0.339046	1.245424	0.671387
22.250029	0.409544	0.359192	1.111150	0.704959
22.259403	0.355825	0.342399	1.000360	0.728458
22.268778	0.295401	0.315547	0.916436	0.664666
22.278152	0.198051	0.245050	0.815734	0.449821
22.287527	0.077203	0.093982	0.644535	0.137627
22.296904	-0.036940	-0.067145	0.429690	-0.201419
22.306278	-0.208139	-0.218213	0.191346	-0.563979
22.315653	-0.443131	-0.429690	-0.144362	-0.869453
22.325027	-0.678107	-0.624403	-0.587478	-1.054093
22.334402	-0.899673	-0.688180	-1.037300	-1.148090
22.343779	-1.141369	-0.641182	-1.440138	-1.215219
22.353153	-1.339436	-0.610977	-1.772478	-1.208514
22.362528	-1.453564	-0.594184	-1.994044	-1.121223
22.371902	-1.503915	-0.553906	-2.074599	-1.037300
22.381277	-1.554281	-0.520334	-2.091393	-1.003742
22.390654	-1.574412	-0.527054	-2.114892	-1.003742
22.400028	-1.497209	-0.557259	-2.131671	-1.033947
22.409403	-1.393139	-0.550553	-2.077967	-1.101092
22.418777	-1.326010	-0.543833	-1.957104	-1.121223
22.428152	-1.268938	-0.520334	-1.809403	-1.010448
22.437527	-1.148090	-0.436410	-1.597911	-0.765398
22.446903	-0.980243	-0.278637	-1.289070	-0.459909
22.456278	-0.788897	-0.093997	-0.916451	-0.151068
22.465652	-0.533760	0.114128	-0.496835	0.181273
22.475027	-0.184640	0.362545	0.003353	0.537112
22.484402	0.187978	0.570670	0.560597	0.805661
22.493778	0.463247	0.634462	1.064152	0.973508
22.503153	0.647888	0.607595	1.430050	1.040652
22.512527	0.782162	0.563964	1.644894	0.993654
22.521902	0.819087	0.516966	1.728818	0.866085
22.531277	0.778809	0.480041	1.675114	0.738516
22.540651	0.718385	0.480041	1.547545	0.651240
22.550028	0.617668	0.510246	1.403198	0.587463
22.559402	0.476673	0.480041	1.215205	0.506893
22.568777	0.325620	0.359192	0.939935	0.396118
22.578152	0.208125	0.224903	0.641167	0.241697
22.587526	0.120848	0.093982	0.375971	-0.026867
22.596903	-0.006720	-0.087291	0.127554	-0.419632
22.606277	-0.211492	-0.339061	-0.164494	-0.835896
22.615652	-0.453189	-0.580758	-0.503555	-1.228645
22.625027	-0.721753	-0.798956	-0.903025	-1.584485
22.634401	-1.000375	-0.993669	-1.349509	-1.883253
22.643778	-1.218587	-1.158163	-1.789257	-2.067894
22.653152	-1.383066	-1.208514	-2.114892	-2.101466
22.662527	-1.517355	-1.114517	-2.292812	-2.014175
22.671902	-1.597911	-1.000375	-2.370015	-1.822829
22.681276	-1.560986	-0.913098	-2.366662	-1.510635
22.690651	-1.446858	-0.785530	-2.262592	-1.121223
22.700027	-1.312569	-0.563979	-2.044394	-0.748605
22.709402	-1.127943	-0.339061	-1.752332	-0.466630
22.718777	-0.886247	-0.184640	-1.450211	-0.278637
22.728151	-0.621051	-0.036940	-1.131296	-0.171214
22.737526	-0.456557	0.104055	-0.788897	-0.117496
22.746902	-0.399485	0.174552	-0.476688	-0.070497
22.756277	-0.328988	0.208125	-0.208139	0.053704
22.765652	-0.204787	0.298768	0.077203	0.248402
22.775026	-0.110790	0.463247	0.389397	0.463247
22.784401	-0.067145	0.617668	0.644535	0.664666
22.793777	0.000000	0.708312	0.832513	0.835881
22.803152	0.134274	0.718385	1.010433	0.943303
22.812527	0.295401	0.624388	1.174927	0.903010
22.821901	0.392750	0.406191	1.275629	0.708312
22.831276	0.443116	0.187978	1.332700	0.433043
22.840651	0.436395	-0.010073	1.383051	0.077203
22.850027	0.362545	-0.224918	1.359552	-0.345767
22.859402	0.295401	-0.466630	1.225278	-0.735179
22.868776	0.275269	-0.634477	1.050726	-1.037300
22.878151	0.251770	-0.691533	0.892937	-1.268938
22.887526	0.167847	-0.708327	0.735164	-1.379713
22.896902	0.063777	-0.708327	0.537112	-1.322642
22.906277	-0.040293	-0.647902	0.325620	-1.161516
22.915651	-0.184640	-0.557259	0.093982	-1.017168
22.925026	-0.355840	-0.527054	-0.181288	-0.919819
22.934401	-0.483409	-0.510260	-0.469983	-0.825822
22.943775	-0.631109	-0.463262	-0.741899	-0.802323
22.953152	-0.809029	-0.469983	-0.993669	-0.872821
22.962526	-0.929877	-0.547186	-1.245439	-0.956744
22.971901	-1.017168	-0.584111	-1.456931	-0.956744
22.981276	-1.111165	-0.486761	-1.591206	-0.889599
22.990650	-1.171589	-0.335708	-1.618057	-0.772104
23.000027	-1.141369	-0.201419	-1.487136	-0.567332
23.009401	-1.047373	-0.060439	-1.228645	-0.265211
23.018776	-0.953376	0.137627	-0.936598	0.080556
23.028151	-0.825822	0.318900	-0.654608	0.389397
23.037525	-0.624403	0.406191	-0.335708	0.590816
23.046902	-0.426337	0.402823	0.033557	0.715017
23.056276	-0.221565	0.386044	0.382692	0.711665
23.065651	-0.006720	0.328973	0.731811	0.631094
23.075026	0.167847	0.258476	1.054078	0.550538
23.084400	0.281975	0.245050	1.265571	0.500172
23.093775	0.372618	0.315547	1.399845	0.456542
23.103151	0.436395	0.419617	1.493841	0.469968
23.112526	0.446469	0.490114	1.554266	0.580743
23.121901	0.456542	0.537112	1.560971	0.745237
23.131275	0.513613	0.563964	1.557618	0.879511
23.140650	0.570670	0.533745	1.581118	0.903010
23.150026	0.570670	0.396118	1.587838	0.795588
23.159401	0.543818	0.208125	1.503915	0.604242
23.168776	0.480041	0.033557	1.315922	0.315547
23.178150	0.332326	-0.144362	1.030579	-0.020146
23.187525	0.097349	-0.325635	0.614315	-0.268564
23.196901	-0.140995	-0.443131	0.100702	-0.426337
23.206276	-0.355840	-0.476688	-0.399485	-0.560611
23.215651	-0.574052	-0.510260	-0.829175	-0.671402
23.225025	-0.795603	-0.540480	-1.225293	-0.718400
23.234400	-0.986949	-0.506908	-1.547560	-0.674754
23.243774	-1.117870	-0.416264	-1.759052	-0.574052
23.253151	-1.218587	-0.315562	-1.853049	-0.436410
23.262526	-1.265585	-0.211492	-1.883253	-0.265211
23.271900	-1.218587	-0.104070	-1.876548	-0.114143
23.281275	-1.151443	-0.067145	-1.822829	-0.016794
23.290649	-1.131296	-0.117496	-1.738906	0.080556
23.300026	-1.164868	-0.167862	-1.678482	0.208125
23.309401	-1.164868	-0.124216	-1.688555	0.318900
23.318775	-1.124591	-0.026867	-1.681834	0.396118
23.328150	-1.084298	0.114128	-1.584485	0.463247
23.337524	-1.044020	0.268549	-1.413286	0.510246
23.346899	-0.953376	0.365898	-1.168221	0.607595
23.356276	-0.745252	0.426322	-0.812396	0.725091
23.365650	-0.466630	0.510246	-0.318915	0.792235
23.375025	-0.171214	0.574037	0.234976	0.782162
23.384399	0.147700	0.604242	0.748590	0.758663
23.393774	0.443116	0.607595	1.201779	0.755310
23.403151	0.644535	0.553891	1.587838	0.684813
23.412525	0.748590	0.433043	1.819462	0.547171
23.421900	0.775442	0.298768	1.869813	0.426322
23.431274	0.704959	0.198051	1.806036	0.349119
23.440649	0.563964	0.144348	1.634821	0.278622
23.450026	0.419617	0.097349	1.376346	0.214845
23.459400	0.318900	0.020131	1.091003	0.184625
23.468775	0.221550	-0.033572	0.832513	0.174552
23.478149	0.083923	-0.067145	0.594169	0.144348
23.487524	-0.080571	-0.117496	0.335693	0.114128
23.496899	-0.234991	-0.147715	0.080556	0.070482
23.506275	-0.396132	-0.151068	-0.184640	-0.070497
23.515650	-0.580758	-0.201419	-0.506908	-0.275284
23.525024	-0.755325	-0.248417	-0.906378	-0.436410
23.534399	-0.933245	-0.255138	-1.275644	-0.530407
23.543774	-1.144722	-0.258490	-1.581132	-0.533760
23.553150	-1.326010	-0.248417	-1.859754	-0.399485
23.562525	-1.419991	-0.171214	-2.054468	-0.187993
23.571899	-1.453564	-0.026867	-2.098098	0.026852
23.581274	-1.433432	0.077203	-1.977250	0.224903
23.590649	-1.346141	0.117481	-1.722127	0.426322
23.600023	-1.158163	0.164479	-1.359567	0.597537
23.609400	-0.916451	0.231624	-0.923172	0.664666
23.618774	-0.721753	0.228271	-0.490129	0.631094
23.628149	-0.530407	0.144348	-0.110790	0.547171
23.637524	-0.315562	0.073850	0.211477	0.443116
23.646898	-0.147715	0.030205	0.486746	0.322267
23.656275	-0.036940	-0.026867	0.674739	0.221550
23.665649	0.087276	-0.046998	0.815734	0.164479
23.675024	0.231624	-0.013441	0.973508	0.134274
23.684399	0.352472	0.003353	1.178280	0.083923
23.693773	0.466615	-0.030220	1.386419	0.026852
23.703150	0.614315	-0.040293	1.581118	-0.043646
23.712524	0.768736	-0.040293	1.799315	-0.184640
23.721899	0.832513	-0.117496	2.010808	-0.382707
23.731274	0.829160	-0.241712	2.155155	-0.553906
23.740648	0.856012	-0.349134	2.185374	-0.725105
23.750023	0.899658	-0.473335	2.141729	-0.913098
23.759399	0.889584	-0.614330	2.037659	-1.044020
23.768774	0.798941	-0.704974	1.829535	-1.070872
23.778149	0.678092	-0.725105	1.513973	-1.057446
23.787523	0.490114	-0.731826	1.124576	-1.064166
23.796898	0.204772	-0.765398	0.698239	-1.054093
23.806274	-0.117496	-0.782177	0.271901	-0.986949
23.815649	-0.379339	-0.755325	-0.093997	-0.856027
23.825024	-0.560611	-0.688180	-0.352487	-0.698254
23.834398	-0.721753	-0.617683	-0.597551	-0.567332
23.843773	-0.882879	-0.533760	-0.892952	-0.426337
23.853149	-1.044020	-0.335708	-1.208514	-0.265211
23.862524	-1.245439	-0.181288	-1.507282	-0.177920
23.871899	-1.443490	-0.083938	-1.792625	-0.060439
23.881273	-1.560986	0.053704	-2.071247	0.130907
23.890648	-1.581132	0.241697	-2.229020	0.325620
23.900023	-1.577780	0.389397	-2.225667	0.466615
23.909399	-1.584485	0.456542	-2.145097	0.574037
23.918774	-1.513988	0.480041	-2.014175	0.627741
23.928148	-1.366287	0.493467	-1.822829	0.604242
23.937523	-1.215219	0.476673	-1.557633	0.527039
23.946898	-1.047373	0.416249	-1.242086	0.406191
23.956274	-0.802323	0.312194	-0.849321	0.184625
23.965649	-0.506908	0.137627	-0.335708	-0.134289
23.975023	-0.245064	-0.080571	0.204772	-0.446483
23.984398	-0.010073	-0.241712	0.647888	-0.671402
23.993773	0.204772	-0.328988	0.963435	-0.822455
24.003147	0.362545	-0.409558	1.178280	-0.879526
24.012524	0.416249	-0.463262	1.332700	-0.845954
24.021898	0.426322	-0.486761	1.413271	-0.815749
24.031273	0.429690	-0.540480	1.436770	-0.852674
24.040648	0.402823	-0.637829	1.450196	-0.913098
24.050022	0.315547	-0.684828	1.426697	-0.943318
24.059399	0.238329	-0.647902	1.349494	-0.986949
24.068773	0.187978	-0.621051	1.248777	-1.054093
24.078148	0.140980	-0.624403	1.131281	-1.074225
24.087523	0.070482	-0.590831	0.970155	-1.017168
24.096897	0.010058	-0.513628	0.795588	-0.919819
24.106274	-0.033572	-0.426337	0.627741	-0.778824
24.115648	-0.167862	-0.322267	0.369251	-0.553906
24.125023	-0.375986	-0.204787	-0.013441	-0.285342
24.134398	-0.590831	-0.120863	-0.469983	-0.026867
24.143772	-0.815749	-0.083938	-0.909746	0.218198
24.153147	-1.094371	-0.020146	-1.332715	0.426322
24.162523	-1.329362	0.067130	-1.759052	0.543818
24.171898	-1.480430	0.060424	-2.114892	0.553891
24.181273	-1.611337	0.026852	-2.343163	0.537112
24.190647	-1.708701	0.040278	-2.427086	0.496820
24.200022	-1.715407	0.083923	-2.410293	0.429690
24.209398	-1.658335	0.104055	-2.309591	0.369251
24.218773	-1.557633	0.114128	-2.111524	0.285327
24.228148	-1.480430	0.083923	-1.913473	0.090629
24.237522	-1.369640	-0.026867	-1.725480	-0.161141
24.246897	-1.221940	-0.191361	-1.520708	-0.362560
24.256273	-1.077592	-0.315562	-1.262218	-0.527054
24.265648	-0.929877	-0.426337	-0.993669	-0.701606
24.275023	-0.681475	-0.560611	-0.698254	-0.876173
24.284397	-0.399485	-0.681475	-0.339061	-1.040667
24.293772	-0.157788	-0.758678	0.073850	-1.218587
24.303146	0.046983	-0.859380	0.500172	-1.409933
24.312523	0.255123	-0.983596	0.892937	-1.544207
24.321898	0.422969	-1.020521	1.215205	-1.574412
24.331272	0.476673	-0.936598	1.383051	-1.503915
24.340647	0.476673	-0.832528	1.383051	-1.362935
24.350021	0.412896	-0.762030	1.268923	-1.191720
24.359398	0.221550	-0.661328	1.044005	-1.000375
24.368773	-0.006720	-0.533760	0.728458	-0.815749
24.378147	-0.174567	-0.419632	0.422969	-0.607610
24.387522	-0.302136	-0.308841	0.164479	-0.328988
24.396896	-0.456557	-0.174567	-0.083938	-0.046998
24.406271	-0.624403	-0.073865	-0.342414	0.117481
24.415648	-0.728473	-0.040293	-0.550553	0.177905
24.425022	-0.792250	-0.036940	-0.661328	0.221550
24.434397	-0.862747	-0.033572	-0.748605	0.238329
24.443771	-0.923172	-0.020146	-0.899673	0.208125
24.453146	-0.970170	-0.036940	-1.060799	0.144348
24.462523	-1.054093	-0.077218	-1.195088	0.070482
24.471897	-1.181647	-0.110790	-1.349509	-0.057071
24.481272	-1.272291	-0.167862	-1.557633	-0.228286
24.490646	-1.299143	-0.278637	-1.715407	-0.392765
24.500021	-1.336068	-0.389412	-1.748979	-0.523686
24.509398	-1.383066	-0.436410	-1.705334	-0.644535
24.518772	-1.349509	-0.490129	-1.571059	-0.772104
24.528147	-1.242086	-0.597551	-1.349509	-0.923172
24.537521	-1.124591	-0.721753	-1.084298	-1.101092
24.546896	-1.080945	-0.839248	-0.859380	-1.366287
24.556271	-1.023874	-0.997022	-0.728473	-1.681834
24.565647	-0.950024	-1.195088	-0.661328	-1.970544
24.575022	-0.950024	-1.336068	-0.641182	-2.235740
24.584396	-1.010448	-1.416638	-0.684828	-2.507657
24.593771	-1.010448	-1.493856	-0.738531	-2.729207
24.603146	-0.950024	-1.534134	-0.738531	-2.826557
24.612522	-0.939950	-1.500562	-0.647902	-2.799705
24.621897	-0.926524	-1.443490	-0.533760	-2.695635
24.631271	-0.835896	-1.373008	-0.402838	-2.541214
24.640646	-0.704974	-1.302510	-0.204787	-2.343163
24.650021	-0.557259	-1.225293	0.023484	-2.165243
24.659395	-0.382707	-1.154795	0.234976	-2.057821
24.668772	-0.201419	-1.127943	0.443116	-1.970544
24.678146	-0.110790	-1.131296	0.604242	-1.846328
24.687521	-0.137642	-1.080945	0.634462	-1.681834
24.696896	-0.224918	-0.993669	0.523672	-1.497209
24.706270	-0.315562	-0.923172	0.365898	-1.265585
24.715647	-0.439763	-0.859380	0.201404	-0.980243
24.725021	-0.574052	-0.768751	0.033557	-0.684828
24.734396	-0.644535	-0.688180	-0.137642	-0.382707
24.743771	-0.664681	-0.624403	-0.312209	-0.060439
24.753145	-0.711679	-0.503555	-0.510260	0.231624
24.762522	-0.825822	-0.416264	-0.758678	0.419617
24.771896	-0.970170	-0.443131	-1.067519	0.483394
24.781271	-1.117870	-0.533760	-1.362935	0.466615
24.790646	-1.262218	-0.600904	-1.601279	0.399470
24.800020	-1.389787	-0.671402	-1.816124	0.292048
24.809395	-1.433432	-0.802323	-1.994044	0.187978
24.818771	-1.403213	-0.956744	-2.051100	0.067130
24.828146	-1.379713	-1.134664	-2.007470	-0.087291
24.837521	-1.362935	-1.346141	-1.933604	-0.231639
24.846895	-1.292437	-1.527414	-1.839623	-0.298783
24.856270	-1.158163	-1.665056	-1.661703	-0.315562
24.865646	-1.027241	-1.839623	-1.453564	-0.349134
24.875021	-0.879526	-2.077967	-1.242086	-0.379339
24.884396	-0.721753	-2.309591	-1.030594	-0.379339
24.893770	-0.627756	-2.487510	-0.845954	-0.349134
24.903145	-0.587478	-2.655357	-0.698254	-0.271916
24.912521	-0.547186	-2.819851	-0.563979	-0.104070
24.921896	-0.473335	-2.903774	-0.409558	0.110775
24.931271	-0.392765	-2.923906	-0.248417	0.265196
24.940645	-0.322267	-2.970904	-0.114143	0.359192
24.950020	-0.281990	-3.058195	0.020131	0.436395
24.959394	-0.288710	-3.121972	0.174552	0.496820
24.968771	-0.292063	-3.148824	0.298768	0.560597
24.978146	-0.258490	-3.155544	0.389397	0.704959
24.987520	-0.224918	-3.108546	0.449821	0.950009
24.996895	-0.234991	-2.980977	0.449821	1.215205
25.006269	-0.258490	-2.823204	0.375971	1.440123
25.015646	-0.339061	-2.709061	0.241697	1.641542
25.025021	-0.480056	-2.578139	0.067130	1.839608
25.034395	-0.610977	-2.427086	-0.157788	2.017528
25.043770	-0.698254	-2.309591	-0.372633	2.168581
25.053144	-0.802323	-2.222314	-0.506908	2.323002
25.062519	-0.976875	-2.101466	-0.614330	2.460644
25.071896	-1.144722	-1.977250	-0.745252	2.517700
25.081270	-1.255512	-1.916826	-0.869453	2.477422
25.090645	-1.359567	-1.913473	-1.013801	2.406925
25.100019	-1.517355	-1.903400	-1.201794	2.326355
25.109394	-1.658335	-1.839623	-1.366287	2.198801
25.118771	-1.748979	-1.772478	-1.426712	2.004087
25.128145	-1.819476	-1.735553	-1.396492	1.765743
25.137520	-1.869828	-1.712054	-1.322642	1.473695
25.146894	-1.873180	-1.748979	-1.185015	1.097709
25.156269	-1.869828	-1.853049	-0.970170	0.725091
25.165646	-1.930252	-1.923546	-0.725105	0.416249
25.175020	-2.017543	-1.903400	-0.503555	0.130907
25.184395	-2.101466	-1.829550	-0.268564	-0.161141
25.193769	-2.215594	-1.806051	0.030205	-0.443131
25.203144	-2.309591	-1.802698	0.365898	-0.634477
25.212519	-2.286091	-1.735553	0.758663	-0.735179
25.221895	-2.182022	-1.628131	1.225278	-0.782177
25.231270	-2.138391	-1.574412	1.691893	-0.772104
25.240644	-2.165243	-1.520708	2.088010	-0.691533
25.250019	-2.188742	-1.446858	2.413645	-0.614330
25.259394	-2.202168	-1.419991	2.695620	-0.624403
25.268770	-2.232388	-1.460284	2.927258	-0.684828
25.278145	-2.292812	-1.480430	3.051460	-0.725105
25.287519	-2.336442	-1.443490	3.071606	-0.762030
25.296894	-2.410293	-1.373008	3.048107	-0.755325
25.306269	-2.514362	-1.302510	2.974257	-0.657976
25.315645	-2.608359	-1.211867	2.836615	-0.490129
25.325020	-2.678856	-1.107797	2.672121	-0.345767
25.334394	-2.746001	-1.044020	2.568066	-0.224918
25.343769	-2.819851	-0.976875	2.467349	-0.070497
25.353144	-2.823204	-0.835896	2.370000	0.083923
25.362518	-2.799705	-0.691533	2.276003	0.198051
25.371895	-2.829924	-0.597551	2.138376	0.288695
25.381269	-2.886981	-0.537112	1.960456	0.372618
25.390644	-2.897054	-0.469983	1.799315	0.449821
25.400019	-2.866849	-0.416264	1.698613	0.516966
25.409393	-2.870202	-0.379339	1.631469	0.594169
25.418770	-2.886981	-0.332341	1.534119	0.674739
25.428144	-2.826557	-0.268564	1.399845	0.691518
25.437519	-2.699003	-0.258490	1.272276	0.654593
25.446894	-2.558008	-0.298783	1.161501	0.610963
25.456268	-2.410293	-0.322267	1.060784	0.577390
25.465643	-2.229020	-0.325635	0.973508	0.523672
25.475019	-2.044394	-0.345767	0.916436	0.473320
25.484394	-1.926899	-0.379339	0.879511	0.463247
25.493769	-1.822829	-0.382707	0.795588	0.429690
25.503143	-1.698628	-0.416264	0.678092	0.315547
25.512518	-1.631483	-0.540480	0.543818	0.157773
25.521894	-1.648277	-0.694901	0.392750	-0.030220
25.531269	-1.651630	-0.788897	0.234976	-0.234991
25.540644	-1.577780	-0.886247	0.124201	-0.476688
25.550018	-1.477063	-1.030594	0.060424	-0.731826
25.559393	-1.393139	-1.168221	0.036925	-0.919819
25.568769	-1.292437	-1.242086	0.046983	-1.027241
25.578144	-1.148090	-1.225293	0.134274	-1.077592
25.587519	-1.017168	-1.144722	0.318900	-1.040667
25.596893	-0.923172	-1.044020	0.516966	-0.956744
25.606268	-0.795603	-0.980243	0.678092	-0.882879
25.615643	-0.661328	-0.986949	0.822440	-0.792250
25.625019	-0.574052	-0.973523	0.929862	-0.674754
25.634394	-0.540480	-0.892952	0.963435	-0.543833
25.643768	-0.523686	-0.778824	0.929862	-0.433058
25.653143	-0.570685	-0.674754	0.876158	-0.302136
25.662518	-0.698254	-0.560611	0.802308	-0.130922
25.671894	-0.778824	-0.456557	0.671387	0.010058
25.681269	-0.772104	-0.406206	0.553891	0.134274
25.690643	-0.738531	-0.379339	0.527039	0.322267
25.700018	-0.758678	-0.298783	0.560597	0.553891
25.709393	-0.778824	-0.151068	0.600889	0.735164
25.718767	-0.748605	-0.003368	0.657961	0.856012
25.728144	-0.708327	0.073850	0.738516	0.943303
25.737518	-0.694901	0.100702	0.751957	0.946656
25.746893	-0.668034	0.080556	0.688165	0.802308
25.756268	-0.647902	-0.010073	0.610963	0.580743
25.765642	-0.698254	-0.130922	0.506893	0.382692
25.775019	-0.798956	-0.221565	0.349119	0.204772
25.784393	-0.862747	-0.308841	0.171199	-0.006720
25.793768	-0.872821	-0.416264	0.124201	-0.184640
25.803143	-0.852674	-0.473335	0.255123	-0.318915
25.812517	-0.772104	-0.493482	0.446469	-0.443131
25.821894	-0.610977	-0.543833	0.684813	-0.537112
25.831268	-0.456557	-0.590831	0.970155	-0.547186
25.840643	-0.362560	-0.574052	1.215205	-0.493482
25.850018	-0.278637	-0.506908	1.369625	-0.436410
25.859392	-0.198066	-0.473335	1.460269	-0.396132
25.868767	-0.174567	-0.480056	1.470342	-0.362560
25.878143	-0.208139	-0.473335	1.342773	-0.362560
25.887518	-0.248417	-0.483409	1.124576	-0.382707
25.896893	-0.292063	-0.503555	0.933230	-0.355840
25.906267	-0.332341	-0.459909	0.768736	-0.224918
25.915642	-0.302136	-0.325635	0.701591	-0.033572
25.925018	-0.218213	-0.201419	0.782162	0.134274
25.934393	-0.140995	-0.120863	0.990286	0.292048
25.943768	-0.077218	-0.013441	1.178280	0.476673
25.953142	-0.010073	0.130907	1.255497	0.661314
25.962517	0.023484	0.298768	1.225278	0.815734
25.971893	-0.077218	0.402823	1.040652	0.970155
25.981268	-0.295416	0.436395	0.671387	1.101077
25.990643	-0.516981	0.453174	0.171199	1.148075
26.000017	-0.728473	0.419617	-0.318915	1.064152
26.009392	-0.956744	0.298768	-0.725105	0.909731
26.018766	-1.121223	0.120848	-1.033947	0.694886
26.028143	-1.181647	-0.043646	-1.211867	0.416249
26.037518	-1.221940	-0.181288	-1.232013	0.087276
26.046892	-1.245439	-0.375986	-1.134664	-0.302136
26.056267	-1.215219	-0.617683	-0.976875	-0.664681
26.065641	-1.124591	-0.795603	-0.802323	-0.993669
26.075018	-1.023874	-0.923172	-0.654608	-1.299143
26.084393	-0.980243	-1.070872	-0.577405	-1.550913
26.093767	-0.966802	-1.232013	-0.587478	-1.748979
26.103142	-0.933245	-1.342788	-0.621051	-1.930252
26.112516	-0.929877	-1.416638	-0.607610	-2.118245
26.121891	-0.943318	-1.520708	-0.523686	-2.269313
26.131268	-0.862747	-1.604632	-0.362560	-2.336442
26.140642	-0.698254	-1.631483	-0.097364	-2.386794
26.150017	-0.550553	-1.631483	0.211477	-2.460659
26.159391	-0.369266	-1.628131	0.520319	-2.490863
26.168766	-0.147715	-1.611337	0.829160	-2.406940
26.178143	0.003353	-1.503915	1.121208	-2.171948
26.187517	0.057057	-1.302510	1.312554	-1.826182
26.196892	0.104055	-1.050740	1.329347	-1.426712
26.206266	0.151053	-0.792250	1.252130	-1.000375
26.215641	0.157773	-0.527054	1.168206	-0.614330
26.225018	0.130907	-0.305489	1.087651	-0.248417
26.234392	0.140980	-0.214845	1.017153	-0.013441
26.243767	0.208125	-0.107422	1.010433	0.194699
26.253141	0.281975	0.003353	1.091003	0.345752
26.262516	0.332326	0.063777	1.205131	0.449821
26.271891	0.396118	0.100702	1.315922	0.567317
26.281267	0.463247	0.130907	1.413271	0.664666
26.290642	0.449821	0.187978	1.440123	0.694886
26.300016	0.359192	0.221550	1.352847	0.684813
26.309391	0.231624	0.224903	1.161501	0.691518
26.318766	0.087276	0.208125	0.946656	0.668019
26.328142	-0.077218	0.124201	0.765383	0.537112
26.337517	-0.231639	-0.030220	0.600889	0.349119
26.346891	-0.335708	-0.208139	0.493467	0.171199
26.356266	-0.392765	-0.349134	0.486746	-0.050366
26.365641	-0.426337	-0.469983	0.516966	-0.332341
26.375017	-0.436410	-0.651255	0.510246	-0.654608
26.384392	-0.412911	-0.849321	0.459895	-0.913098
26.393766	-0.433058	-0.980243	0.362545	-1.094371
26.403141	-0.520334	-1.060799	0.151053	-1.275644
26.412516	-0.607610	-1.134664	-0.117496	-1.446858
26.421890	-0.678107	-1.185015	-0.372633	-1.564354
26.431267	-0.751957	-1.171589	-0.617683	-1.597911
26.440641	-0.795603	-1.101092	-0.819102	-1.611337
26.450016	-0.819102	-1.037300	-0.916451	-1.624778
26.459391	-0.845954	-1.007095	-0.892952	-1.584485
26.468765	-0.792250	-0.980243	-0.795603	-1.490489
26.478142	-0.661328	-0.889599	-0.637829	-1.386434
26.487516	-0.563979	-0.788897	-0.446483	-1.265585
26.496891	-0.553906	-0.728473	-0.312209	-1.094371
26.506266	-0.563979	-0.674754	-0.285342	-0.882879
26.515640	-0.557259	-0.607610	-0.318915	-0.725105
26.525015	-0.563979	-0.590831	-0.352487	-0.614330
26.534391	-0.590831	-0.604257	-0.406206	-0.500187
26.543766	-0.607610	-0.563979	-0.486761	-0.375986
26.553141	-0.597551	-0.483409	-0.513628	-0.265211
26.562515	-0.604257	-0.422984	-0.449836	-0.130922
26.571890	-0.570685	-0.389412	-0.318915	0.030205
26.581266	-0.456557	-0.342414	-0.110790	0.167847
26.590641	-0.318915	-0.248417	0.151053	0.228271
26.600016	-0.204787	-0.167862	0.362545	0.211477
26.609390	-0.100717	-0.157788	0.463247	0.167847
26.618765	-0.020146	-0.164494	0.516966	0.130907
26.628141	0.003353	-0.154421	0.560597	0.090629
26.637516	-0.016794	-0.174567	0.543818	0.080556
26.646891	-0.006720	-0.214845	0.490114	0.124201
26.656265	0.087276	-0.224918	0.510246	0.167847
26.665640	0.224903	-0.214845	0.681460	0.140980
26.675014	0.312194	-0.228286	0.862733	0.070482
26.684391	0.379324	-0.245064	1.017153	0.030205
26.693766	0.409544	-0.238344	1.164854	-0.010073
26.703140	0.392750	-0.234991	1.282349	-0.080571
26.712515	0.375971	-0.281990	1.325995	-0.151068
26.721889	0.372618	-0.315562	1.292422	-0.164494
26.731266	0.315547	-0.318915	1.211852	-0.157788
26.740641	0.208125	-0.332341	1.094356	-0.157788
26.750015	0.093982	-0.349134	0.919804	-0.107422
26.759390	0.040278	-0.315562	0.718385	-0.026867
26.768764	0.026852	-0.224918	0.550538	0.053704
26.778139	-0.033572	-0.151068	0.433043	0.137627
26.787516	-0.090644	-0.134289	0.315547	0.201404
26.796890	-0.097364	-0.107422	0.224903	0.211477
26.806265	-0.093997	-0.083938	0.171199	0.164479
26.815639	-0.130922	-0.114143	0.093982	0.114128
26.825014	-0.177920	-0.184640	-0.023499	0.107422
26.834391	-0.221565	-0.208139	-0.151068	0.137627
26.843765	-0.292063	-0.218213	-0.275284	0.140980
26.853140	-0.392765	-0.265211	-0.402838	0.090629
26.862514	-0.469983	-0.332341	-0.574052	-0.003368
26.871889	-0.527054	-0.389412	-0.748605	-0.164494
26.881266	-0.614330	-0.439763	-0.909746	-0.362560
26.890640	-0.715032	-0.493482	-1.080945	-0.516981
26.900015	-0.785530	-0.527054	-1.235366	-0.567332
26.909389	-0.862747	-0.516981	-1.326010	-0.597551
26.918764	-0.966802	-0.523686	-1.373008	-0.671402
26.928139	-1.040667	-0.604257	-1.419991	-0.755325
26.937515	-1.020521	-0.681475	-1.423359	-0.812396
26.946890	-0.956744	-0.671402	-1.359567	-0.849321
26.956264	-0.936598	-0.637829	-1.279011	-0.869453
26.965639	-0.956744	-0.641182	-1.208514	-0.829175
26.975014	-0.953376	-0.654608	-1.114517	-0.731826
26.984390	-0.919819	-0.617683	-0.963449	-0.627756
26.993765	-0.889599	-0.590831	-0.802323	-0.543833
27.003139	-0.845954	-0.590831	-0.644535	-0.416264
27.012514	-0.755325	-0.540480	-0.486761	-0.204787
27.021889	-0.688180	-0.379339	-0.342414	0.006706
27.031265	-0.647902	-0.157788	-0.255138	0.204772
27.040640	-0.574052	0.040278	-0.241712	0.422969
27.050014	-0.480056	0.201404	-0.261843	0.617668
27.059389	-0.412911	0.308827	-0.305489	0.762016
27.068764	-0.409558	0.325620	-0.389412	0.835881
27.078138	-0.443131	0.298768	-0.493482	0.903010
27.087515	-0.480056	0.339046	-0.516981	0.973508
27.096889	-0.513628	0.392750	-0.436410	0.983581
27.106264	-0.516981	0.379324	-0.352487	0.953361
27.115639	-0.429690	0.349119	-0.295416	0.933230
27.125013	-0.315562	0.342399	-0.204787	0.926509
27.134390	-0.251785	0.318900	-0.063792	0.899658
27.143764	-0.231639	0.258476	0.097349	0.879511
27.153139	-0.174567	0.204772	0.278622	0.839233
27.162514	-0.073865	0.171199	0.463247	0.721738
27.171888	0.003353	0.093982	0.597537	0.557244
27.181263	0.057057	-0.013441	0.661314	0.389397
27.190639	0.110775	-0.107422	0.698239	0.231624
27.200014	0.140980	-0.204787	0.775442	0.067130
27.209389	0.154406	-0.342414	0.866085	-0.100717
27.218763	0.174552	-0.480056	0.919804	-0.268564
27.228138	0.204772	-0.560611	0.983581	-0.473335
27.237514	0.198051	-0.610977	1.030579	-0.715032
27.246889	0.147700	-0.721753	1.013786	-0.956744
27.256264	0.140980	-0.832528	0.950009	-1.161516
27.265638	0.107422	-0.899673	0.832513	-1.322642
27.275013	-0.033572	-0.933245	0.654593	-1.413286
27.284389	-0.248417	-0.950024	0.372618	-1.383066
27.293764	-0.456557	-0.960097	0.033557	-1.265585
27.303139	-0.634477	-0.923172	-0.285342	-1.131296
27.312513	-0.822455	-0.869453	-0.553906	-1.013801
27.321888	-0.970170	-0.832528	-0.802323	-0.859380
27.331263	-1.047373	-0.738531	-0.973523	-0.644535
27.340639	-1.067519	-0.570685	-1.057446	-0.429690
27.350014	-1.070872	-0.412911	-1.111165	-0.275284
27.359388	-1.040667	-0.295416	-1.164868	-0.177920
27.368763	-0.963449	-0.177920	-1.195088	-0.083938
27.378138	-0.899673	-0.093997	-1.174942	0.023484
27.387514	-0.889599	-0.043646	-1.151443	0.177905
27.396889	-0.839248	0.040278	-1.127943	0.392750
27.406263	-0.741899	0.157773	-1.050740	0.621036
27.415638	-0.631109	0.228271	-0.892952	0.765383
27.425013	-0.490129	0.211477	-0.668034	0.839233
27.434389	-0.295416	0.164479	-0.359207	0.886232
27.443764	-0.097364	0.147700	0.036925	0.859380
27.453138	0.067130	0.134274	0.446469	0.725091
27.462513	0.187978	0.060424	0.637814	0.560597
27.471888	0.305474	-0.036940	0.772089	0.412896
27.481262	0.365898	-0.100717	0.872806	0.265196
27.490639	0.399470	-0.151068	0.933230	0.154406
27.500013	0.426322	-0.198066	0.997007	0.117481
27.509388	0.419617	-0.184640	1.084283	0.147700
27.518763	0.406191	-0.117496	1.164854	0.181273
27.528137	0.466615	-0.077218	1.235351	0.167847
27.537514	0.577390	-0.093997	1.325995	0.161126
27.546888	0.604242	-0.124216	1.403198	0.187978
27.556263	0.557244	-0.137642	1.403198	0.154406
27.565638	0.516966	-0.164494	1.319274	0.046983
27.575012	0.459895	-0.201419	1.148075	-0.067145
27.584387	0.315547	-0.241712	0.849307	-0.184640
27.593763	0.090629	-0.339061	0.433043	-0.275284
27.603138	-0.137642	-0.463262	-0.030220	-0.275284
27.612513	-0.355840	-0.513628	-0.446483	-0.221565
27.621887	-0.594184	-0.476688	-0.819102	-0.181288
27.631262	-0.832528	-0.416264	-1.174942	-0.167862
27.640638	-0.983596	-0.389412	-1.477063	-0.134289
27.650013	-1.050740	-0.362560	-1.631483	-0.093997
27.659388	-1.104444	-0.318915	-1.658335	-0.097364
27.668762	-1.161516	-0.305489	-1.651630	-0.157788
27.678137	-1.181647	-0.332341	-1.658335	-0.208139
27.687513	-1.148090	-0.342414	-1.634836	-0.221565
27.696888	-1.104444	-0.352487	-1.584485	-0.245064
27.706263	-1.077592	-0.399485	-1.550913	-0.292063
27.715637	-1.030594	-0.439763	-1.493856	-0.308841
27.725012	-0.919819	-0.412911	-1.362935	-0.228286
27.734386	-0.768751	-0.365913	-1.138017	-0.177920
27.743763	-0.584111	-0.339061	-0.849321	-0.164494
27.753138	-0.328988	-0.349134	-0.537112	-0.167862
27.762512	-0.050366	-0.335708	-0.191361	-0.224918
27.771887	0.177905	-0.325635	0.167847	-0.352487
27.781261	0.308827	-0.349134	0.490114	-0.530407
27.790638	0.392750	-0.392765	0.708312	-0.637829
27.800013	0.446469	-0.406206	0.822440	-0.664681
27.809387	0.436395	-0.389412	0.852659	-0.627756
27.818762	0.352472	-0.392765	0.812382	-0.550553
27.828136	0.281975	-0.436410	0.711665	-0.480056
27.837511	0.271901	-0.453189	0.604242	-0.429690
27.846888	0.255123	-0.453189	0.513613	-0.419632
27.856262	0.208125	-0.473335	0.419617	-0.419632
27.865637	0.174552	-0.480056	0.312194	-0.372633
27.875011	0.151053	-0.436410	0.238329	-0.318915
27.884386	0.073850	-0.375986	0.164479	-0.335708
27.893763	-0.063792	-0.355840	0.073850	-0.375986
27.903137	-0.174567	-0.355840	-0.043646	-0.389412
27.912512	-0.241712	-0.315562	-0.181288	-0.375986
27.921886	-0.322267	-0.281990	-0.335708	-0.352487
27.931261	-0.439763	-0.275284	-0.503555	-0.288710
27.940638	-0.537112	-0.221565	-0.647902	-0.191361
27.950012	-0.540480	-0.130922	-0.738531	-0.151068
27.959387	-0.510260	-0.107422	-0.762030	-0.221565
27.968761	-0.513628	-0.201419	-0.792250	-0.315562
27.978136	-0.510260	-0.285342	-0.835896	-0.399485
27.987511	-0.500187	-0.345767	-0.815749	-0.463262
27.996887	-0.490129	-0.396132	-0.735179	-0.466630
28.006262	-0.483409	-0.386059	-0.641182	-0.416264
28.015636	-0.419632	-0.382707	-0.614330	-0.375986
28.025011	-0.318915	-0.419632	-0.614330	-0.332341
28.034386	-0.265211	-0.449836	-0.600904	-0.251785
28.043762	-0.268564	-0.399485	-0.607610	-0.161141
28.053137	-0.261843	-0.295416	-0.614330	-0.127569
28.062511	-0.214845	-0.224918	-0.537112	-0.137642
28.071886	-0.151068	-0.181288	-0.305489	-0.144362
28.081261	-0.097364	-0.134289	0.114128	-0.167862
28.090637	-0.013441	-0.114143	0.439748	-0.228286
28.100012	0.144348	-0.161141	0.718385	-0.285342
28.109386	0.295401	-0.187993	0.909731	-0.265211
28.118761	0.389397	-0.157788	1.010433	-0.208139
28.128136	0.473320	-0.107422	1.080930	-0.157788
28.137510	0.550538	-0.100717	1.138002	-0.114143
28.146887	0.560597	-0.127569	1.127928	-0.057071
28.156261	0.510246	-0.117496	1.017153	-0.030220
28.165636	0.439748	-0.063792	0.815734	-0.053719
28.175011	0.328973	-0.053719	0.600889	-0.127569
28.184385	0.194699	-0.110790	0.409544	-0.211492
28.193762	0.093982	-0.167862	0.218198	-0.275284
28.203136	0.060424	-0.218213	0.043631	-0.352487
28.212511	0.006706	-0.318915	-0.100717	-0.426337
28.221886	-0.130922	-0.422984	-0.281990	-0.486761
28.231260	-0.278637	-0.480056	-0.527054	-0.570685
28.240635	-0.436410	-0.550553	-0.762030	-0.678107
28.250011	-0.634477	-0.678107	-0.960097	-0.765398
28.259386	-0.842601	-0.772104	-1.171589	-0.822455
28.268761	-0.970170	-0.809029	-1.366287	-0.856027
28.278135	-1.037300	-0.809029	-1.490489	-0.896320
28.287510	-1.104444	-0.775456	-1.560986	-0.903025
28.296886	-1.124591	-0.651255	-1.581132	-0.856027
28.306261	-1.074225	-0.493482	-1.497209	-0.772104
28.315636	-0.970170	-0.365913	-1.299143	-0.644535
28.325010	-0.812396	-0.241712	-1.044020	-0.449836
28.334385	-0.604257	-0.083938	-0.802323	-0.218213
28.343761	-0.369266	0.046983	-0.523686	0.026852
28.353136	-0.174567	0.124201	-0.245064	0.278622
28.362511	-0.077218	0.201404	-0.026867	0.490114
28.371885	-0.023499	0.278622	0.097349	0.627741
28.381260	0.063777	0.318900	0.201404	0.728458
28.390635	0.151053	0.332326	0.349119	0.845939
28.400011	0.231624	0.362545	0.506893	0.970155
28.409386	0.342399	0.429690	0.647888	1.037285
28.418760	0.463247	0.429690	0.809014	1.027226
28.428135	0.533745	0.362545	1.007080	0.939935
28.437510	0.587463	0.298768	1.218572	0.762016
28.446886	0.681460	0.204772	1.406550	0.533745
28.456261	0.792235	0.053704	1.557618	0.298768
28.465635	0.835881	-0.083938	1.624763	0.036925
28.475010	0.825807	-0.208139	1.581118	-0.281990
28.484385	0.762016	-0.355840	1.460269	-0.644535
28.493759	0.627741	-0.483409	1.278996	-0.950024
28.503136	0.486746	-0.516981	1.030579	-1.158163
28.512510	0.396118	-0.540480	0.741884	-1.329362
28.521885	0.318900	-0.627756	0.473320	-1.460284
28.531260	0.198051	-0.731826	0.265196	-1.540855
28.540634	0.046983	-0.775456	0.063777	-1.621410
28.550011	-0.097364	-0.805676	-0.137642	-1.725480
28.559385	-0.238344	-0.872821	-0.352487	-1.752332
28.568760	-0.422984	-0.933245	-0.587478	-1.661703
28.578135	-0.624403	-0.879526	-0.862747	-1.436785
28.587509	-0.765398	-0.751957	-1.161516	-1.215219
28.596886	-0.869453	-0.644535	-1.430064	-0.953376
28.606260	-0.980243	-0.533760	-1.621410	-0.654608
28.615635	-1.094371	-0.386059	-1.809403	-0.352487
28.625010	-1.191720	-0.265211	-1.987323	-0.073865
28.634384	-1.279011	-0.171214	-2.104819	0.191346
28.643759	-1.352862	-0.026867	-2.151817	0.399470
28.653135	-1.373008	0.127554	-2.138391	0.500172
28.662510	-1.305863	0.204772	-2.014175	0.513613
28.671885	-1.211867	0.234976	-1.802698	0.476673
28.681259	-1.077592	0.238329	-1.591206	0.416249
28.690634	-0.886247	0.187978	-1.409933	0.308827
28.700010	-0.691533	0.077203	-1.188368	0.174552
28.709385	-0.550553	0.000000	-0.913098	0.073850
28.718760	-0.433058	-0.010073	-0.641182	0.033557
28.728134	-0.298783	-0.060439	-0.379339	0.026852
28.737509	-0.130922	-0.157788	-0.110790	0.043631
28.746885	0.000000	-0.198066	0.147700	0.033557
28.756260	0.110775	-0.228286	0.339046	-0.077218
28.765635	0.248402	-0.288710	0.500172	-0.245064
28.775009	0.402823	-0.342414	0.664666	-0.429690
28.784384	0.486746	-0.402838	0.819087	-0.627756
28.793758	0.527039	-0.506908	0.916436	-0.809029
28.803135	0.577390	-0.624403	0.993654	-0.926524
28.812510	0.594169	-0.657976	1.067504	-0.970170
28.821884	0.553891	-0.637829	1.080930	-0.960097
28.831259	0.530392	-0.617683	1.010433	-0.882879
28.840633	0.516966	-0.540480	0.926509	-0.748605
28.850010	0.443116	-0.419632	0.795588	-0.637829
28.859385	0.339046	-0.355840	0.617668	-0.587478
28.868759	0.265196	-0.342414	0.402823	-0.537112
28.878134	0.187978	-0.302136	0.201404	-0.443131
28.887508	0.046983	-0.245064	0.013426	-0.339061
28.896883	-0.104070	-0.228286	-0.194713	-0.281990
28.906260	-0.167862	-0.218213	-0.406206	-0.251785
28.915634	-0.181288	-0.154421	-0.607610	-0.201419
28.925009	-0.201419	-0.050366	-0.778824	-0.144362
28.934383	-0.275284	0.023484	-0.913098	-0.073865
28.943758	-0.345767	0.033557	-1.020521	0.013426
28.953135	-0.372633	0.026852	-1.070872	0.114128
28.962509	-0.392765	0.033557	-1.033947	0.201404
28.971884	-0.473335	0.033557	-0.929877	0.234976
28.981258	-0.540480	-0.013441	-0.839248	0.228271
28.990633	-0.520334	-0.030220	-0.738531	0.164479
29.000010	-0.449836	-0.026867	-0.597551	0.046983
29.009384	-0.369266	-0.080571	-0.443131	-0.080571
29.018759	-0.265211	-0.181288	-0.315562	-0.171214
29.028133	-0.120863	-0.251785	-0.161141	-0.228286
29.037508	0.026852	-0.258490	0.013426	-0.278637
29.046883	0.134274	-0.261843	0.134274	-0.295416
29.056259	0.241697	-0.214845	0.204772	-0.285342
29.065634	0.292048	-0.107422	0.275269	-0.281990
29.075008	0.251770	-0.057071	0.315547	-0.295416
29.084383	0.221550	-0.097364	0.315547	-0.305489
29.093758	0.224903	-0.171214	0.285327	-0.342414
29.103134	0.177905	-0.228286	0.238329	-0.463262
29.112509	0.114128	-0.312209	0.144348	-0.604257
29.121883	0.077203	-0.416264	0.060424	-0.718400
29.131258	0.046983	-0.500187	0.036925	-0.829175
29.140633	-0.023499	-0.580758	0.013426	-0.997022
29.150009	-0.107422	-0.674754	-0.053719	-1.195088
29.159384	-0.130922	-0.802323	-0.147715	-1.339436
29.168758	-0.124216	-0.892952	-0.251785	-1.403213
29.178133	-0.161141	-0.926524	-0.372633	-1.396492
29.187508	-0.265211	-0.923172	-0.533760	-1.309216
29.196882	-0.375986	-0.859380	-0.708327	-1.141369
29.206259	-0.466630	-0.745252	-0.812396	-0.939950
29.215633	-0.563979	-0.634477	-0.849321	-0.778824
29.225008	-0.624403	-0.543833	-0.889599	-0.641182
29.234383	-0.594184	-0.446483	-0.936598	-0.503555
29.243757	-0.500187	-0.322267	-0.926524	-0.375986
29.253134	-0.433058	-0.231639	-0.835896	-0.278637
29.262508	-0.365913	-0.204787	-0.708327	-0.191361
29.271883	-0.251785	-0.177920	-0.553906	-0.087291
29.281258	-0.134289	-0.100717	-0.352487	0.023484
29.290632	-0.046998	0.006706	-0.154421	0.114128
29.300007	0.013426	0.093982	0.000000	0.177905
29.309383	0.114128	0.140980	0.120848	0.224903
29.318758	0.201404	0.157773	0.218198	0.234976
29.328133	0.268549	0.093982	0.275269	0.134274
29.337507	0.332326	-0.090644	0.295401	-0.077218
29.346882	0.375971	-0.288710	0.352472	-0.342414
29.356258	0.362545	-0.433058	0.409544	-0.657976
29.365633	0.318900	-0.550553	0.402823	-0.983596
29.375008	0.265196	-0.661328	0.332326	-1.221940
29.384382	0.198051	-0.721753	0.265196	-1.362935
29.393757	0.107422	-0.768751	0.231624	-1.419991
29.403133	0.016779	-0.798956	0.174552	-1.389787
29.412508	-0.010073	-0.755325	0.060424	-1.272291
29.421883	-0.026867	-0.641182	-0.043646	-1.151443
29.431257	-0.117496	-0.547186	-0.154421	-1.067519
29.440632	-0.241712	-0.533760	-0.342414	-1.007095
29.450006	-0.318915	-0.530407	-0.560611	-0.956744
29.459383	-0.355840	-0.496835	-0.731826	-0.939950
29.468758	-0.379339	-0.469983	-0.859380	-0.896320
29.478132	-0.412911	-0.436410	-0.950024	-0.755325
29.487507	-0.446483	-0.345767	-0.946671	-0.540480
29.496881	-0.513628	-0.241712	-0.892952	-0.295416
29.506258	-0.563979	-0.157788	-0.869453	-0.026867
29.515633	-0.543833	-0.057071	-0.849321	0.238329
29.525007	-0.476688	0.053704	-0.758678	0.419617
29.534382	-0.409558	0.130907	-0.654608	0.496820
29.543756	-0.325635	0.110775	-0.614330	0.496820
29.553131	-0.231639	0.070482	-0.597551	0.419617
29.562508	-0.184640	0.080556	-0.520334	0.281975
29.571882	-0.187993	0.080556	-0.375986	0.107422
29.581257	-0.137642	0.013426	-0.221565	-0.033572
29.590631	-0.003368	-0.053719	-0.087291	-0.107422
29.600006	0.104055	-0.046998	0.053704	-0.110790
29.609383	0.124201	-0.016794	0.161126	-0.050366
29.618757	0.134274	0.003353	0.204772	0.093982
29.628132	0.201404	0.026852	0.224903	0.258476
29.637506	0.245050	0.060424	0.238329	0.345752
29.646881	0.194699	0.073850	0.198051	0.322267
29.656258	0.110775	0.043631	0.090629	0.241697
29.665632	0.040278	0.000000	-0.016794	0.124201
29.675007	-0.063792	-0.063792	-0.117496	-0.070497
29.684381	-0.181288	-0.151068	-0.248417	-0.268564
29.693756	-0.228286	-0.214845	-0.409558	-0.372633
29.703131	-0.275284	-0.211492	-0.537112	-0.412911
29.712507	-0.382707	-0.201419	-0.610977	-0.436410
29.721882	-0.473335	-0.228286	-0.661328	-0.402838
29.731256	-0.459909	-0.241712	-0.694901	-0.298783
29.740631	-0.389412	-0.181288	-0.654608	-0.184640
29.750006	-0.328988	-0.137642	-0.553906	-0.120863
29.759382	-0.241712	-0.151068	-0.446483	-0.127569
29.768757	-0.104070	-0.167862	-0.375986	-0.211492
29.778131	-0.006720	-0.167862	-0.369266	-0.382707
29.787506	-0.023499	-0.234991	-0.443131	-0.590831
29.796881	-0.110790	-0.345767	-0.577405	-0.725105
29.806257	-0.191361	-0.409558	-0.661328	-0.778824
29.815632	-0.268564	-0.436410	-0.631109	-0.798956
29.825006	-0.308841	-0.490129	-0.594184	-0.845954
29.834381	-0.278637	-0.527054	-0.574052	-0.832528
29.843756	-0.184640	-0.503555	-0.516981	-0.745252
29.853130	-0.144362	-0.459909	-0.416264	-0.671402
29.862507	-0.157788	-0.453189	-0.302136	-0.671402
29.871881	-0.144362	-0.476688	-0.228286	-0.725105
29.881256	-0.154421	-0.493482	-0.201419	-0.832528
29.890631	-0.211492	-0.500187	-0.218213	-1.017168
29.900005	-0.271916	-0.520334	-0.315562	-1.221940
29.909382	-0.328988	-0.567332	-0.422984	-1.362935
29.918756	-0.419632	-0.594184	-0.503555	-1.413286
29.928131	-0.510260	-0.597551	-0.600904	-1.406565
29.937506	-0.527054	-0.617683	-0.691533	-1.312569
29.946880	-0.476688	-0.587478	-0.738531	-1.087666
29.956255	-0.396132	-0.463262	-0.715032	-0.812396
29.965631	-0.298783	-0.305489	-0.641182	-0.577405
29.975006	-0.174567	-0.194713	-0.530407	-0.372633
29.984381	-0.073865	-0.063792	-0.399485	-0.208139
29.993755	-0.040293	0.026852	-0.302136	-0.127569
30.003130	-0.040293	0.023484	-0.278637	-0.120863
30.012506	-0.026867	-0.046998	-0.292063	-0.147715
30.021881	-0.053719	-0.080571	-0.318915	-0.174567
30.031256	-0.117496	-0.124216	-0.362560	-0.174567
30.040630	-0.140995	-0.161141	-0.396132	-0.127569
30.050005	-0.087291	-0.140995	-0.365913	-0.057071
30.059381	0.023484	-0.073865	-0.268564	-0.040293
30.068756	0.104055	-0.050366	-0.134289	-0.093997
30.078131	0.174552	-0.097364	0.016779	-0.171214
30.087505	0.278622	-0.144362	0.167847	-0.224918
30.096880	0.355825	-0.134289	0.322267	-0.302136
30.106255	0.379324	-0.140995	0.392750	-0.396132
30.115631	0.389397	-0.187993	0.352472	-0.453189
30.125006	0.379324	-0.231639	0.234976	-0.476688
30.134380	0.302121	-0.271916	0.070482	-0.503555
30.143755	0.174552	-0.325635	-0.140995	-0.533760
30.153130	0.077203	-0.342414	-0.349134	-0.523686
30.162506	-0.010073	-0.302136	-0.473335	-0.506908
30.171881	-0.093997	-0.295416	-0.510260	-0.523686
30.181255	-0.114143	-0.365913	-0.543833	-0.550553
30.190630	-0.097364	-0.396132	-0.594184	-0.567332
30.200005	-0.134289	-0.372633	-0.644535	-0.597551
30.209381	-0.231639	-0.379339	-0.688180	-0.654608
30.218756	-0.325635	-0.459909	-0.735179	-0.725105
30.228130	-0.339061	-0.547186	-0.802323	-0.778824
30.237505	-0.345767	-0.580758	-0.862747	-0.839248
30.246880	-0.419632	-0.590831	-0.913098	-0.916451
30.256254	-0.506908	-0.617683	-0.946671	-0.976875
30.265631	-0.527054	-0.604257	-0.939950	-0.973523
30.275005	-0.490129	-0.543833	-0.842601	-0.936598
30.284380	-0.459909	-0.503555	-0.678107	-0.879526
30.293755	-0.372633	-0.466630	-0.483409	-0.762030
30.303129	-0.184640	-0.375986	-0.238344	-0.600904
30.312506	-0.020146	-0.281990	0.033557	-0.446483
30.321880	0.050351	-0.214845	0.248402	-0.245064
30.331255	0.087276	-0.070497	0.339046	0.036925
30.340630	0.110775	0.067130	0.342399	0.201404
30.350004	0.090629	0.134274	0.275269	0.292048
30.359379	-0.010073	0.137627	0.110775	0.328973
30.368755	-0.114143	0.154406	-0.154421	0.278622
30.378130	-0.201419	0.127554	-0.406206	0.177905
30.387505	-0.305489	0.030205	-0.557259	0.107422
30.396879	-0.402838	-0.057071	-0.621051	0.080556
30.406254	-0.419632	-0.067145	-0.610977	0.073850
30.415630	-0.359207	-0.043646	-0.540480	0.087276
30.425005	-0.328988	-0.013441	-0.436410	0.147700
30.434380	-0.352487	0.073850	-0.372633	0.198051
30.443754	-0.365913	0.151053	-0.355840	0.177905
30.453129	-0.375986	0.117481	-0.365913	0.070482
30.462505	-0.433058	-0.013441	-0.409558	-0.063792
30.471880	-0.503555	-0.120863	-0.516981	-0.194713
30.481255	-0.496835	-0.177920	-0.644535	-0.342414
30.490629	-0.429690	-0.258490	-0.718400	-0.483409
30.500004	-0.379339	-0.355840	-0.708327	-0.550553
30.509378	-0.315562	-0.402838	-0.664681	-0.510260
30.518755	-0.211492	-0.339061	-0.587478	-0.386059
30.528130	-0.130922	-0.228286	-0.463262	-0.224918
30.537504	-0.087291	-0.134289	-0.352487	-0.063792
30.546879	-0.046998	-0.033572	-0.325635	0.140980
30.556253	-0.063792	0.070482	-0.355840	0.335693
30.565630	-0.174567	0.127554	-0.456557	0.496820
30.575005	-0.315562	0.137627	-0.604257	0.533745
30.584379	-0.439763	0.157773	-0.741899	0.449821
30.593754	-0.530407	0.161126	-0.815749	0.245050
30.603128	-0.594184	0.100702	-0.866100	0.046983
30.612503	-0.614330	-0.006720	-0.896320	-0.077218
30.621880	-0.597551	-0.070497	-0.862747	-0.097364
30.631254	-0.570685	-0.100717	-0.748605	-0.063792
30.640629	-0.483409	-0.147715	-0.614330	-0.020146
30.650003	-0.332341	-0.161141	-0.486761	0.010058
30.659378	-0.228286	-0.154421	-0.375986	0.000000
30.668755	-0.214845	-0.214845	-0.325635	-0.036940
30.678129	-0.285342	-0.312209	-0.375986	-0.073865
30.687504	-0.369266	-0.382707	-0.527054	-0.154421
30.696878	-0.426337	-0.416264	-0.711679	-0.302136
30.706253	-0.476688	-0.469983	-0.859380	-0.493482
30.715630	-0.530407	-0.540480	-0.923172	-0.678107
30.725004	-0.490129	-0.577405	-0.876173	-0.849321
30.734379	-0.369266	-0.600904	-0.711679	-1.027241
30.743753	-0.265211	-0.637829	-0.453189	-1.151443
30.753128	-0.174567	-0.671402	-0.184640	-1.218587
30.762503	-0.080571	-0.688180	0.016779	-1.299143
30.771879	0.023484	-0.745252	0.171199	-1.399860
30.781254	0.057057	-0.819102	0.288695	-1.426712
30.790628	0.036925	-0.825822	0.342399	-1.376361
30.800003	0.033557	-0.765398	0.375971	-1.319289
30.809378	0.036925	-0.718400	0.433043	-1.282364
30.818754	0.050351	-0.715032	0.469968	-1.218587
30.828129	0.114128	-0.681475	0.510246	-1.134664
30.837503	0.265196	-0.624403	0.634462	-1.080945
30.846878	0.436395	-0.604257	0.876158	-1.050740
30.856253	0.557244	-0.600904	1.151428	-0.970170
30.865629	0.661314	-0.560611	1.362920	-0.835896
30.875004	0.785515	-0.453189	1.436770	-0.674754
30.884378	0.835881	-0.382707	1.399845	-0.577405
30.893753	0.762016	-0.322267	1.292422	-0.480056
30.903128	0.604242	-0.255138	1.101077	-0.406206
30.912502	0.446469	-0.198066	0.882864	-0.342414
30.921879	0.292048	-0.157788	0.664666	-0.238344
30.931253	0.087276	-0.083938	0.386044	-0.114143
30.940628	-0.097364	0.020131	0.063777	-0.013441
30.950003	-0.204787	0.083923	-0.208139	0.046983
30.959377	-0.285342	0.083923	-0.365913	0.110775
30.968754	-0.379339	0.067130	-0.459909	0.154406
30.978128	-0.456557	0.040278	-0.550553	0.134274
30.987503	-0.480056	-0.026867	-0.647902	0.043631
30.996878	-0.506908	-0.114143	-0.788897	-0.060439
31.006252	-0.631109	-0.164494	-0.993669	-0.204787
31.015627	-0.798956	-0.211492	-1.252145	-0.399485
31.025003	-0.903025	-0.308841	-1.513988	-0.550553
31.034378	-0.929877	-0.399485	-1.695275	-0.604257
31.043753	-0.960097	-0.426337	-1.802698	-0.644535
31.053127	-0.990301	-0.446483	-1.839623	-0.718400
31.062502	-0.976875	-0.453189	-1.735553	-0.809029
31.071878	-0.909746	-0.439763	-1.487136	-0.906378
31.081253	-0.778824	-0.456557	-1.185015	-1.010448
31.090628	-0.557259	-0.570685	-0.852674	-1.114517
31.100002	-0.298783	-0.681475	-0.453189	-1.198441
31.109377	-0.093997	-0.748605	-0.023499	-1.289070
31.118753	0.040278	-0.809029	0.312194	-1.339436
31.128128	0.154406	-0.845954	0.496820	-1.272291
31.137503	0.271901	-0.792250	0.624388	-1.097724
31.146877	0.332326	-0.624403	0.762016	-0.903025
31.156252	0.355825	-0.459909	0.886232	-0.694901
31.165627	0.439748	-0.315562	0.997007	-0.439763
31.175003	0.567317	-0.184640	1.114503	-0.214845
31.184378	0.631094	-0.120863	1.228631	-0.063792
31.193752	0.634462	-0.100717	1.278996	0.067130
31.203127	0.621036	-0.070497	1.245424	0.211477
31.212502	0.597537	-0.026867	1.174927	0.302121
31.221878	0.510246	-0.023499	1.080930	0.302121
31.231253	0.322267	-0.077218	0.923157	0.251770
31.240627	0.127554	-0.083938	0.691518	0.214845
31.250002	-0.043646	-0.026867	0.412896	0.198051
31.259377	-0.208139	0.010058	0.093982	0.224903
31.268753	-0.355840	0.030205	-0.261843	0.315547
31.278128	-0.456557	0.124201	-0.580758	0.355825
31.287502	-0.530407	0.228271	-0.778824	0.365898
31.296877	-0.614330	0.251770	-0.896320	0.386044
31.306252	-0.701606	0.228271	-1.020521	0.416249
31.315626	-0.735179	0.198051	-1.154795	0.379324
31.325003	-0.738531	0.114128	-1.248792	0.248402
31.334377	-0.772104	-0.006720	-1.285717	0.104055
31.343752	-0.792250	-0.114143	-1.299143	-0.006720
31.353127	-0.775456	-0.154421	-1.272291	-0.067145
31.362501	-0.765398	-0.130922	-1.198441	-0.093997
31.371878	-0.758678	-0.083938	-1.144722	-0.030220
31.381252	-0.694901	0.013426	-1.101092	0.127554
31.390627	-0.590831	0.120848	-0.990301	0.268549
31.400002	-0.520334	0.151053	-0.822455	0.352472
31.409376	-0.463262	0.117481	-0.657976	0.399470
31.418751	-0.375986	0.087276	-0.500187	0.352472
31.428127	-0.271916	0.043631	-0.305489	0.221550
31.437502	-0.187993	-0.080571	-0.104070	0.046983
31.446877	-0.104070	-0.208139	0.033557	-0.110790
31.456251	0.030205	-0.265211	0.140980	-0.241712
31.465626	0.174552	-0.285342	0.248402	-0.318915
31.475002	0.234976	-0.292063	0.349119	-0.305489
31.484377	0.288695	-0.255138	0.439748	-0.224918
31.493752	0.372618	-0.228286	0.540465	-0.151068
31.503126	0.402823	-0.261843	0.637814	-0.127569
31.512501	0.396118	-0.278637	0.725091	-0.144362
31.521877	0.412896	-0.228286	0.768736	-0.218213
31.531252	0.389397	-0.208139	0.765383	-0.345767
31.540627	0.389397	-0.285342	0.738516	-0.503555
31.550001	0.449821	-0.386059	0.765383	-0.668034
31.559376	0.527039	-0.433058	0.862733	-0.825822
31.568750	0.567317	-0.449836	0.960082	-0.936598
31.578127	0.594169	-0.433058	0.976861	-0.923172
31.587502	0.634462	-0.345767	0.939935	-0.772104
31.596876	0.621036	-0.224918	0.872806	-0.614330
31.606251	0.527039	-0.147715	0.765383	-0.496835
31.615625	0.433043	-0.134289	0.631094	-0.375986
31.625002	0.349119	-0.107422	0.530392	-0.245064
31.634377	0.224903	-0.087291	0.466615	-0.161141
31.643751	0.053704	-0.117496	0.352472	-0.140995
31.653126	-0.067145	-0.198066	0.174552	-0.130922
31.662500	-0.130922	-0.255138	0.016779	-0.130922
31.671875	-0.194713	-0.255138	-0.117496	-0.110790
31.681252	-0.208139	-0.221565	-0.228286	-0.013441
31.690626	-0.151068	-0.137642	-0.271916	0.174552
31.700001	-0.127569	0.006706	-0.275284	0.345752
31.709375	-0.191361	0.124201	-0.342414	0.456542
31.718750	-0.208139	0.191346	-0.463262	0.537112
31.728127	-0.191361	0.255123	-0.587478	0.550538
31.737501	-0.214845	0.275269	-0.688180	0.456542
31.746876	-0.238344	0.204772	-0.768751	0.328973
31.756250	-0.208139	0.097349	-0.775456	0.224903
31.765625	-0.181288	0.006706	-0.715032	0.157773
31.775002	-0.164494	-0.053719	-0.644535	0.063777
31.784376	-0.114143	-0.083938	-0.577405	-0.036940
31.793751	-0.040293	-0.093997	-0.456557	-0.057071
31.803125	-0.016794	-0.070497	-0.255138	0.010058
31.812500	-0.010073	-0.020146	-0.043646	0.100702
31.821875	0.023484	0.000000	0.104055	0.208125
31.831251	0.090629	0.006706	0.201404	0.295401
31.840626	0.151053	0.000000	0.292048	0.245050
31.850000	0.124201	-0.046998	0.328973	0.083923
31.859375	0.060424	-0.110790	0.305474	-0.100717
31.868750	0.006706	-0.181288	0.281975	-0.261843
31.878126	-0.046998	-0.251785	0.255123	-0.332341
31.887501	-0.073865	-0.258490	0.181273	-0.342414
31.896875	-0.026867	-0.201419	0.134274	-0.335708
31.906250	0.053704	-0.167862	0.164479	-0.349134
31.915625	0.107422	-0.184640	0.231624	-0.342414
31.925001	0.147700	-0.181288	0.251770	-0.271916
31.934376	0.187978	-0.144362	0.191346	-0.208139
31.943750	0.140980	-0.107422	0.104055	-0.238344
31.953125	0.000000	-0.087291	-0.020146	-0.305489
31.962500	-0.124216	-0.073865	-0.181288	-0.355840
31.971874	-0.194713	-0.097364	-0.315562	-0.402838
31.981251	-0.255138	-0.184640	-0.372633	-0.443131
31.990625	-0.312209	-0.292063	-0.399485	-0.439763
