21.940655	0.046983	-0.013441	0.137627	0.443116
21.950029	0.053704	-0.013441	-0.147715	0.597537
21.959404	0.057057	-0.013441	-0.449836	0.681460
21.968779	0.060424	-0.010073	-0.755325	0.725091
21.978153	0.063777	-0.010073	-1.030594	0.745237
21.987530	0.067130	-0.010073	-1.215219	0.735164
21.996904	0.070482	-0.010073	-1.279011	0.681460
22.006279	0.070482	-0.010073	-1.211867	0.567317
22.015654	0.067130	-0.006720	-1.037300	0.379324
22.025028	0.063777	-0.003368	-0.809029	0.117481
22.034403	0.060424	0.003353	-0.574052	-0.198066
22.043779	0.060424	0.010058	-0.349134	-0.530407
22.053154	0.060424	0.016779	-0.144362	-0.842601
22.062529	0.057057	0.023484	0.040278	-1.114517
22.071903	0.057057	0.033557	0.201404	-1.339436
22.081278	0.060424	0.040278	0.342399	-1.520708
22.090654	0.060424	0.043631	0.483394	-1.675129
22.100029	0.060424	0.046983	0.647888	-1.799330
22.109404	0.053704	0.043631	0.842586	-1.906753
22.118778	0.046983	0.046983	1.050726	-1.997396
22.128153	0.040278	0.046983	1.238704	-2.044394
22.137529	0.033557	0.040278	1.366273	-2.020895
22.146904	0.026852	0.033557	1.396492	-1.913473
22.156279	0.026852	0.026852	1.332700	-1.722127
22.165653	0.023484	0.023484	1.191705	-1.463637
22.175028	0.026852	0.023484	0.990286	-1.144722
22.184402	0.033557	0.020131	0.728458	-0.775456
22.193779	0.046983	0.016779	0.419617	-0.375986
22.203154	0.057057	0.013426	0.090629	0.023484
22.212528	0.067130	0.013426	-0.224918	0.396118
22.221903	0.073850	0.013426	-0.506908	0.711665
22.231277	0.080556	0.010058	-0.745252	0.943303
22.240654	0.087276	0.010058	-0.939950	1.087651
22.250029	0.090629	0.010058	-1.111165	1.151428
22.259403	0.093982	0.010058	-1.275644	1.161501
22.268778	0.097349	0.010058	-1.450211	1.144707
22.278152	0.097349	0.010058	-1.624778	1.107782
22.287527	0.100702	0.013426	-1.769125	1.057431
22.296904	0.100702	0.020131	-1.859754	0.970155
22.306278	0.100702	0.023484	-1.879901	0.825807
22.315653	0.097349	0.030205	-1.829550	0.614315
22.325027	0.090629	0.033557	-1.705334	0.339046
22.334402	0.083923	0.040278	-1.500562	0.003353
22.343779	0.077203	0.050351	-1.225293	-0.369266
22.353153	0.070482	0.060424	-0.916451	-0.762030
22.362528	0.063777	0.063777	-0.631109	-1.134664
22.371902	0.060424	0.063777	-0.409558	-1.453564
22.381277	0.057057	0.067130	-0.265211	-1.701981
22.390654	0.057057	0.067130	-0.161141	-1.873180
22.400028	0.057057	0.060424	-0.063792	-1.973897
22.409403	0.060424	0.053704	0.050351	-2.014175
22.418777	0.060424	0.046983	0.198051	-2.004102
22.428152	0.057057	0.046983	0.349119	-1.967177
22.437527	0.050351	0.043631	0.483394	-1.906753
22.446903	0.046983	0.040278	0.574037	-1.822829
22.456278	0.043631	0.033557	0.610963	-1.705334
22.465652	0.040278	0.030205	0.590816	-1.540855
22.475027	0.043631	0.026852	0.500172	-1.336068
22.484402	0.043631	0.023484	0.359192	-1.097724
22.493778	0.046983	0.023484	0.194699	-0.859380
22.503153	0.050351	0.023484	0.046983	-0.631109
22.512527	0.053704	0.023484	-0.063792	-0.419632
22.521902	0.057057	0.026852	-0.147715	-0.218213
22.531277	0.060424	0.030205	-0.218213	-0.013441
22.540651	0.060424	0.033557	-0.295416	0.201404
22.550028	0.063777	0.033557	-0.392765	0.433043
22.559402	0.063777	0.030205	-0.506908	0.664666
22.568777	0.067130	0.023484	-0.621051	0.889584
22.578152	0.070482	0.013426	-0.711679	1.111150
22.587526	0.073850	0.003353	-0.765398	1.315922
22.596903	0.073850	-0.003368	-0.782177	1.487121
22.606277	0.070482	-0.006720	-0.775456	1.597896
22.615652	0.070482	-0.006720	-0.745252	1.621395
22.625027	0.067130	-0.003368	-0.688180	1.540840
22.634401	0.067130	0.000000	-0.604257	1.342773
22.643778	0.070482	0.006706	-0.496835	1.044005
22.653152	0.073850	0.013426	-0.382707	0.671387
22.662527	0.070482	0.020131	-0.278637	0.255123
22.671902	0.067130	0.026852	-0.191361	-0.187993
22.681276	0.063777	0.033557	-0.114143	-0.634477
22.690651	0.057057	0.036925	-0.026867	-1.050740
22.700027	0.050351	0.036925	0.087276	-1.419991
22.709402	0.046983	0.036925	0.228271	-1.718760
22.718777	0.043631	0.040278	0.416249	-1.953751
22.728151	0.040278	0.046983	0.557244	-2.131671
22.737526	0.040278	0.050351	0.674739	-2.255872
22.746902	0.036925	0.050351	0.755310	-2.326369
22.756277	0.036925	0.050351	0.785515	-2.339810
22.765652	0.036925	0.050351	0.758663	-2.292812
22.775026	0.036925	0.046983	0.671387	-2.178669
22.784401	0.043631	0.046983	0.523672	-2.004102
22.793777	0.050351	0.043631	0.325620	-1.765758
22.803152	0.057057	0.040278	0.107422	-1.456931
22.812527	0.060424	0.030205	-0.110790	-1.077592
22.821901	0.060424	0.020131	-0.318915	-0.637829
22.831276	0.063777	0.010058	-0.527054	-0.174567
22.840651	0.063777	0.006706	-0.731826	0.261828
22.850027	0.067130	0.003353	-0.929877	0.614315
22.859402	0.070482	0.000000	-1.101092	0.862733
22.868776	0.073850	0.000000	-1.225293	1.020506
22.878151	0.077203	-0.003368	-1.295790	1.114503
22.887526	0.080556	-0.006720	-1.319289	1.181647
22.896902	0.083923	-0.006720	-1.302510	1.235351
22.906277	0.087276	-0.003368	-1.255512	1.268923
22.915651	0.087276	0.000000	-1.178294	1.275629
22.925026	0.083923	0.000000	-1.060799	1.255497
22.934401	0.077203	0.000000	-0.913098	1.208499
22.943775	0.073850	-0.003368	-0.748605	1.138002
22.953152	0.070482	-0.003368	-0.597551	1.027226
22.962526	0.067130	0.003353	-0.473335	0.852659
22.971901	0.067130	0.010058	-0.365913	0.604242
22.981276	0.063777	0.020131	-0.261843	0.275269
22.990650	0.067130	0.033557	-0.147715	-0.110790
23.000027	0.063777	0.043631	-0.036940	-0.506908
23.009401	0.063777	0.053704	0.057057	-0.852674
23.018776	0.063777	0.060424	0.120848	-1.124591
23.028151	0.063777	0.067130	0.137627	-1.336068
23.037525	0.063777	0.067130	0.110775	-1.503915
23.046902	0.067130	0.067130	0.057057	-1.651630
23.056276	0.067130	0.067130	-0.003368	-1.772478
23.065651	0.067130	0.063777	-0.063792	-1.866475
23.075026	0.067130	0.060424	-0.124216	-1.926899
23.084400	0.070482	0.057057	-0.184640	-1.947045
23.093775	0.070482	0.057057	-0.258490	-1.910120
23.103151	0.073850	0.057057	-0.352487	-1.802698
23.112526	0.077203	0.053704	-0.473335	-1.614705
23.121901	0.077203	0.050351	-0.617683	-1.342788
23.131275	0.077203	0.043631	-0.785530	-1.000375
23.140650	0.080556	0.036925	-0.956744	-0.604257
23.150026	0.083923	0.030205	-1.114517	-0.181288
23.159401	0.090629	0.023484	-1.228645	0.234976
23.168776	0.093982	0.016779	-1.282364	0.610963
23.178150	0.093982	0.013426	-1.252145	0.919804
23.187525	0.093982	0.010058	-1.127943	1.151428
23.196901	0.087276	0.006706	-0.919819	1.302496
23.206276	0.080556	0.006706	-0.661328	1.383051
23.215651	0.073850	0.003353	-0.399485	1.433417
23.225025	0.067130	0.003353	-0.174567	1.477048
23.234400	0.060424	0.003353	-0.006720	1.503915
23.243774	0.057057	0.006706	0.104055	1.507267
23.253151	0.057057	0.006706	0.187978	1.466975
23.262526	0.057057	0.010058	0.285327	1.369625
23.271900	0.060424	0.013426	0.436395	1.208499
23.281275	0.060424	0.020131	0.668019	0.970155
23.290649	0.060424	0.023484	0.960082	0.651240
23.300026	0.060424	0.030205	1.278996	0.275269
23.309401	0.060424	0.040278	1.550898	-0.120863
23.318775	0.057057	0.050351	1.725465	-0.469983
23.328150	0.053704	0.060424	1.769111	-0.738531
23.337524	0.060424	0.063777	1.678467	-0.899673
23.346899	0.067130	0.067130	1.473695	-0.973523
23.356276	0.073850	0.067130	1.181647	-0.986949
23.365650	0.077203	0.070482	0.832513	-0.970170
23.375025	0.080556	0.073850	0.456542	-0.939950
23.384399	0.080556	0.070482	0.100702	-0.899673
23.393774	0.083923	0.067130	-0.224918	-0.832528
23.403151	0.087276	0.063777	-0.527054	-0.725105
23.412525	0.093982	0.057057	-0.805676	-0.584111
23.421900	0.097349	0.046983	-1.070872	-0.416264
23.431274	0.100702	0.043631	-1.339436	-0.224918
23.440649	0.104055	0.040278	-1.614705	-0.016794
23.450026	0.110775	0.036925	-1.883253	0.187978
23.459400	0.117481	0.040278	-2.131671	0.375971
23.468775	0.120848	0.040278	-2.329737	0.533745
23.478149	0.124201	0.040278	-2.457291	0.661314
23.487524	0.120848	0.036925	-2.494216	0.748590
23.496899	0.117481	0.036925	-2.423733	0.768736
23.506275	0.114128	0.033557	-2.249166	0.711665
23.515650	0.110775	0.033557	-1.994044	0.577390
23.525024	0.107422	0.033557	-1.685202	0.409544
23.534399	0.100702	0.030205	-1.346141	0.255123
23.543774	0.093982	0.026852	-1.000375	0.137627
23.553150	0.087276	0.023484	-0.678107	0.043631
23.562525	0.083923	0.023484	-0.386059	-0.067145
23.571899	0.080556	0.026852	-0.130922	-0.224918
23.581274	0.077203	0.030205	0.093982	-0.433058
23.590649	0.073850	0.033557	0.312194	-0.661328
23.600023	0.067130	0.040278	0.527039	-0.866100
23.609400	0.063777	0.043631	0.741884	-1.017168
23.618774	0.060424	0.046983	0.923157	-1.104444
23.628149	0.057057	0.053704	1.050726	-1.148090
23.637524	0.057057	0.057057	1.117855	-1.148090
23.646898	0.053704	0.057057	1.134649	-1.097724
23.656275	0.050351	0.057057	1.111150	-0.976875
23.665649	0.046983	0.057057	1.030579	-0.792250
23.675024	0.046983	0.053704	0.886232	-0.563979
23.684399	0.050351	0.053704	0.674739	-0.342414
23.693773	0.053704	0.053704	0.409544	-0.171214
23.703150	0.063777	0.057057	0.134274	-0.070497
23.712524	0.070482	0.057057	-0.110790	-0.030220
23.721899	0.077203	0.053704	-0.305489	-0.026867
23.731274	0.077203	0.050351	-0.446483	-0.033572
23.740648	0.077203	0.046983	-0.550553	-0.036940
23.750023	0.077203	0.050351	-0.624403	-0.046998
23.759399	0.073850	0.060424	-0.668034	-0.073865
23.768774	0.073850	0.067130	-0.691533	-0.110790
23.778149	0.070482	0.070482	-0.708327	-0.144362
23.787523	0.067130	0.070482	-0.725105	-0.157788
23.796898	0.067130	0.067130	-0.751957	-0.137642
23.806274	0.067130	0.063777	-0.775456	-0.104070
23.815649	0.063777	0.063777	-0.785530	-0.093997
23.825024	0.063777	0.070482	-0.765398	-0.144362
23.834398	0.057057	0.073850	-0.694901	-0.261843
23.843773	0.053704	0.077203	-0.563979	-0.422984
23.853149	0.046983	0.077203	-0.375986	-0.590831
23.862524	0.043631	0.073850	-0.144362	-0.741899
23.871899	0.040278	0.067130	0.097349	-0.849321
23.881273	0.036925	0.067130	0.305474	-0.929877
23.890648	0.036925	0.070482	0.453174	-0.986949
23.900023	0.036925	0.073850	0.537112	-1.037300
23.909399	0.040278	0.073850	0.574037	-1.084298
23.918774	0.046983	0.077203	0.584096	-1.124591
23.928148	0.053704	0.077203	0.597537	-1.141369
23.937523	0.057057	0.077203	0.610963	-1.141369
23.946898	0.060424	0.077203	0.624388	-1.121223
23.956274	0.057057	0.077203	0.644535	-1.087666
23.965649	0.053704	0.073850	0.674739	-1.054093
23.975023	0.050351	0.073850	0.721738	-1.030594
23.984398	0.043631	0.063777	0.765383	-1.000375
23.993773	0.043631	0.053704	0.768736	-0.926524
24.003147	0.043631	0.043631	0.701591	-0.795603
24.012524	0.046983	0.036925	0.553891	-0.604257
24.021898	0.053704	0.033557	0.355825	-0.379339
24.031273	0.060424	0.033557	0.151053	-0.154421
24.040648	0.067130	0.033557	-0.010073	0.063777
24.050022	0.070482	0.033557	-0.104070	0.271901
24.059399	0.073850	0.033557	-0.154421	0.466615
24.068773	0.077203	0.036925	-0.198066	0.641167
24.078148	0.083923	0.040278	-0.261843	0.765383
24.087523	0.087276	0.043631	-0.328988	0.829160
24.096897	0.087276	0.043631	-0.372633	0.825807
24.106274	0.083923	0.046983	-0.365913	0.758663
24.115648	0.077203	0.050351	-0.298783	0.631094
24.125023	0.067130	0.060424	-0.187993	0.456542
24.134398	0.063777	0.070482	-0.070497	0.245050
24.143772	0.060424	0.080556	0.026852	0.023484
24.153147	0.060424	0.087276	0.090629	-0.184640
24.162523	0.060424	0.090629	0.124201	-0.355840
24.171898	0.060424	0.090629	0.151053	-0.496835
24.181273	0.060424	0.093982	0.167847	-0.617683
24.190647	0.060424	0.097349	0.177905	-0.715032
24.200022	0.060424	0.097349	0.167847	-0.795603
24.209398	0.063777	0.093982	0.140980	-0.862747
24.218773	0.070482	0.090629	0.124201	-0.913098
24.228148	0.077203	0.090629	0.147700	-0.960097
24.237522	0.077203	0.087276	0.224903	-1.007095
24.246897	0.077203	0.090629	0.332326	-1.050740
24.256273	0.073850	0.090629	0.422969	-1.074225
24.265648	0.077203	0.093982	0.456542	-1.044020
24.275023	0.077203	0.093982	0.433043	-0.939950
24.284397	0.080556	0.093982	0.375971	-0.745252
24.293772	0.087276	0.087276	0.302121	-0.480056
24.303146	0.090629	0.083923	0.231624	-0.191361
24.312523	0.093982	0.077203	0.181273	0.073850
24.321898	0.090629	0.073850	0.154406	0.275269
24.331272	0.090629	0.067130	0.167847	0.402823
24.340647	0.087276	0.063777	0.221550	0.449821
24.350021	0.087276	0.057057	0.315547	0.429690
24.359398	0.087276	0.057057	0.446469	0.355825
24.368773	0.083923	0.060424	0.604242	0.224903
24.378147	0.083923	0.067130	0.762016	0.063777
24.387522	0.080556	0.073850	0.896305	-0.104070
24.396896	0.083923	0.083923	1.000360	-0.224918
24.406271	0.083923	0.090629	1.070857	-0.265211
24.415648	0.083923	0.097349	1.104429	-0.231639
24.425022	0.083923	0.100702	1.104429	-0.174567
24.434397	0.087276	0.104055	1.077577	-0.161141
24.443771	0.087276	0.107422	1.033932	-0.234991
24.453146	0.083923	0.110775	0.980228	-0.392765
24.462523	0.083923	0.107422	0.896305	-0.587478
24.471897	0.083923	0.104055	0.765383	-0.765398
24.481272	0.083923	0.104055	0.574037	-0.899673
24.490646	0.083923	0.100702	0.328973	-0.976875
24.500021	0.083923	0.100702	0.057057	-0.993669
24.509398	0.093982	0.100702	-0.221565	-0.960097
24.518772	0.104055	0.100702	-0.480056	-0.869453
24.528147	0.114128	0.100702	-0.708327	-0.718400
24.537521	0.120848	0.100702	-0.919819	-0.523686
24.546896	0.127554	0.097349	-1.124591	-0.312209
24.556271	0.130907	0.090629	-1.295790	-0.117496
24.565647	0.130907	0.087276	-1.379713	0.016779
24.575022	0.130907	0.083923	-1.336068	0.077203
24.584396	0.127554	0.083923	-1.168221	0.073850
24.593771	0.120848	0.083923	-0.926524	0.020131
24.603146	0.114128	0.083923	-0.604257	-0.057071
24.612522	0.107422	0.083923	-0.372633	-0.140995
24.621897	0.100702	0.087276	-0.167862	-0.191361
24.631271	0.093982	0.090629	0.030205	-0.198066
24.640646	0.090629	0.093982	0.231624	-0.171214
24.650021	0.087276	0.097349	0.429690	-0.161141
24.659395	0.087276	0.100702	0.587463	-0.201419
24.668772	0.090629	0.107422	0.684813	-0.305489
24.678146	0.090629	0.114128	0.708312	-0.456557
24.687521	0.090629	0.120848	0.678092	-0.624403
24.696896	0.093982	0.130907	0.600889	-0.782177
24.706270	0.100702	0.137627	0.483394	-0.913098
24.715647	0.107422	0.144348	0.315547	-0.990301
24.725021	0.114128	0.147700	0.090629	-1.007095
24.734396	0.117481	0.151053	-0.171214	-0.983596
24.743771	0.117481	0.157773	-0.439763	-0.936598
24.753145	0.117481	0.161126	-0.688180	-0.879526
24.762522	0.124201	0.164479	-0.899673	-0.812396
24.771896	0.130907	0.171199	-1.060799	-0.735179
24.781271	0.134274	0.171199	-1.174942	-0.621051
24.790646	0.137627	0.167847	-1.258865	-0.463262
24.800020	0.140980	0.161126	-1.342788	-0.251785
24.809395	0.144348	0.157773	-1.450211	0.013426
24.818771	0.151053	0.154406	-1.594558	0.302121
24.828146	0.151053	0.151053	-1.755700	0.574037
24.837521	0.151053	0.147700	-1.900047	0.795588
24.846895	0.147700	0.144348	-1.967177	0.966802
24.856270	0.147700	0.137627	-1.920179	1.094356
24.865646	0.140980	0.137627	-1.748979	1.191705
24.875021	0.137627	0.140980	-1.493856	1.262203
24.884396	0.137627	0.144348	-1.198441	1.302496
24.893770	0.137627	0.151053	-0.903025	1.305848
24.903145	0.137627	0.157773	-0.614330	1.278996
24.912521	0.134274	0.161126	-0.325635	1.231998
24.921896	0.127554	0.167847	-0.057071	1.168206
24.931271	0.124201	0.177905	0.171199	1.077577
24.940645	0.124201	0.191346	0.332326	0.923157
24.950020	0.120848	0.204772	0.436395	0.674739
24.959394	0.120848	0.224903	0.506893	0.245050
24.968771	0.120848	0.245050	0.590816	-0.137642
24.978146	0.114128	0.261828	0.688165	-0.520334
24.987520	0.110775	0.278622	0.775442	-0.879526
24.996895	0.114128	0.298768	0.798941	-1.215219
25.006269	0.124201	0.318900	0.735164	-1.534134
25.015646	0.137627	0.339046	0.594169	-1.826182
25.025021	0.151053	0.355825	0.392750	-2.077967
25.034395	0.157773	0.369251	0.167847	-2.262592
25.043770	0.161126	0.386044	-0.070497	-2.380088
25.053144	0.167847	0.402823	-0.312209	-2.450585
25.062519	0.174552	0.422969	-0.553906	-2.497584
25.071896	0.181273	0.443116	-0.782177	-2.524436
25.081270	0.187978	0.469968	-0.973523	-2.504289
25.090645	0.187978	0.493467	-1.117870	-2.406940
25.100019	0.191346	0.516966	-1.218587	-2.212241
25.109394	0.194699	0.543818	-1.282364	-1.926899
25.118771	0.201404	0.574037	-1.319289	-1.574412
25.128145	0.204772	0.607595	-1.329362	-1.171589
25.137520	0.208125	0.644535	-1.309216	-0.731826
25.146894	0.211477	0.688165	-1.252145	-0.268564
25.156269	0.214845	0.735164	-1.151443	0.194699
25.165646	0.218198	0.788882	-1.007095	0.631094
25.175020	0.218198	0.849307	-0.802323	0.993654
25.184395	0.221550	0.916436	-0.543833	1.245424
25.193769	0.221550	0.986934	-0.251785	1.393124
25.203144	0.218198	1.054078	0.043631	1.463622
25.212519	0.221550	1.117855	0.312194	1.500547
25.221895	0.228271	1.171574	0.520319	1.510620
25.231270	0.231624	1.218572	0.647888	1.487121
25.240644	0.238329	1.265571	0.684813	1.416624
25.250019	0.245050	1.305848	0.634462	1.295775
25.259394	0.255123	1.339421	0.527039	1.131281
25.268770	0.261828	1.366273	0.412896	0.919804
25.278145	0.268549	1.383051	0.318900	0.671387
25.287519	0.275269	1.389772	0.234976	0.389397
25.296894	0.285327	1.393124	0.154406	0.077203
25.306269	0.295401	1.393124	0.060424	-0.255138
25.315645	0.312194	1.386419	-0.053719	-0.594184
25.325020	0.328973	1.372993	-0.174567	-0.896320
25.334394	0.342399	1.356199	-0.308841	-1.141369
25.343769	0.355825	1.329347	-0.463262	-1.322642
25.353144	0.365898	1.295775	-0.657976	-1.450211
25.362518	0.375971	1.255497	-0.886247	-1.534134
25.371895	0.392750	1.211852	-1.117870	-1.584485
25.381269	0.409544	1.161501	-1.309216	-1.604632
25.390644	0.429690	1.104429	-1.419991	-1.601279
25.400019	0.446469	1.044005	-1.433432	-1.587853
25.409393	0.463247	0.980228	-1.352862	-1.564354
25.418770	0.486746	0.913084	-1.215219	-1.520708
25.428144	0.523672	0.839233	-1.040667	-1.446858
25.437519	0.560597	0.772089	-0.852674	-1.329362
25.446894	0.604242	0.708312	-0.674754	-1.164868
25.456268	0.654593	0.654593	-0.527054	-0.956744
25.465643	0.704959	0.604242	-0.409558	-0.731826
25.475019	0.762016	0.557244	-0.298783	-0.516981
25.484394	0.825807	0.516966	-0.181288	-0.339061
25.493769	0.892937	0.483394	-0.036940	-0.214845
25.503143	0.963435	0.459895	0.140980	-0.144362
25.512518	1.033932	0.439748	0.332326	-0.120863
25.521894	1.104429	0.422969	0.513613	-0.124216
25.531269	1.164854	0.406191	0.647888	-0.147715
25.540644	1.225278	0.386044	0.694886	-0.174567
25.550018	1.285702	0.369251	0.627741	-0.191361
25.559393	1.349494	0.352472	0.466615	-0.201419
25.568769	1.403198	0.339046	0.245050	-0.208139
25.578144	1.450196	0.328973	0.000000	-0.228286
25.587519	1.487121	0.315547	-0.231639	-0.292063
25.596893	1.507267	0.302121	-0.449836	-0.419632
25.606268	1.520693	0.292048	-0.647902	-0.594184
25.615643	1.527399	0.281975	-0.825822	-0.772104
25.625019	1.530766	0.271901	-0.983596	-0.919819
25.634394	1.524046	0.268549	-1.117870	-1.010448
25.643768	1.510620	0.261828	-1.228645	-1.033947
25.653143	1.493841	0.255123	-1.339436	-0.973523
25.662518	1.477048	0.245050	-1.463637	-0.839248
25.671894	1.450196	0.234976	-1.594558	-0.668034
25.681269	1.419976	0.228271	-1.728833	-0.500187
25.690643	1.376346	0.224903	-1.839623	-0.379339
25.700018	1.325995	0.221550	-1.900047	-0.349134
25.709393	1.268923	0.218198	-1.886621	-0.402838
25.718767	1.205131	0.211477	-1.792625	-0.500187
25.728144	1.138002	0.201404	-1.641557	-0.577405
25.737518	1.067504	0.191346	-1.460284	-0.607610
25.746893	0.993654	0.184625	-1.272291	-0.590831
25.756268	0.923157	0.181273	-1.080945	-0.547186
25.765642	0.856012	0.177905	-0.889599	-0.486761
25.775019	0.792235	0.177905	-0.681475	-0.419632
25.784393	0.731811	0.174552	-0.463262	-0.349134
25.793768	0.671387	0.171199	-0.248417	-0.295416
25.803143	0.621036	0.171199	-0.073865	-0.271916
25.812517	0.577390	0.171199	0.050351	-0.292063
25.821894	0.543818	0.174552	0.124201	-0.362560
25.831268	0.510246	0.174552	0.164479	-0.466630
25.840643	0.480041	0.177905	0.198051	-0.580758
25.850018	0.449821	0.177905	0.228271	-0.684828
25.859392	0.426322	0.174552	0.238329	-0.765398
25.868767	0.406191	0.171199	0.214845	-0.822455
25.878143	0.386044	0.167847	0.151053	-0.856027
25.887518	0.365898	0.161126	0.043631	-0.866100
25.896893	0.345752	0.151053	-0.097364	-0.856027
25.906267	0.328973	0.144348	-0.275284	-0.839248
25.915642	0.322267	0.140980	-0.483409	-0.839248
25.925018	0.318900	0.134274	-0.698254	-0.866100
25.934393	0.315547	0.134274	-0.889599	-0.923172
25.943768	0.308827	0.134274	-1.040667	-0.997022
25.953142	0.302121	0.134274	-1.131296	-1.064166
25.962517	0.295401	0.134274	-1.164868	-1.094371
25.971893	0.281975	0.127554	-1.141369	-1.067519
25.981268	0.271901	0.124201	-1.080945	-0.983596
25.990643	0.265196	0.117481	-0.976875	-0.849321
26.000017	0.258476	0.114128	-0.815749	-0.688180
26.009392	0.248402	0.110775	-0.607610	-0.513628
26.018766	0.241697	0.104055	-0.372633	-0.352487
26.028143	0.234976	0.097349	-0.161141	-0.221565
26.037518	0.228271	0.093982	0.003353	-0.124216
26.046892	0.221550	0.087276	0.120848	-0.050366
26.056267	0.218198	0.080556	0.204772	0.026852
26.065641	0.211477	0.077203	0.271901	0.117481
26.075018	0.201404	0.070482	0.328973	0.211477
26.084393	0.187978	0.067130	0.386044	0.285327
26.093767	0.177905	0.060424	0.453174	0.308827
26.103142	0.164479	0.060424	0.533745	0.261828
26.112516	0.154406	0.063777	0.621036	0.144348
26.121891	0.144348	0.067130	0.694886	-0.033572
26.131268	0.134274	0.073850	0.731811	-0.238344
26.140642	0.130907	0.080556	0.715017	-0.449836
26.150017	0.127554	0.083923	0.651240	-0.641182
26.159391	0.127554	0.083923	0.563964	-0.802323
26.168766	0.130907	0.087276	0.486746	-0.916451
26.178143	0.130907	0.087276	0.446469	-0.986949
26.187517	0.130907	0.087276	0.436395	-1.023874
26.196892	0.127554	0.083923	0.439748	-1.040667
26.206266	0.127554	0.080556	0.446469	-1.040667
26.215641	0.127554	0.077203	0.463247	-1.017168
26.225018	0.124201	0.073850	0.500172	-0.973523
26.234392	0.124201	0.070482	0.553891	-0.923172
26.243767	0.124201	0.070482	0.604242	-0.869453
26.253141	0.120848	0.073850	0.617668	-0.798956
26.262516	0.117481	0.073850	0.557244	-0.694901
26.271891	0.117481	0.070482	0.416249	-0.550553
26.281267	0.120848	0.067130	0.218198	-0.382707
26.290642	0.124201	0.063777	0.003353	-0.214845
26.300016	0.127554	0.060424	-0.181288	-0.077218
26.309391	0.127554	0.063777	-0.322267	0.000000
26.318766	0.127554	0.063777	-0.422984	0.010058
26.328142	0.124201	0.063777	-0.483409	-0.033572
26.337517	0.124201	0.063777	-0.513628	-0.117496
26.346891	0.124201	0.063777	-0.513628	-0.224918
26.356266	0.124201	0.063777	-0.483409	-0.342414
26.365641	0.124201	0.067130	-0.443131	-0.466630
26.375017	0.120848	0.067130	-0.426337	-0.584111
26.384392	0.124201	0.067130	-0.449836	-0.684828
26.393766	0.124201	0.070482	-0.500187	-0.765398
26.403141	0.127554	0.067130	-0.553906	-0.829175
26.412516	0.124201	0.070482	-0.577405	-0.876173
26.421890	0.124201	0.073850	-0.567332	-0.903025
26.431267	0.124201	0.077203	-0.533760	-0.906378
26.440641	0.124201	0.077203	-0.493482	-0.886247
26.450016	0.124201	0.077203	-0.453189	-0.852674
26.459391	0.120848	0.070482	-0.416264	-0.778824
26.468765	0.120848	0.067130	-0.392765	-0.701606
26.478142	0.120848	0.060424	-0.379339	-0.604257
26.487516	0.120848	0.057057	-0.382707	-0.496835
26.496891	0.117481	0.057057	-0.382707	-0.386059
26.506266	0.110775	0.057057	-0.359207	-0.292063
26.515640	0.104055	0.053704	-0.298783	-0.228286
26.525015	0.093982	0.050351	-0.191361	-0.191361
26.534391	0.087276	0.050351	-0.057071	-0.161141
26.543766	0.080556	0.050351	0.093982	-0.104070
26.553141	0.077203	0.050351	0.238329	0.003353
26.562515	0.070482	0.050351	0.355825	0.147700
26.571890	0.070482	0.046983	0.436395	0.288695
26.581266	0.077203	0.043631	0.459895	0.389397
26.590641	0.087276	0.040278	0.419617	0.416249
26.600016	0.097349	0.036925	0.318900	0.362545
26.609390	0.100702	0.036925	0.164479	0.238329
26.618765	0.104055	0.040278	-0.013441	0.073850
26.628141	0.100702	0.043631	-0.184640	-0.100717
26.637516	0.100702	0.043631	-0.318915	-0.261843
26.646891	0.100702	0.043631	-0.426337	-0.392765
26.656265	0.100702	0.043631	-0.530407	-0.483409
26.665640	0.100702	0.043631	-0.664681	-0.530407
26.675014	0.097349	0.043631	-0.845954	-0.540480
26.684391	0.097349	0.043631	-1.080945	-0.520334
26.693766	0.100702	0.043631	-1.342788	-0.483409
26.703140	0.107422	0.043631	-1.584485	-0.426337
26.712515	0.114128	0.040278	-1.755700	-0.349134
26.721889	0.117481	0.036925	-1.826182	-0.261843
26.731266	0.117481	0.033557	-1.779199	-0.174567
26.740641	0.117481	0.030205	-1.628131	-0.080571
26.750015	0.110775	0.026852	-1.416638	0.026852
26.759390	0.107422	0.026852	-1.178294	0.147700
26.768764	0.100702	0.026852	-0.960097	0.268549
26.778139	0.093982	0.026852	-0.785530	0.355825
26.787516	0.087276	0.026852	-0.651255	0.382692
26.796890	0.080556	0.026852	-0.543833	0.342399
26.806265	0.077203	0.023484	-0.439763	0.241697
26.815639	0.073850	0.023484	-0.342414	0.114128
26.825014	0.073850	0.023484	-0.255138	0.003353
26.834391	0.077203	0.026852	-0.177920	-0.083938
26.843765	0.080556	0.026852	-0.090644	-0.161141
26.853140	0.080556	0.030205	0.016779	-0.255138
26.862514	0.073850	0.033557	0.144348	-0.379339
26.871889	0.067130	0.036925	0.258476	-0.530407
26.881266	0.067130	0.040278	0.312194	-0.701606
26.890640	0.067130	0.046983	0.268549	-0.862747
26.900015	0.070482	0.057057	0.137627	-1.000375
26.909389	0.070482	0.067130	-0.040293	-1.114517
26.918764	0.073850	0.073850	-0.211492	-1.211867
26.928139	0.073850	0.077203	-0.328988	-1.299143
26.937515	0.070482	0.080556	-0.386059	-1.349509
26.946890	0.063777	0.077203	-0.412911	-1.336068
26.956264	0.060424	0.073850	-0.449836	-1.245439
26.965639	0.057057	0.070482	-0.513628	-1.087666
26.975014	0.053704	0.067130	-0.594184	-0.899673
26.984390	0.053704	0.063777	-0.674754	-0.728473
26.993765	0.053704	0.060424	-0.738531	-0.594184
27.003139	0.053704	0.053704	-0.792250	-0.486761
27.012514	0.050351	0.046983	-0.835896	-0.396132
27.021889	0.050351	0.043631	-0.862747	-0.315562
27.031265	0.050351	0.040278	-0.842601	-0.231639
27.040640	0.046983	0.036925	-0.755325	-0.134289
27.050014	0.043631	0.033557	-0.617683	-0.023499
27.059389	0.043631	0.030205	-0.463262	0.127554
27.068764	0.040278	0.023484	-0.335708	0.335693
27.078138	0.040278	0.016779	-0.258490	0.597537
27.087515	0.043631	0.006706	-0.234991	0.882864
27.096889	0.046983	0.000000	-0.251785	1.138002
27.106264	0.053704	-0.006720	-0.292063	1.312554
27.115639	0.057057	-0.010073	-0.349134	1.386419
27.125013	0.053704	-0.013441	-0.416264	1.352847
27.134390	0.050351	-0.016794	-0.480056	1.221925
27.143764	0.046983	-0.013441	-0.530407	1.020506
27.153139	0.043631	-0.010073	-0.563979	0.778809
27.162514	0.040278	-0.006720	-0.580758	0.537112
27.171888	0.040278	-0.003368	-0.607610	0.312194
27.181263	0.040278	0.003353	-0.678107	0.083923
27.190639	0.040278	0.010058	-0.788897	-0.177920
27.200014	0.043631	0.016779	-0.929877	-0.500187
27.209389	0.050351	0.026852	-1.060799	-0.876173
27.218763	0.057057	0.036925	-1.161516	-1.258865
27.228138	0.063777	0.043631	-1.225293	-1.604632
27.237514	0.070482	0.046983	-1.258865	-1.879901
27.246889	0.070482	0.053704	-1.262218	-2.088025
27.256264	0.073850	0.057057	-1.245439	-2.252519
27.265638	0.077203	0.057057	-1.198441	-2.376735
27.275013	0.080556	0.057057	-1.117870	-2.443865
27.284389	0.077203	0.053704	-0.997022	-2.413660
27.293764	0.073850	0.050351	-0.872821	-2.259240
27.303139	0.070482	0.043631	-0.782177	-1.990676
27.312513	0.070482	0.033557	-0.735179	-1.644909
27.321888	0.067130	0.026852	-0.721753	-1.272291
27.331263	0.063777	0.023484	-0.735179	-0.903025
27.340639	0.057057	0.016779	-0.772104	-0.547186
27.350014	0.057057	0.010058	-0.849321	-0.214845
27.359388	0.053704	0.006706	-0.956744	0.090629
27.368763	0.053704	0.000000	-1.091018	0.372618
27.378138	0.053704	-0.006720	-1.235366	0.624388
27.387514	0.057057	-0.013441	-1.379713	0.856012
27.396889	0.063777	-0.023499	-1.520708	1.070857
27.406263	0.070482	-0.030220	-1.658335	1.258850
27.415638	0.077203	-0.030220	-1.812756	1.409918
27.425013	0.083923	-0.030220	-1.963824	1.490474
27.434389	0.083923	-0.030220	-2.081320	1.480415
27.443764	0.083923	-0.030220	-2.114892	1.359552
27.453138	0.080556	-0.026867	-2.010822	1.127928
27.462513	0.077203	-0.020146	-1.832902	0.815734
27.471888	0.070482	-0.013441	-1.607984	0.459895
27.481262	0.067130	-0.006720	-1.366287	0.100702
27.490639	0.063777	-0.003368	-1.117870	-0.218213
27.500013	0.060424	0.003353	-0.856027	-0.480056
27.509388	0.053704	0.006706	-0.574052	-0.688180
27.518763	0.050351	0.013426	-0.268564	-0.856027
27.528137	0.050351	0.013426	0.050351	-1.010448
27.537514	0.050351	0.016779	0.352472	-1.164868
27.546888	0.046983	0.016779	0.610963	-1.315936
27.556263	0.043631	0.016779	0.795588	-1.443490
27.565638	0.040278	0.013426	0.913084	-1.527414
27.575012	0.040278	0.010058	0.986934	-1.554281
27.584387	0.033557	0.010058	1.047358	-1.520708
27.593763	0.030205	0.006706	1.101077	-1.433432
27.603138	0.023484	0.003353	1.138002	-1.292437
27.612513	0.016779	0.003353	1.131281	-1.117870
27.621887	0.013426	0.003353	1.057431	-0.923172
27.631262	0.016779	0.000000	0.923157	-0.715032
27.640638	0.020131	-0.003368	0.725091	-0.496835
27.650013	0.026852	-0.003368	0.480041	-0.285342
27.659388	0.033557	-0.003368	0.187978	-0.100717
27.668762	0.043631	-0.003368	-0.137642	0.030205
27.678137	0.053704	-0.003368	-0.469983	0.097349
27.687513	0.060424	-0.003368	-0.785530	0.104055
27.696888	0.063777	-0.003368	-1.060799	0.090629
27.706263	0.067130	-0.006720	-1.295790	0.087276
27.715637	0.073850	-0.003368	-1.490489	0.110775
27.725012	0.077203	-0.003368	-1.631483	0.164479
27.734386	0.080556	-0.003368	-1.735553	0.224903
27.743763	0.077203	-0.006720	-1.816124	0.271901
27.753138	0.073850	-0.006720	-1.889974	0.295401
27.762512	0.070482	-0.010073	-1.950398	0.302121
27.771887	0.067130	-0.010073	-1.977250	0.305474
27.781261	0.067130	-0.010073	-1.957104	0.302121
27.790638	0.063777	-0.013441	-1.876548	0.292048
27.800013	0.060424	-0.013441	-1.752332	0.258476
27.809387	0.050351	-0.010073	-1.597911	0.177905
27.818762	0.043631	-0.003368	-1.416638	0.050351
27.828136	0.036925	0.000000	-1.181647	-0.114143
27.837511	0.030205	0.003353	-0.872821	-0.302136
27.846888	0.026852	0.010058	-0.476688	-0.513628
27.856262	0.020131	0.016779	-0.023499	-0.748605
27.865637	0.013426	0.023484	0.422969	-1.000375
27.875011	0.003353	0.030205	0.815734	-1.252145
27.884386	-0.003368	0.033557	1.121208	-1.470357
27.893763	-0.010073	0.036925	1.342773	-1.618057
27.903137	-0.016794	0.036925	1.473695	-1.671776
27.912512	-0.016794	0.036925	1.524046	-1.634836
27.921886	-0.016794	0.033557	1.493841	-1.524061
27.931261	-0.016794	0.030205	1.403198	-1.379713
27.940638	-0.016794	0.026852	1.272276	-1.225293
27.950012	-0.016794	0.026852	1.124576	-1.070872
27.959387	-0.016794	0.023484	0.970155	-0.899673
27.968761	-0.016794	0.020131	0.805661	-0.704974
27.978136	-0.016794	0.013426	0.614315	-0.483409
27.987511	-0.016794	0.010058	0.375971	-0.224918
27.996887	-0.010073	0.006706	0.080556	0.060424
28.006262	0.000000	0.003353	-0.285342	0.345752
28.015636	0.020131	0.000000	-0.701606	0.597537
28.025011	0.036925	0.000000	-1.124591	0.788882
28.034386	0.050351	0.000000	-1.513988	0.899658
28.043762	0.060424	0.003353	-1.829550	0.923157
28.053137	0.067130	0.010058	-2.044394	0.845939
28.062511	0.070482	0.016779	-2.155170	0.664666
28.071886	0.067130	0.020131	-2.165243	0.372618
28.081261	0.060424	0.023484	-2.091393	0.010058
28.090637	0.053704	0.023484	-1.950398	-0.349134
28.100012	0.046983	0.020131	-1.755700	-0.647902
28.109386	0.043631	0.020131	-1.517355	-0.839248
28.118761	0.033557	0.020131	-1.252145	-0.926524
28.128136	0.023484	0.020131	-0.986949	-0.936598
28.137510	0.016779	0.023484	-0.738531	-0.926524
28.146887	0.013426	0.026852	-0.513628	-0.933245
28.156261	0.006706	0.033557	-0.298783	-0.970170
28.165636	0.000000	0.033557	-0.073865	-1.030594
28.175011	-0.006720	0.036925	0.174552	-1.094371
28.184385	-0.010073	0.033557	0.436395	-1.138017
28.193762	-0.016794	0.030205	0.674739	-1.144722
28.203136	-0.020146	0.026852	0.859380	-1.097724
28.212511	-0.023499	0.023484	0.960082	-0.963449
28.221886	-0.020146	0.013426	0.956729	-0.718400
28.231260	-0.013441	0.003353	0.856012	-0.365913
28.240635	-0.003368	-0.003368	0.678092	0.053704
28.250011	0.003353	-0.010073	0.456542	0.486746
28.259386	0.010058	-0.016794	0.201404	0.876158
28.268761	0.016779	-0.020146	-0.070497	1.168206
28.278135	0.023484	-0.020146	-0.352487	1.362920
28.287510	0.030205	-0.020146	-0.617683	1.470342
28.296886	0.036925	-0.020146	-0.852674	1.507267
28.306261	0.043631	-0.016794	-1.057446	1.473695
28.315636	0.046983	-0.013441	-1.245439	1.369625
28.325010	0.053704	-0.010073	-1.419991	1.221925
28.334385	0.053704	-0.006720	-1.557633	1.067504
28.343761	0.057057	-0.003368	-1.654983	0.939935
28.353136	0.057057	-0.006720	-1.701981	0.849307
28.362511	0.053704	-0.006720	-1.701981	0.751957
28.371885	0.053704	-0.006720	-1.658335	0.597537
28.381260	0.050351	-0.003368	-1.577780	0.349119
28.390635	0.046983	0.003353	-1.443490	-0.003368
28.400011	0.040278	0.013426	-1.255512	-0.429690
28.409386	0.030205	0.020131	-1.007095	-0.882879
28.418760	0.023484	0.026852	-0.728473	-1.322642
28.428135	0.013426	0.033557	-0.449836	-1.715407
28.437510	0.006706	0.040278	-0.208139	-2.041027
28.446886	-0.003368	0.046983	-0.020146	-2.269313
28.456261	-0.010073	0.050351	0.127554	-2.359941
28.465635	-0.013441	0.046983	0.255123	-2.319664
28.475010	-0.016794	0.043631	0.369251	-2.171948
28.484385	-0.020146	0.036925	0.453174	-1.967177
28.493759	-0.023499	0.030205	0.496820	-1.745626
28.503136	-0.023499	0.023484	0.500172	-1.527414
28.512510	-0.023499	0.016779	0.476673	-1.312569
28.521885	-0.020146	0.006706	0.446469	-1.087666
28.531260	-0.016794	0.003353	0.412896	-0.862747
28.540634	-0.013441	-0.003368	0.365898	-0.624403
28.550011	-0.010073	-0.006720	0.305474	-0.359207
28.559385	-0.010073	-0.010073	0.218198	-0.053719
28.568760	-0.010073	-0.016794	0.093982	0.298768
28.578135	-0.010073	-0.020146	-0.060439	0.688165
28.587509	-0.010073	-0.030220	-0.245064	1.067504
28.596886	-0.006720	-0.036940	-0.449836	1.376346
28.606260	-0.003368	-0.040293	-0.657976	1.584470
28.615635	0.000000	-0.043646	-0.852674	1.678467
28.625010	0.000000	-0.043646	-1.010448	1.681820
28.634384	0.000000	-0.040293	-1.131296	1.594543
28.643759	0.000000	-0.036940	-1.208514	1.406550
28.653135	-0.003368	-0.033572	-1.238719	1.127928
28.662510	-0.003368	-0.026867	-1.218587	0.778809
28.671885	-0.006720	-0.023499	-1.151443	0.412896
28.681259	-0.006720	-0.013441	-1.064166	0.067130
28.690634	-0.010073	-0.003368	-0.986949	-0.228286
28.700010	-0.010073	0.003353	-0.939950	-0.486761
28.709385	-0.006720	0.010058	-0.933245	-0.728473
28.718760	-0.003368	0.013426	-0.950024	-0.986949
28.728134	-0.003368	0.016779	-0.960097	-1.262218
28.737509	0.000000	0.026852	-0.946671	-1.530781
28.746885	0.003353	0.033557	-0.892952	-1.759052
28.756260	0.003353	0.036925	-0.802323	-1.916826
28.765635	0.003353	0.040278	-0.678107	-2.004102
28.775009	0.000000	0.040278	-0.523686	-2.020895
28.784384	-0.006720	0.036925	-0.345767	-1.967177
28.793758	-0.006720	0.033557	-0.171214	-1.839623
28.803135	-0.006720	0.026852	-0.016794	-1.631483
28.812510	-0.003368	0.023484	0.114128	-1.346141
28.821884	-0.003368	0.013426	0.214845	-0.997022
28.831259	-0.006720	0.006706	0.281975	-0.624403
28.840633	-0.010073	0.000000	0.318900	-0.275284
28.850010	-0.013441	-0.003368	0.335693	0.023484
28.859385	-0.016794	-0.010073	0.335693	0.268549
28.868759	-0.020146	-0.013441	0.318900	0.473320
28.878134	-0.020146	-0.023499	0.275269	0.654593
28.887508	-0.023499	-0.033572	0.194699	0.819087
28.896883	-0.026867	-0.040293	0.090629	0.963435
28.906260	-0.026867	-0.040293	-0.030220	1.074225
28.915634	-0.023499	-0.036940	-0.161141	1.158148
28.925009	-0.016794	-0.033572	-0.295416	1.215205
28.934383	-0.006720	-0.030220	-0.429690	1.225278
28.943758	0.000000	-0.026867	-0.550553	1.164854
28.953135	0.006706	-0.026867	-0.657976	1.017153
28.962509	0.010058	-0.023499	-0.755325	0.792235
28.971884	0.010058	-0.016794	-0.839248	0.510246
28.981258	0.010058	-0.006720	-0.909746	0.221550
28.990633	0.010058	0.000000	-0.960097	-0.046998
29.000010	0.010058	0.010058	-0.980243	-0.285342
29.009384	0.006706	0.016779	-0.963449	-0.496835
29.018759	0.003353	0.020131	-0.913098	-0.698254
29.028133	0.003353	0.026852	-0.832528	-0.896320
29.037508	0.000000	0.030205	-0.731826	-1.070872
29.046883	0.000000	0.036925	-0.614330	-1.218587
29.056259	0.003353	0.040278	-0.480056	-1.336068
29.065634	0.006706	0.040278	-0.322267	-1.416638
29.075008	0.010058	0.036925	-0.140995	-1.456931
29.084383	0.010058	0.033557	0.046983	-1.456931
29.093758	0.006706	0.030205	0.228271	-1.409933
29.103134	0.003353	0.026852	0.379324	-1.315936
29.112509	0.000000	0.026852	0.496820	-1.185015
29.121883	-0.006720	0.026852	0.557244	-1.007095
29.131258	-0.013441	0.023484	0.547171	-0.792250
29.140633	-0.016794	0.020131	0.456542	-0.550553
29.150009	-0.016794	0.016779	0.278622	-0.298783
29.159384	-0.016794	0.013426	0.046983	-0.067145
29.168758	-0.016794	0.013426	-0.201419	0.134274
29.178133	-0.020146	0.013426	-0.409558	0.302121
29.187508	-0.020146	0.006706	-0.540480	0.453174
29.196882	-0.020146	-0.003368	-0.580758	0.597537
29.206259	-0.016794	-0.010073	-0.550553	0.718385
29.215633	-0.016794	-0.016794	-0.500187	0.792235
29.225008	-0.016794	-0.016794	-0.480056	0.788882
29.234383	-0.020146	-0.013441	-0.513628	0.694886
29.243757	-0.020146	-0.010073	-0.600904	0.547171
29.253134	-0.016794	-0.006720	-0.711679	0.375971
29.262508	-0.013441	-0.003368	-0.825822	0.204772
29.271883	-0.010073	0.003353	-0.913098	0.033557
29.281258	-0.010073	0.010058	-0.956744	-0.147715
29.290632	-0.010073	0.020131	-0.936598	-0.355840
29.300007	-0.013441	0.026852	-0.862747	-0.587478
29.309383	-0.020146	0.033557	-0.751957	-0.822455
29.318758	-0.023499	0.036925	-0.647902	-1.037300
29.328133	-0.023499	0.036925	-0.580758	-1.228645
29.337507	-0.020146	0.036925	-0.557259	-1.399860
29.346882	-0.020146	0.030205	-0.557259	-1.550913
29.356258	-0.020146	0.030205	-0.560611	-1.661703
29.365633	-0.023499	0.033557	-0.550553	-1.698628
29.375008	-0.023499	0.030205	-0.520334	-1.628131
29.384382	-0.026867	0.030205	-0.463262	-1.477063
29.393757	-0.030220	0.030205	-0.379339	-1.292437
29.403133	-0.033572	0.033557	-0.258490	-1.114517
29.412508	-0.033572	0.033557	-0.110790	-0.960097
29.421883	-0.033572	0.030205	0.050351	-0.825822
29.431257	-0.033572	0.026852	0.191346	-0.691533
29.440632	-0.033572	0.020131	0.295401	-0.550553
29.450006	-0.033572	0.016779	0.359192	-0.419632
29.459383	-0.033572	0.013426	0.396118	-0.322267
29.468758	-0.033572	0.013426	0.422969	-0.271916
29.478132	-0.036940	0.013426	0.439748	-0.241712
29.487507	-0.040293	0.013426	0.436395	-0.191361
29.496881	-0.040293	0.010058	0.406191	-0.087291
29.506258	-0.036940	0.003353	0.342399	0.060424
29.515633	-0.033572	-0.003368	0.258476	0.214845
29.525007	-0.030220	-0.003368	0.164479	0.315547
29.534382	-0.026867	-0.003368	0.070482	0.339046
29.543756	-0.023499	0.000000	-0.026867	0.288695
29.553131	-0.013441	0.003353	-0.124216	0.177905
29.562508	-0.003368	0.010058	-0.224918	0.030205
29.571882	0.006706	0.013426	-0.322267	-0.140995
29.581257	0.010058	0.013426	-0.412911	-0.315562
29.590631	0.006706	0.013426	-0.496835	-0.473335
29.600006	0.000000	0.016779	-0.563979	-0.610977
29.609383	-0.003368	0.016779	-0.621051	-0.718400
29.618757	-0.003368	0.013426	-0.668034	-0.815749
29.628132	-0.003368	0.006706	-0.708327	-0.909746
29.637506	-0.003368	0.003353	-0.735179	-0.997022
29.646881	-0.003368	0.000000	-0.735179	-1.064166
29.656258	-0.003368	-0.003368	-0.688180	-1.111165
29.665632	-0.006720	-0.003368	-0.600904	-1.141369
29.675007	-0.010073	0.000000	-0.500187	-1.158163
29.684381	-0.010073	0.000000	-0.412911	-1.178294
29.693756	-0.003368	0.000000	-0.359207	-1.208514
29.703131	0.003353	0.003353	-0.332341	-1.228645
29.712507	0.010058	0.006706	-0.318915	-1.208514
29.721882	0.013426	0.010058	-0.308841	-1.124591
29.731256	0.016779	0.010058	-0.295416	-0.970170
29.740631	0.016779	0.006706	-0.275284	-0.768751
29.750006	0.016779	0.000000	-0.231639	-0.550553
29.759382	0.013426	-0.006720	-0.154421	-0.345767
29.768757	0.006706	-0.013441	-0.057071	-0.167862
29.778131	0.000000	-0.020146	0.036925	-0.033572
29.787506	-0.010073	-0.020146	0.087276	0.046983
29.796881	-0.016794	-0.020146	0.073850	0.067130
29.806257	-0.016794	-0.023499	0.000000	0.030205
29.815632	-0.016794	-0.026867	-0.114143	-0.050366
29.825006	-0.010073	-0.030220	-0.238344	-0.147715
29.834381	-0.006720	-0.030220	-0.349134	-0.204787
29.843756	-0.003368	-0.030220	-0.439763	-0.181288
29.853130	0.006706	-0.030220	-0.520334	-0.073865
29.862507	0.016779	-0.033572	-0.584111	0.073850
29.871881	0.023484	-0.036940	-0.621051	0.184625
29.881256	0.026852	-0.040293	-0.627756	0.201404
29.890631	0.023484	-0.043646	-0.617683	0.120848
29.900005	0.023484	-0.043646	-0.614330	-0.020146
29.909382	0.016779	-0.043646	-0.637829	-0.191361
29.918756	0.013426	-0.040293	-0.698254	-0.362560
29.928131	0.006706	-0.036940	-0.792250	-0.530407
29.937506	0.003353	-0.036940	-0.903025	-0.688180
29.946880	0.000000	-0.033572	-1.003742	-0.809029
29.956255	0.000000	-0.033572	-1.080945	-0.849321
29.965631	0.003353	-0.036940	-1.124591	-0.772104
29.975006	0.003353	-0.040293	-1.124591	-0.574052
29.984381	0.003353	-0.043646	-1.087666	-0.308841
29.993755	0.000000	-0.046998	-1.007095	-0.043646
30.003130	-0.003368	-0.050366	-0.903025	0.147700
30.012506	-0.006720	-0.050366	-0.802323	0.255123
30.021881	-0.010073	-0.050366	-0.728473	0.271901
30.031256	-0.013441	-0.053719	-0.674754	0.268549
30.040630	-0.020146	-0.053719	-0.621051	0.278622
30.050005	-0.023499	-0.053719	-0.543833	0.318900
30.059381	-0.023499	-0.053719	-0.426337	0.382692
30.068756	-0.026867	-0.053719	-0.285342	0.459895
30.078131	-0.030220	-0.050366	-0.130922	0.523672
30.087505	-0.033572	-0.050366	0.013426	0.540465
30.096880	-0.040293	-0.046998	0.137627	0.486746
30.106255	-0.040293	-0.040293	0.245050	0.328973
30.115631	-0.040293	-0.033572	0.352472	0.063777
30.125006	-0.043646	-0.026867	0.473320	-0.275284
30.134380	-0.046998	-0.016794	0.607595	-0.641182
30.143755	-0.046998	-0.006720	0.741884	-0.966802
30.153130	-0.050366	0.000000	0.872806	-1.205146
30.162506	-0.053719	0.003353	0.986934	-1.336068
30.171881	-0.053719	0.003353	1.064152	-1.373008
30.181255	-0.050366	0.006706	1.101077	-1.339436
30.190630	-0.046998	0.010058	1.080930	-1.272291
30.200005	-0.043646	0.010058	1.013786	-1.205146
30.209381	-0.040293	0.013426	0.909731	-1.154795
30.218756	-0.036940	0.010058	0.775442	-1.117870
30.228130	-0.033572	0.006706	0.604242	-1.091018
30.237505	-0.030220	0.003353	0.389397	-1.060799
30.246880	-0.026867	-0.003368	0.120848	-1.020521
30.256254	-0.020146	-0.006720	-0.184640	-0.956744
30.265631	-0.016794	-0.006720	-0.506908	-0.859380
30.275005	-0.010073	-0.013441	-0.815749	-0.704974
30.284380	-0.006720	-0.016794	-1.101092	-0.500187
30.293755	-0.003368	-0.026867	-1.369640	-0.251785
30.303129	0.003353	-0.030220	-1.628131	0.003353
30.312506	0.006706	-0.033572	-1.866475	0.234976
30.321880	0.010058	-0.030220	-2.061173	0.426322
30.331255	0.010058	-0.030220	-2.178669	0.563964
30.340630	0.013426	-0.026867	-2.202168	0.624388
30.350004	0.016779	-0.026867	-2.111524	0.597537
30.359379	0.013426	-0.026867	-1.923546	0.483394
30.368755	0.006706	-0.020146	-1.661703	0.302121
30.378130	0.000000	-0.016794	-1.352862	0.097349
30.387505	-0.006720	-0.016794	-0.997022	-0.083938
30.396879	-0.016794	-0.013441	-0.610977	-0.241712
30.406254	-0.026867	-0.010073	-0.214845	-0.396132
30.415630	-0.033572	-0.003368	0.137627	-0.577405
30.425005	-0.040293	0.000000	0.402823	-0.798956
30.434380	-0.040293	0.003353	0.574037	-1.037300
30.443754	-0.043646	0.010058	0.668019	-1.262218
30.453129	-0.040293	0.016779	0.715017	-1.446858
30.462505	-0.036940	0.020131	0.758663	-1.584485
30.471880	-0.036940	0.026852	0.815734	-1.681834
30.481255	-0.036940	0.026852	0.896305	-1.752332
30.490629	-0.036940	0.026852	0.973508	-1.799330
30.500004	-0.036940	0.030205	1.030579	-1.792625
30.509378	-0.036940	0.030205	1.054078	-1.705334
30.518755	-0.040293	0.030205	1.050726	-1.540855
30.528130	-0.043646	0.026852	1.017153	-1.322642
30.537504	-0.046998	0.020131	0.939935	-1.087666
30.546879	-0.050366	0.013426	0.809014	-0.872821
30.556253	-0.050366	0.010058	0.627741	-0.694901
30.565630	-0.043646	0.006706	0.422969	-0.547186
30.575005	-0.040293	0.000000	0.231624	-0.443131
30.584379	-0.036940	-0.003368	0.080556	-0.386059
30.593754	-0.033572	-0.006720	-0.010073	-0.379339
30.603128	-0.023499	-0.006720	-0.050366	-0.406206
30.612503	-0.016794	-0.006720	-0.036940	-0.429690
30.621880	-0.010073	-0.003368	0.013426	-0.429690
30.631254	-0.006720	0.000000	0.090629	-0.402838
30.640629	-0.010073	0.003353	0.177905	-0.365913
30.650003	-0.013441	0.006706	0.245050	-0.352487
30.659378	-0.020146	0.006706	0.255123	-0.369266
30.668755	-0.023499	0.010058	0.201404	-0.402838
30.678129	-0.026867	0.013426	0.097349	-0.443131
30.687504	-0.030220	0.020131	-0.006720	-0.493482
30.696878	-0.033572	0.023484	-0.073865	-0.570685
30.706253	-0.036940	0.020131	-0.073865	-0.684828
30.715630	-0.040293	0.010058	-0.013441	-0.825822
30.725004	-0.043646	0.003353	0.090629	-0.960097
30.734379	-0.043646	-0.003368	0.208125	-1.033947
30.743753	-0.043646	-0.006720	0.308827	-1.033947
30.753128	-0.040293	-0.006720	0.382692	-0.970170
30.762503	-0.040293	-0.006720	0.406191	-0.882879
30.771879	-0.043646	-0.006720	0.365898	-0.809029
30.781254	-0.040293	-0.003368	0.251770	-0.772104
30.790628	-0.040293	0.000000	0.090629	-0.762030
30.800003	-0.036940	0.003353	-0.090644	-0.772104
30.809378	-0.033572	0.003353	-0.248417	-0.795603
30.818754	-0.030220	0.003353	-0.365913	-0.812396
30.828129	-0.026867	0.000000	-0.436410	-0.788897
30.837503	-0.026867	-0.010073	-0.476688	-0.694901
30.846878	-0.030220	-0.016794	-0.506908	-0.527054
30.856253	-0.030220	-0.023499	-0.540480	-0.305489
30.865629	-0.030220	-0.026867	-0.607610	-0.073865
30.875004	-0.030220	-0.030220	-0.718400	0.130907
30.884378	-0.026867	-0.033572	-0.866100	0.268549
30.893753	-0.020146	-0.033572	-1.037300	0.325620
30.903128	-0.010073	-0.030220	-1.211867	0.298768
30.912502	-0.003368	-0.023499	-1.349509	0.181273
30.921879	0.003353	-0.016794	-1.423359	-0.016794
30.931253	0.010058	-0.006720	-1.413286	-0.258490
30.940628	0.010058	0.000000	-1.329362	-0.483409
30.950003	0.006706	0.000000	-1.174942	-0.657976
30.959377	0.000000	0.003353	-0.963449	-0.778824
30.968754	-0.006720	0.003353	-0.711679	-0.869453
30.978128	-0.013441	0.003353	-0.446483	-0.966802
30.987503	-0.013441	0.006706	-0.187993	-1.067519
30.996878	-0.013441	0.006706	0.053704	-1.141369
31.006252	-0.016794	0.006706	0.292048	-1.151443
31.015627	-0.023499	0.000000	0.560597	-1.091018
31.025003	-0.030220	-0.003368	0.869438	-0.997022
31.034378	-0.033572	-0.006720	1.208499	-0.899673
31.043753	-0.036940	-0.010073	1.554266	-0.809029
31.053127	-0.046998	-0.010073	1.853034	-0.691533
31.062502	-0.050366	-0.016794	2.064511	-0.506908
31.071878	-0.060439	-0.023499	2.175301	-0.255138
31.081253	-0.063792	-0.030220	2.148449	0.026852
31.090628	-0.067145	-0.036940	2.017528	0.285327
31.100002	-0.067145	-0.043646	1.785889	0.486746
31.109377	-0.060439	-0.043646	1.453549	0.651240
31.118753	-0.050366	-0.046998	1.050726	0.822440
31.128128	-0.040293	-0.057071	0.607595	1.027226
31.137503	-0.030220	-0.067145	0.157773	1.248777
31.146877	-0.013441	-0.073865	-0.416264	1.416624
31.156252	0.003353	-0.077218	-0.869453	1.477048
31.165627	0.013426	-0.077218	-1.305863	1.416624
31.175003	0.020131	-0.073865	-1.691908	1.258850
31.184378	0.026852	-0.067145	-1.990676	1.054078
31.193752	0.026852	-0.063792	-2.185390	0.825807
31.203127	0.023484	-0.057071	-2.269313	0.580743
31.212502	0.016779	-0.050366	-2.259240	0.292048
31.221878	0.013426	-0.043646	-2.121598	-0.053719
31.231253	0.006706	-0.033572	-1.906753	-0.433058
31.240627	0.003353	-0.023499	-1.607984	-0.809029
31.250002	0.000000	-0.016794	-1.238719	-1.154795
31.259377	-0.003368	-0.006720	-0.822455	-1.466990
31.268753	-0.010073	0.003353	-0.382707	-1.759052
31.278128	-0.016794	0.010058	0.053704	-2.034321
31.287502	-0.023499	0.020131	0.483394	-2.272666
31.296877	-0.030220	0.026852	0.896305	-2.430439
31.306252	-0.036940	0.030205	1.278996	-2.480790
31.315626	-0.043646	0.033557	1.607969	-2.440512
31.325003	-0.053719	0.036925	1.859739	-2.339810
31.334377	-0.060439	0.036925	2.004087	-2.218947
31.343752	-0.063792	0.036925	2.051085	-2.091393
31.353127	-0.063792	0.030205	2.010808	-1.943678
31.362501	-0.067145	0.020131	1.896665	-1.745626
31.371878	-0.067145	0.006706	1.705319	-1.487136
31.381252	-0.067145	-0.006720	1.436770	-1.181647
31.390627	-0.067145	-0.023499	1.101077	-0.835896
31.400002	-0.060439	-0.036940	0.711665	-0.453189
31.409376	-0.046998	-0.046998	0.278622	-0.053719
31.418751	-0.030220	-0.053719	-0.187993	0.349119
31.428127	-0.020146	-0.060439	-0.668034	0.728458
31.437502	-0.010073	-0.060439	-1.141369	1.027226
31.446877	-0.003368	-0.060439	-1.591206	1.205131
31.456251	0.000000	-0.060439	-1.997396	1.255497
31.465626	0.003353	-0.060439	-2.363294	1.191705
31.475002	0.006706	-0.057071	-2.682209	1.054078
31.484377	0.010058	-0.053719	-2.947405	0.866085
31.493752	0.013426	-0.053719	-3.155544	0.647888
31.503126	0.013426	-0.050366	-3.296539	0.396118
31.512501	0.016779	-0.046998	-3.356963	0.107422
31.521877	0.016779	-0.040293	-3.323391	-0.302136
31.531252	0.016779	-0.033572	-3.179044	-0.657976
31.540627	0.016779	-0.026867	-2.917200	-1.047373
31.550001	0.020131	-0.020146	-2.534509	-1.460284
31.559376	0.016779	-0.013441	-2.051100	-1.883253
31.568750	0.010058	-0.003368	-1.493856	-2.259240
31.578127	0.003353	0.006706	-0.903025	-2.514362
31.587502	-0.010073	0.013426	-0.318915	-2.608359
31.596876	-0.020146	0.016779	0.248402	-2.511010
31.606251	-0.033572	0.016779	0.788882	-2.312943
31.615625	-0.040293	0.016779	1.292422	-2.074599
31.625002	-0.046998	0.013426	1.752317	-1.822829
31.634377	-0.057071	0.010058	2.145082	-1.557633
31.643751	-0.063792	0.003353	2.450571	-1.265585
31.653126	-0.073865	-0.006720	2.662063	-0.960097
31.662500	-0.080571	-0.016794	2.776191	-0.664681
31.671875	-0.083938	-0.026867	2.796337	-0.406206
31.681252	-0.087291	-0.033572	2.722487	-0.177920
31.690626	-0.087291	-0.040293	2.541199	0.053704
31.700001	-0.083938	-0.043646	2.239078	0.312194
31.709375	-0.080571	-0.050366	1.819462	0.597537
31.718750	-0.070497	-0.053719	1.302496	0.892937
31.728127	-0.060439	-0.053719	0.725091	1.151428
31.737501	-0.050366	-0.053719	0.130907	1.342773
31.746876	-0.040293	-0.057071	-0.459909	1.433417
31.756250	-0.030220	-0.060439	-1.040667	1.403198
31.765625	-0.020146	-0.060439	-1.591206	1.242071
31.775002	-0.013441	-0.057071	-2.185390	0.946656
31.784376	-0.010073	-0.050366	-2.544582	0.543818
31.793751	-0.003368	-0.040293	-2.799705	0.080556
31.803125	0.000000	-0.033572	-2.954125	-0.392765
31.812500	0.006706	-0.030220	-3.031328	-0.809029
31.821875	0.010058	-0.026867	-3.038049	-1.144722
31.831251	0.010058	-0.023499	-2.957478	-1.399860
31.840626	0.006706	-0.013441	-2.759427	-1.604632
31.850000	-0.003368	-0.006720	-2.420366	-1.789257
31.859375	-0.013441	-0.003368	-1.970544	-1.973897
31.868750	-0.023499	0.003353	-1.460284	-2.165243
31.878126	-0.030220	0.010058	-0.939950	-2.359941
31.887501	-0.033572	0.016779	-0.439763	-2.544582
31.896875	-0.040293	0.023484	0.020131	-2.688930
31.906250	-0.046998	0.023484	0.422969	-2.746001
31.915625	-0.050366	0.020131	0.748590	-2.682209
31.925001	-0.057071	0.013426	0.986934	-2.467364
31.934376	-0.057071	0.003353	1.151428	-2.101466
31.943750	-0.050366	-0.006720	1.198426	-1.611337
31.953125	-0.046998	-0.020146	1.221925	-1.027241
31.962500	-0.046998	-0.030220	1.248777	-0.412911
31.971874	-0.046998	-0.036940	1.282349	0.157773
31.981251	-0.050366	-0.043646	1.285702	0.641167
31.990625	-0.050366	-0.046998	1.198426	0.990286
