20.958424	-0.016794	-0.026867	59.525475	59.535534
20.989719	-0.016794	-0.023499	59.525475	59.545605
21.021015	-0.016794	-0.020146	59.522106	59.548973
21.052311	-0.013441	-0.016794	59.522106	59.555679
21.083607	-0.013441	-0.013441	59.522106	59.555679
21.114902	-0.016794	-0.013441	59.525475	59.552326
21.146198	-0.013441	-0.010073	59.525475	59.552326
21.177494	-0.013441	-0.010073	59.528828	59.559032
21.208790	-0.013441	-0.010073	59.525475	59.565754
21.240086	-0.013441	-0.006720	59.518753	59.572472
21.271381	-0.013441	-0.006720	59.515400	59.579178
21.302677	-0.010073	-0.003368	59.518753	59.579178
21.333973	-0.006720	0.000000	59.522106	59.579178
21.365271	-0.003368	0.003353	59.518753	59.575825
21.396566	-0.003368	0.003353	59.515400	59.572472
21.427862	-0.003368	0.006706	59.515400	59.569107
21.459158	-0.003368	0.010058	59.522106	59.565754
21.490454	-0.003368	0.010058	59.522106	59.559032
21.521749	-0.006720	0.016779	59.525475	59.552326
21.553045	-0.006720	0.020131	59.528828	59.552326
21.584341	-0.006720	0.023484	59.535534	59.555679
21.615637	-0.006720	0.023484	59.542255	59.559032
21.646933	-0.006720	0.023484	59.542255	59.562401
21.678228	-0.006720	0.026852	59.538902	59.565754
21.709524	-0.006720	0.033557	59.528828	59.565754
21.740820	-0.006720	0.036925	59.518753	59.565754
21.772116	-0.003368	0.040278	59.505329	59.562401
21.803411	-0.003368	0.040278	59.498608	59.555679
21.834707	-0.003368	0.043631	59.495255	59.545605
21.866005	-0.003368	0.046983	59.491901	59.528828
21.897301	-0.003368	0.050351	59.491901	59.508682
21.928596	0.000000	0.053704	59.491901	59.495255
21.959892	0.000000	0.053704	59.495255	59.481831
21.991188	0.003353	0.057057	59.505329	59.475109
22.022484	0.006706	0.060424	59.515400	59.481831
22.053780	0.010058	0.067130	59.525475	59.488548
22.085075	0.013426	0.073850	59.528828	59.485184
22.116371	0.016779	0.077203	59.532181	59.485184
22.147667	0.020131	0.077203	59.535534	59.491901
22.178963	0.020131	0.080556	59.542255	59.505329
22.210258	0.023484	0.080556	59.535534	59.515400
22.241554	0.023484	0.083923	59.522106	59.532181
22.272850	0.026852	0.087276	59.508682	59.542255
22.304146	0.026852	0.093982	59.491901	59.545605
22.335442	0.030205	0.100702	59.485184	59.542255
22.366739	0.033557	0.104055	59.481831	59.542255
22.398035	0.033557	0.107422	59.478477	59.542255
22.429331	0.033557	0.107422	59.478477	59.538902
22.460627	0.036925	0.107422	59.478477	59.538902
22.491922	0.040278	0.110775	59.481831	59.542255
22.523218	0.043631	0.117481	59.481831	59.538902
22.554514	0.046983	0.124201	59.485184	59.538902
22.585810	0.046983	0.127554	59.485184	59.548973
22.617105	0.050351	0.134274	59.488548	59.562401
22.648401	0.053704	0.144348	59.491901	59.569107
22.679697	0.053704	0.151053	59.495255	59.562401
22.710993	0.057057	0.154406	59.488548	59.538902
22.742289	0.057057	0.161126	59.485184	59.518753
22.773584	0.060424	0.164479	59.498608	59.508682
22.804880	0.060424	0.171199	59.515400	59.505329
22.836176	0.063777	0.177905	59.515400	59.508682
22.867474	0.063777	0.184625	59.505329	59.512051
22.898769	0.067130	0.187978	59.498608	59.512051
22.930065	0.067130	0.191346	59.501976	59.508682
22.961361	0.070482	0.198051	59.505329	59.501976
22.992657	0.073850	0.204772	59.505329	59.485184
23.023952	0.077203	0.211477	59.508682	59.471756
23.055248	0.080556	0.214845	59.508682	59.461681
23.086544	0.080556	0.221550	59.505329	59.461681
23.117840	0.080556	0.231624	59.505329	59.465050
23.149136	0.083923	0.238329	59.505329	59.471756
23.180431	0.087276	0.248402	59.498608	59.475109
23.211727	0.093982	0.258476	59.488548	59.475109
23.243023	0.100702	0.268549	59.471756	59.468403
23.274319	0.100702	0.281975	59.454979	59.465050
23.305614	0.104055	0.295401	59.451611	59.471756
23.336912	0.107422	0.308827	59.454979	59.481831
23.368208	0.107422	0.318900	59.465050	59.478477
23.399504	0.110775	0.328973	59.485184	59.465050
23.430799	0.110775	0.339046	59.498608	59.448257
23.462095	0.110775	0.352472	59.501976	59.438183
23.493391	0.114128	0.369251	59.512051	59.441551
23.524687	0.117481	0.382692	59.528828	59.441551
23.555983	0.124201	0.399470	59.535534	59.431477
23.587278	0.130907	0.412896	59.535534	59.414684
23.618574	0.134274	0.429690	59.522106	59.401260
23.649870	0.137627	0.446469	59.501976	59.404625
23.681166	0.140980	0.466615	59.488548	59.414684
23.712461	0.147700	0.486746	59.478477	59.421406
23.743757	0.151053	0.506893	59.468403	59.411331
23.775053	0.157773	0.523672	59.461681	59.391186
23.806349	0.164479	0.540465	59.458332	59.364334
23.837646	0.167847	0.557244	59.451611	59.354259
23.868942	0.177905	0.580743	59.454979	59.347553
23.900238	0.184625	0.607595	59.458332	59.337482
23.931534	0.191346	0.641167	59.465050	59.330761
23.962830	0.201404	0.674739	59.471756	59.327408
23.994125	0.208125	0.715017	59.481831	59.324055
24.025421	0.214845	0.758663	59.491901	59.320686
24.056717	0.221550	0.812382	59.495255	59.310631
24.088013	0.228271	0.872806	59.491901	59.297203
24.119308	0.234976	0.936583	59.485184	59.280411
24.150604	0.241697	1.017153	59.478477	59.266983
24.181900	0.248402	1.107782	59.475109	59.263630
24.213196	0.255123	1.221925	59.475109	59.263630
24.244492	0.261828	1.359552	59.468403	59.246838
24.275787	0.268549	1.520693	59.454979	59.216633
24.307083	0.275269	1.722112	59.444904	59.179707
24.338381	0.285327	1.970530	59.434830	59.132710
24.369677	0.298768	2.289429	59.421406	59.065567
24.400972	0.312194	2.698988	59.414684	58.958141
24.432268	0.325620	3.215954	59.411331	58.810444
24.463564	0.339046	3.880635	59.414684	58.619099
24.494860	0.352472	4.693017	59.424759	58.384106
24.526155	0.362545	5.639672	59.431477	58.092056
24.557451	0.375971	6.673619	59.428112	57.742924
24.588747	0.389397	7.673979	59.434830	57.366951
24.620043	0.402823	8.483007	59.448257	57.041332
24.651339	0.419617	8.959696	59.454979	56.826488
24.682634	0.433043	9.036914	59.441551	56.766048
24.713930	0.449821	8.741498	59.418053	56.856693
24.745226	0.469968	8.140609	59.397907	57.068184
24.776522	0.486746	7.324860	59.387833	57.373657
24.807819	0.506893	6.364778	59.381126	57.729496
24.839115	0.527039	5.361051	59.360981	58.102116
24.870411	0.547171	4.421100	59.347553	58.447884
24.901707	0.570670	3.605366	59.340836	58.729874
24.933002	0.594169	2.957463	59.330761	58.941364
24.964298	0.621036	2.477422	59.320686	59.078991
24.995594	0.651240	2.124950	59.303909	59.149490
25.026890	0.684813	1.866460	59.287132	59.186413
25.058186	0.725091	1.671761	59.280411	59.199841
25.089481	0.768736	1.520693	59.290485	59.213264
25.120777	0.812382	1.399845	59.297203	59.236763
25.152073	0.859380	1.302496	59.293835	59.256912
25.183369	0.916436	1.215205	59.283764	59.280411
25.214664	0.983581	1.131281	59.287132	59.303909
25.245960	1.064152	1.054078	59.283764	59.324055
25.277256	1.158148	0.980228	59.266983	59.340836
25.308554	1.268923	0.916436	59.253559	59.347553
25.339849	1.403198	0.862733	59.240131	59.344189
25.371145	1.560971	0.812382	59.226707	59.347553
25.402441	1.752317	0.768736	59.193134	59.367687
25.433737	1.997381	0.731811	59.149490	59.394554
25.465033	2.319649	0.694886	59.099136	59.411331
25.496328	2.776191	0.661314	59.045418	59.414684
25.527624	3.444225	0.627741	58.991714	59.411331
25.558920	4.367381	0.597537	58.948071	59.424759
25.590216	5.515471	0.570670	58.894367	59.448257
25.621511	6.744117	0.547171	58.823868	59.468403
25.652807	7.872045	0.523672	58.736591	59.481831
25.684103	8.761644	0.500172	58.649300	59.488548
25.715399	9.305462	0.476673	58.578804	59.491901
25.746695	9.459883	0.459895	58.531807	59.488548
25.777990	9.224892	0.439748	58.511673	59.481831
25.809288	8.647501	0.419617	58.528454	59.461681
25.840584	7.801548	0.402823	58.575451	59.454979
25.871880	6.804541	0.386044	58.652668	59.461681
25.903175	5.790740	0.372618	58.750019	59.468403
25.934471	4.844069	0.359192	58.847366	59.458332
25.965767	4.024982	0.349119	58.941364	59.444904
25.997063	3.356948	0.335693	59.025288	59.444904
26.028358	2.823189	0.325620	59.102489	59.461681
26.059654	2.406925	0.315547	59.166283	59.478477
26.090950	2.088010	0.305474	59.206562	59.488548
26.122246	1.836240	0.295401	59.243484	59.495255
26.153542	1.638189	0.285327	59.283764	59.498608
26.184837	1.480415	0.275269	59.324055	59.498608
26.216133	1.349494	0.265196	59.350906	59.501976
26.247429	1.238704	0.255123	59.360981	59.512051
26.278725	1.144707	0.248402	59.364334	59.518753
26.310022	1.064152	0.241697	59.367687	59.512051
26.341318	0.990286	0.231624	59.371056	59.491901
26.372614	0.926509	0.224903	59.374409	59.475109
26.403910	0.866085	0.218198	59.374409	59.465050
26.435205	0.802308	0.218198	59.387833	59.468403
26.466501	0.758663	0.214845	59.404625	59.468403
26.497797	0.718385	0.211477	59.421406	59.475109
26.529093	0.678092	0.208125	59.431477	59.481831
26.560389	0.641167	0.204772	59.438183	59.481831
26.591684	0.607595	0.201404	59.441551	59.478477
26.622980	0.580743	0.194699	59.444904	59.475109
26.654276	0.553891	0.184625	59.451611	59.478477
26.685572	0.527039	0.177905	59.461681	59.488548
26.716867	0.500172	0.171199	59.465050	59.501976
26.748163	0.480041	0.167847	59.471756	59.512051
26.779461	0.456542	0.167847	59.475109	59.518753
26.810757	0.436395	0.164479	59.471756	59.525475
26.842052	0.419617	0.164479	59.468403	59.542255
26.873348	0.402823	0.164479	59.465050	59.552326
26.904644	0.382692	0.157773	59.465050	59.545605
26.935940	0.365898	0.151053	59.461681	59.532181
26.967236	0.349119	0.147700	59.461681	59.512051
26.998531	0.335693	0.147700	59.454979	59.501976
27.029827	0.325620	0.144348	59.451611	59.495255
27.061123	0.315547	0.140980	59.458332	59.488548
27.092419	0.305474	0.137627	59.468403	59.488548
27.123714	0.295401	0.137627	59.481831	59.498608
27.155010	0.285327	0.134274	59.488548	59.508682
27.186306	0.271901	0.134274	59.495255	59.515400
27.217602	0.261828	0.130907	59.495255	59.508682
27.248898	0.248402	0.127554	59.495255	59.495255
27.280195	0.238329	0.127554	59.501976	59.478477
27.311491	0.231624	0.120848	59.505329	59.481831
27.342787	0.224903	0.117481	59.505329	59.498608
27.374083	0.218198	0.114128	59.501976	59.512051
27.405378	0.211477	0.110775	59.498608	59.515400
27.436674	0.201404	0.107422	59.495255	59.515400
27.467970	0.194699	0.107422	59.491901	59.508682
27.499266	0.184625	0.104055	59.488548	59.501976
27.530561	0.177905	0.104055	59.488548	59.498608
27.561857	0.171199	0.104055	59.488548	59.495255
27.593153	0.164479	0.100702	59.491901	59.498608
27.624449	0.161126	0.100702	59.495255	59.508682
27.655745	0.154406	0.100702	59.498608	59.515400
27.687040	0.151053	0.104055	59.505329	59.522106
27.718336	0.144348	0.104055	59.512051	59.518753
27.749632	0.140980	0.104055	59.515400	59.518753
27.780930	0.134274	0.100702	59.515400	59.518753
27.812225	0.130907	0.100702	59.518753	59.512051
27.843521	0.127554	0.100702	59.525475	59.498608
27.874817	0.124201	0.104055	59.525475	59.488548
27.906113	0.120848	0.104055	59.518753	59.481831
27.937408	0.117481	0.107422	59.508682	59.485184
27.968704	0.114128	0.110775	59.498608	59.491901
