20.958424	-0.010073	-0.070512	0.020087	-0.020146
20.989719	-0.010073	-0.070512	0.020087	-0.020146
21.021015	-0.010073	-0.070512	0.020087	-0.020146
21.052311	-0.010073	-0.060439	0.020087	-0.030220
21.083607	-0.010073	-0.060439	0.020087	-0.030220
21.114902	-0.010073	-0.060439	0.020087	-0.020146
21.146198	-0.010073	-0.060439	0.020087	-0.020146
21.177494	-0.010073	-0.060439	0.020087	-0.020146
21.208790	-0.010073	-0.070512	0.020087	-0.020146
21.240086	-0.020146	-0.070512	0.020087	-0.020146
21.271381	-0.030220	-0.060439	0.020087	-0.030220
21.302677	-0.030220	-0.060439	0.010014	-0.030220
21.333973	-0.040293	-0.060439	0.010014	-0.030220
21.365271	-0.040293	-0.060439	0.010014	-0.030220
21.396566	-0.030220	-0.070512	0.010014	-0.020146
21.427862	-0.020146	-0.070512	0.010014	-0.020146
21.459158	-0.010073	-0.070512	0.010014	-0.020146
21.490454	-0.010073	-0.070512	0.000000	-0.030220
21.521749	-0.010073	-0.070512	0.000000	-0.030220
21.553045	-0.020146	-0.060439	0.000000	-0.030220
21.584341	-0.030220	-0.050366	0.000000	-0.030220
21.615637	-0.040293	-0.050366	0.000000	-0.030220
21.646933	-0.050366	-0.050366	0.000000	-0.030220
21.678228	-0.050366	-0.060439	0.000000	-0.040293
21.709524	-0.050366	-0.060439	0.010014	-0.040293
21.740820	-0.050366	-0.060439	0.010014	-0.040293
21.772116	-0.040293	-0.060439	0.000000	-0.040293
21.803411	-0.040293	-0.060439	0.010014	-0.040293
21.834707	-0.030220	-0.060439	0.010014	-0.040293
21.866005	-0.030220	-0.060439	0.010014	-0.050366
21.897301	-0.020146	-0.060439	0.010014	-0.060439
21.928596	-0.020146	-0.070512	0.000000	-0.060439
21.959892	-0.020146	-0.080585	0.010014	-0.060439
21.991188	-0.010073	-0.080585	0.010014	-0.060439
22.022484	-0.010073	-0.080585	0.010014	-0.060439
22.053780	0.000000	-0.080585	0.010014	-0.060439
22.085075	0.000000	-0.080585	0.010014	-0.050366
22.116371	-0.010073	-0.080585	0.010014	-0.050366
22.147667	-0.010073	-0.070512	0.000000	-0.050366
22.178963	-0.020146	-0.070512	0.000000	-0.050366
22.210258	-0.030220	-0.060439	0.000000	-0.060439
22.241554	-0.030220	-0.060439	0.000000	-0.060439
22.272850	-0.030220	-0.060439	0.000000	-0.070512
22.304146	-0.030220	-0.070512	0.000000	-0.070512
22.335442	-0.040293	-0.070512	-0.010073	-0.070512
22.366739	-0.040293	-0.070512	-0.020146	-0.070512
22.398035	-0.040293	-0.080585	-0.020146	-0.080585
22.429331	-0.030220	-0.090659	-0.030220	-0.080585
22.460627	-0.030220	-0.100732	-0.030220	-0.080585
22.491922	-0.030220	-0.100732	-0.030220	-0.080585
22.523218	-0.030220	-0.100732	-0.020146	-0.080585
22.554514	-0.030220	-0.090659	-0.020146	-0.090659
22.585810	-0.030220	-0.090659	-0.030220	-0.090659
22.617105	-0.030220	-0.090659	-0.030220	-0.100732
22.648401	-0.040293	-0.100732	-0.030220	-0.100732
22.679697	-0.040293	-0.100732	-0.030220	-0.110805
22.710993	-0.040293	-0.110805	-0.040293	-0.110805
22.742289	-0.040293	-0.110805	-0.040293	-0.110805
22.773584	-0.040293	-0.110805	-0.040293	-0.110805
22.804880	-0.050366	-0.110805	-0.030220	-0.120878
22.836176	-0.050366	-0.110805	-0.040293	-0.130951
22.867474	-0.050366	-0.110805	-0.040293	-0.141025
22.898769	-0.050366	-0.110805	-0.040293	-0.161171
22.930065	-0.040293	-0.110805	-0.040293	-0.171244
22.961361	-0.040293	-0.110805	-0.040293	-0.171244
22.992657	-0.040293	-0.110805	-0.040293	-0.181317
23.023952	-0.050366	-0.120878	-0.050366	-0.181317
23.055248	-0.050366	-0.120878	-0.050366	-0.191391
23.086544	-0.050366	-0.120878	-0.050366	-0.191391
23.117840	-0.050366	-0.120878	-0.050366	-0.201464
23.149136	-0.050366	-0.120878	-0.050366	-0.211537
23.180431	-0.050366	-0.120878	-0.050366	-0.211537
23.211727	-0.050366	-0.130951	-0.050366	-0.221610
23.243023	-0.050366	-0.130951	-0.050366	-0.231683
23.274319	-0.050366	-0.141025	-0.050366	-0.241756
23.305614	-0.050366	-0.151098	-0.060439	-0.251830
23.336912	-0.060439	-0.151098	-0.060439	-0.261843
23.368208	-0.060439	-0.151098	-0.070512	-0.281990
23.399504	-0.060439	-0.151098	-0.080585	-0.302136
23.430799	-0.070512	-0.151098	-0.080585	-0.322282
23.462095	-0.070512	-0.151098	-0.090659	-0.332355
23.493391	-0.070512	-0.161171	-0.090659	-0.352502
23.524687	-0.080585	-0.161171	-0.100732	-0.372648
23.555983	-0.080585	-0.171244	-0.090659	-0.392795
23.587278	-0.080585	-0.171244	-0.090659	-0.423014
23.618574	-0.080585	-0.181317	-0.090659	-0.443161
23.649870	-0.080585	-0.181317	-0.090659	-0.473380
23.681166	-0.080585	-0.181317	-0.100732	-0.513673
23.712461	-0.080585	-0.171244	-0.100732	-0.553906
23.743757	-0.080585	-0.161171	-0.100732	-0.604272
23.775053	-0.080585	-0.141025	-0.100732	-0.654638
23.806349	-0.080585	-0.110805	-0.110805	-0.715077
23.837646	-0.080585	-0.090659	-0.120878	-0.795603
23.868942	-0.090659	-0.050366	-0.120878	-0.886261
23.900238	-0.090659	-0.020146	-0.120878	-0.997066
23.931534	-0.090659	0.020087	-0.120878	-1.148105
23.962830	-0.100732	0.060380	-0.120878	-1.339436
23.994125	-0.100732	0.100672	-0.130951	-1.571059
24.025421	-0.100732	0.140965	-0.130951	-1.842976
24.056717	-0.110805	0.161111	-0.141025	-2.175331
24.088013	-0.110805	0.161111	-0.151098	-2.568126
24.119308	-0.110805	0.110745	-0.151098	-3.011227
24.150604	-0.110805	-0.010073	-0.151098	-3.454328
24.181900	-0.110805	-0.211537	-0.171244	-3.887355
24.213196	-0.110805	-0.523686	-0.181317	-4.229784
24.244492	-0.110805	-0.926554	-0.191391	-4.451334
24.275787	-0.110805	-1.389802	-0.201464	-4.501700
24.307083	-0.100732	-1.863122	-0.201464	-4.411042
24.338381	-0.100732	-2.306283	-0.211537	-4.209638
24.369677	-0.100732	-2.678871	-0.231683	-3.927648
24.400972	-0.110805	-2.991080	-0.241756	-3.585279
24.432268	-0.120878	-3.242850	-0.251830	-3.182411
24.463564	-0.120878	-3.444254	-0.261843	-2.709091
24.494860	-0.120878	-3.595352	-0.271916	-2.195477
24.526155	-0.120878	-3.696024	-0.292063	-1.641572
24.557451	-0.130951	-3.716171	-0.302136	-1.087666
24.588747	-0.120878	-3.655732	-0.322282	-0.574052
24.620043	-0.120878	-3.484547	-0.342429	-0.151098
24.651339	-0.130951	-3.222704	-0.362575	0.130892
24.682634	-0.141025	-2.890348	-0.392795	0.261784
24.713930	-0.161171	-2.507687	-0.412941	0.261784
24.745226	-0.161171	-2.145112	-0.443161	0.191331
24.776522	-0.171244	-1.822829	-0.463307	0.100672
24.807819	-0.161171	-1.550913	-0.493526	0.020087
24.839115	-0.161171	-1.339436	-0.523686	-0.050366
24.870411	-0.141025	-1.168251	-0.563979	-0.100732
24.901707	-0.130951	-1.027286	-0.604272	-0.130951
24.933002	-0.100732	-0.916481	-0.654638	-0.161171
24.964298	-0.080585	-0.825822	-0.715077	-0.181317
24.995594	-0.050366	-0.735223	-0.795603	-0.201464
25.026890	-0.020146	-0.674784	-0.876188	-0.211537
25.058186	0.040233	-0.614345	-0.997066	-0.221610
25.089481	0.100672	-0.563979	-1.148105	-0.221610
25.120777	0.191331	-0.523686	-1.339436	-0.211537
25.152073	0.292003	-0.493526	-1.591206	-0.211537
25.183369	0.412881	-0.473380	-1.903415	-0.201464
25.214664	0.553846	-0.443161	-2.286136	-0.191391
25.245960	0.654578	-0.423014	-2.729237	-0.191391
25.277256	0.674725	-0.402868	-3.212631	-0.181317
25.308554	0.573993	-0.382721	-3.685951	-0.181317
25.339849	0.322223	-0.362575	-4.078746	-0.171244
25.371145	-0.040293	-0.342429	-4.380882	-0.171244
25.402441	-0.453234	-0.322282	-4.552066	-0.171244
25.433737	-0.906408	-0.312209	-4.622579	-0.161171
25.465033	-1.339436	-0.292063	-4.572213	-0.151098
25.496328	-1.762450	-0.281990	-4.421115	-0.141025
25.527624	-2.165258	-0.261843	-4.169345	-0.141025
25.558920	-2.527833	-0.261843	-3.816903	-0.141025
25.590216	-2.890348	-0.251830	-3.383815	-0.130951
25.621511	-3.232777	-0.241756	-2.870202	-0.130951
25.652807	-3.514767	-0.221610	-2.326369	-0.120878
25.684103	-3.685951	-0.211537	-1.782596	-0.110805
25.715399	-3.706098	-0.211537	-1.289070	-0.110805
25.746695	-3.575206	-0.201464	-0.896335	-0.110805
25.777990	-3.313363	-0.201464	-0.584126	-0.110805
25.809288	-2.970934	-0.201464	-0.382721	-0.110805
25.840584	-2.598286	-0.201464	-0.261843	-0.110805
25.871880	-2.245843	-0.191391	-0.191391	-0.100732
25.903175	-1.923561	-0.191391	-0.161171	-0.100732
25.934471	-1.651645	-0.181317	-0.161171	-0.100732
25.965767	-1.430094	-0.171244	-0.161171	-0.090659
25.997063	-1.228690	-0.171244	-0.171244	-0.090659
26.028358	-1.077592	-0.171244	-0.171244	-0.100732
26.059654	-0.936627	-0.171244	-0.191391	-0.090659
26.090950	-0.835896	-0.171244	-0.201464	-0.090659
26.122246	-0.745296	-0.161171	-0.211537	-0.090659
26.153542	-0.664711	-0.161171	-0.211537	-0.080585
26.184837	-0.604272	-0.151098	-0.211537	-0.070512
26.216133	-0.553906	-0.151098	-0.201464	-0.070512
26.247429	-0.513673	-0.141025	-0.201464	-0.060439
26.278725	-0.463307	-0.141025	-0.191391	-0.060439
26.310022	-0.433087	-0.141025	-0.181317	-0.060439
26.341318	-0.402868	-0.141025	-0.181317	-0.060439
26.372614	-0.382721	-0.141025	-0.181317	-0.060439
26.403910	-0.362575	-0.141025	-0.181317	-0.060439
26.435205	-0.342429	-0.130951	-0.171244	-0.060439
26.466501	-0.322282	-0.130951	-0.171244	-0.070512
26.497797	-0.302136	-0.130951	-0.161171	-0.060439
26.529093	-0.292063	-0.120878	-0.161171	-0.060439
26.560389	-0.281990	-0.130951	-0.161171	-0.050366
26.591684	-0.271916	-0.130951	-0.161171	-0.050366
26.622980	-0.261843	-0.141025	-0.161171	-0.040293
26.654276	-0.251830	-0.141025	-0.151098	-0.040293
26.685572	-0.241756	-0.130951	-0.141025	-0.040293
26.716867	-0.241756	-0.120878	-0.141025	-0.040293
26.748163	-0.231683	-0.110805	-0.120878	-0.040293
26.779461	-0.221610	-0.110805	-0.110805	-0.040293
26.810757	-0.221610	-0.100732	-0.110805	-0.030220
26.842052	-0.211537	-0.100732	-0.110805	-0.040293
26.873348	-0.201464	-0.090659	-0.110805	-0.030220
26.904644	-0.191391	-0.090659	-0.110805	-0.030220
26.935940	-0.191391	-0.090659	-0.100732	-0.020146
26.967236	-0.181317	-0.090659	-0.100732	-0.020146
26.998531	-0.171244	-0.090659	-0.100732	-0.020146
27.029827	-0.161171	-0.100732	-0.090659	-0.020146
27.061123	-0.161171	-0.100732	-0.090659	-0.020146
27.092419	-0.161171	-0.100732	-0.080585	-0.020146
27.123714	-0.161171	-0.100732	-0.080585	-0.020146
27.155010	-0.161171	-0.100732	-0.080585	-0.010073
27.186306	-0.161171	-0.100732	-0.070512	-0.010073
27.217602	-0.161171	-0.100732	-0.070512	-0.020146
27.248898	-0.151098	-0.100732	-0.060439	-0.020146
27.280195	-0.151098	-0.100732	-0.060439	-0.020146
27.311491	-0.151098	-0.100732	-0.060439	-0.020146
27.342787	-0.141025	-0.100732	-0.050366	-0.020146
27.374083	-0.130951	-0.090659	-0.050366	-0.020146
27.405378	-0.130951	-0.090659	-0.050366	-0.020146
27.436674	-0.120878	-0.080585	-0.050366	-0.020146
27.467970	-0.120878	-0.080585	-0.050366	-0.020146
27.499266	-0.110805	-0.090659	-0.040293	-0.020146
27.530561	-0.100732	-0.100732	-0.030220	-0.020146
27.561857	-0.100732	-0.100732	-0.030220	-0.020146
27.593153	-0.090659	-0.100732	-0.020146	-0.020146
27.624449	-0.100732	-0.100732	-0.020146	-0.020146
27.655745	-0.100732	-0.100732	-0.030220	-0.020146
27.687040	-0.100732	-0.100732	-0.040293	-0.030220
27.718336	-0.100732	-0.100732	-0.040293	-0.030220
27.749632	-0.100732	-0.100732	-0.040293	-0.040293
27.780930	-0.100732	-0.100732	-0.040293	-0.040293
27.812225	-0.100732	-0.100732	-0.040293	-0.030220
27.843521	-0.100732	-0.090659	-0.040293	-0.030220
27.874817	-0.090659	-0.090659	-0.030220	-0.020146
27.906113	-0.090659	-0.090659	-0.020146	-0.020146
27.937408	-0.090659	-0.080585	-0.020146	-0.010073
27.968704	-0.090659	-0.080585	-0.020146	-0.010073
