26.019428	0.140965	0.382662	-0.392795	-0.322282
26.028803	0.130892	0.382662	-0.201464	-0.151098
26.038176	0.130892	0.382662	0.030160	0.020087
26.047550	0.120819	0.382662	0.281930	0.181258
26.056923	0.110745	0.382662	0.543773	0.322223
26.066298	0.110745	0.382662	0.775397	0.453174
26.075672	0.100672	0.372589	0.976861	0.563920
26.085045	0.100672	0.372589	1.158118	0.694871
26.094419	0.100672	0.362515	1.339376	0.825763
26.103794	0.090599	0.352442	1.520693	0.926495
26.113167	0.090599	0.352442	1.671731	0.997007
26.122541	0.080526	0.362515	1.752317	1.027226
26.131916	0.080526	0.362515	1.732171	1.017153
26.141289	0.080526	0.372589	1.641512	0.976861
26.150663	0.070453	0.372589	1.500547	0.896275
26.160038	0.070453	0.372589	1.339376	0.765383
26.169411	0.080526	0.382662	1.117826	0.584066
26.178785	0.100672	0.382662	0.906348	0.362515
26.188158	0.110745	0.382662	0.674725	0.110745
26.197533	0.120819	0.392735	0.433028	-0.130951
26.206907	0.120819	0.392735	0.211477	-0.362575
26.216280	0.120819	0.392735	0.030160	-0.584126
26.225655	0.120819	0.392735	-0.120878	-0.775456
26.235029	0.120819	0.402808	-0.231683	-0.946701
26.244402	0.130892	0.402808	-0.322282	-1.067519
26.253777	0.130892	0.402808	-0.392795	-1.127958
26.263151	0.140965	0.402808	-0.423014	-1.117885
26.272524	0.140965	0.402808	-0.412941	-1.047373
26.281898	0.140965	0.402808	-0.362575	-0.926554
26.291273	0.140965	0.402808	-0.281990	-0.775456
26.300646	0.140965	0.392735	-0.171244	-0.614345
26.310020	0.140965	0.382662	-0.060439	-0.453234
26.319393	0.140965	0.372589	0.020087	-0.302136
26.328768	0.130892	0.372589	0.100672	-0.161171
26.338142	0.130892	0.362515	0.171185	-0.020146
26.347515	0.120819	0.372589	0.241697	0.120819
26.356890	0.120819	0.372589	0.322223	0.261784
26.366264	0.120819	0.372589	0.412881	0.382662
26.375637	0.120819	0.372589	0.493467	0.463247
26.385012	0.120819	0.372589	0.553846	0.503540
26.394386	0.120819	0.372589	0.594139	0.503540
26.403759	0.120819	0.372589	0.604212	0.433028
26.413134	0.120819	0.372589	0.624359	0.302076
26.422508	0.120819	0.382662	0.644505	0.120819
26.431881	0.120819	0.382662	0.654578	-0.090659
26.441256	0.120819	0.392735	0.674725	-0.302136
26.450628	0.130892	0.392735	0.694871	-0.473380
26.460003	0.130892	0.392735	0.745237	-0.594199
26.469378	0.130892	0.392735	0.795543	-0.674784
26.478750	0.120819	0.392735	0.866055	-0.705004
26.488125	0.120819	0.392735	0.936568	-0.694931
26.497499	0.120819	0.392735	1.007080	-0.654638
26.506872	0.120819	0.382662	1.077533	-0.563979
26.516247	0.120819	0.382662	1.127899	-0.463307
26.525621	0.130892	0.372589	1.137972	-0.362575
26.534994	0.130892	0.382662	1.107752	-0.281990
26.544369	0.130892	0.382662	1.057386	-0.221610
26.553743	0.130892	0.382662	0.986934	-0.161171
26.563116	0.120819	0.382662	0.926495	-0.090659
26.572491	0.120819	0.382662	0.855982	0.000000
26.581863	0.120819	0.382662	0.785470	0.100672
26.591238	0.120819	0.372589	0.684798	0.211477
26.600613	0.130892	0.372589	0.553846	0.322223
26.609985	0.151038	0.362515	0.392735	0.422955
26.619360	0.161111	0.362515	0.231624	0.503540
26.628735	0.161111	0.362515	0.080526	0.563920
26.638107	0.161111	0.362515	-0.060439	0.553846
26.647482	0.161111	0.362515	-0.211537	0.483394
26.656857	0.161111	0.362515	-0.342429	0.352442
26.666229	0.161111	0.372589	-0.453234	0.191331
26.675604	0.161111	0.372589	-0.503600	0.030160
26.684978	0.161111	0.372589	-0.473380	-0.130951
26.694351	0.161111	0.382662	-0.382721	-0.302136
26.703726	0.161111	0.382662	-0.241756	-0.463307
26.713099	0.151038	0.392735	-0.070512	-0.604272
26.722473	0.151038	0.392735	0.110745	-0.694931
26.731848	0.140965	0.392735	0.281930	-0.745296
26.741220	0.140965	0.392735	0.453174	-0.755370
26.750595	0.140965	0.392735	0.594139	-0.755370
26.759970	0.130892	0.392735	0.715017	-0.735223
26.769342	0.130892	0.382662	0.825763	-0.725150
26.778717	0.130892	0.382662	0.926495	-0.705004
26.788092	0.120819	0.382662	1.027226	-0.674784
26.797464	0.120819	0.382662	1.107752	-0.634491
26.806839	0.120819	0.382662	1.168191	-0.563979
26.816214	0.120819	0.382662	1.188338	-0.433087
26.825586	0.120819	0.372589	1.158118	-0.251830
26.834961	0.130892	0.372589	1.087606	-0.020146
26.844334	0.130892	0.372589	0.976861	0.231624
26.853708	0.130892	0.362515	0.825763	0.483394
26.863083	0.140965	0.362515	0.644505	0.715017
26.872456	0.140965	0.362515	0.422955	0.896275
26.881830	0.140965	0.362515	0.181258	1.017153
26.891205	0.151038	0.352442	-0.060439	1.067460
26.900578	0.161111	0.352442	-0.271916	1.047313
26.909952	0.171185	0.352442	-0.433087	0.956714
26.919327	0.171185	0.352442	-0.543833	0.775397
26.928699	0.171185	0.362515	-0.594199	0.543773
26.938074	0.171185	0.372589	-0.614345	0.312150
26.947449	0.171185	0.382662	-0.594199	0.090599
26.956821	0.171185	0.382662	-0.533760	-0.090659
26.966196	0.161111	0.392735	-0.433087	-0.231683
26.975569	0.161111	0.392735	-0.292063	-0.352502
26.984943	0.161111	0.392735	-0.120878	-0.463307
26.994318	0.151038	0.402808	0.070453	-0.574052
27.003691	0.140965	0.402808	0.251770	-0.664711
27.013065	0.140965	0.402808	0.412881	-0.735223
27.022440	0.130892	0.402808	0.543773	-0.795603
27.031813	0.130892	0.402808	0.654578	-0.825822
27.041187	0.130892	0.402808	0.755310	-0.835896
27.050562	0.130892	0.402808	0.825763	-0.795603
27.059935	0.130892	0.402808	0.876129	-0.694931
27.069309	0.130892	0.402808	0.896275	-0.523686
27.078684	0.140965	0.402808	0.896275	-0.332355
27.088057	0.130892	0.392735	0.866055	-0.130951
27.097431	0.130892	0.382662	0.825763	0.050306
27.106804	0.130892	0.382662	0.765383	0.201404
27.116179	0.140965	0.382662	0.684798	0.292003
27.125553	0.140965	0.382662	0.573993	0.342369
27.134926	0.140965	0.382662	0.433028	0.342369
27.144300	0.151038	0.382662	0.292003	0.302076
27.153675	0.161111	0.382662	0.140965	0.231624
27.163048	0.171185	0.382662	0.010014	0.130892
27.172422	0.171185	0.382662	-0.110805	0.010014
27.181797	0.171185	0.392735	-0.201464	-0.100732
27.191170	0.171185	0.392735	-0.271916	-0.201464
27.200544	0.171185	0.392735	-0.322282	-0.281990
27.209919	0.171185	0.402808	-0.352502	-0.342429
27.219292	0.181258	0.412881	-0.392795	-0.392795
27.228666	0.181258	0.412881	-0.433087	-0.443161
27.238039	0.181258	0.422955	-0.463307	-0.493526
27.247414	0.171185	0.422955	-0.453234	-0.533760
27.256788	0.171185	0.422955	-0.392795	-0.553906
27.266161	0.171185	0.412881	-0.292063	-0.563979
27.275536	0.161111	0.412881	-0.171244	-0.594199
27.284910	0.161111	0.402808	-0.020146	-0.624418
27.294283	0.151038	0.402808	0.140965	-0.654638
27.303658	0.151038	0.402808	0.302076	-0.654638
27.313032	0.140965	0.402808	0.433028	-0.624418
27.322405	0.140965	0.402808	0.533700	-0.563979
27.331779	0.130892	0.402808	0.584066	-0.483453
27.341154	0.140965	0.402808	0.584066	-0.392795
27.350527	0.140965	0.402808	0.543773	-0.271916
27.359901	0.151038	0.392735	0.463247	-0.130951
27.369274	0.151038	0.392735	0.382662	0.000000
27.378649	0.151038	0.392735	0.302076	0.100672
27.388023	0.151038	0.392735	0.251770	0.151038
27.397396	0.161111	0.392735	0.221550	0.151038
27.406771	0.161111	0.392735	0.191331	0.130892
27.416145	0.171185	0.392735	0.151038	0.120819
27.425518	0.171185	0.402808	0.090599	0.120819
27.434893	0.181258	0.402808	0.030160	0.120819
27.444267	0.181258	0.402808	-0.030220	0.120819
27.453640	0.181258	0.402808	-0.100732	0.120819
27.463015	0.191331	0.402808	-0.171244	0.151038
27.472389	0.191331	0.402808	-0.221610	0.221550
27.481762	0.191331	0.402808	-0.251830	0.302076
27.491137	0.191331	0.392735	-0.221610	0.352442
27.500509	0.191331	0.392735	-0.130951	0.352442
27.509884	0.191331	0.402808	0.010014	0.281930
27.519258	0.191331	0.402808	0.171185	0.151038
27.528631	0.191331	0.402808	0.342369	0.000000
27.538006	0.191331	0.412881	0.493467	-0.130951
27.547380	0.181258	0.412881	0.634432	-0.231683
27.556753	0.171185	0.422955	0.745237	-0.292063
27.566128	0.171185	0.422955	0.825763	-0.322282
27.575502	0.161111	0.433028	0.876129	-0.322282
27.584875	0.161111	0.433028	0.906348	-0.271916
27.594250	0.161111	0.433028	0.916421	-0.221610
27.603624	0.161111	0.433028	0.916421	-0.171244
27.612997	0.161111	0.433028	0.906348	-0.171244
27.622372	0.161111	0.433028	0.896275	-0.211537
27.631744	0.161111	0.433028	0.886202	-0.302136
27.641119	0.171185	0.443101	0.866055	-0.423014
27.650494	0.171185	0.443101	0.825763	-0.533760
27.659866	0.171185	0.443101	0.785470	-0.614345
27.669241	0.161111	0.453174	0.735164	-0.664711
27.678616	0.161111	0.453174	0.674725	-0.654638
27.687988	0.161111	0.453174	0.604212	-0.614345
27.697363	0.171185	0.453174	0.513613	-0.543833
27.706738	0.181258	0.453174	0.392735	-0.473380
27.716110	0.191331	0.443101	0.241697	-0.423014
27.725485	0.191331	0.443101	0.080526	-0.382721
27.734859	0.191331	0.443101	-0.070512	-0.362575
27.744232	0.201404	0.443101	-0.201464	-0.352502
27.753607	0.201404	0.443101	-0.322282	-0.342429
27.762980	0.201404	0.443101	-0.402868	-0.322282
27.772354	0.201404	0.443101	-0.433087	-0.271916
27.781729	0.201404	0.443101	-0.402868	-0.171244
27.791101	0.201404	0.433028	-0.302136	-0.020146
27.800476	0.191331	0.433028	-0.151098	0.161111
27.809851	0.191331	0.433028	0.020087	0.352442
27.819223	0.181258	0.433028	0.211477	0.503540
27.828598	0.181258	0.443101	0.332296	0.604212
27.837973	0.181258	0.443101	0.433028	0.644505
27.847345	0.171185	0.443101	0.513613	0.614285
27.856720	0.171185	0.443101	0.594139	0.523627
27.866095	0.161111	0.453174	0.694871	0.382662
27.875467	0.161111	0.463247	0.835836	0.231624
27.884842	0.171185	0.473320	0.997007	0.090599
27.894215	0.161111	0.473320	1.188338	-0.030220
27.903589	0.161111	0.483394	1.369596	-0.110805
27.912964	0.151038	0.493467	1.530766	-0.181317
27.922337	0.151038	0.503540	1.631439	-0.241756
27.931711	0.151038	0.503540	1.661658	-0.281990
27.941086	0.151038	0.513613	1.591146	-0.322282
27.950459	0.161111	0.513613	1.430035	-0.342429
27.959833	0.171185	0.523627	1.208484	-0.362575
27.969208	0.181258	0.533700	0.956714	-0.382721
27.978580	0.191331	0.543773	0.684798	-0.412941
27.987955	0.191331	0.543773	0.412881	-0.443161
27.997330	0.201404	0.553846	0.181258	-0.463307
28.006702	0.201404	0.563920	0.000000	-0.463307
28.016077	0.201404	0.573993	-0.130951	-0.433087
28.025450	0.211477	0.584066	-0.201464	-0.382721
28.034824	0.221550	0.604212	-0.231683	-0.292063
28.044199	0.221550	0.614285	-0.251830	-0.191391
28.053572	0.221550	0.634432	-0.261843	-0.080585
28.062946	0.221550	0.654578	-0.261843	0.010014
28.072321	0.221550	0.684798	-0.271916	0.070453
28.081694	0.211477	0.704944	-0.261843	0.100672
28.091068	0.211477	0.735164	-0.241756	0.100672
28.100443	0.211477	0.765383	-0.201464	0.090599
28.109816	0.211477	0.795543	-0.130951	0.070453
28.119190	0.201404	0.825763	-0.040293	0.030160
28.128565	0.201404	0.866055	0.070453	-0.020146
28.137938	0.201404	0.896275	0.181258	-0.100732
28.147312	0.191331	0.926495	0.292003	-0.191391
28.156685	0.191331	0.946641	0.392735	-0.241756
28.166059	0.191331	0.966787	0.483394	-0.251830
28.175434	0.191331	0.976861	0.543773	-0.231683
28.184807	0.201404	0.976861	0.553846	-0.211537
28.194181	0.201404	0.976861	0.523627	-0.191391
28.203556	0.201404	0.976861	0.433028	-0.161171
28.212929	0.211477	0.956714	0.281930	-0.120878
28.222303	0.211477	0.946641	0.151038	-0.060439
28.231678	0.211477	0.926495	0.020087	0.020087
28.241051	0.201404	0.906348	-0.090659	0.100672
28.250425	0.211477	0.886202	-0.191391	0.171185
28.259800	0.211477	0.866055	-0.261843	0.241697
28.269173	0.211477	0.835836	-0.302136	0.322223
28.278547	0.221550	0.805616	-0.322282	0.412881
28.287920	0.221550	0.775397	-0.302136	0.513613
28.297295	0.221550	0.745237	-0.261843	0.604212
28.306669	0.221550	0.725091	-0.201464	0.674725
28.316042	0.221550	0.704944	-0.141025	0.735164
28.325417	0.221550	0.684798	-0.070512	0.785470
28.334791	0.221550	0.664651	0.000000	0.805616
28.344164	0.221550	0.644505	0.090599	0.785470
28.353539	0.231624	0.624359	0.181258	0.725091
28.362913	0.231624	0.604212	0.292003	0.624359
28.372286	0.231624	0.594139	0.463247	0.493467
28.381660	0.221550	0.584066	0.614285	0.362515
28.391035	0.211477	0.573993	0.775397	0.241697
28.400408	0.211477	0.563920	0.896275	0.151038
28.409782	0.211477	0.553846	0.946641	0.060380
28.419155	0.211477	0.543773	0.926495	-0.020146
28.428530	0.211477	0.533700	0.825763	-0.090659
28.437904	0.221550	0.523627	0.664651	-0.151098
28.447277	0.231624	0.513613	0.463247	-0.211537
28.456652	0.231624	0.513613	0.251770	-0.292063
28.466026	0.231624	0.503540	0.040233	-0.382721
28.475399	0.231624	0.503540	-0.161171	-0.503600
28.484774	0.231624	0.503540	-0.342429	-0.634491
28.494148	0.231624	0.503540	-0.493526	-0.765443
28.503521	0.231624	0.503540	-0.594199	-0.856042
28.512896	0.241697	0.503540	-0.654638	-0.886261
28.522270	0.241697	0.503540	-0.674784	-0.845969
28.531643	0.241697	0.493467	-0.654638	-0.765443
28.541018	0.241697	0.493467	-0.624418	-0.664711
28.550390	0.251770	0.483394	-0.574052	-0.553906
28.559765	0.251770	0.473320	-0.523686	-0.433087
28.569139	0.251770	0.473320	-0.443161	-0.292063
28.578512	0.251770	0.463247	-0.342429	-0.161171
28.587887	0.251770	0.453174	-0.191391	-0.030220
28.597261	0.241697	0.443101	0.000000	0.080526
28.606634	0.241697	0.443101	0.211477	0.171185
28.616009	0.231624	0.433028	0.463247	0.251770
28.625383	0.231624	0.422955	0.735164	0.342369
28.634756	0.221550	0.412881	1.017153	0.453174
28.644131	0.221550	0.412881	1.289070	0.553846
28.653505	0.211477	0.402808	1.530766	0.634432
28.662878	0.201404	0.402808	1.701951	0.684798
28.672253	0.201404	0.402808	1.812696	0.704944
28.681625	0.201404	0.402808	1.842916	0.694871
28.691000	0.201404	0.402808	1.812696	0.674725
28.700375	0.201404	0.402808	1.701951	0.594139
28.709747	0.201404	0.402808	1.550853	0.473320
28.719122	0.201404	0.412881	1.349449	0.302076
28.728497	0.211477	0.412881	1.127899	0.110745
28.737869	0.211477	0.422955	0.896275	-0.060439
28.747244	0.221550	0.422955	0.654578	-0.201464
28.756618	0.231624	0.422955	0.412881	-0.322282
28.765991	0.241697	0.422955	0.191331	-0.423014
28.775366	0.251770	0.433028	-0.010073	-0.503600
28.784740	0.251770	0.433028	-0.201464	-0.553906
28.794113	0.261784	0.422955	-0.362575	-0.553906
28.803488	0.261784	0.422955	-0.503600	-0.523686
28.812860	0.261784	0.422955	-0.624418	-0.473380
28.822235	0.261784	0.422955	-0.715077	-0.412941
28.831610	0.261784	0.412881	-0.755370	-0.372648
28.840982	0.261784	0.412881	-0.735223	-0.332355
28.850357	0.261784	0.412881	-0.674784	-0.271916
28.859732	0.261784	0.402808	-0.574052	-0.191391
28.869104	0.261784	0.402808	-0.453234	-0.090659
28.878479	0.261784	0.402808	-0.312209	0.040233
28.887854	0.261784	0.402808	-0.171244	0.171185
28.897226	0.261784	0.392735	-0.030220	0.312150
28.906601	0.251770	0.392735	0.100672	0.453174
28.915976	0.241697	0.392735	0.221550	0.584066
28.925348	0.241697	0.392735	0.332296	0.684798
28.934723	0.231624	0.392735	0.453174	0.765383
28.944096	0.231624	0.392735	0.573993	0.805616
28.953470	0.231624	0.392735	0.704944	0.825763
28.962845	0.231624	0.392735	0.845909	0.795543
28.972218	0.221550	0.392735	0.986934	0.725091
28.981592	0.221550	0.392735	1.117826	0.614285
28.990967	0.231624	0.392735	1.218557	0.483394
29.000340	0.231624	0.392735	1.268923	0.352442
29.009714	0.231624	0.402808	1.258850	0.221550
29.019089	0.231624	0.402808	1.198411	0.110745
29.028461	0.231624	0.402808	1.087606	-0.010073
29.037836	0.241697	0.402808	0.956714	-0.141025
29.047211	0.241697	0.402808	0.825763	-0.271916
29.056583	0.241697	0.402808	0.694871	-0.402868
29.065958	0.241697	0.412881	0.584066	-0.493526
29.075331	0.241697	0.412881	0.503540	-0.563979
29.084705	0.251770	0.412881	0.433028	-0.604272
29.094080	0.251770	0.412881	0.382662	-0.644565
29.103453	0.261784	0.412881	0.342369	-0.684857
29.112827	0.261784	0.412881	0.332296	-0.694931
29.122202	0.251770	0.412881	0.352442	-0.664711
29.131575	0.251770	0.402808	0.392735	-0.563979
29.140949	0.241697	0.392735	0.412881	-0.402868
29.150324	0.241697	0.382662	0.392735	-0.211537
29.159697	0.241697	0.382662	0.342369	0.010014
29.169071	0.241697	0.382662	0.281930	0.231624
29.178446	0.241697	0.372589	0.231624	0.422955
29.187819	0.241697	0.372589	0.191331	0.594139
29.197193	0.241697	0.372589	0.151038	0.735164
29.206566	0.241697	0.372589	0.110745	0.835836
29.215940	0.251770	0.362515	0.050306	0.876129
29.225315	0.261784	0.362515	-0.020146	0.855982
29.234688	0.261784	0.362515	-0.100732	0.785470
29.244062	0.271857	0.362515	-0.211537	0.664651
29.253437	0.271857	0.372589	-0.332355	0.523627
29.262810	0.281930	0.382662	-0.473380	0.372589
29.272184	0.281930	0.392735	-0.604272	0.221550
29.281559	0.281930	0.402808	-0.735223	0.070453
29.290932	0.292003	0.402808	-0.835896	-0.080585
29.300306	0.302076	0.402808	-0.896335	-0.251830
29.309681	0.302076	0.392735	-0.896335	-0.423014
29.319054	0.302076	0.392735	-0.835896	-0.574052
29.328428	0.292003	0.392735	-0.694931	-0.684857
29.337801	0.292003	0.392735	-0.513673	-0.775456
29.347176	0.281930	0.392735	-0.312209	-0.835896
29.356550	0.271857	0.392735	-0.130951	-0.866115
29.365923	0.271857	0.402808	0.030160	-0.845969
29.375298	0.261784	0.402808	0.151038	-0.755370
29.384672	0.261784	0.402808	0.251770	-0.604272
29.394045	0.261784	0.402808	0.322223	-0.392795
29.403419	0.261784	0.392735	0.362515	-0.141025
29.412794	0.261784	0.382662	0.392735	0.130892
29.422167	0.261784	0.362515	0.422955	0.402808
29.431541	0.261784	0.352442	0.453174	0.684798
29.440916	0.261784	0.342369	0.503540	0.946641
29.450289	0.261784	0.332296	0.563920	1.158118
29.459663	0.261784	0.332296	0.634432	1.278996
29.469036	0.261784	0.332296	0.684798	1.289070
29.478411	0.261784	0.332296	0.725091	1.208484
29.487785	0.261784	0.342369	0.735164	1.057386
29.497158	0.261784	0.342369	0.725091	0.866055
29.506533	0.271857	0.342369	0.674725	0.654578
29.515907	0.271857	0.342369	0.594139	0.412881
29.525280	0.271857	0.352442	0.513613	0.171185
29.534655	0.281930	0.352442	0.433028	-0.080585
29.544029	0.281930	0.362515	0.352442	-0.312209
29.553402	0.281930	0.372589	0.281930	-0.533760
29.562777	0.292003	0.382662	0.231624	-0.755370
29.572151	0.292003	0.382662	0.191331	-0.997066
29.581524	0.292003	0.392735	0.161111	-1.248837
29.590899	0.292003	0.392735	0.151038	-1.500607
29.600271	0.281930	0.402808	0.151038	-1.681864
29.609646	0.281930	0.402808	0.161111	-1.782596
29.619020	0.281930	0.402808	0.161111	-1.772523
29.628393	0.281930	0.392735	0.161111	-1.631498
29.637768	0.281930	0.372589	0.151038	-1.379728
29.647142	0.292003	0.362515	0.140965	-1.027286
29.656515	0.292003	0.362515	0.151038	-0.624418
29.665890	0.292003	0.352442	0.171185	-0.191391
29.675264	0.292003	0.342369	0.201404	0.201404
29.684637	0.292003	0.332296	0.241697	0.523627
29.694012	0.281930	0.322223	0.292003	0.755310
29.703386	0.281930	0.322223	0.332296	0.896275
29.712759	0.281930	0.322223	0.392735	0.976861
29.722134	0.281930	0.312150	0.473320	0.997007
29.731506	0.281930	0.312150	0.584066	0.997007
29.740881	0.281930	0.322223	0.704944	0.986934
29.750256	0.281930	0.322223	0.825763	0.976861
29.759628	0.281930	0.322223	0.906348	0.956714
29.769003	0.292003	0.332296	0.956714	0.886202
29.778378	0.292003	0.342369	0.966787	0.755310
29.787750	0.292003	0.352442	0.926495	0.533700
29.797125	0.281930	0.362515	0.825763	0.221550
29.806499	0.292003	0.362515	0.674725	-0.130951
29.815872	0.292003	0.372589	0.483394	-0.503600
29.825247	0.302076	0.372589	0.271857	-0.856042
29.834621	0.302076	0.382662	0.090599	-1.148105
29.843994	0.302076	0.382662	-0.060439	-1.349509
29.853369	0.312150	0.392735	-0.161171	-1.440167
29.862741	0.312150	0.382662	-0.241756	-1.420021
29.872116	0.312150	0.382662	-0.281990	-1.319289
29.881491	0.312150	0.382662	-0.312209	-1.178324
29.890863	0.312150	0.372589	-0.342429	-1.007140
29.900238	0.312150	0.372589	-0.392795	-0.815749
29.909613	0.312150	0.362515	-0.463307	-0.594199
29.918985	0.322223	0.362515	-0.574052	-0.382721
29.928360	0.332296	0.352442	-0.684857	-0.161171
29.937735	0.342369	0.342369	-0.795603	0.060380
29.947107	0.342369	0.342369	-0.856042	0.281930
29.956482	0.342369	0.332296	-0.856042	0.533700
29.965857	0.342369	0.332296	-0.795603	0.805616
29.975229	0.342369	0.332296	-0.674784	1.077533
29.984604	0.342369	0.322223	-0.513673	1.299083
29.993977	0.342369	0.312150	-0.322282	1.440108
30.003351	0.342369	0.312150	-0.120878	1.490474
30.012726	0.342369	0.312150	0.050306	1.450181
30.022099	0.342369	0.312150	0.171185	1.309156
30.031473	0.342369	0.322223	0.221550	1.097679
30.040848	0.352442	0.332296	0.211477	0.805616
30.050220	0.352442	0.332296	0.161111	0.473320
30.059595	0.352442	0.342369	0.070453	0.130892
30.068970	0.342369	0.352442	-0.010073	-0.201464
30.078342	0.342369	0.352442	-0.090659	-0.503600
30.087717	0.342369	0.362515	-0.141025	-0.755370
30.097092	0.342369	0.362515	-0.161171	-0.966847
30.106464	0.352442	0.372589	-0.151098	-1.117885
30.115839	0.352442	0.372589	-0.110805	-1.228690
30.125212	0.352442	0.382662	-0.070512	-1.309216
30.134586	0.352442	0.382662	-0.020146	-1.339436
30.143961	0.352442	0.382662	0.000000	-1.329362
30.153334	0.352442	0.382662	0.000000	-1.279056
30.162708	0.362515	0.382662	-0.040293	-1.198471
30.172083	0.362515	0.382662	-0.130951	-1.087666
30.181456	0.362515	0.372589	-0.231683	-0.936627
30.190830	0.372589	0.372589	-0.312209	-0.735223
30.200205	0.372589	0.372589	-0.372648	-0.483453
30.209578	0.372589	0.362515	-0.372648	-0.191391
30.218952	0.382662	0.352442	-0.332355	0.100672
30.228327	0.382662	0.342369	-0.231683	0.372589
30.237700	0.372589	0.332296	-0.090659	0.604212
30.247074	0.372589	0.322223	0.070453	0.805616
30.256447	0.372589	0.322223	0.221550	0.926495
30.265821	0.372589	0.322223	0.332296	0.956714
30.275196	0.372589	0.312150	0.392735	0.886202
30.284569	0.382662	0.322223	0.382662	0.745237
30.293943	0.382662	0.322223	0.322223	0.563920
30.303318	0.392735	0.332296	0.211477	0.362515
30.312691	0.392735	0.332296	0.090599	0.151038
30.322065	0.392735	0.342369	-0.020146	-0.060439
30.331440	0.402808	0.342369	-0.110805	-0.271916
30.340813	0.402808	0.342369	-0.171244	-0.463307
30.350187	0.402808	0.352442	-0.181317	-0.644565
30.359562	0.412881	0.352442	-0.161171	-0.805676
30.368935	0.412881	0.352442	-0.120878	-0.946701
30.378309	0.422955	0.362515	-0.080585	-1.057446
30.387682	0.433028	0.362515	-0.070512	-1.117885
30.397057	0.443101	0.372589	-0.090659	-1.127958
30.406431	0.443101	0.372589	-0.120878	-1.097739
30.415804	0.463247	0.372589	-0.151098	-1.037300
30.425179	0.473320	0.362515	-0.161171	-0.946701
30.434553	0.493467	0.362515	-0.151098	-0.795603
30.443926	0.503540	0.352442	-0.110805	-0.594199
30.453300	0.513613	0.342369	-0.050366	-0.342429
30.462675	0.523627	0.342369	0.020087	-0.070512
30.472048	0.533700	0.332296	0.100672	0.191331
30.481422	0.553846	0.332296	0.171185	0.422955
30.490797	0.573993	0.332296	0.231624	0.614285
30.500170	0.604212	0.322223	0.271857	0.755310
30.509544	0.634432	0.322223	0.292003	0.855982
30.518917	0.664651	0.322223	0.302076	0.906348
30.528292	0.694871	0.322223	0.292003	0.896275
30.537666	0.735164	0.322223	0.251770	0.845909
30.547039	0.775397	0.322223	0.211477	0.755310
30.556414	0.805616	0.322223	0.171185	0.624359
30.565788	0.835836	0.332296	0.110745	0.453174
30.575161	0.866055	0.332296	0.050306	0.241697
30.584536	0.886202	0.342369	-0.050366	0.000000
30.593910	0.906348	0.342369	-0.171244	-0.271916
30.603283	0.926495	0.352442	-0.292063	-0.553906
30.612658	0.936568	0.362515	-0.412941	-0.815749
30.622032	0.946641	0.372589	-0.513673	-1.067519
30.631405	0.936568	0.382662	-0.584126	-1.279056
30.640779	0.926495	0.392735	-0.624418	-1.470387
30.650152	0.916421	0.392735	-0.654638	-1.601279
30.659527	0.896275	0.382662	-0.654638	-1.661718
30.668901	0.876129	0.382662	-0.624418	-1.621425
30.678274	0.866055	0.372589	-0.584126	-1.500607
30.687649	0.845909	0.362515	-0.533760	-1.309216
30.697023	0.825763	0.352442	-0.493526	-1.087666
30.706396	0.795543	0.342369	-0.453234	-0.845969
30.715771	0.775397	0.332296	-0.402868	-0.584126
30.725145	0.745237	0.332296	-0.332355	-0.302136
30.734518	0.715017	0.322223	-0.221610	0.010014
30.743893	0.684798	0.312150	-0.080585	0.332296
30.753267	0.654578	0.302076	0.090599	0.644505
30.762640	0.624359	0.302076	0.251770	0.936568
30.772015	0.594139	0.292003	0.412881	1.188338
30.781387	0.573993	0.292003	0.563920	1.389742
30.790762	0.553846	0.292003	0.674725	1.530766
30.800137	0.533700	0.281930	0.735164	1.601219
30.809509	0.513613	0.292003	0.745237	1.591146
30.818884	0.503540	0.292003	0.715017	1.500547
30.828259	0.493467	0.292003	0.644505	1.329303
30.837631	0.483394	0.302076	0.553846	1.097679
30.847006	0.473320	0.302076	0.443101	0.795543
30.856380	0.463247	0.312150	0.332296	0.463247
30.865753	0.463247	0.322223	0.231624	0.100672
30.875128	0.453174	0.332296	0.140965	-0.261843
30.884502	0.443101	0.342369	0.040233	-0.604272
30.893875	0.433028	0.352442	-0.050366	-0.926554
30.903250	0.422955	0.362515	-0.151098	-1.208544
30.912622	0.402808	0.372589	-0.251830	-1.450241
30.921997	0.402808	0.382662	-0.342429	-1.631498
30.931372	0.402808	0.382662	-0.443161	-1.752377
30.940744	0.402808	0.382662	-0.533760	-1.822829
30.950119	0.412881	0.382662	-0.614345	-1.832902
30.959494	0.412881	0.372589	-0.644565	-1.802742
30.968866	0.412881	0.372589	-0.634491	-1.742303
30.978241	0.402808	0.372589	-0.574052	-1.661718
30.987616	0.392735	0.372589	-0.493526	-1.581132
30.996988	0.382662	0.362515	-0.382721	-1.470387
31.006363	0.382662	0.362515	-0.251830	-1.319289
31.015738	0.382662	0.352442	-0.120878	-1.117885
31.025110	0.372589	0.342369	0.010014	-0.866115
31.034485	0.372589	0.342369	0.140965	-0.584126
31.043858	0.372589	0.332296	0.251770	-0.312209
31.053232	0.362515	0.322223	0.332296	-0.080585
31.062607	0.362515	0.322223	0.372589	0.110745
31.071980	0.362515	0.322223	0.382662	0.261784
31.081354	0.362515	0.322223	0.382662	0.362515
31.090729	0.362515	0.322223	0.372589	0.402808
31.100101	0.362515	0.332296	0.392735	0.372589
31.109476	0.352442	0.332296	0.443101	0.271857
31.118851	0.342369	0.332296	0.503540	0.110745
31.128223	0.342369	0.332296	0.553846	-0.080585
31.137598	0.342369	0.332296	0.584066	-0.241756
31.146973	0.342369	0.322223	0.584066	-0.382721
31.156345	0.342369	0.322223	0.563920	-0.503600
31.165720	0.332296	0.322223	0.523627	-0.614345
31.175093	0.332296	0.322223	0.453174	-0.725150
31.184467	0.332296	0.332296	0.352442	-0.835896
31.193842	0.332296	0.342369	0.231624	-0.936627
31.203215	0.342369	0.342369	0.100672	-0.997066
31.212589	0.352442	0.342369	-0.020146	-1.017213
31.221964	0.352442	0.342369	-0.100732	-0.997066
31.231337	0.362515	0.342369	-0.151098	-0.916481
31.240711	0.362515	0.342369	-0.171244	-0.775456
31.250086	0.362515	0.342369	-0.161171	-0.584126
31.259459	0.362515	0.342369	-0.130951	-0.332355
31.268833	0.362515	0.332296	-0.120878	-0.070512
31.278208	0.362515	0.332296	-0.100732	0.191331
31.287580	0.362515	0.322223	-0.090659	0.422955
31.296955	0.352442	0.312150	-0.050366	0.584066
31.306328	0.352442	0.312150	0.030160	0.694871
31.315702	0.342369	0.312150	0.110745	0.755310
31.325077	0.342369	0.312150	0.171185	0.755310
31.334450	0.342369	0.312150	0.211477	0.725091
31.343824	0.342369	0.322223	0.241697	0.664651
31.353199	0.342369	0.322223	0.251770	0.594139
31.362572	0.342369	0.322223	0.241697	0.513613
31.371946	0.342369	0.322223	0.221550	0.422955
31.381321	0.342369	0.312150	0.161111	0.302076
31.390694	0.342369	0.312150	0.090599	0.151038
31.400068	0.342369	0.312150	0.000000	-0.040293
31.409443	0.342369	0.322223	-0.080585	-0.251830
31.418816	0.342369	0.322223	-0.161171	-0.463307
31.428190	0.342369	0.332296	-0.221610	-0.654638
31.437563	0.342369	0.342369	-0.292063	-0.805676
31.446938	0.342369	0.342369	-0.342429	-0.896335
31.456312	0.342369	0.342369	-0.392795	-0.916481
31.465685	0.342369	0.342369	-0.423014	-0.856042
31.475060	0.342369	0.342369	-0.423014	-0.725150
31.484434	0.342369	0.332296	-0.382721	-0.513673
31.493807	0.332296	0.332296	-0.292063	-0.281990
31.503181	0.332296	0.322223	-0.161171	-0.040293
31.512556	0.332296	0.322223	0.010014	0.151038
31.521929	0.332296	0.312150	0.211477	0.292003
31.531303	0.322223	0.302076	0.422955	0.382662
31.540678	0.322223	0.302076	0.614285	0.453174
31.550051	0.322223	0.302076	0.775397	0.523627
31.559425	0.322223	0.302076	0.876129	0.604212
31.568798	0.322223	0.302076	0.946641	0.674725
31.578173	0.312150	0.302076	1.007080	0.725091
31.587547	0.312150	0.302076	1.047313	0.725091
31.596920	0.312150	0.302076	1.057386	0.684798
31.606295	0.312150	0.302076	1.057386	0.624359
31.615669	0.312150	0.302076	1.017153	0.563920
31.625042	0.312150	0.302076	0.976861	0.503540
31.634417	0.312150	0.302076	0.936568	0.433028
31.643791	0.312150	0.302076	0.876129	0.342369
31.653164	0.312150	0.312150	0.805616	0.221550
31.662539	0.322223	0.312150	0.694871	0.080526
31.671913	0.332296	0.312150	0.543773	-0.040293
31.681286	0.332296	0.322223	0.372589	-0.151098
31.690660	0.332296	0.322223	0.181258	-0.231683
31.700033	0.342369	0.322223	0.000000	-0.302136
31.709408	0.342369	0.332296	-0.151098	-0.362575
31.718782	0.332296	0.332296	-0.292063	-0.433087
31.728155	0.332296	0.332296	-0.412941	-0.503600
31.737530	0.342369	0.332296	-0.513673	-0.543833
31.746904	0.342369	0.332296	-0.584126	-0.553906
31.756277	0.352442	0.332296	-0.604272	-0.533760
31.765652	0.352442	0.332296	-0.553906	-0.463307
31.775026	0.342369	0.332296	-0.453234	-0.362575
31.784399	0.342369	0.322223	-0.322282	-0.231683
31.793774	0.332296	0.322223	-0.181317	-0.080585
31.803148	0.332296	0.312150	-0.070512	0.060380
31.812521	0.332296	0.312150	0.000000	0.191331
31.821896	0.332296	0.312150	0.040233	0.322223
31.831268	0.342369	0.312150	0.050306	0.433028
31.840643	0.342369	0.322223	0.050306	0.533700
31.850018	0.342369	0.322223	0.050306	0.594139
31.859390	0.342369	0.322223	0.050306	0.604212
31.868765	0.342369	0.332296	0.060380	0.573993
31.878139	0.342369	0.332296	0.090599	0.543773
31.887512	0.332296	0.332296	0.151038	0.543773
31.896887	0.332296	0.332296	0.221550	0.584066
31.906261	0.322223	0.332296	0.281930	0.644505
31.915634	0.322223	0.332296	0.292003	0.684798
31.925009	0.332296	0.342369	0.261784	0.684798
31.934383	0.332296	0.342369	0.171185	0.654578
31.943756	0.332296	0.342369	0.050306	0.563920
31.953131	0.342369	0.342369	-0.100732	0.422955
31.962503	0.352442	0.342369	-0.241756	0.241697
31.971878	0.352442	0.352442	-0.352502	0.040233
31.981253	0.352442	0.352442	-0.412941	-0.151098
31.990625	0.362515	0.352442	-0.402868	-0.312209
