26.019428	0.140965	0.372589	-0.735223	-1.138031
26.028803	0.140965	0.362515	-0.835896	-1.037300
26.038176	0.140965	0.362515	-0.926554	-0.926554
26.047550	0.140965	0.362515	-1.017213	-0.825822
26.056923	0.140965	0.362515	-1.097739	-0.765443
26.066298	0.151038	0.362515	-1.168251	-0.755370
26.075672	0.151038	0.372589	-1.238763	-0.835896
26.085045	0.151038	0.382662	-1.309216	-0.986993
26.094419	0.151038	0.382662	-1.379728	-1.188397
26.103794	0.151038	0.392735	-1.430094	-1.409948
26.113167	0.151038	0.392735	-1.460314	-1.631498
26.122541	0.151038	0.392735	-1.450241	-1.822829
26.131916	0.151038	0.392735	-1.399875	-1.963854
26.141289	0.161111	0.392735	-1.339436	-2.044439
26.150663	0.161111	0.392735	-1.258910	-2.064526
26.160038	0.161111	0.392735	-1.198471	-2.034366
26.169411	0.151038	0.392735	-1.127958	-1.963854
26.178785	0.151038	0.382662	-1.067519	-1.863122
26.188158	0.140965	0.382662	-1.007140	-1.772523
26.197533	0.130892	0.382662	-0.946701	-1.691937
26.206907	0.130892	0.382662	-0.896335	-1.641572
26.216280	0.130892	0.382662	-0.856042	-1.601279
26.225655	0.130892	0.382662	-0.805676	-1.560986
26.235029	0.130892	0.392735	-0.775456	-1.520753
26.244402	0.130892	0.392735	-0.765443	-1.450241
26.253777	0.130892	0.392735	-0.765443	-1.349509
26.263151	0.130892	0.402808	-0.775456	-1.238763
26.272524	0.140965	0.392735	-0.785530	-1.117885
26.281898	0.140965	0.392735	-0.815749	-1.007140
26.291273	0.140965	0.382662	-0.845969	-0.906408
26.300646	0.140965	0.372589	-0.896335	-0.876188
26.310020	0.151038	0.372589	-0.966847	-0.886261
26.319393	0.151038	0.372589	-1.057446	-0.946701
26.328768	0.161111	0.382662	-1.168251	-1.037300
26.338142	0.161111	0.382662	-1.299143	-1.138031
26.347515	0.161111	0.382662	-1.430094	-1.248837
26.356890	0.171185	0.372589	-1.560986	-1.349509
26.366264	0.171185	0.372589	-1.712084	-1.420021
26.375637	0.181258	0.382662	-1.842976	-1.470387
26.385012	0.171185	0.382662	-1.953781	-1.490533
26.394386	0.171185	0.392735	-2.014220	-1.480460
26.403759	0.171185	0.392735	-2.024293	-1.450241
26.413134	0.181258	0.392735	-1.973927	-1.430094
26.422508	0.181258	0.382662	-1.873195	-1.409948
26.431881	0.171185	0.382662	-1.742303	-1.409948
26.441256	0.171185	0.392735	-1.611352	-1.420021
26.450628	0.161111	0.392735	-1.470387	-1.420021
26.460003	0.151038	0.392735	-1.319289	-1.430094
26.469378	0.151038	0.392735	-1.117885	-1.450241
26.478750	0.151038	0.392735	-0.956774	-1.490533
26.488125	0.151038	0.392735	-0.805676	-1.540899
26.497499	0.161111	0.392735	-0.664711	-1.571059
26.506872	0.161111	0.392735	-0.523686	-1.571059
26.516247	0.151038	0.392735	-0.382721	-1.550913
26.525621	0.151038	0.382662	-0.271916	-1.550913
26.534994	0.140965	0.382662	-0.191391	-1.550913
26.544369	0.140965	0.382662	-0.181317	-1.571059
26.553743	0.140965	0.392735	-0.221610	-1.601279
26.563116	0.151038	0.392735	-0.312209	-1.641572
26.572491	0.151038	0.392735	-0.443161	-1.691937
26.581863	0.161111	0.402808	-0.614345	-1.752377
26.591238	0.161111	0.402808	-0.805676	-1.812756
26.600613	0.171185	0.402808	-1.027286	-1.863122
26.609985	0.181258	0.392735	-1.238763	-1.873195
26.619360	0.191331	0.392735	-1.450241	-1.802742
26.628735	0.191331	0.392735	-1.641572	-1.671791
26.638107	0.191331	0.392735	-1.792669	-1.480460
26.647482	0.191331	0.392735	-1.903415	-1.258910
26.656857	0.191331	0.382662	-1.994073	-1.057446
26.666229	0.191331	0.372589	-2.054513	-0.896335
26.675604	0.191331	0.362515	-2.104819	-0.775456
26.684978	0.191331	0.362515	-2.135038	-0.715077
26.694351	0.191331	0.362515	-2.124965	-0.684857
26.703726	0.181258	0.362515	-2.074599	-0.694931
26.713099	0.181258	0.372589	-1.994073	-0.745296
26.722473	0.181258	0.372589	-1.903415	-0.815749
26.731848	0.181258	0.382662	-1.802742	-0.866115
26.741220	0.181258	0.382662	-1.702011	-0.886261
26.750595	0.181258	0.372589	-1.571059	-0.886261
26.759970	0.171185	0.372589	-1.409948	-0.866115
26.769342	0.171185	0.372589	-1.208544	-0.866115
26.778717	0.161111	0.382662	-0.997066	-0.886261
26.788092	0.151038	0.382662	-0.775456	-0.926554
26.797464	0.151038	0.382662	-0.543833	-0.997066
26.806839	0.140965	0.382662	-0.312209	-1.087666
26.816214	0.140965	0.382662	-0.100732	-1.178324
26.825586	0.140965	0.382662	0.080526	-1.258910
26.834961	0.140965	0.392735	0.241697	-1.339436
26.844334	0.130892	0.392735	0.362515	-1.409948
26.853708	0.130892	0.402808	0.453174	-1.470387
26.863083	0.140965	0.402808	0.473320	-1.500607
26.872456	0.140965	0.402808	0.443101	-1.510680
26.881830	0.140965	0.402808	0.352442	-1.510680
26.891205	0.151038	0.402808	0.221550	-1.510680
26.900578	0.151038	0.402808	0.080526	-1.530826
26.909952	0.161111	0.402808	-0.050366	-1.550913
26.919327	0.171185	0.392735	-0.171244	-1.571059
26.928699	0.171185	0.392735	-0.312209	-1.560986
26.938074	0.181258	0.392735	-0.483453	-1.550913
26.947449	0.181258	0.392735	-0.715077	-1.540899
26.956821	0.191331	0.392735	-0.976920	-1.530826
26.966196	0.201404	0.392735	-1.238763	-1.500607
26.975569	0.201404	0.392735	-1.480460	-1.460314
26.984943	0.201404	0.392735	-1.671791	-1.389802
26.994318	0.201404	0.402808	-1.812756	-1.329362
27.003691	0.211477	0.402808	-1.883268	-1.258910
27.013065	0.211477	0.392735	-1.913488	-1.208544
27.022440	0.211477	0.392735	-1.873195	-1.158178
27.031813	0.201404	0.382662	-1.772523	-1.117885
27.041187	0.201404	0.382662	-1.601279	-1.077592
27.050562	0.201404	0.382662	-1.399875	-1.057446
27.059935	0.201404	0.392735	-1.218617	-1.067519
27.069309	0.201404	0.392735	-1.087666	-1.127958
27.078684	0.201404	0.392735	-1.037300	-1.238763
27.088057	0.201404	0.402808	-1.037300	-1.379728
27.097431	0.201404	0.402808	-1.087666	-1.500607
27.106804	0.201404	0.402808	-1.178324	-1.591206
27.116179	0.201404	0.412881	-1.279056	-1.621425
27.125553	0.211477	0.412881	-1.409948	-1.631498
27.134926	0.211477	0.412881	-1.550913	-1.631498
27.144300	0.221550	0.412881	-1.691937	-1.631498
27.153675	0.221550	0.412881	-1.822829	-1.651645
27.163048	0.221550	0.412881	-1.933634	-1.671791
27.172422	0.221550	0.402808	-2.044439	-1.681864
27.181797	0.231624	0.402808	-2.155185	-1.691937
27.191170	0.231624	0.402808	-2.276063	-1.712084
27.200544	0.241697	0.402808	-2.396882	-1.742303
27.209919	0.241697	0.402808	-2.507687	-1.792669
27.219292	0.231624	0.402808	-2.568126	-1.812756
27.228666	0.231624	0.402808	-2.568126	-1.772523
27.238039	0.231624	0.412881	-2.487540	-1.661718
27.247414	0.231624	0.412881	-2.336442	-1.500607
27.256788	0.231624	0.412881	-2.145112	-1.309216
27.266161	0.221550	0.402808	-1.913488	-1.148105
27.275536	0.221550	0.402808	-1.641572	-1.037300
27.284910	0.211477	0.392735	-1.359582	-0.966847
27.294283	0.201404	0.392735	-1.097739	-0.926554
27.303658	0.201404	0.392735	-0.856042	-0.916481
27.313032	0.191331	0.382662	-0.634491	-0.926554
27.322405	0.191331	0.382662	-0.433087	-0.966847
27.331779	0.181258	0.382662	-0.251830	-1.017213
27.341154	0.181258	0.382662	-0.100732	-1.057446
27.350527	0.181258	0.382662	0.040233	-1.067519
27.359901	0.191331	0.382662	0.140965	-1.037300
27.369274	0.191331	0.392735	0.221550	-1.007140
27.378649	0.191331	0.392735	0.251770	-0.986993
27.388023	0.191331	0.392735	0.231624	-1.007140
27.397396	0.191331	0.402808	0.171185	-1.057446
27.406771	0.201404	0.402808	0.070453	-1.148105
27.416145	0.201404	0.412881	-0.090659	-1.258910
27.425518	0.211477	0.412881	-0.302136	-1.420021
27.434893	0.211477	0.422955	-0.574052	-1.611352
27.444267	0.221550	0.422955	-0.856042	-1.832902
27.453640	0.231624	0.433028	-1.148105	-2.044439
27.463015	0.231624	0.443101	-1.430094	-2.225697
27.472389	0.241697	0.443101	-1.691937	-2.336442
27.481762	0.241697	0.453174	-1.913488	-2.406955
27.491137	0.241697	0.453174	-2.074599	-2.447248
27.500509	0.251770	0.453174	-2.195477	-2.477467
27.509884	0.251770	0.453174	-2.255917	-2.507687
27.519258	0.251770	0.443101	-2.286136	-2.507687
27.528631	0.251770	0.443101	-2.276063	-2.487540
27.538006	0.251770	0.433028	-2.255917	-2.427101
27.547380	0.241697	0.433028	-2.215624	-2.336442
27.556753	0.241697	0.433028	-2.145112	-2.215624
27.566128	0.241697	0.422955	-2.024293	-2.084672
27.575502	0.241697	0.412881	-1.873195	-1.953781
27.584875	0.241697	0.412881	-1.691937	-1.822829
27.594250	0.241697	0.412881	-1.490533	-1.712084
27.603624	0.231624	0.412881	-1.289070	-1.611352
27.612997	0.231624	0.422955	-1.087666	-1.520753
27.622372	0.221550	0.422955	-0.906408	-1.420021
27.631744	0.211477	0.422955	-0.755370	-1.319289
27.641119	0.211477	0.422955	-0.654638	-1.218617
27.650494	0.211477	0.422955	-0.614345	-1.117885
27.659866	0.201404	0.422955	-0.634491	-1.027286
27.669241	0.201404	0.422955	-0.684857	-0.956774
27.678616	0.201404	0.422955	-0.745296	-0.916481
27.687988	0.201404	0.433028	-0.805676	-0.916481
27.697363	0.211477	0.433028	-0.876188	-0.976920
27.706738	0.221550	0.443101	-0.966847	-1.087666
27.716110	0.221550	0.443101	-1.057446	-1.238763
27.725485	0.231624	0.443101	-1.158178	-1.389802
27.734859	0.231624	0.443101	-1.248837	-1.520753
27.744232	0.231624	0.443101	-1.319289	-1.611352
27.753607	0.231624	0.443101	-1.379728	-1.671791
27.762980	0.231624	0.443101	-1.440167	-1.712084
27.772354	0.241697	0.453174	-1.500607	-1.752377
27.781729	0.241697	0.453174	-1.560986	-1.772523
27.791101	0.241697	0.453174	-1.601279	-1.802742
27.800476	0.241697	0.453174	-1.591206	-1.832902
27.809851	0.241697	0.453174	-1.550913	-1.873195
27.819223	0.231624	0.463247	-1.470387	-1.903415
27.828598	0.231624	0.463247	-1.369655	-1.943707
27.837973	0.231624	0.473320	-1.248837	-1.953781
27.847345	0.231624	0.473320	-1.127958	-1.963854
27.856720	0.231624	0.473320	-0.997066	-1.973927
27.866095	0.231624	0.473320	-0.876188	-1.973927
27.875467	0.231624	0.473320	-0.785530	-1.953781
27.884842	0.231624	0.473320	-0.725150	-1.913488
27.894215	0.221550	0.473320	-0.715077	-1.883268
27.903589	0.221550	0.473320	-0.745296	-1.863122
27.912964	0.221550	0.473320	-0.805676	-1.842976
27.922337	0.221550	0.473320	-0.845969	-1.853049
27.931711	0.221550	0.483394	-0.876188	-1.873195
27.941086	0.221550	0.483394	-0.866115	-1.893342
27.950459	0.231624	0.483394	-0.856042	-1.903415
27.959833	0.231624	0.493467	-0.835896	-1.893342
27.969208	0.231624	0.493467	-0.825822	-1.873195
27.978580	0.231624	0.503540	-0.815749	-1.832902
27.987955	0.231624	0.503540	-0.815749	-1.792669
27.997330	0.231624	0.503540	-0.845969	-1.742303
28.006702	0.231624	0.513613	-0.886261	-1.681864
28.016077	0.231624	0.513613	-0.956774	-1.611352
28.025450	0.231624	0.513613	-1.027286	-1.550913
28.034824	0.231624	0.523627	-1.097739	-1.500607
28.044199	0.231624	0.523627	-1.148105	-1.470387
28.053572	0.231624	0.533700	-1.168251	-1.460314
28.062946	0.231624	0.553846	-1.148105	-1.490533
28.072321	0.231624	0.563920	-1.087666	-1.550913
28.081694	0.221550	0.573993	-0.997066	-1.631498
28.091068	0.221550	0.584066	-0.886261	-1.712084
28.100443	0.221550	0.594139	-0.795603	-1.802742
28.109816	0.221550	0.594139	-0.715077	-1.883268
28.119190	0.211477	0.604212	-0.674784	-1.943707
28.128565	0.211477	0.614285	-0.644565	-1.984000
28.137938	0.211477	0.634432	-0.644565	-2.014220
28.147312	0.221550	0.644505	-0.654638	-2.014220
28.156685	0.221550	0.654578	-0.674784	-1.973927
28.166059	0.231624	0.674725	-0.694931	-1.893342
28.175434	0.231624	0.704944	-0.725150	-1.782596
28.184807	0.231624	0.725091	-0.755370	-1.732230
28.194181	0.221550	0.765383	-0.775456	-1.712084
28.203556	0.221550	0.805616	-0.785530	-1.712084
28.212929	0.221550	0.845909	-0.815749	-1.722157
28.222303	0.221550	0.896275	-0.856042	-1.722157
28.231678	0.221550	0.936568	-0.926554	-1.712084
28.241051	0.231624	0.986934	-1.037300	-1.661718
28.250425	0.231624	1.037240	-1.158178	-1.571059
28.259800	0.231624	1.077533	-1.279056	-1.450241
28.269173	0.241697	1.117826	-1.379728	-1.309216
28.278547	0.241697	1.158118	-1.450241	-1.168251
28.287920	0.241697	1.188338	-1.480460	-1.057446
28.297295	0.251770	1.208484	-1.500607	-0.976920
28.306669	0.251770	1.228631	-1.480460	-0.936627
28.316042	0.251770	1.228631	-1.420021	-0.936627
28.325417	0.261784	1.228631	-1.329362	-0.966847
28.334791	0.261784	1.228631	-1.198471	-1.057446
28.344164	0.251770	1.228631	-1.087666	-1.178324
28.353539	0.251770	1.218557	-0.997066	-1.319289
28.362913	0.251770	1.188338	-0.946701	-1.450241
28.372286	0.251770	1.168191	-0.926554	-1.560986
28.381660	0.241697	1.137972	-0.916481	-1.661718
28.391035	0.231624	1.117826	-0.896335	-1.742303
28.400408	0.231624	1.087606	-0.866115	-1.822829
28.409782	0.231624	1.057386	-0.805676	-1.933634
28.419155	0.231624	1.027226	-0.745296	-2.034366
28.428530	0.231624	0.997007	-0.674784	-2.145112
28.437904	0.231624	0.966787	-0.614345	-2.225697
28.447277	0.241697	0.936568	-0.563979	-2.306283
28.456652	0.241697	0.906348	-0.543833	-2.366662
28.466026	0.251770	0.876129	-0.563979	-2.406955
28.475399	0.261784	0.845909	-0.634491	-2.427101
28.484774	0.261784	0.815690	-0.765443	-2.396882
28.494148	0.261784	0.775397	-0.936627	-2.296209
28.503521	0.261784	0.745237	-1.127958	-2.145112
28.512896	0.271857	0.715017	-1.299143	-1.943707
28.522270	0.261784	0.684798	-1.430094	-1.732230
28.531643	0.261784	0.654578	-1.500607	-1.520753
28.541018	0.261784	0.634432	-1.520753	-1.329362
28.550390	0.261784	0.624359	-1.510680	-1.168251
28.559765	0.261784	0.604212	-1.490533	-1.047373
28.569139	0.271857	0.584066	-1.470387	-0.946701
28.578512	0.271857	0.573993	-1.440167	-0.876188
28.587887	0.271857	0.553846	-1.409948	-0.835896
28.597261	0.271857	0.543773	-1.379728	-0.825822
28.606634	0.271857	0.543773	-1.339436	-0.835896
28.616009	0.271857	0.533700	-1.299143	-0.856042
28.625383	0.271857	0.523627	-1.228690	-0.886261
28.634756	0.261784	0.523627	-1.117885	-0.926554
28.644131	0.261784	0.513613	-0.946701	-0.986993
28.653505	0.261784	0.513613	-0.715077	-1.067519
28.662878	0.251770	0.503540	-0.473380	-1.198471
28.672253	0.241697	0.503540	-0.241756	-1.359582
28.681625	0.241697	0.503540	-0.080585	-1.560986
28.691000	0.241697	0.503540	0.010014	-1.762450
28.700375	0.241697	0.503540	0.020087	-1.963854
28.709747	0.241697	0.503540	-0.040293	-2.135038
28.719122	0.241697	0.503540	-0.141025	-2.245843
28.728497	0.251770	0.503540	-0.271916	-2.286136
28.737869	0.251770	0.493467	-0.392795	-2.265990
28.747244	0.251770	0.483394	-0.523686	-2.185404
28.756618	0.261784	0.483394	-0.654638	-2.094746
28.765991	0.261784	0.473320	-0.785530	-1.994073
28.775366	0.261784	0.473320	-0.916481	-1.903415
28.784740	0.271857	0.473320	-1.047373	-1.822829
28.794113	0.271857	0.473320	-1.198471	-1.752377
28.803488	0.281930	0.463247	-1.359582	-1.681864
28.812860	0.292003	0.463247	-1.550913	-1.621425
28.822235	0.292003	0.463247	-1.732230	-1.571059
28.831610	0.292003	0.453174	-1.883268	-1.500607
28.840982	0.292003	0.443101	-1.984000	-1.379728
28.850357	0.292003	0.433028	-2.014220	-1.228690
28.859732	0.292003	0.422955	-1.973927	-1.067519
28.869104	0.292003	0.422955	-1.863122	-0.926554
28.878479	0.292003	0.422955	-1.722157	-0.835896
28.887854	0.302076	0.422955	-1.571059	-0.805676
28.897226	0.302076	0.422955	-1.440167	-0.845969
28.906601	0.292003	0.422955	-1.339436	-0.936627
28.915976	0.292003	0.422955	-1.279056	-1.047373
28.925348	0.281930	0.422955	-1.248837	-1.178324
28.934723	0.281930	0.422955	-1.228690	-1.329362
28.944096	0.281930	0.422955	-1.198471	-1.500607
28.953470	0.271857	0.422955	-1.138031	-1.651645
28.962845	0.271857	0.422955	-1.037300	-1.792669
28.972218	0.261784	0.422955	-0.906408	-1.883268
28.981592	0.261784	0.422955	-0.775456	-1.943707
28.990967	0.251770	0.422955	-0.664711	-1.973927
29.000340	0.261784	0.422955	-0.594199	-1.994073
29.009714	0.261784	0.422955	-0.584126	-1.994073
29.019089	0.261784	0.422955	-0.604272	-1.984000
29.028461	0.261784	0.412881	-0.664711	-1.943707
29.037836	0.261784	0.412881	-0.755370	-1.863122
29.047211	0.261784	0.402808	-0.876188	-1.722157
29.056583	0.271857	0.392735	-1.007140	-1.560986
29.065958	0.271857	0.392735	-1.127958	-1.369655
29.075331	0.281930	0.382662	-1.208544	-1.168251
29.084705	0.281930	0.382662	-1.248837	-0.976920
29.094080	0.281930	0.382662	-1.268983	-0.785530
29.103453	0.281930	0.382662	-1.289070	-0.614345
29.112827	0.281930	0.382662	-1.319289	-0.483453
29.122202	0.281930	0.382662	-1.379728	-0.412941
29.131575	0.292003	0.382662	-1.480460	-0.433087
29.140949	0.292003	0.382662	-1.581132	-0.543833
29.150324	0.292003	0.382662	-1.691937	-0.725150
29.159697	0.302076	0.382662	-1.782596	-0.936627
29.169071	0.302076	0.392735	-1.853049	-1.168251
29.178446	0.292003	0.392735	-1.913488	-1.399875
29.187819	0.292003	0.392735	-1.933634	-1.641572
29.197193	0.302076	0.402808	-1.933634	-1.893342
29.206566	0.302076	0.412881	-1.873195	-2.155185
29.215940	0.302076	0.422955	-1.772523	-2.396882
29.225315	0.302076	0.422955	-1.631498	-2.628505
29.234688	0.302076	0.422955	-1.450241	-2.809823
29.244062	0.302076	0.422955	-1.279056	-2.970934
29.253437	0.292003	0.422955	-1.127958	-3.091812
29.262810	0.281930	0.422955	-1.027286	-3.172338
29.272184	0.271857	0.433028	-0.966847	-3.182411
29.281559	0.271857	0.433028	-0.956774	-3.101826
29.290932	0.271857	0.422955	-0.986993	-2.930641
29.300306	0.271857	0.412881	-1.037300	-2.668798
29.309681	0.271857	0.412881	-1.107812	-2.356589
29.319054	0.281930	0.402808	-1.178324	-2.004147
29.328428	0.292003	0.392735	-1.248837	-1.611352
29.337801	0.292003	0.382662	-1.279056	-1.208544
29.347176	0.292003	0.372589	-1.289070	-0.825822
29.356550	0.292003	0.362515	-1.289070	-0.493526
29.365923	0.292003	0.352442	-1.279056	-0.231683
29.375298	0.302076	0.352442	-1.299143	-0.050366
29.384672	0.302076	0.352442	-1.369655	0.030160
29.394045	0.312150	0.342369	-1.480460	0.040233
29.403419	0.312150	0.342369	-1.631498	-0.010073
29.412794	0.312150	0.352442	-1.782596	-0.120878
29.422167	0.312150	0.362515	-1.913488	-0.271916
29.431541	0.312150	0.372589	-2.004147	-0.443161
29.440916	0.312150	0.372589	-2.044439	-0.614345
29.450289	0.312150	0.372589	-2.034366	-0.795603
29.459663	0.312150	0.382662	-2.004147	-0.986993
29.469036	0.312150	0.382662	-1.943707	-1.188397
29.478411	0.312150	0.392735	-1.873195	-1.409948
29.487785	0.302076	0.392735	-1.792669	-1.641572
29.497158	0.302076	0.392735	-1.712084	-1.893342
29.506533	0.302076	0.392735	-1.631498	-2.165258
29.515907	0.302076	0.392735	-1.560986	-2.427101
29.525280	0.302076	0.402808	-1.480460	-2.648652
29.534655	0.312150	0.402808	-1.379728	-2.799749
29.544029	0.312150	0.412881	-1.248837	-2.870202
29.553402	0.312150	0.412881	-1.117885	-2.870202
29.562777	0.312150	0.422955	-0.986993	-2.799749
29.572151	0.312150	0.422955	-0.896335	-2.668798
29.581524	0.312150	0.412881	-0.825822	-2.477467
29.590899	0.312150	0.412881	-0.805676	-2.265990
29.600271	0.312150	0.402808	-0.825822	-2.044439
29.609646	0.312150	0.392735	-0.886261	-1.853049
29.619020	0.312150	0.382662	-0.976920	-1.712084
29.628393	0.322223	0.382662	-1.117885	-1.621425
29.637768	0.322223	0.372589	-1.289070	-1.560986
29.647142	0.322223	0.362515	-1.540899	-1.500607
29.656515	0.332296	0.362515	-1.722157	-1.450241
29.665890	0.332296	0.372589	-1.883268	-1.389802
29.675264	0.342369	0.372589	-2.014220	-1.319289
29.684637	0.342369	0.372589	-2.124965	-1.238763
29.694012	0.352442	0.372589	-2.195477	-1.158178
29.703386	0.352442	0.362515	-2.235770	-1.087666
29.712759	0.352442	0.362515	-2.225697	-1.037300
29.722134	0.352442	0.362515	-2.185404	-1.047373
29.731506	0.352442	0.372589	-2.104819	-1.097739
29.740881	0.342369	0.372589	-2.004147	-1.198471
29.750256	0.342369	0.372589	-1.863122	-1.379728
29.759628	0.342369	0.372589	-1.712084	-1.530826
29.769003	0.342369	0.382662	-1.550913	-1.661718
29.778378	0.332296	0.372589	-1.379728	-1.772523
29.787750	0.332296	0.372589	-1.218617	-1.842976
29.797125	0.332296	0.372589	-1.067519	-1.893342
29.806499	0.332296	0.372589	-0.926554	-1.893342
29.815872	0.332296	0.372589	-0.785530	-1.863122
29.825247	0.322223	0.362515	-0.644565	-1.802742
29.834621	0.322223	0.362515	-0.523686	-1.702011
29.843994	0.312150	0.362515	-0.433087	-1.581132
29.853369	0.312150	0.362515	-0.402868	-1.480460
29.862741	0.312150	0.362515	-0.443161	-1.389802
29.872116	0.322223	0.352442	-0.533760	-1.329362
29.881491	0.322223	0.352442	-0.664711	-1.289070
29.890863	0.322223	0.352442	-0.825822	-1.248837
29.900238	0.332296	0.362515	-0.997066	-1.208544
29.909613	0.332296	0.362515	-1.178324	-1.198471
29.918985	0.342369	0.362515	-1.359582	-1.228690
29.928360	0.342369	0.362515	-1.540899	-1.279056
29.937735	0.352442	0.362515	-1.702011	-1.329362
29.947107	0.362515	0.362515	-1.832902	-1.379728
29.956482	0.362515	0.362515	-1.953781	-1.430094
29.965857	0.372589	0.362515	-2.074599	-1.490533
29.975229	0.372589	0.362515	-2.195477	-1.560986
29.984604	0.382662	0.372589	-2.296209	-1.651645
29.993977	0.392735	0.382662	-2.366662	-1.742303
30.003351	0.392735	0.382662	-2.396882	-1.812756
30.012726	0.392735	0.382662	-2.376735	-1.863122
30.022099	0.392735	0.382662	-2.296209	-1.903415
30.031473	0.392735	0.382662	-2.165258	-1.933634
30.040848	0.392735	0.382662	-2.004147	-1.953781
30.050220	0.382662	0.372589	-1.832902	-1.953781
30.059595	0.372589	0.372589	-1.661718	-1.913488
30.068970	0.372589	0.372589	-1.490533	-1.842976
30.078342	0.362515	0.362515	-1.299143	-1.732230
30.087717	0.362515	0.352442	-1.117885	-1.611352
30.097092	0.362515	0.352442	-0.946701	-1.480460
30.106464	0.362515	0.342369	-0.825822	-1.379728
30.115839	0.362515	0.342369	-0.725150	-1.279056
30.125212	0.362515	0.342369	-0.644565	-1.188397
30.134586	0.362515	0.352442	-0.584126	-1.097739
30.143961	0.362515	0.352442	-0.543833	-1.037300
30.153334	0.362515	0.352442	-0.553906	-1.027286
30.162708	0.372589	0.352442	-0.604272	-1.057446
30.172083	0.382662	0.352442	-0.694931	-1.107812
30.181456	0.392735	0.352442	-0.815749	-1.158178
30.190830	0.392735	0.362515	-0.936627	-1.218617
30.200205	0.402808	0.362515	-1.067519	-1.279056
30.209578	0.402808	0.362515	-1.188397	-1.359582
30.218952	0.402808	0.372589	-1.329362	-1.460314
30.228327	0.412881	0.372589	-1.460314	-1.601279
30.237700	0.412881	0.382662	-1.571059	-1.772523
30.247074	0.422955	0.382662	-1.671791	-1.943707
30.256447	0.433028	0.382662	-1.732230	-2.124965
30.265821	0.443101	0.382662	-1.782596	-2.306283
30.275196	0.443101	0.382662	-1.832902	-2.467394
30.284569	0.453174	0.392735	-1.863122	-2.588212
30.293943	0.453174	0.382662	-1.863122	-2.638578
30.303318	0.463247	0.382662	-1.853049	-2.608359
30.312691	0.463247	0.372589	-1.812756	-2.497613
30.322065	0.463247	0.372589	-1.752377	-2.346516
30.331440	0.463247	0.362515	-1.681864	-2.165258
30.340813	0.463247	0.362515	-1.571059	-1.984000
30.350187	0.473320	0.352442	-1.430094	-1.802742
30.359562	0.473320	0.352442	-1.299143	-1.621425
30.368935	0.483394	0.342369	-1.188397	-1.409948
30.378309	0.483394	0.342369	-1.107812	-1.198471
30.387682	0.483394	0.342369	-1.027286	-0.986993
30.397057	0.483394	0.342369	-0.946701	-0.785530
30.406431	0.493467	0.342369	-0.866115	-0.614345
30.415804	0.503540	0.332296	-0.785530	-0.473380
30.425179	0.513613	0.322223	-0.735223	-0.372648
30.434553	0.533700	0.312150	-0.715077	-0.332355
30.443926	0.543773	0.312150	-0.694931	-0.332355
30.453300	0.553846	0.312150	-0.684857	-0.382721
30.462675	0.573993	0.312150	-0.674784	-0.483453
30.472048	0.584066	0.312150	-0.694931	-0.624418
30.481422	0.604212	0.322223	-0.745296	-0.805676
30.490797	0.624359	0.322223	-0.825822	-1.007140
30.500170	0.654578	0.332296	-0.916481	-1.228690
30.509544	0.684798	0.342369	-0.997066	-1.440167
30.518917	0.725091	0.352442	-1.057446	-1.641572
30.528292	0.765383	0.362515	-1.107812	-1.832902
30.537666	0.815690	0.362515	-1.168251	-2.004147
30.547039	0.866055	0.362515	-1.228690	-2.165258
30.556414	0.926495	0.362515	-1.279056	-2.306283
30.565788	0.976861	0.362515	-1.309216	-2.427101
30.575161	1.027226	0.352442	-1.339436	-2.497613
30.584536	1.077533	0.352442	-1.349509	-2.527833
30.593910	1.127899	0.352442	-1.369655	-2.507687
30.603283	1.168191	0.352442	-1.389802	-2.447248
30.612658	1.188338	0.352442	-1.420021	-2.346516
30.622032	1.208484	0.352442	-1.450241	-2.205551
30.631405	1.218557	0.352442	-1.490533	-2.024293
30.640779	1.228631	0.352442	-1.520753	-1.822829
30.650152	1.228631	0.342369	-1.560986	-1.601279
30.659527	1.228631	0.342369	-1.601279	-1.389802
30.668901	1.208484	0.332296	-1.631498	-1.178324
30.678274	1.198411	0.322223	-1.651645	-0.986993
30.687649	1.178265	0.312150	-1.661718	-0.835896
30.697023	1.148045	0.312150	-1.671791	-0.715077
30.706396	1.127899	0.302076	-1.671791	-0.604272
30.715771	1.097679	0.312150	-1.641572	-0.533760
30.725145	1.057386	0.312150	-1.581132	-0.513673
30.734518	1.017153	0.312150	-1.490533	-0.523686
30.743893	0.976861	0.322223	-1.379728	-0.574052
30.753267	0.946641	0.322223	-1.248837	-0.674784
30.762640	0.906348	0.322223	-1.097739	-0.795603
30.772015	0.866055	0.322223	-0.926554	-0.946701
30.781387	0.825763	0.332296	-0.755370	-1.087666
30.790762	0.785470	0.332296	-0.614345	-1.238763
30.800137	0.745237	0.332296	-0.513673	-1.389802
30.809509	0.715017	0.332296	-0.493526	-1.530826
30.818884	0.684798	0.322223	-0.533760	-1.651645
30.828259	0.654578	0.322223	-0.624418	-1.722157
30.837631	0.634432	0.322223	-0.775456	-1.752377
30.847006	0.614285	0.322223	-0.946701	-1.762450
30.856380	0.604212	0.322223	-1.138031	-1.762450
30.865753	0.584066	0.322223	-1.339436	-1.752377
30.875128	0.573993	0.322223	-1.550913	-1.732230
30.884502	0.573993	0.322223	-1.772523	-1.712084
30.893875	0.563920	0.332296	-1.994073	-1.691937
30.903250	0.563920	0.332296	-2.225697	-1.671791
30.912622	0.553846	0.342369	-2.437174	-1.621425
30.921997	0.553846	0.332296	-2.628505	-1.581132
30.931372	0.543773	0.332296	-2.799749	-1.540899
30.940744	0.543773	0.332296	-2.920568	-1.510680
30.950119	0.533700	0.332296	-2.950788	-1.500607
30.959494	0.523627	0.332296	-2.870202	-1.510680
30.968866	0.503540	0.332296	-2.688944	-1.520753
30.978241	0.493467	0.332296	-2.417028	-1.560986
30.987616	0.483394	0.332296	-2.084672	-1.631498
30.996988	0.473320	0.332296	-1.722157	-1.722157
31.006363	0.463247	0.342369	-1.379728	-1.822829
31.015738	0.443101	0.342369	-1.067519	-1.913488
31.025110	0.433028	0.342369	-0.825822	-1.953781
31.034485	0.422955	0.342369	-0.614345	-1.943707
31.043858	0.412881	0.342369	-0.423014	-1.883268
31.053232	0.402808	0.342369	-0.221610	-1.782596
31.062607	0.402808	0.342369	-0.010073	-1.681864
31.071980	0.392735	0.342369	0.201404	-1.571059
31.081354	0.382662	0.332296	0.412881	-1.470387
31.090729	0.382662	0.332296	0.604212	-1.369655
31.100101	0.382662	0.332296	0.735164	-1.248837
31.109476	0.372589	0.322223	0.785470	-1.148105
31.118851	0.372589	0.322223	0.715017	-1.057446
31.128223	0.372589	0.312150	0.513613	-0.986993
31.137598	0.382662	0.312150	0.191331	-0.936627
31.146973	0.382662	0.312150	-0.201464	-0.876188
31.156345	0.392735	0.312150	-0.624418	-0.805676
31.165720	0.392735	0.312150	-1.057446	-0.725150
31.175093	0.402808	0.322223	-1.470387	-0.674784
31.184467	0.402808	0.322223	-1.853049	-0.664711
31.193842	0.412881	0.322223	-2.175331	-0.684857
31.203215	0.412881	0.322223	-2.447248	-0.735223
31.212589	0.412881	0.322223	-2.668798	-0.785530
31.221964	0.412881	0.332296	-2.860129	-0.825822
31.231337	0.422955	0.332296	-3.031373	-0.876188
31.240711	0.422955	0.332296	-3.192484	-0.936627
31.250086	0.433028	0.332296	-3.333509	-1.027286
31.259459	0.433028	0.332296	-3.414035	-1.168251
31.268833	0.433028	0.332296	-3.393888	-1.299143
31.278208	0.422955	0.332296	-3.283143	-1.430094
31.287580	0.422955	0.342369	-3.051519	-1.560986
31.296955	0.412881	0.342369	-2.739310	-1.671791
31.306328	0.402808	0.342369	-2.366662	-1.772523
31.315702	0.392735	0.342369	-1.943707	-1.853049
31.325077	0.382662	0.352442	-1.490533	-1.893342
31.334450	0.362515	0.352442	-1.047373	-1.893342
31.343824	0.352442	0.352442	-0.644565	-1.853049
31.353199	0.342369	0.352442	-0.312209	-1.812756
31.362572	0.332296	0.352442	-0.050366	-1.762450
31.371946	0.332296	0.342369	0.161111	-1.712084
31.381321	0.322223	0.342369	0.312150	-1.681864
31.390694	0.322223	0.342369	0.382662	-1.661718
31.400068	0.322223	0.332296	0.382662	-1.651645
31.409443	0.322223	0.342369	0.292003	-1.611352
31.418816	0.322223	0.342369	0.130892	-1.540899
31.428190	0.332296	0.342369	-0.080585	-1.420021
31.437563	0.342369	0.332296	-0.332355	-1.279056
31.446938	0.352442	0.332296	-0.634491	-1.138031
31.456312	0.362515	0.332296	-0.966847	-1.017213
31.465685	0.372589	0.332296	-1.309216	-0.916481
31.475060	0.372589	0.322223	-1.621425	-0.866115
31.484434	0.382662	0.322223	-1.913488	-0.866115
31.493807	0.382662	0.332296	-2.185404	-0.906408
31.503181	0.392735	0.342369	-2.437174	-0.986993
31.512556	0.392735	0.342369	-2.688944	-1.087666
31.521929	0.402808	0.352442	-2.920568	-1.218617
31.531303	0.402808	0.352442	-3.111899	-1.349509
31.540678	0.402808	0.352442	-3.252923	-1.480460
31.550051	0.392735	0.352442	-3.333509	-1.611352
31.559425	0.402808	0.352442	-3.343582	-1.742303
31.568798	0.402808	0.352442	-3.273070	-1.853049
31.578173	0.402808	0.352442	-3.152192	-1.953781
31.587547	0.392735	0.352442	-2.981007	-2.024293
31.596920	0.392735	0.352442	-2.769530	-2.054513
31.606295	0.392735	0.352442	-2.527833	-2.034366
31.615669	0.382662	0.352442	-2.185404	-1.963854
31.625042	0.372589	0.352442	-1.913488	-1.822829
31.634417	0.372589	0.342369	-1.661718	-1.631498
31.643791	0.362515	0.342369	-1.440167	-1.409948
31.653164	0.352442	0.332296	-1.238763	-1.198471
31.662539	0.342369	0.322223	-1.047373	-1.017213
31.671913	0.332296	0.312150	-0.825822	-0.876188
31.681286	0.322223	0.312150	-0.553906	-0.765443
31.690660	0.312150	0.312150	-0.271916	-0.684857
31.700033	0.312150	0.312150	-0.030220	-0.634491
31.709408	0.312150	0.322223	0.120819	-0.604272
31.718782	0.312150	0.322223	0.161111	-0.604272
31.728155	0.312150	0.332296	0.110745	-0.614345
31.737530	0.312150	0.332296	-0.030220	-0.624418
31.746904	0.322223	0.332296	-0.211537	-0.624418
31.756277	0.332296	0.332296	-0.433087	-0.624418
31.765652	0.342369	0.332296	-0.674784	-0.644565
31.775026	0.352442	0.332296	-0.916481	-0.694931
31.784399	0.362515	0.332296	-1.148105	-0.785530
31.793774	0.362515	0.332296	-1.329362	-0.906408
31.803148	0.362515	0.332296	-1.470387	-1.047373
31.812521	0.362515	0.332296	-1.581132	-1.198471
31.821896	0.362515	0.332296	-1.681864	-1.359582
31.831268	0.362515	0.332296	-1.782596	-1.510680
31.840643	0.362515	0.342369	-1.903415	-1.651645
31.850018	0.362515	0.342369	-2.014220	-1.782596
31.859390	0.362515	0.352442	-2.104819	-1.883268
31.868765	0.362515	0.352442	-2.165258	-1.943707
31.878139	0.362515	0.352442	-2.145112	-1.963854
31.887512	0.352442	0.352442	-2.034366	-1.933634
31.896887	0.342369	0.352442	-1.832902	-1.893342
31.906261	0.342369	0.352442	-1.571059	-1.842976
31.915634	0.332296	0.352442	-1.279056	-1.792669
31.925009	0.332296	0.352442	-1.007140	-1.732230
31.934383	0.322223	0.352442	-0.755370	-1.651645
31.943756	0.312150	0.352442	-0.543833	-1.571059
31.953131	0.312150	0.352442	-0.423014	-1.470387
31.962503	0.312150	0.352442	-0.392795	-1.359582
31.971878	0.322223	0.342369	-0.473380	-1.248837
31.981253	0.332296	0.342369	-0.614345	-1.117885
31.990625	0.342369	0.342369	-0.795603	-0.966847
