21.940655	0.006706	0.006706	0.057057	-0.063792
21.979643	0.006706	0.006706	0.053704	-0.046998
22.018633	0.006706	0.010058	0.046983	-0.030220
22.057623	0.010058	0.010058	0.040278	-0.006720
22.096613	0.013426	0.013426	0.040278	0.026852
22.135603	0.016779	0.016779	0.046983	0.060424
22.174593	0.023484	0.016779	0.060424	0.090629
22.213581	0.023484	0.016779	0.067130	0.104055
22.252571	0.023484	0.016779	0.060424	0.097349
22.291561	0.023484	0.016779	0.043631	0.063777
22.330551	0.023484	0.016779	0.023484	0.023484
22.369541	0.020131	0.013426	0.016779	-0.020146
22.408531	0.020131	0.013426	0.016779	-0.050366
22.447521	0.016779	0.013426	0.016779	-0.070497
22.486509	0.016779	0.013426	0.006706	-0.080571
22.525499	0.013426	0.013426	-0.006720	-0.087291
22.564489	0.013426	0.013426	-0.013441	-0.087291
22.603479	0.016779	0.013426	-0.006720	-0.077218
22.642469	0.016779	0.016779	0.016779	-0.060439
22.681459	0.016779	0.016779	0.043631	-0.036940
22.720448	0.020131	0.020131	0.067130	-0.010073
22.759438	0.016779	0.023484	0.070482	0.016779
22.798428	0.016779	0.026852	0.063777	0.040278
22.837418	0.013426	0.026852	0.046983	0.053704
22.876408	0.013426	0.023484	0.033557	0.046983
22.915398	0.013426	0.023484	0.016779	0.013426
22.954386	0.010058	0.020131	-0.003368	-0.036940
22.993376	0.010058	0.016779	-0.033572	-0.093997
23.032366	0.006706	0.013426	-0.063792	-0.134289
23.071356	0.003353	0.013426	-0.083938	-0.140995
23.110346	0.003353	0.013426	-0.097364	-0.124216
23.149336	0.003353	0.016779	-0.090644	-0.093997
23.188324	0.003353	0.016779	-0.067145	-0.067145
23.227314	0.006706	0.016779	-0.030220	-0.053719
23.266304	0.010058	0.020131	0.010058	-0.043646
23.305294	0.010058	0.020131	0.043631	-0.026867
23.344284	0.013426	0.023484	0.063777	0.000000
23.383274	0.013426	0.023484	0.070482	0.030205
23.422262	0.010058	0.026852	0.067130	0.046983
23.461252	0.006706	0.026852	0.050351	0.040278
23.500242	0.003353	0.026852	0.020131	0.010058
23.539232	0.003353	0.023484	-0.020146	-0.026867
23.578222	0.000000	0.023484	-0.063792	-0.057071
23.617212	0.000000	0.020131	-0.093997	-0.077218
23.656202	0.000000	0.020131	-0.097364	-0.077218
23.695190	0.003353	0.016779	-0.073865	-0.057071
23.734180	0.006706	0.016779	-0.033572	-0.030220
23.773170	0.010058	0.013426	0.010058	0.000000
23.812160	0.013426	0.013426	0.040278	0.030205
23.851151	0.016779	0.016779	0.053704	0.053704
23.890141	0.016779	0.016779	0.046983	0.070482
23.929129	0.016779	0.016779	0.023484	0.070482
23.968119	0.016779	0.013426	-0.010073	0.050351
24.007109	0.016779	0.013426	-0.046998	0.023484
24.046099	0.013426	0.013426	-0.083938	-0.006720
24.085089	0.013426	0.013426	-0.120863	-0.030220
24.124079	0.016779	0.016779	-0.144362	-0.046998
24.163067	0.016779	0.020131	-0.154421	-0.043646
24.202057	0.016779	0.023484	-0.147715	-0.023499
24.241047	0.016779	0.026852	-0.117496	0.016779
24.280037	0.016779	0.033557	-0.070497	0.060424
24.319027	0.020131	0.036925	-0.010073	0.100702
24.358017	0.023484	0.036925	0.053704	0.124201
24.397005	0.023484	0.040278	0.104055	0.127554
24.435995	0.023484	0.036925	0.127554	0.114128
24.474985	0.020131	0.036925	0.110775	0.093982
24.513975	0.016779	0.036925	0.060424	0.077203
24.552965	0.013426	0.036925	-0.010073	0.050351
24.591955	0.013426	0.036925	-0.073865	0.016779
24.630943	0.010058	0.040278	-0.114143	-0.023499
24.669933	0.010058	0.043631	-0.120863	-0.067145
24.708923	0.010058	0.046983	-0.100717	-0.104070
24.747913	0.013426	0.053704	-0.073865	-0.120863
24.786903	0.016779	0.060424	-0.043646	-0.120863
24.825893	0.020131	0.070482	-0.016794	-0.124216
24.864883	0.020131	0.080556	0.006706	-0.134289
24.903872	0.023484	0.093982	0.030205	-0.151068
24.942862	0.026852	0.110775	0.050351	-0.164494
24.981852	0.030205	0.130907	0.060424	-0.157788
25.020842	0.030205	0.151053	0.057057	-0.134289
25.059832	0.026852	0.171199	0.040278	-0.110790
25.098822	0.023484	0.181273	0.006706	-0.093997
25.137810	0.020131	0.181273	-0.030220	-0.087291
25.176800	0.020131	0.171199	-0.060439	-0.083938
25.215790	0.020131	0.151053	-0.077218	-0.073865
25.254780	0.020131	0.130907	-0.077218	-0.057071
25.293770	0.016779	0.107422	-0.067145	-0.033572
25.332760	0.020131	0.087276	-0.057071	-0.010073
25.371748	0.020131	0.073850	-0.043646	0.003353
25.410738	0.020131	0.060424	-0.026867	0.003353
25.449728	0.023484	0.053704	-0.010073	-0.010073
25.488718	0.023484	0.046983	0.003353	-0.030220
25.527708	0.026852	0.040278	0.013426	-0.050366
25.566698	0.026852	0.036925	0.010058	-0.060439
25.605686	0.026852	0.036925	-0.003368	-0.057071
25.644676	0.026852	0.033557	-0.033572	-0.046998
25.683666	0.026852	0.033557	-0.070497	-0.043646
25.722656	0.030205	0.030205	-0.093997	-0.050366
25.761646	0.030205	0.026852	-0.097364	-0.067145
25.800636	0.036925	0.023484	-0.080571	-0.083938
25.839624	0.043631	0.020131	-0.053719	-0.093997
25.878614	0.050351	0.020131	-0.026867	-0.100717
25.917604	0.053704	0.020131	-0.016794	-0.100717
25.956594	0.057057	0.020131	-0.026867	-0.093997
25.995584	0.063777	0.020131	-0.050366	-0.080571
26.034575	0.067130	0.020131	-0.077218	-0.067145
26.073565	0.080556	0.020131	-0.090644	-0.053719
26.112553	0.104055	0.020131	-0.093997	-0.036940
26.151543	0.130907	0.023484	-0.090644	-0.016794
26.190533	0.157773	0.023484	-0.087291	0.003353
26.229523	0.177905	0.026852	-0.097364	0.020131
26.268513	0.191346	0.026852	-0.114143	0.026852
26.307503	0.198051	0.026852	-0.127569	0.020131
26.346491	0.187978	0.026852	-0.127569	-0.003368
26.385481	0.171199	0.023484	-0.107422	-0.036940
26.424471	0.147700	0.023484	-0.077218	-0.070497
26.463461	0.124201	0.023484	-0.046998	-0.090644
26.502451	0.104055	0.023484	-0.023499	-0.097364
26.541441	0.087276	0.023484	-0.013441	-0.100717
26.580429	0.073850	0.023484	-0.016794	-0.097364
26.619419	0.063777	0.023484	-0.026867	-0.093997
26.658409	0.053704	0.023484	-0.026867	-0.083938
26.697399	0.046983	0.023484	-0.016794	-0.073865
26.736389	0.043631	0.023484	-0.003368	-0.067145
26.775379	0.040278	0.023484	0.010058	-0.067145
26.814367	0.036925	0.023484	0.016779	-0.070497
26.853357	0.033557	0.020131	0.016779	-0.073865
26.892347	0.033557	0.020131	0.013426	-0.073865
26.931337	0.030205	0.020131	0.006706	-0.070497
26.970327	0.030205	0.020131	0.003353	-0.070497
27.009317	0.026852	0.020131	-0.003368	-0.073865
27.048306	0.026852	0.020131	-0.006720	-0.077218
27.087296	0.026852	0.020131	-0.010073	-0.070497
27.126286	0.023484	0.020131	-0.006720	-0.053719
27.165276	0.026852	0.020131	0.010058	-0.036940
27.204266	0.026852	0.020131	0.023484	-0.026867
27.243256	0.026852	0.016779	0.030205	-0.026867
27.282246	0.026852	0.016779	0.016779	-0.030220
27.321234	0.023484	0.016779	-0.010073	-0.026867
27.360224	0.020131	0.016779	-0.043646	-0.013441
27.399214	0.020131	0.020131	-0.063792	0.006706
27.438204	0.016779	0.020131	-0.070497	0.016779
27.477194	0.016779	0.020131	-0.060439	0.006706
27.516184	0.016779	0.020131	-0.046998	-0.026867
27.555172	0.020131	0.016779	-0.033572	-0.070497
27.594162	0.020131	0.016779	-0.023499	-0.104070
27.633152	0.023484	0.016779	-0.016794	-0.110790
27.672142	0.023484	0.016779	-0.020146	-0.090644
27.711132	0.026852	0.020131	-0.026867	-0.057071
27.750122	0.026852	0.020131	-0.040293	-0.023499
27.789110	0.023484	0.020131	-0.050366	0.000000
27.828100	0.023484	0.023484	-0.053719	0.013426
27.867090	0.023484	0.023484	-0.046998	0.020131
27.906080	0.023484	0.023484	-0.026867	0.020131
27.945070	0.023484	0.023484	-0.010073	0.010058
27.984060	0.023484	0.020131	-0.013441	-0.016794
28.023048	0.026852	0.020131	-0.043646	-0.053719
28.062038	0.026852	0.020131	-0.090644	-0.090644
28.101028	0.023484	0.020131	-0.130922	-0.117496
28.140018	0.020131	0.020131	-0.147715	-0.127569
28.179008	0.020131	0.020131	-0.134289	-0.114143
28.217999	0.020131	0.020131	-0.104070	-0.083938
28.256987	0.023484	0.023484	-0.070497	-0.046998
28.295977	0.023484	0.026852	-0.050366	-0.013441
28.334967	0.023484	0.026852	-0.040293	0.000000
28.373957	0.023484	0.026852	-0.040293	-0.003368
28.412947	0.023484	0.026852	-0.030220	-0.020146
28.451937	0.023484	0.023484	-0.010073	-0.040293
28.490927	0.020131	0.023484	0.003353	-0.053719
28.529915	0.020131	0.023484	-0.003368	-0.046998
28.568905	0.016779	0.023484	-0.036940	-0.033572
28.607895	0.016779	0.023484	-0.080571	-0.020146
28.646885	0.016779	0.023484	-0.120863	-0.020146
28.685875	0.016779	0.023484	-0.144362	-0.036940
28.724865	0.016779	0.023484	-0.144362	-0.060439
28.763853	0.016779	0.023484	-0.134289	-0.067145
28.802843	0.020131	0.023484	-0.114143	-0.057071
28.841833	0.020131	0.023484	-0.093997	-0.026867
28.880823	0.020131	0.026852	-0.077218	0.006706
28.919813	0.020131	0.023484	-0.063792	0.023484
28.958803	0.023484	0.023484	-0.060439	0.016779
28.997791	0.023484	0.020131	-0.060439	-0.016794
29.036781	0.023484	0.016779	-0.060439	-0.053719
29.075771	0.023484	0.013426	-0.067145	-0.077218
29.114761	0.023484	0.013426	-0.070497	-0.070497
29.153751	0.023484	0.013426	-0.070497	-0.043646
29.192741	0.023484	0.010058	-0.063792	-0.016794
29.231730	0.026852	0.010058	-0.053719	-0.006720
29.270720	0.026852	0.010058	-0.046998	-0.013441
29.309710	0.023484	0.010058	-0.053719	-0.020146
29.348700	0.020131	0.010058	-0.070497	-0.023499
29.387690	0.020131	0.013426	-0.083938	-0.020146
29.426680	0.016779	0.013426	-0.100717	-0.023499
29.465668	0.013426	0.013426	-0.114143	-0.033572
29.504658	0.013426	0.013426	-0.124216	-0.053719
29.543648	0.013426	0.013426	-0.124216	-0.073865
29.582638	0.013426	0.013426	-0.120863	-0.083938
29.621628	0.013426	0.013426	-0.110790	-0.087291
29.660618	0.013426	0.016779	-0.090644	-0.077218
29.699608	0.013426	0.016779	-0.067145	-0.063792
29.738596	0.013426	0.016779	-0.036940	-0.043646
29.777586	0.016779	0.020131	-0.010073	-0.030220
29.816576	0.020131	0.020131	0.020131	-0.023499
29.855566	0.020131	0.020131	0.043631	-0.023499
29.894556	0.020131	0.023484	0.057057	-0.030220
29.933546	0.020131	0.023484	0.063777	-0.030220
29.972534	0.020131	0.026852	0.060424	-0.020146
30.011524	0.016779	0.026852	0.043631	-0.013441
30.050514	0.013426	0.026852	0.023484	-0.003368
30.089504	0.010058	0.026852	0.000000	0.003353
30.128494	0.010058	0.023484	-0.023499	0.003353
30.167484	0.006706	0.020131	-0.040293	-0.006720
30.206472	0.003353	0.016779	-0.050366	-0.020146
30.245462	0.003353	0.016779	-0.046998	-0.036940
30.284452	0.003353	0.013426	-0.033572	-0.046998
30.323442	0.003353	0.013426	-0.023499	-0.057071
30.362432	0.003353	0.013426	-0.020146	-0.077218
30.401423	0.006706	0.013426	-0.026867	-0.104070
30.440411	0.003353	0.010058	-0.036940	-0.134289
30.479401	0.006706	0.010058	-0.043646	-0.147715
30.518391	0.006706	0.013426	-0.046998	-0.130922
30.557381	0.006706	0.016779	-0.053719	-0.083938
30.596371	0.006706	0.020131	-0.057071	-0.030220
30.635361	0.006706	0.023484	-0.057071	0.003353
30.674349	0.006706	0.023484	-0.053719	0.013426
30.713339	0.010058	0.023484	-0.050366	0.006706
30.752329	0.010058	0.026852	-0.040293	-0.003368
30.791319	0.013426	0.026852	-0.026867	-0.006720
30.830309	0.013426	0.030205	-0.023499	-0.003368
30.869299	0.013426	0.030205	-0.030220	0.000000
30.908289	0.016779	0.030205	-0.050366	-0.013441
30.947277	0.013426	0.026852	-0.070497	-0.036940
30.986267	0.013426	0.023484	-0.090644	-0.060439
31.025257	0.013426	0.023484	-0.093997	-0.067145
31.064247	0.016779	0.023484	-0.083938	-0.060439
31.103237	0.016779	0.023484	-0.053719	-0.043646
31.142227	0.016779	0.023484	-0.020146	-0.040293
31.181215	0.016779	0.020131	0.006706	-0.050366
31.220205	0.016779	0.020131	0.016779	-0.067145
31.259195	0.013426	0.016779	0.003353	-0.073865
31.298185	0.013426	0.020131	-0.020146	-0.060439
31.337175	0.010058	0.020131	-0.043646	-0.030220
31.376165	0.010058	0.023484	-0.063792	0.000000
31.415154	0.010058	0.023484	-0.083938	0.013426
31.454144	0.006706	0.020131	-0.100717	0.003353
31.493134	0.006706	0.020131	-0.107422	-0.023499
31.532124	0.010058	0.016779	-0.093997	-0.050366
31.571114	0.013426	0.016779	-0.063792	-0.070497
31.610104	0.016779	0.013426	-0.023499	-0.077218
31.649092	0.016779	0.013426	0.003353	-0.077218
31.688082	0.016779	0.013426	0.003353	-0.070497
31.727072	0.013426	0.013426	-0.030220	-0.057071
31.766062	0.013426	0.013426	-0.073865	-0.046998
31.805052	0.010058	0.016779	-0.107422	-0.036940
31.844042	0.010058	0.016779	-0.120863	-0.033572
31.883030	0.010058	0.016779	-0.114143	-0.030220
31.922020	0.013426	0.013426	-0.090644	-0.033572
31.961010	0.013426	0.013426	-0.063792	-0.043646
