20.958424	-0.020146	0.040233	0.010014	-0.080585
20.989719	-0.010073	0.040233	0.000000	-0.080585
21.021015	-0.010073	0.040233	0.000000	-0.080585
21.052311	0.000000	0.040233	0.000000	-0.070512
21.083607	0.010014	0.040233	0.000000	-0.060439
21.114902	0.010014	0.040233	0.000000	-0.060439
21.146198	0.010014	0.040233	0.000000	-0.060439
21.177494	0.000000	0.040233	-0.010073	-0.060439
21.208790	0.010014	0.040233	-0.010073	-0.060439
21.240086	0.020087	0.030160	0.000000	-0.070512
21.271381	0.030160	0.030160	0.010014	-0.060439
21.302677	0.020087	0.040233	0.010014	-0.060439
21.333973	0.020087	0.040233	0.010014	-0.050366
21.365271	0.030160	0.040233	0.010014	-0.050366
21.396566	0.040233	0.050306	0.000000	-0.040293
21.427862	0.050306	0.050306	0.000000	-0.040293
21.459158	0.050306	0.060380	0.000000	-0.030220
21.490454	0.050306	0.060380	-0.010073	-0.030220
21.521749	0.050306	0.050306	-0.010073	-0.020146
21.553045	0.050306	0.050306	-0.010073	-0.020146
21.584341	0.060380	0.050306	0.000000	-0.020146
21.615637	0.060380	0.050306	0.000000	-0.010073
21.646933	0.050306	0.060380	0.010014	-0.010073
21.678228	0.050306	0.060380	0.010014	-0.020146
21.709524	0.040233	0.060380	0.020087	-0.020146
21.740820	0.040233	0.060380	0.020087	-0.010073
21.772116	0.040233	0.060380	0.020087	-0.010073
21.803411	0.040233	0.060380	0.030160	0.000000
21.834707	0.040233	0.060380	0.030160	0.010014
21.866005	0.040233	0.070453	0.040233	0.010014
21.897301	0.030160	0.070453	0.040233	0.020087
21.928596	0.040233	0.070453	0.040233	0.030160
21.959892	0.060380	0.070453	0.040233	0.040233
21.991188	0.070453	0.070453	0.040233	0.050306
22.022484	0.070453	0.070453	0.040233	0.060380
22.053780	0.070453	0.070453	0.040233	0.060380
22.085075	0.050306	0.070453	0.030160	0.060380
22.116371	0.040233	0.060380	0.030160	0.060380
22.147667	0.030160	0.060380	0.030160	0.060380
22.178963	0.020087	0.060380	0.030160	0.070453
22.210258	0.020087	0.060380	0.020087	0.070453
22.241554	0.040233	0.060380	0.020087	0.080526
22.272850	0.050306	0.070453	0.020087	0.080526
22.304146	0.060380	0.070453	0.030160	0.090599
22.335442	0.060380	0.070453	0.040233	0.100672
22.366739	0.060380	0.070453	0.050306	0.110745
22.398035	0.060380	0.070453	0.060380	0.110745
22.429331	0.050306	0.070453	0.070453	0.120819
22.460627	0.050306	0.070453	0.070453	0.120819
22.491922	0.050306	0.070453	0.080526	0.130892
22.523218	0.060380	0.070453	0.070453	0.140965
22.554514	0.080526	0.070453	0.070453	0.151038
22.585810	0.090599	0.070453	0.080526	0.171185
22.617105	0.090599	0.070453	0.080526	0.181258
22.648401	0.070453	0.080526	0.080526	0.191331
22.679697	0.050306	0.080526	0.070453	0.201404
22.710993	0.050306	0.080526	0.070453	0.211477
22.742289	0.050306	0.090599	0.080526	0.221550
22.773584	0.060380	0.090599	0.100672	0.231624
22.804880	0.060380	0.090599	0.110745	0.241697
22.836176	0.060380	0.090599	0.110745	0.261784
22.867474	0.050306	0.090599	0.120819	0.271857
22.898769	0.040233	0.090599	0.120819	0.281930
22.930065	0.040233	0.090599	0.110745	0.302076
22.961361	0.040233	0.080526	0.110745	0.312150
22.992657	0.050306	0.080526	0.110745	0.332296
23.023952	0.050306	0.080526	0.120819	0.352442
23.055248	0.040233	0.070453	0.140965	0.372589
23.086544	0.040233	0.070453	0.140965	0.392735
23.117840	0.050306	0.070453	0.151038	0.412881
23.149136	0.060380	0.070453	0.161111	0.422955
23.180431	0.060380	0.060380	0.181258	0.453174
23.211727	0.060380	0.060380	0.181258	0.473320
23.243023	0.080526	0.060380	0.191331	0.503540
23.274319	0.100672	0.060380	0.211477	0.543773
23.305614	0.110745	0.050306	0.221550	0.573993
23.336912	0.110745	0.050306	0.231624	0.624359
23.368208	0.090599	0.040233	0.241697	0.674725
23.399504	0.060380	0.040233	0.251770	0.725091
23.430799	0.040233	0.030160	0.261784	0.785470
23.462095	0.010014	0.030160	0.261784	0.835836
23.493391	0.000000	0.030160	0.271857	0.906348
23.524687	0.000000	0.020087	0.292003	0.976861
23.555983	0.000000	0.000000	0.312150	1.067460
23.587278	0.000000	-0.030220	0.332296	1.158118
23.618574	-0.020146	-0.060439	0.342369	1.278996
23.649870	-0.030220	-0.100732	0.352442	1.450181
23.681166	-0.040293	-0.141025	0.342369	1.611292
23.712461	-0.030220	-0.181317	0.332296	1.812696
23.743757	-0.010073	-0.221610	0.332296	2.054453
23.775053	0.010014	-0.261843	0.342369	2.356529
23.806349	0.040233	-0.312209	0.352442	2.719104
23.837646	0.070453	-0.362575	0.372589	3.162205
23.868942	0.070453	-0.412941	0.382662	3.695965
23.900238	0.060380	-0.453234	0.392735	4.350603
23.931534	0.050306	-0.463307	0.402808	5.105913
23.962830	0.060380	-0.433087	0.422955	5.951822
23.994125	0.080526	-0.352502	0.453174	6.878376
24.025421	0.080526	-0.201464	0.493467	7.804871
24.056717	0.080526	0.020087	0.523627	8.660913
24.088013	0.080526	0.312150	0.553846	9.355783
24.119308	0.080526	0.735164	0.584066	9.819031
24.150604	0.080526	1.057386	0.624359	9.829103
24.181900	0.050306	1.359522	0.654578	9.567261
24.213196	0.020087	1.621366	0.664651	9.134233
24.244492	-0.010073	1.842916	0.674725	8.590401
24.275787	-0.020146	2.034307	0.684798	7.915676
24.307083	-0.020146	2.215564	0.715017	7.089853
24.338381	0.010014	2.396822	0.745237	6.112993
24.369677	0.040233	2.578139	0.805616	4.974961
24.400972	0.030160	2.739251	0.866055	3.695965
24.432268	0.010014	2.880216	0.916421	2.346456
24.463564	-0.010073	2.940655	0.976861	1.067460
24.494860	-0.020146	2.910435	1.047313	-0.010073
24.526155	-0.030220	2.759397	1.127899	-0.745296
24.557451	-0.050366	2.517700	1.218557	-1.077592
24.588747	-0.090659	2.225637	1.329303	-1.107812
24.620043	-0.130951	1.923501	1.470327	-0.956774
24.651339	-0.171244	1.641512	1.631439	-0.755370
24.682634	-0.211537	1.399815	1.822770	-0.543833
24.713930	-0.271916	1.198411	2.044380	-0.352502
24.745226	-0.352502	1.037240	2.326310	-0.211537
24.776522	-0.463307	0.896275	2.688885	-0.100732
24.807819	-0.614345	0.785470	3.142059	-0.030220
24.839115	-0.795603	0.694871	3.695965	0.030160
24.870411	-1.007140	0.614285	4.360676	0.070453
24.901707	-1.238763	0.543773	5.186439	0.110745
24.933002	-1.470387	0.493467	6.163359	0.140965
24.964298	-1.671791	0.443101	7.200658	0.171185
24.995594	-1.762450	0.412881	8.177519	0.191331
25.026890	-1.671791	0.382662	8.983194	0.211477
25.058186	-1.480460	0.352442	9.547114	0.211477
25.089481	-1.208544	0.332296	9.849251	0.221550
25.120777	-0.906408	0.322223	9.929836	0.221550
25.152073	-0.584126	0.312150	9.819031	0.211477
25.183369	-0.292063	0.302076	9.547114	0.201404
25.214664	0.010014	0.292003	9.093941	0.191331
25.245960	0.362515	0.281930	8.489728	0.181258
25.277256	0.755310	0.271857	7.673979	0.181258
25.308554	1.258850	0.261784	6.636679	0.181258
25.339849	1.852989	0.251770	5.408049	0.181258
25.371145	2.477407	0.251770	4.058540	0.171185
25.402441	2.980947	0.241697	2.739251	0.161111
25.433737	3.303230	0.241697	1.631439	0.151038
25.465033	3.413975	0.231624	0.795543	0.151038
25.496328	3.293157	0.231624	0.231624	0.140965
25.527624	3.001094	0.221550	-0.110805	0.140965
25.558920	2.658665	0.211477	-0.261843	0.140965
25.590216	2.316296	0.211477	-0.292063	0.130892
25.621511	1.994014	0.201404	-0.241756	0.120819
25.652807	1.691878	0.191331	-0.151098	0.120819
25.684103	1.369596	0.191331	-0.040293	0.110745
25.715399	1.148045	0.181258	0.040233	0.100672
25.746695	0.976861	0.171185	0.110745	0.090599
25.777990	0.835836	0.171185	0.151038	0.080526
25.809288	0.715017	0.161111	0.191331	0.070453
25.840584	0.624359	0.151038	0.231624	0.060380
25.871880	0.553846	0.140965	0.261784	0.060380
25.903175	0.483394	0.140965	0.271857	0.060380
25.934471	0.412881	0.151038	0.281930	0.060380
25.965767	0.362515	0.151038	0.281930	0.060380
25.997063	0.332296	0.161111	0.271857	0.060380
26.028358	0.322223	0.161111	0.271857	0.060380
26.059654	0.302076	0.151038	0.271857	0.050306
26.090950	0.281930	0.151038	0.271857	0.050306
26.122246	0.251770	0.151038	0.261784	0.040233
26.153542	0.231624	0.140965	0.251770	0.040233
26.184837	0.231624	0.140965	0.241697	0.030160
26.216133	0.221550	0.130892	0.231624	0.030160
26.247429	0.211477	0.130892	0.221550	0.020087
26.278725	0.211477	0.130892	0.211477	0.020087
26.310022	0.201404	0.140965	0.201404	0.020087
26.341318	0.191331	0.140965	0.201404	0.020087
26.372614	0.201404	0.140965	0.201404	0.010014
26.403910	0.201404	0.140965	0.191331	0.010014
26.435205	0.201404	0.140965	0.181258	0.010014
26.466501	0.191331	0.130892	0.171185	0.000000
26.497797	0.171185	0.130892	0.161111	0.000000
26.529093	0.151038	0.120819	0.161111	0.000000
26.560389	0.140965	0.110745	0.151038	0.000000
26.591684	0.130892	0.110745	0.140965	-0.010073
26.622980	0.130892	0.100672	0.130892	-0.010073
26.654276	0.130892	0.100672	0.120819	-0.010073
26.685572	0.140965	0.100672	0.120819	-0.010073
26.716867	0.140965	0.090599	0.110745	-0.020146
26.748163	0.140965	0.090599	0.100672	-0.020146
26.779461	0.140965	0.100672	0.100672	-0.020146
26.810757	0.140965	0.100672	0.090599	-0.030220
26.842052	0.140965	0.110745	0.080526	-0.030220
26.873348	0.140965	0.120819	0.070453	-0.040293
26.904644	0.140965	0.120819	0.060380	-0.040293
26.935940	0.140965	0.120819	0.050306	-0.040293
26.967236	0.140965	0.120819	0.050306	-0.040293
26.998531	0.130892	0.120819	0.040233	-0.030220
27.029827	0.120819	0.110745	0.040233	-0.030220
27.061123	0.110745	0.110745	0.030160	-0.030220
27.092419	0.110745	0.100672	0.030160	-0.030220
27.123714	0.100672	0.100672	0.020087	-0.040293
27.155010	0.100672	0.100672	0.020087	-0.040293
27.186306	0.100672	0.090599	0.020087	-0.050366
27.217602	0.110745	0.090599	0.020087	-0.050366
27.248898	0.110745	0.090599	0.020087	-0.050366
27.280195	0.120819	0.100672	0.010014	-0.060439
27.311491	0.120819	0.100672	0.010014	-0.060439
27.342787	0.130892	0.100672	0.010014	-0.060439
27.374083	0.130892	0.100672	0.010014	-0.060439
27.405378	0.120819	0.100672	0.000000	-0.060439
27.436674	0.110745	0.100672	0.000000	-0.060439
27.467970	0.110745	0.110745	-0.010073	-0.060439
27.499266	0.110745	0.120819	-0.020146	-0.060439
27.530561	0.110745	0.120819	-0.020146	-0.060439
27.561857	0.120819	0.110745	-0.020146	-0.060439
27.593153	0.120819	0.100672	-0.020146	-0.060439
27.624449	0.120819	0.090599	-0.030220	-0.070512
27.655745	0.120819	0.090599	-0.040293	-0.070512
27.687040	0.120819	0.090599	-0.040293	-0.070512
27.718336	0.110745	0.090599	-0.050366	-0.070512
27.749632	0.100672	0.090599	-0.050366	-0.060439
27.780930	0.100672	0.090599	-0.050366	-0.060439
27.812225	0.090599	0.090599	-0.040293	-0.050366
27.843521	0.090599	0.090599	-0.040293	-0.050366
27.874817	0.090599	0.090599	-0.030220	-0.040293
27.906113	0.110745	0.090599	-0.030220	-0.050366
27.937408	0.110745	0.100672	-0.030220	-0.050366
27.968704	0.110745	0.110745	-0.030220	-0.040293
