20.958424	-0.010073	0.013426	61.835052	61.892120
20.989719	-0.010073	0.020131	61.835052	61.898827
21.021015	-0.006720	0.023484	61.831699	61.888771
21.052311	-0.006720	0.023484	61.831699	61.871975
21.083607	-0.006720	0.020131	61.835052	61.871975
21.114902	-0.006720	0.013426	61.838402	61.878696
21.146198	-0.006720	0.013426	61.838402	61.888771
21.177494	-0.006720	0.020131	61.838402	61.875343
21.208790	-0.010073	0.030205	61.831699	61.858551
21.240086	-0.010073	0.033557	61.828346	61.848476
21.271381	-0.010073	0.036925	61.824978	61.848476
21.302677	-0.010073	0.036925	61.821625	61.851845
21.333973	-0.006720	0.036925	61.824978	61.851845
21.365271	0.000000	0.036925	61.828346	61.851845
21.396566	0.003353	0.040278	61.835052	61.855198
21.427862	0.006706	0.043631	61.841770	61.861904
21.459158	0.003353	0.046983	61.845123	61.865269
21.490454	0.003353	0.050351	61.845123	61.865269
21.521749	0.003353	0.053704	61.841770	61.865269
21.553045	0.003353	0.053704	61.835052	61.868622
21.584341	0.003353	0.057057	61.828346	61.865269
21.615637	0.006706	0.063777	61.824978	61.865269
21.646933	0.006706	0.070482	61.814903	61.851845
21.678228	0.010058	0.073850	61.811550	61.841770
21.709524	0.010058	0.077203	61.811550	61.828346
21.740820	0.013426	0.077203	61.811550	61.811550
21.772116	0.016779	0.070482	61.811550	61.788052
21.803411	0.020131	0.070482	61.818272	61.777981
21.834707	0.023484	0.073850	61.828346	61.794773
21.866005	0.023484	0.077203	61.835052	61.814903
21.897301	0.026852	0.077203	61.838402	61.821625
21.928596	0.026852	0.080556	61.835052	61.821625
21.959892	0.030205	0.080556	61.831699	61.821625
21.991188	0.033557	0.083923	61.831699	61.821625
22.022484	0.033557	0.087276	61.838402	61.821625
22.053780	0.033557	0.087276	61.841770	61.818272
22.085075	0.033557	0.090629	61.841770	61.818272
22.116371	0.036925	0.097349	61.838402	61.828346
22.147667	0.036925	0.107422	61.835052	61.835052
22.178963	0.036925	0.117481	61.828346	61.835052
22.210258	0.040278	0.124201	61.821625	61.831699
22.241554	0.040278	0.127554	61.811550	61.818272
22.272850	0.043631	0.130907	61.801479	61.811550
22.304146	0.046983	0.130907	61.794773	61.818272
22.335442	0.050351	0.134274	61.791405	61.824978
22.366739	0.053704	0.140980	61.794773	61.831699
22.398035	0.057057	0.140980	61.801479	61.835052
22.429331	0.060424	0.144348	61.811550	61.841770
22.460627	0.063777	0.151053	61.821625	61.848476
22.491922	0.063777	0.157773	61.828346	61.848476
22.523218	0.067130	0.164479	61.824978	61.841770
22.554514	0.067130	0.167847	61.821625	61.841770
22.585810	0.070482	0.171199	61.818272	61.845123
22.617105	0.070482	0.181273	61.818272	61.845123
22.648401	0.073850	0.187978	61.814903	61.841770
22.679697	0.073850	0.191346	61.808197	61.835052
22.710993	0.077203	0.198051	61.801479	61.831699
22.742289	0.080556	0.204772	61.788052	61.821625
22.773584	0.083923	0.214845	61.781345	61.821625
22.804880	0.083923	0.228271	61.774628	61.821625
22.836176	0.083923	0.241697	61.774628	61.828346
22.867474	0.083923	0.251770	61.774628	61.824978
22.898769	0.087276	0.261828	61.781345	61.814903
22.930065	0.090629	0.271901	61.788052	61.811550
22.961361	0.093982	0.278622	61.798126	61.808197
22.992657	0.097349	0.288695	61.804848	61.804848
23.023952	0.100702	0.298768	61.811550	61.794773
23.055248	0.104055	0.308827	61.811550	61.781345
23.086544	0.107422	0.318900	61.814903	61.774628
23.117840	0.114128	0.325620	61.814903	61.771275
23.149136	0.117481	0.332326	61.818272	61.771275
23.180431	0.120848	0.342399	61.818272	61.764553
23.211727	0.127554	0.352472	61.814903	61.757847
23.243023	0.130907	0.365898	61.804848	61.754478
23.274319	0.137627	0.382692	61.798126	61.757847
23.305614	0.140980	0.402823	61.798126	61.757847
23.336912	0.140980	0.422969	61.798126	61.751129
23.368208	0.144348	0.439748	61.798126	61.737701
23.399504	0.147700	0.459895	61.798126	61.730980
23.430799	0.154406	0.483394	61.801479	61.730980
23.462095	0.157773	0.503540	61.801479	61.734348
23.493391	0.164479	0.520319	61.798126	61.734348
23.524687	0.167847	0.540465	61.798126	61.717556
23.555983	0.177905	0.563964	61.801479	61.697422
23.587278	0.184625	0.590816	61.804848	61.677277
23.618574	0.194699	0.624388	61.804848	61.667206
23.649870	0.204772	0.661314	61.808197	61.657131
23.681166	0.211477	0.701591	61.808197	61.647057
23.712461	0.218198	0.748590	61.808197	61.633633
23.743757	0.224903	0.798941	61.804848	61.623558
23.775053	0.228271	0.859380	61.804848	61.616852
23.806349	0.234976	0.926509	61.804848	61.606781
23.837646	0.238329	1.010433	61.801479	61.600060
23.868942	0.245050	1.111150	61.801479	61.600060
23.900238	0.251770	1.231998	61.798126	61.593353
23.931534	0.261828	1.379699	61.794773	61.569855
23.962830	0.275269	1.564339	61.794773	61.532928
23.994125	0.288695	1.795962	61.794773	61.482578
24.025421	0.302121	2.088010	61.794773	61.412083
24.056717	0.312194	2.460644	61.791405	61.318085
24.088013	0.325620	2.940685	61.788052	61.190517
24.119308	0.339046	3.544941	61.781345	61.022671
24.150604	0.349119	4.286826	61.771275	60.804470
24.181900	0.362545	5.156279	61.761200	60.529202
24.213196	0.375971	6.092861	61.754478	60.206936
24.244492	0.392750	7.009313	61.751129	59.864521
24.275787	0.409544	7.761270	61.741055	59.562401
24.307083	0.426322	8.217812	61.734348	59.357628
24.338381	0.443116	8.331955	61.727627	59.283764
24.369677	0.463247	8.123816	61.720924	59.337482
24.400972	0.480041	7.647127	61.714203	59.501976
24.432268	0.496820	6.965667	61.707481	59.750378
24.463564	0.516966	6.146565	61.697422	60.055866
24.494860	0.540465	5.256981	61.683983	60.381489
24.526155	0.560597	4.384175	61.670555	60.700401
24.557451	0.587463	3.601998	61.660500	60.979023
24.588747	0.621036	2.950758	61.653778	61.200588
24.620043	0.657961	2.447218	61.647057	61.361713
24.651339	0.698239	2.081305	61.640350	61.472504
24.682634	0.738516	1.809388	61.630280	61.553078
24.713930	0.785515	1.604617	61.616852	61.606781
24.745226	0.835881	1.450196	61.610134	61.640350
24.776522	0.899658	1.319274	61.600060	61.660500
24.807819	0.976861	1.211852	61.593353	61.673923
24.839115	1.064152	1.121208	61.583282	61.687351
24.870411	1.168206	1.040652	61.576561	61.700775
24.901707	1.289070	0.970155	61.569855	61.714203
24.933002	1.433417	0.906363	61.556427	61.720924
24.964298	1.614690	0.852659	61.532928	61.730980
24.995594	1.842961	0.798941	61.502708	61.744423
25.026890	2.148449	0.751957	61.462433	61.751129
25.058186	2.574772	0.708312	61.412083	61.754478
25.089481	3.192455	0.664666	61.358364	61.764553
25.120777	4.045114	0.627741	61.311363	61.774628
25.152073	5.085781	0.594169	61.257660	61.788052
25.183369	6.183505	0.567317	61.187164	61.798126
25.214664	7.204011	0.540465	61.093166	61.798126
25.245960	8.016393	0.513613	60.999168	61.798126
25.277256	8.540079	0.490114	60.921967	61.798126
25.308554	8.734777	0.466615	60.878323	61.798126
25.339849	8.600503	0.446469	60.864895	61.808197
25.371145	8.160740	0.429690	60.881676	61.814903
25.402441	7.469207	0.412896	60.925320	61.818272
25.433737	6.613195	0.396118	60.992466	61.814903
25.465033	5.686670	0.379324	61.076389	61.814903
25.496328	4.793718	0.362545	61.173737	61.811550
25.527624	3.998116	0.345752	61.271088	61.804848
25.558920	3.330097	0.332326	61.361713	61.798126
25.590216	2.792984	0.318900	61.442287	61.798126
25.621511	2.370000	0.308827	61.512783	61.801479
25.652807	2.037659	0.295401	61.566502	61.804848
25.684103	1.779184	0.285327	61.603428	61.814903
25.715399	1.577765	0.271901	61.633633	61.821625
25.746695	1.416624	0.261828	61.653778	61.824978
25.777990	1.282349	0.251770	61.667206	61.828346
25.809288	1.174927	0.241697	61.677277	61.828346
25.840584	1.080930	0.231624	61.687351	61.828346
25.871880	1.000360	0.221550	61.700775	61.824978
25.903175	0.929862	0.211477	61.710850	61.821625
25.934471	0.866085	0.204772	61.724274	61.818272
25.965767	0.809014	0.198051	61.734348	61.818272
25.997063	0.758663	0.187978	61.741055	61.821625
26.028358	0.711665	0.181273	61.754478	61.821625
26.059654	0.668019	0.174552	61.757847	61.821625
26.090950	0.624388	0.167847	61.764553	61.821625
26.122246	0.587463	0.161126	61.767921	61.821625
26.153542	0.553891	0.154406	61.771275	61.824978
26.184837	0.523672	0.151053	61.777981	61.831699
26.216133	0.496820	0.147700	61.784698	61.838402
26.247429	0.473320	0.144348	61.791405	61.841770
26.278725	0.453174	0.140980	61.794773	61.841770
26.310022	0.429690	0.137627	61.798126	61.845123
26.341318	0.409544	0.130907	61.801479	61.841770
26.372614	0.389397	0.124201	61.801479	61.845123
26.403910	0.372618	0.120848	61.804848	61.848476
26.435205	0.359192	0.114128	61.808197	61.848476
26.466501	0.342399	0.107422	61.811550	61.851845
26.497797	0.332326	0.104055	61.811550	61.851845
26.529093	0.318900	0.100702	61.808197	61.848476
26.560389	0.308827	0.100702	61.804848	61.845123
26.591684	0.295401	0.097349	61.801479	61.845123
26.622980	0.281975	0.093982	61.798126	61.841770
26.654276	0.271901	0.090629	61.794773	61.841770
26.685572	0.261828	0.087276	61.798126	61.841770
26.716867	0.251770	0.083923	61.798126	61.841770
26.748163	0.241697	0.080556	61.798126	61.841770
26.779461	0.231624	0.077203	61.798126	61.838402
26.810757	0.221550	0.073850	61.801479	61.835052
26.842052	0.214845	0.070482	61.804848	61.835052
26.873348	0.208125	0.067130	61.808197	61.841770
26.904644	0.201404	0.067130	61.811550	61.845123
26.935940	0.191346	0.063777	61.818272	61.851845
26.967236	0.184625	0.060424	61.824978	61.855198
26.998531	0.177905	0.057057	61.831699	61.855198
27.029827	0.171199	0.053704	61.838402	61.855198
27.061123	0.167847	0.053704	61.838402	61.851845
27.092419	0.157773	0.050351	61.838402	61.855198
27.123714	0.151053	0.050351	61.835052	61.855198
27.155010	0.140980	0.050351	61.824978	61.855198
27.186306	0.134274	0.050351	61.818272	61.855198
27.217602	0.130907	0.046983	61.814903	61.851845
27.248898	0.124201	0.050351	61.811550	61.851845
27.280195	0.117481	0.050351	61.808197	61.855198
27.311491	0.110775	0.050351	61.801479	61.855198
27.342787	0.104055	0.050351	61.801479	61.855198
27.374083	0.100702	0.046983	61.801479	61.851845
27.405378	0.093982	0.046983	61.808197	61.851845
27.436674	0.090629	0.046983	61.811550	61.851845
27.467970	0.087276	0.043631	61.818272	61.851845
27.499266	0.087276	0.043631	61.824978	61.851845
27.530561	0.083923	0.040278	61.831699	61.845123
27.561857	0.080556	0.036925	61.835052	61.841770
27.593153	0.073850	0.036925	61.838402	61.841770
27.624449	0.067130	0.036925	61.845123	61.848476
27.655745	0.060424	0.036925	61.845123	61.855198
27.687040	0.057057	0.036925	61.845123	61.858551
27.718336	0.053704	0.036925	61.838402	61.861904
27.749632	0.050351	0.036925	61.831699	61.865269
27.780930	0.050351	0.036925	61.831699	61.861904
27.812225	0.046983	0.036925	61.831699	61.858551
27.843521	0.046983	0.036925	61.831699	61.855198
27.874817	0.043631	0.036925	61.831699	61.851845
27.906113	0.043631	0.036925	61.835052	61.848476
27.937408	0.040278	0.036925	61.838402	61.845123
27.968704	0.036925	0.036925	61.841770	61.845123
