21.940655	0.023484	0.046983	-0.030220	1.238704
21.950029	0.023484	0.043631	-0.053719	1.366273
21.959404	0.023484	0.040278	-0.050366	1.513973
21.968779	0.023484	0.040278	-0.023499	1.654968
21.978153	0.023484	0.036925	0.006706	1.755685
21.987530	0.020131	0.036925	0.016779	1.762390
21.996904	0.020131	0.040278	0.000000	1.654968
22.006279	0.020131	0.043631	-0.026867	1.443475
22.015654	0.023484	0.050351	-0.016794	1.144707
22.025028	0.020131	0.057057	0.063777	0.768736
22.034403	0.020131	0.063777	0.204772	0.342399
22.043779	0.016779	0.073850	0.369251	-0.083938
22.053154	0.016779	0.077203	0.506893	-0.459909
22.062529	0.016779	0.083923	0.590816	-0.735179
22.071903	0.013426	0.083923	0.614315	-0.879526
22.081278	0.013426	0.087276	0.614315	-0.916451
22.090654	0.013426	0.087276	0.624388	-0.886247
22.100029	0.013426	0.083923	0.661314	-0.839248
22.109404	0.010058	0.083923	0.715017	-0.815749
22.118778	0.010058	0.083923	0.755310	-0.815749
22.128153	0.010058	0.083923	0.758663	-0.822455
22.137529	0.010058	0.083923	0.735164	-0.809029
22.146904	0.010058	0.080556	0.688165	-0.735179
22.156279	0.013426	0.077203	0.631094	-0.584111
22.165653	0.013426	0.073850	0.563964	-0.362560
22.175028	0.013426	0.070482	0.476673	-0.090644
22.184402	0.016779	0.067130	0.372618	0.204772
22.193779	0.020131	0.060424	0.248402	0.513613
22.203154	0.023484	0.053704	0.104055	0.825807
22.212528	0.026852	0.050351	-0.057071	1.124576
22.221903	0.026852	0.046983	-0.224918	1.386419
22.231277	0.030205	0.043631	-0.382707	1.584470
22.240654	0.033557	0.040278	-0.516981	1.718760
22.250029	0.033557	0.040278	-0.610977	1.795962
22.259403	0.036925	0.036925	-0.651255	1.849666
22.268778	0.036925	0.036925	-0.634477	1.906738
22.278152	0.036925	0.036925	-0.584111	1.967162
22.287527	0.033557	0.036925	-0.537112	2.007455
22.296904	0.033557	0.036925	-0.513628	1.994029
22.306278	0.033557	0.036925	-0.510260	1.916811
22.315653	0.033557	0.040278	-0.503555	1.789242
22.325027	0.033557	0.043631	-0.463262	1.614690
22.334402	0.033557	0.046983	-0.372633	1.389772
22.343779	0.033557	0.053704	-0.221565	1.087651
22.353153	0.030205	0.060424	-0.020146	0.718385
22.362528	0.026852	0.067130	0.198051	0.302121
22.371902	0.023484	0.073850	0.402823	-0.110790
22.381277	0.020131	0.080556	0.580743	-0.480056
22.390654	0.016779	0.083923	0.725091	-0.755325
22.400028	0.016779	0.087276	0.829160	-0.936598
22.409403	0.016779	0.090629	0.889584	-1.037300
22.418777	0.016779	0.093982	0.903010	-1.094371
22.428152	0.016779	0.093982	0.882864	-1.131296
22.437527	0.016779	0.093982	0.849307	-1.161516
22.446903	0.016779	0.097349	0.819087	-1.185015
22.456278	0.016779	0.097349	0.792235	-1.188368
22.465652	0.016779	0.097349	0.735164	-1.151443
22.475027	0.020131	0.093982	0.624388	-1.047373
22.484402	0.023484	0.090629	0.443116	-0.866100
22.493778	0.026852	0.083923	0.191346	-0.597551
22.503153	0.033557	0.077203	-0.100717	-0.248417
22.512527	0.036925	0.070482	-0.396132	0.154406
22.521902	0.040278	0.063777	-0.664681	0.580743
22.531277	0.043631	0.057057	-0.876173	0.986934
22.540651	0.046983	0.050351	-1.027241	1.329347
22.550028	0.050351	0.046983	-1.101092	1.591191
22.559402	0.050351	0.043631	-1.097724	1.775816
22.568777	0.046983	0.040278	-1.010448	1.906738
22.578152	0.046983	0.040278	-0.852674	2.010808
22.587526	0.040278	0.036925	-0.647902	2.101451
22.596903	0.036925	0.036925	-0.429690	2.175301
22.606277	0.036925	0.036925	-0.221565	2.208874
22.615652	0.033557	0.036925	-0.026867	2.171934
22.625027	0.030205	0.040278	0.154406	2.047732
22.634401	0.030205	0.046983	0.339046	1.836240
22.643778	0.026852	0.050351	0.543818	1.540840
22.653152	0.023484	0.057057	0.765383	1.174927
22.662527	0.020131	0.063777	1.000360	0.772089
22.671902	0.016779	0.070482	1.225278	0.375971
22.681276	0.016779	0.077203	1.416624	0.016779
22.690651	0.013426	0.083923	1.557618	-0.288710
22.700027	0.013426	0.087276	1.634821	-0.547186
22.709402	0.013426	0.090629	1.648262	-0.751957
22.718777	0.013426	0.093982	1.594543	-0.886247
22.728151	0.016779	0.093982	1.487121	-0.943318
22.737526	0.016779	0.093982	1.356199	-0.929877
22.746902	0.020131	0.093982	1.231998	-0.862747
22.756277	0.020131	0.093982	1.134649	-0.755325
22.765652	0.023484	0.090629	1.067504	-0.607610
22.775026	0.023484	0.087276	1.017153	-0.412911
22.784401	0.023484	0.080556	0.956729	-0.171214
22.793777	0.026852	0.077203	0.869438	0.124201
22.803152	0.026852	0.070482	0.738516	0.459895
22.812527	0.030205	0.063777	0.553891	0.802308
22.821901	0.033557	0.060424	0.328973	1.121208
22.831276	0.036925	0.053704	0.073850	1.386419
22.840651	0.043631	0.050351	-0.184640	1.594543
22.850027	0.046983	0.046983	-0.409558	1.738891
22.859402	0.050351	0.046983	-0.563979	1.816109
22.868776	0.050351	0.043631	-0.631109	1.832888
22.878151	0.050351	0.046983	-0.627756	1.806036
22.887526	0.050351	0.046983	-0.580758	1.759037
22.896902	0.050351	0.050351	-0.523686	1.695260
22.906277	0.050351	0.050351	-0.476688	1.614690
22.915651	0.050351	0.053704	-0.439763	1.507267
22.925026	0.046983	0.057057	-0.406206	1.356199
22.934401	0.046983	0.060424	-0.362560	1.158148
22.943775	0.046983	0.063777	-0.312209	0.909731
22.953152	0.046983	0.070482	-0.245064	0.607595
22.962526	0.046983	0.073850	-0.164494	0.288695
22.971901	0.043631	0.080556	-0.057071	-0.023499
22.981276	0.043631	0.083923	0.077203	-0.281990
22.990650	0.040278	0.087276	0.245050	-0.463262
23.000027	0.036925	0.087276	0.449821	-0.537112
23.009401	0.033557	0.087276	0.678092	-0.500187
23.018776	0.030205	0.083923	0.903010	-0.375986
23.028151	0.026852	0.083923	1.091003	-0.214845
23.037525	0.023484	0.080556	1.228631	-0.070497
23.046902	0.023484	0.077203	1.312554	0.033557
23.056276	0.023484	0.077203	1.332700	0.083923
23.065651	0.023484	0.077203	1.312554	0.097349
23.075026	0.023484	0.077203	1.265571	0.120848
23.084400	0.026852	0.073850	1.211852	0.248402
23.093775	0.026852	0.070482	1.148075	0.453174
23.103151	0.030205	0.063777	1.060784	0.741884
23.112526	0.030205	0.060424	0.950009	1.091003
23.121901	0.033557	0.053704	0.815734	1.463622
23.131275	0.036925	0.046983	0.664666	1.812741
23.140650	0.036925	0.043631	0.510246	2.094731
23.150026	0.040278	0.040278	0.359192	2.269298
23.159401	0.043631	0.040278	0.221550	2.323002
23.168776	0.046983	0.040278	0.093982	2.276003
23.178150	0.046983	0.040278	-0.006720	2.158508
23.187525	0.046983	0.043631	-0.067145	2.027586
23.196901	0.046983	0.043631	-0.060439	1.913458
23.206276	0.046983	0.046983	0.030205	1.826182
23.215651	0.046983	0.046983	0.194699	1.738891
23.225025	0.043631	0.050351	0.402823	1.628116
23.234400	0.040278	0.053704	0.621036	1.470342
23.243774	0.036925	0.060424	0.822440	1.255497
23.253151	0.033557	0.063777	1.003727	0.980228
23.262526	0.033557	0.070482	1.164854	0.654593
23.271900	0.030205	0.077203	1.309201	0.305474
23.281275	0.030205	0.083923	1.440123	-0.033572
23.290649	0.026852	0.090629	1.560971	-0.332341
23.300026	0.026852	0.093982	1.658320	-0.557259
23.309401	0.026852	0.093982	1.732185	-0.701606
23.318775	0.026852	0.093982	1.782537	-0.758678
23.328150	0.026852	0.093982	1.799315	-0.731826
23.337524	0.026852	0.090629	1.759037	-0.641182
23.346899	0.026852	0.087276	1.641542	-0.490129
23.356276	0.030205	0.083923	1.453549	-0.302136
23.365650	0.033557	0.080556	1.225278	-0.104070
23.375025	0.040278	0.077203	0.933230	0.087276
23.384399	0.043631	0.073850	0.715017	0.258476
23.393774	0.046983	0.070482	0.523672	0.412896
23.403151	0.050351	0.067130	0.365898	0.557244
23.412525	0.050351	0.063777	0.234976	0.708312
23.421900	0.053704	0.063777	0.134274	0.866085
23.431274	0.053704	0.060424	0.060424	1.023859
23.440649	0.053704	0.057057	0.013426	1.164854
23.450026	0.057057	0.057057	-0.026867	1.262203
23.459400	0.057057	0.057057	-0.063792	1.312554
23.468775	0.057057	0.057057	-0.107422	1.315922
23.478149	0.057057	0.057057	-0.127569	1.272276
23.487524	0.057057	0.060424	-0.090644	1.191705
23.496899	0.057057	0.063777	0.013426	1.054078
23.506275	0.053704	0.067130	0.167847	0.852659
23.515650	0.053704	0.070482	0.345752	0.604242
23.525024	0.050351	0.073850	0.516966	0.349119
23.534399	0.046983	0.077203	0.698239	0.134274
23.543774	0.046983	0.080556	0.812382	-0.023499
23.553150	0.046983	0.083923	0.896305	-0.134289
23.562525	0.043631	0.083923	0.933230	-0.218213
23.571899	0.046983	0.087276	0.906363	-0.292063
23.581274	0.046983	0.087276	0.809014	-0.339061
23.590649	0.050351	0.087276	0.661314	-0.342414
23.600023	0.050351	0.083923	0.513613	-0.281990
23.609400	0.053704	0.080556	0.419617	-0.154421
23.618774	0.053704	0.077203	0.409544	0.020131
23.628149	0.053704	0.073850	0.483394	0.228271
23.637524	0.053704	0.070482	0.614315	0.449821
23.646898	0.050351	0.063777	0.748590	0.688165
23.656275	0.050351	0.060424	0.839233	0.946656
23.665649	0.050351	0.057057	0.862733	1.221925
23.675024	0.050351	0.050351	0.829160	1.503915
23.684399	0.053704	0.046983	0.768736	1.765743
23.693773	0.053704	0.043631	0.715017	1.970530
23.703150	0.057057	0.040278	0.681460	2.108157
23.712524	0.057057	0.040278	0.671387	2.192080
23.721899	0.057057	0.040278	0.681460	2.215579
23.731274	0.057057	0.040278	0.691518	2.215579
23.740648	0.057057	0.040278	0.688165	2.188727
23.750023	0.057057	0.040278	0.674739	2.108157
23.759399	0.057057	0.043631	0.651240	1.957089
23.768774	0.060424	0.046983	0.604242	1.728818
23.778149	0.060424	0.053704	0.520319	1.440123
23.787523	0.063777	0.057057	0.399470	1.121208
23.796898	0.067130	0.063777	0.268549	0.792235
23.806274	0.067130	0.070482	0.177905	0.466615
23.815649	0.070482	0.073850	0.171199	0.140980
23.825024	0.070482	0.080556	0.251770	-0.184640
23.834398	0.067130	0.087276	0.402823	-0.503555
23.843773	0.063777	0.090629	0.590816	-0.805676
23.853149	0.063777	0.097349	0.775442	-1.077592
23.862524	0.060424	0.100702	0.936583	-1.329362
23.871899	0.057057	0.104055	1.057431	-1.557633
23.881273	0.053704	0.107422	1.141354	-1.745626
23.890648	0.053704	0.110775	1.181647	-1.876548
23.900023	0.053704	0.110775	1.171574	-1.930252
23.909399	0.057057	0.110775	1.134649	-1.893327
23.918774	0.057057	0.107422	1.097709	-1.765758
23.928148	0.057057	0.104055	1.094356	-1.557633
23.937523	0.057057	0.100702	1.127928	-1.282364
23.946898	0.057057	0.093982	1.174927	-0.953376
23.956274	0.057057	0.087276	1.198426	-0.587478
23.965649	0.060424	0.080556	1.154780	-0.187993
23.975023	0.063777	0.070482	1.017153	0.245050
23.984398	0.067130	0.063777	0.795588	0.708312
23.993773	0.073850	0.053704	0.510246	1.191705
24.003147	0.077203	0.046983	0.198051	1.678467
24.012524	0.083923	0.040278	-0.117496	2.138376
24.021898	0.087276	0.033557	-0.402838	2.531141
24.031273	0.090629	0.026852	-0.624403	2.836615
24.040648	0.093982	0.023484	-0.745252	3.048107
24.050022	0.093982	0.020131	-0.755325	3.189102
24.059399	0.093982	0.020131	-0.654608	3.256232
24.068773	0.090629	0.020131	-0.483409	3.239453
24.078148	0.087276	0.020131	-0.292063	3.115252
24.087523	0.087276	0.026852	-0.124216	2.870187
24.096897	0.083923	0.033557	-0.003368	2.507642
24.106274	0.083923	0.040278	0.073850	2.051085
24.115648	0.083923	0.050351	0.134274	1.527399
24.125023	0.080556	0.060424	0.208125	0.970155
24.134398	0.080556	0.070482	0.312194	0.399470
24.143772	0.080556	0.080556	0.436395	-0.157788
24.153147	0.077203	0.090629	0.580743	-0.678107
24.162523	0.077203	0.097349	0.741884	-1.121223
24.171898	0.073850	0.104055	0.923157	-1.466990
24.181273	0.070482	0.107422	1.117855	-1.725480
24.190647	0.070482	0.110775	1.309201	-1.926899
24.200022	0.067130	0.114128	1.460269	-2.094746
24.209398	0.067130	0.114128	1.550898	-2.232388
24.218773	0.067130	0.117481	1.567692	-2.319664
24.228148	0.067130	0.117481	1.513973	-2.323017
24.237522	0.067130	0.114128	1.416624	-2.215594
24.246897	0.070482	0.110775	1.299128	-1.994044
24.256273	0.073850	0.104055	1.185000	-1.671776
24.265648	0.077203	0.097349	1.060784	-1.268938
24.275023	0.080556	0.090629	0.923157	-0.822455
24.284397	0.083923	0.083923	0.772089	-0.349134
24.293772	0.083923	0.073850	0.617668	0.124201
24.303146	0.087276	0.067130	0.446469	0.553891
24.312523	0.090629	0.060424	0.258476	0.916436
24.321898	0.093982	0.053704	0.057057	1.205131
24.331272	0.100702	0.050351	-0.151068	1.440123
24.340647	0.104055	0.046983	-0.359207	1.658320
24.350021	0.107422	0.043631	-0.550553	1.863107
24.359398	0.110775	0.040278	-0.691533	2.041027
24.368773	0.110775	0.040278	-0.741899	2.171934
24.378147	0.110775	0.036925	-0.668034	2.242431
24.387522	0.107422	0.036925	-0.476688	2.252504
24.396896	0.107422	0.036925	-0.204787	2.208874
24.406271	0.104055	0.040278	0.087276	2.108157
24.415648	0.100702	0.043631	0.342399	1.933604
24.425022	0.097349	0.046983	0.523672	1.654968
24.434397	0.093982	0.057057	0.641167	1.282349
24.443771	0.093982	0.063777	0.708312	0.856012
24.453146	0.093982	0.070482	0.755310	0.439748
24.462523	0.093982	0.077203	0.798941	0.077203
24.471897	0.093982	0.080556	0.845939	-0.221565
24.481272	0.093982	0.083923	0.909731	-0.463262
24.490646	0.093982	0.087276	1.003727	-0.647902
24.500021	0.093982	0.090629	1.131281	-0.772104
24.509398	0.090629	0.090629	1.278996	-0.825822
24.518772	0.087276	0.090629	1.403198	-0.832528
24.528147	0.087276	0.090629	1.470342	-0.822455
24.537521	0.087276	0.090629	1.460269	-0.822455
24.546896	0.090629	0.090629	1.383051	-0.832528
24.556271	0.093982	0.090629	1.255497	-0.812396
24.565647	0.097349	0.087276	1.104429	-0.721753
24.575022	0.100702	0.083923	0.950009	-0.527054
24.584396	0.104055	0.080556	0.798941	-0.238344
24.593771	0.104055	0.073850	0.678092	0.107422
24.603146	0.107422	0.067130	0.610963	0.463247
24.612522	0.107422	0.060424	0.600889	0.815734
24.621897	0.110775	0.053704	0.627741	1.154780
24.631271	0.110775	0.050351	0.641167	1.483768
24.640646	0.110775	0.043631	0.594169	1.779184
24.650021	0.117481	0.040278	0.463247	2.004087
24.659395	0.120848	0.036925	0.268549	2.155155
24.668772	0.124201	0.033557	0.063777	2.235725
24.678146	0.127554	0.033557	-0.100717	2.276003
24.687521	0.130907	0.033557	-0.194713	2.282724
24.696896	0.130907	0.033557	-0.224918	2.242431
24.706270	0.130907	0.036925	-0.201419	2.128303
24.715647	0.130907	0.040278	-0.151068	1.923531
24.725021	0.130907	0.046983	-0.083938	1.641542
24.734396	0.130907	0.053704	-0.016794	1.309201
24.743771	0.130907	0.060424	0.026852	0.963435
24.753145	0.134274	0.063777	0.016779	0.624388
24.762522	0.134274	0.073850	-0.073865	0.211477
24.771896	0.137627	0.077203	-0.238344	-0.090644
24.781271	0.140980	0.080556	-0.436410	-0.345767
24.790646	0.144348	0.083923	-0.590831	-0.533760
24.800020	0.147700	0.087276	-0.631109	-0.651255
24.809395	0.147700	0.087276	-0.533760	-0.704974
24.818771	0.144348	0.087276	-0.325635	-0.704974
24.828146	0.144348	0.087276	-0.053719	-0.668034
24.837521	0.137627	0.083923	0.221550	-0.594184
24.846895	0.134274	0.080556	0.459895	-0.490129
24.856270	0.134274	0.080556	0.654593	-0.359207
24.865646	0.130907	0.077203	0.802308	-0.198066
24.875021	0.130907	0.073850	0.906363	-0.013441
24.884396	0.130907	0.067130	0.973508	0.181273
24.893770	0.130907	0.063777	1.023859	0.386044
24.903145	0.130907	0.060424	1.087651	0.604242
24.912521	0.130907	0.057057	1.181647	0.825807
24.921896	0.130907	0.050351	1.309201	1.037285
24.931271	0.127554	0.050351	1.443475	1.225278
24.940645	0.130907	0.046983	1.554266	1.383051
24.950020	0.130907	0.043631	1.607969	1.524046
24.959394	0.134274	0.040278	1.587838	1.654968
24.968771	0.134274	0.040278	1.493841	1.762390
24.978146	0.140980	0.040278	1.342773	1.816109
24.987520	0.144348	0.040278	1.154780	1.782537
24.996895	0.147700	0.040278	0.953361	1.644894
25.006269	0.151053	0.046983	0.748590	1.413271
25.015646	0.157773	0.050351	0.553891	1.124576
25.025021	0.161126	0.053704	0.386044	0.822440
25.034395	0.164479	0.060424	0.255123	0.540465
25.043770	0.167847	0.063777	0.157773	0.295401
25.053144	0.171199	0.070482	0.083923	0.080556
25.062519	0.174552	0.073850	0.010058	-0.093997
25.071896	0.177905	0.073850	-0.080571	-0.224918
25.081270	0.181273	0.077203	-0.198066	-0.298783
25.090645	0.184625	0.077203	-0.332341	-0.328988
25.100019	0.187978	0.077203	-0.466630	-0.332341
25.109394	0.191346	0.080556	-0.570685	-0.332341
25.118771	0.194699	0.080556	-0.617683	-0.335708
25.128145	0.194699	0.080556	-0.604257	-0.332341
25.137520	0.198051	0.080556	-0.533760	-0.308841
25.146894	0.198051	0.077203	-0.439763	-0.241712
25.156269	0.201404	0.073850	-0.342414	-0.124216
25.165646	0.201404	0.070482	-0.241712	0.043631
25.175020	0.201404	0.067130	-0.114143	0.251770
25.184395	0.198051	0.063777	0.050351	0.476673
25.193769	0.198051	0.060424	0.251770	0.691518
25.203144	0.198051	0.057057	0.453174	0.866085
25.212519	0.198051	0.057057	0.621036	0.973508
25.221895	0.198051	0.057057	0.755310	1.003727
25.231270	0.198051	0.057057	0.862733	0.976861
25.240644	0.198051	0.060424	0.960082	0.909731
25.250019	0.198051	0.060424	1.060784	0.819087
25.259394	0.201404	0.063777	1.158148	0.715017
25.268770	0.201404	0.063777	1.235351	0.610963
25.278145	0.204772	0.067130	1.282349	0.506893
25.287519	0.204772	0.067130	1.299128	0.412896
25.296894	0.208125	0.070482	1.295775	0.328973
25.306269	0.211477	0.070482	1.275629	0.248402
25.315645	0.214845	0.073850	1.211852	0.157773
25.325020	0.221550	0.073850	1.064152	0.063777
25.334394	0.224903	0.077203	0.835881	-0.006720
25.343769	0.231624	0.077203	0.567317	-0.020146
25.353144	0.241697	0.077203	0.308827	0.026852
25.362518	0.248402	0.077203	0.110775	0.124201
25.371895	0.251770	0.073850	-0.023499	0.231624
25.381269	0.258476	0.070482	-0.120863	0.315547
25.390644	0.261828	0.070482	-0.218213	0.379324
25.400019	0.268549	0.067130	-0.342414	0.436395
25.409393	0.271901	0.063777	-0.473335	0.506893
25.418770	0.278622	0.063777	-0.574052	0.607595
25.428144	0.281975	0.060424	-0.610977	0.735164
25.437519	0.288695	0.057057	-0.577405	0.879511
25.446894	0.292048	0.053704	-0.503555	1.030579
25.456268	0.292048	0.053704	-0.422984	1.181647
25.465643	0.295401	0.050351	-0.335708	1.332700
25.475019	0.298768	0.046983	-0.221565	1.480415
25.484394	0.298768	0.043631	-0.043646	1.611337
25.493769	0.298768	0.043631	0.221550	1.681820
25.503143	0.298768	0.043631	0.550538	1.671761
25.512518	0.298768	0.046983	0.889584	1.574397
25.521894	0.298768	0.046983	1.178280	1.423344
25.531269	0.302121	0.050351	1.376346	1.252130
25.540644	0.305474	0.053704	1.477048	1.077577
25.550018	0.308827	0.057057	1.493841	0.916436
25.559393	0.315547	0.060424	1.450196	0.782162
25.568769	0.325620	0.063777	1.359552	0.664666
25.578144	0.335693	0.063777	1.231998	0.550538
25.587519	0.345752	0.067130	1.084283	0.419617
25.596893	0.355825	0.070482	0.946656	0.245050
25.606268	0.362545	0.077203	0.849307	0.010058
25.615643	0.372618	0.080556	0.802308	-0.285342
25.625019	0.379324	0.087276	0.792235	-0.607610
25.634394	0.389397	0.090629	0.762016	-0.909746
25.643768	0.399470	0.093982	0.671387	-1.141369
25.653143	0.412896	0.097349	0.500172	-1.279011
25.662518	0.426322	0.097349	0.258476	-1.322642
25.671894	0.443116	0.097349	-0.020146	-1.302510
25.681269	0.456542	0.097349	-0.302136	-1.235366
25.690643	0.473320	0.093982	-0.547186	-1.127943
25.700018	0.486746	0.090629	-0.715032	-0.976875
25.709393	0.500172	0.087276	-0.765398	-0.798956
25.718767	0.513613	0.083923	-0.691533	-0.607610
25.728144	0.523672	0.080556	-0.500187	-0.433058
25.737518	0.537112	0.077203	-0.234991	-0.275284
25.746893	0.547171	0.073850	0.050351	-0.097364
25.756268	0.560597	0.070482	0.325620	0.137627
25.765642	0.574037	0.063777	0.560597	0.456542
25.775019	0.590816	0.057057	0.762016	0.839233
25.784393	0.610963	0.053704	0.913084	1.245424
25.793768	0.631094	0.046983	1.013786	1.614690
25.803143	0.654593	0.040278	1.054078	1.920164
25.812517	0.681460	0.033557	1.050726	2.158508
25.821894	0.708312	0.030205	1.030579	2.346501
25.831268	0.741884	0.026852	1.037285	2.487495
25.840643	0.775442	0.026852	1.087651	2.581492
25.850018	0.809014	0.026852	1.181647	2.615064
25.859392	0.849307	0.026852	1.292422	2.591565
25.868767	0.889584	0.026852	1.372993	2.521068
25.878143	0.939935	0.026852	1.383051	2.420351
25.887518	0.993654	0.030205	1.309201	2.309576
25.896893	1.057431	0.030205	1.164854	2.175301
25.906267	1.148075	0.033557	0.939935	1.997381
25.915642	1.231998	0.040278	0.745237	1.748964
25.925018	1.329347	0.046983	0.550538	1.419976
25.934393	1.436770	0.053704	0.355825	1.023859
25.943768	1.564339	0.060424	0.181273	0.580743
25.953142	1.708686	0.067130	0.040278	0.130907
25.962517	1.883239	0.073850	-0.050366	-0.295416
25.971893	2.088010	0.080556	-0.100717	-0.657976
25.981268	2.400219	0.087276	-0.134289	-0.943318
25.990643	2.702341	0.090629	-0.177920	-1.144722
26.000017	3.044754	0.090629	-0.258490	-1.285717
26.009392	3.414020	0.093982	-0.359207	-1.386434
26.018766	3.763139	0.093982	-0.443131	-1.450211
26.028143	4.048481	0.093982	-0.466630	-1.463637
26.037518	4.223034	0.093982	-0.406206	-1.409933
26.046892	4.259959	0.090629	-0.251785	-1.285717
26.056267	4.162610	0.087276	-0.006720	-1.104444
26.065641	3.951132	0.083923	0.295401	-0.879526
26.075018	3.665790	0.080556	0.621036	-0.634477
26.084393	3.343523	0.073850	0.926509	-0.382707
26.093767	3.017888	0.070482	1.178280	-0.104070
26.103142	2.709046	0.063777	1.372993	0.211477
26.112516	2.427071	0.057057	1.503915	0.651240
26.121891	2.175301	0.053704	1.574397	0.990286
26.131268	1.960456	0.046983	1.591191	1.272276
26.140642	1.772463	0.043631	1.571044	1.480415
26.150017	1.611337	0.040278	1.544192	1.614690
26.159391	1.473695	0.040278	1.524046	1.675114
26.168766	1.356199	0.040278	1.517341	1.665041
26.178143	1.255497	0.040278	1.503915	1.587838
26.187517	1.168206	0.043631	1.450196	1.453549
26.196892	1.091003	0.046983	1.325995	1.285702
26.206266	1.027226	0.046983	1.121208	1.111150
26.215641	0.973508	0.050351	0.862733	0.956729
26.225018	0.923157	0.053704	0.597537	0.822440
26.234392	0.882864	0.057057	0.375971	0.684813
26.243767	0.842586	0.060424	0.221550	0.516966
26.253141	0.809014	0.067130	0.127554	0.308827
26.262516	0.775442	0.070482	0.070482	0.070482
26.271891	0.745237	0.073850	0.033557	-0.187993
26.281267	0.715017	0.077203	0.003353	-0.443131
26.290642	0.691518	0.080556	-0.020146	-0.688180
26.300016	0.668019	0.083923	-0.057071	-0.899673
26.309391	0.644535	0.087276	-0.120863	-1.060799
26.318766	0.624388	0.087276	-0.231639	-1.158163
26.328142	0.607595	0.087276	-0.379339	-1.174942
26.337517	0.590816	0.087276	-0.533760	-1.111165
26.346891	0.574037	0.087276	-0.651255	-0.943318
26.356266	0.557244	0.083923	-0.701606	-0.765398
26.365641	0.540465	0.080556	-0.671402	-0.574052
26.375017	0.523672	0.073850	-0.584111	-0.375986
26.384392	0.506893	0.070482	-0.463262	-0.184640
26.393766	0.493467	0.067130	-0.322267	-0.013441
26.403141	0.476673	0.067130	-0.167862	0.134274
26.412516	0.463247	0.063777	-0.006720	0.258476
26.421890	0.446469	0.060424	0.157773	0.372618
26.431267	0.433043	0.060424	0.325620	0.500172
26.440641	0.419617	0.057057	0.496820	0.651240
26.450016	0.409544	0.053704	0.671387	0.815734
26.459391	0.396118	0.053704	0.852659	0.966802
26.468765	0.382692	0.050351	1.037285	1.084283
26.478142	0.372618	0.050351	1.205131	1.151428
26.487516	0.362545	0.050351	1.319274	1.178280
26.496891	0.352472	0.050351	1.356199	1.198426
26.506266	0.345752	0.050351	1.322627	1.231998
26.515640	0.339046	0.046983	1.228631	1.275629
26.525015	0.335693	0.046983	1.091003	1.305848
26.534391	0.332326	0.046983	0.916436	1.302496
26.543766	0.328973	0.046983	0.721738	1.258850
26.553141	0.325620	0.046983	0.530392	1.174927
26.562515	0.322267	0.050351	0.352472	1.070857
26.571890	0.318900	0.050351	0.191346	0.966802
26.581266	0.318900	0.053704	0.033557	0.896305
26.590641	0.315547	0.053704	-0.147715	0.849307
26.600016	0.315547	0.057057	-0.375986	0.798941
26.609390	0.315547	0.060424	-0.641182	0.704959
26.618765	0.312194	0.060424	-0.903025	0.550538
26.628141	0.308827	0.067130	-1.097724	0.349119
26.637516	0.308827	0.070482	-1.188368	0.114128
26.646891	0.302121	0.073850	-1.168221	-0.114143
26.656265	0.298768	0.073850	-1.070872	-0.335708
26.665640	0.292048	0.077203	-0.926524	-0.422984
26.675014	0.285327	0.077203	-0.748605	-0.439763
26.684391	0.278622	0.077203	-0.540480	-0.396132
26.693766	0.271901	0.073850	-0.312209	-0.325635
26.703140	0.261828	0.073850	-0.087291	-0.255138
26.712515	0.255123	0.073850	0.110775	-0.204787
26.721889	0.251770	0.073850	0.271901	-0.167862
26.731266	0.245050	0.070482	0.389397	-0.130922
26.740641	0.238329	0.070482	0.500172	-0.067145
26.750015	0.231624	0.067130	0.641167	0.020131
26.759390	0.224903	0.067130	0.825807	0.137627
26.768764	0.221550	0.063777	1.030579	0.271901
26.778139	0.214845	0.063777	1.208499	0.419617
26.787516	0.208125	0.060424	1.322627	0.567317
26.796890	0.204772	0.057057	1.366273	0.711665
26.806265	0.201404	0.053704	1.362920	0.842586
26.815639	0.201404	0.053704	1.339421	0.956729
26.825014	0.198051	0.050351	1.315922	1.047358
26.834391	0.198051	0.050351	1.285702	1.117855
26.843765	0.194699	0.050351	1.225278	1.174927
26.853140	0.194699	0.050351	1.131281	1.208499
26.862514	0.194699	0.050351	1.020506	1.208499
26.871889	0.194699	0.050351	0.923157	1.174927
26.881266	0.194699	0.050351	0.862733	1.121208
26.890640	0.191346	0.053704	0.825807	1.060784
26.900015	0.191346	0.053704	0.788882	1.010433
26.909389	0.191346	0.053704	0.728458	0.963435
26.918764	0.191346	0.053704	0.654593	0.913084
26.928139	0.187978	0.057057	0.584096	0.852659
26.937515	0.187978	0.057057	0.533745	0.765383
26.946890	0.184625	0.060424	0.503540	0.651240
26.956264	0.184625	0.063777	0.486746	0.506893
26.965639	0.181273	0.067130	0.480041	0.352472
26.975014	0.177905	0.070482	0.493467	0.208125
26.984390	0.177905	0.070482	0.537112	0.107422
26.993765	0.174552	0.070482	0.597537	0.073850
27.003139	0.171199	0.070482	0.634462	0.110775
27.012514	0.171199	0.067130	0.610963	0.201404
27.021889	0.171199	0.067130	0.510246	0.312194
27.031265	0.171199	0.063777	0.355825	0.412896
27.040640	0.171199	0.063777	0.181273	0.493467
27.050014	0.174552	0.060424	0.016779	0.590816
27.059389	0.174552	0.060424	-0.130922	0.668019
27.068764	0.174552	0.057057	-0.255138	0.748590
27.078138	0.174552	0.057057	-0.349134	0.819087
27.087515	0.174552	0.057057	-0.406206	0.882864
27.096889	0.174552	0.053704	-0.419632	0.943303
27.106264	0.174552	0.053704	-0.409558	0.993654
27.115639	0.171199	0.053704	-0.392765	1.033932
27.125013	0.167847	0.053704	-0.365913	1.054078
27.134390	0.164479	0.053704	-0.305489	1.047358
27.143764	0.161126	0.053704	-0.191361	1.023859
27.153139	0.157773	0.053704	-0.023499	0.973508
27.162514	0.154406	0.057057	0.164479	0.896305
27.171888	0.151053	0.057057	0.318900	0.785515
27.181263	0.151053	0.060424	0.402823	0.651240
27.190639	0.147700	0.060424	0.439748	0.506893
27.200014	0.147700	0.063777	0.473320	0.375971
27.209389	0.147700	0.063777	0.540465	0.292048
27.218763	0.144348	0.063777	0.624388	0.265196
27.228138	0.140980	0.063777	0.681460	0.278622
27.237514	0.140980	0.063777	0.668019	0.308827
27.246889	0.140980	0.063777	0.580743	0.335693
27.256264	0.140980	0.063777	0.436395	0.352472
27.265638	0.140980	0.063777	0.285327	0.349119
27.275013	0.140980	0.063777	0.164479	0.339046
27.284389	0.144348	0.067130	0.083923	0.328973
27.293764	0.144348	0.067130	0.033557	0.342399
27.303139	0.140980	0.067130	-0.013441	0.386044
27.312513	0.140980	0.063777	-0.060439	0.456542
27.321888	0.140980	0.060424	-0.097364	0.540465
27.331263	0.140980	0.060424	-0.114143	0.634462
27.340639	0.140980	0.060424	-0.114143	0.725091
27.350014	0.140980	0.057057	-0.120863	0.809014
27.359388	0.140980	0.057057	-0.154421	0.869438
27.368763	0.137627	0.057057	-0.214845	0.889584
27.378138	0.137627	0.057057	-0.278637	0.856012
27.387514	0.137627	0.057057	-0.312209	0.778809
27.396889	0.134274	0.060424	-0.288710	0.678092
27.406263	0.134274	0.060424	-0.201419	0.567317
27.415638	0.130907	0.063777	-0.077218	0.443116
27.425013	0.130907	0.067130	0.060424	0.308827
27.434389	0.127554	0.067130	0.204772	0.164479
27.443764	0.124201	0.070482	0.342399	0.030205
27.453138	0.120848	0.070482	0.469968	-0.063792
27.462513	0.117481	0.070482	0.574037	-0.104070
27.471888	0.117481	0.070482	0.641167	-0.093997
27.481262	0.114128	0.070482	0.688165	-0.053719
27.490639	0.114128	0.070482	0.731811	-0.010073
27.500013	0.114128	0.067130	0.785515	0.026852
27.509388	0.110775	0.067130	0.842586	0.050351
27.518763	0.110775	0.067130	0.892937	0.077203
27.528137	0.107422	0.067130	0.936583	0.130907
27.537514	0.107422	0.067130	0.990286	0.238329
27.546888	0.104055	0.063777	1.070857	0.409544
27.556263	0.104055	0.060424	1.171574	0.634462
27.565638	0.100702	0.053704	1.255497	0.892937
27.575012	0.100702	0.050351	1.278996	1.154780
27.584387	0.100702	0.046983	1.215205	1.396492
27.593763	0.100702	0.040278	1.067504	1.607969
27.603138	0.104055	0.036925	0.869438	1.782537
27.612513	0.107422	0.036925	0.661314	1.923531
27.621887	0.107422	0.033557	0.480041	2.020881
27.631262	0.110775	0.033557	0.325620	2.064511
27.640638	0.114128	0.033557	0.198051	2.037659
27.650013	0.114128	0.033557	0.100702	1.950383
27.659388	0.114128	0.036925	0.050351	1.816109
27.668762	0.110775	0.040278	0.067130	1.665041
27.678137	0.110775	0.043631	0.140980	1.493841
27.687513	0.107422	0.046983	0.238329	1.282349
27.696888	0.107422	0.053704	0.322267	1.017153
27.706263	0.104055	0.057057	0.365898	0.698239
27.715637	0.104055	0.063777	0.375971	0.352472
27.725012	0.104055	0.070482	0.399470	-0.003368
27.734386	0.100702	0.077203	0.480041	-0.345767
27.743763	0.100702	0.083923	0.621036	-0.668034
27.753138	0.097349	0.087276	0.805661	-0.973523
27.762512	0.093982	0.093982	0.997007	-1.258865
27.771887	0.087276	0.097349	1.174927	-1.503915
27.781261	0.083923	0.097349	1.332700	-1.678482
27.790638	0.083923	0.100702	1.470342	-1.759052
27.800013	0.080556	0.100702	1.567692	-1.735553
27.809387	0.080556	0.097349	1.607969	-1.621410
27.818762	0.080556	0.093982	1.574397	-1.440138
27.828136	0.080556	0.090629	1.473695	-1.201794
27.837511	0.080556	0.087276	1.336053	-0.933245
27.846888	0.083923	0.080556	1.185000	-0.637829
27.856262	0.083923	0.073850	1.047358	-0.315562
27.865637	0.083923	0.070482	0.933230	0.013426
27.875011	0.083923	0.063777	0.832513	0.325620
27.884386	0.087276	0.060424	0.745237	0.590816
27.893763	0.087276	0.053704	0.651240	0.802308
27.903137	0.090629	0.050351	0.516966	0.976861
27.912512	0.093982	0.046983	0.315547	1.154780
27.921886	0.100702	0.043631	0.030205	1.339421
27.931261	0.104055	0.040278	-0.318915	1.507267
27.940638	0.110775	0.040278	-0.674754	1.614690
27.950012	0.114128	0.040278	-0.976875	1.621395
27.959387	0.120848	0.043631	-1.188368	1.524046
27.968761	0.120848	0.046983	-1.322642	1.339421
27.978136	0.120848	0.050351	-1.356214	1.104429
27.987511	0.120848	0.053704	-1.359567	0.832513
27.996887	0.120848	0.060424	-1.336068	0.537112
28.006262	0.120848	0.067130	-1.268938	0.228271
28.015636	0.117481	0.070482	-1.131296	-0.080571
28.025011	0.114128	0.077203	-0.919819	-0.359207
28.034386	0.107422	0.080556	-0.654608	-0.577405
28.043762	0.104055	0.083923	-0.345767	-0.718400
28.053137	0.097349	0.083923	-0.006720	-0.782177
28.062511	0.093982	0.083923	0.369251	-0.782177
28.071886	0.087276	0.083923	0.788882	-0.715032
28.081261	0.080556	0.080556	1.242071	-0.627756
28.090637	0.073850	0.077203	1.691893	-0.530407
28.100012	0.067130	0.077203	2.091378	-0.422984
28.109386	0.060424	0.073850	2.393499	-0.308841
28.118761	0.057057	0.070482	2.581492	-0.177920
28.128136	0.057057	0.067130	2.662063	-0.023499
28.137510	0.057057	0.063777	2.662063	0.151053
28.146887	0.057057	0.060424	2.608344	0.349119
28.156261	0.060424	0.057057	2.517700	0.580743
28.165636	0.060424	0.050351	2.410278	0.842586
28.175011	0.063777	0.046983	2.299502	1.114503
28.184385	0.067130	0.043631	2.198801	1.362920
28.193762	0.067130	0.040278	2.111509	1.550898
28.203136	0.070482	0.040278	2.027586	1.641542
28.212511	0.073850	0.040278	1.916811	1.631469
28.221886	0.077203	0.040278	1.755685	1.540840
28.231260	0.080556	0.043631	1.537472	1.426697
28.240635	0.083923	0.043631	1.278996	1.339421
28.250011	0.087276	0.043631	1.007080	1.299128
28.259386	0.093982	0.043631	0.745237	1.302496
28.268761	0.097349	0.043631	0.506893	1.325995
28.278135	0.104055	0.043631	0.288695	1.336053
28.287510	0.107422	0.043631	0.090629	1.315922
28.296886	0.110775	0.046983	-0.087291	1.245424
28.306261	0.114128	0.046983	-0.245064	1.127928
28.315636	0.114128	0.050351	-0.402838	0.973508
28.325010	0.117481	0.053704	-0.563979	0.805661
28.334385	0.120848	0.057057	-0.741899	0.634462
28.343761	0.124201	0.060424	-0.933245	0.483394
28.353136	0.127554	0.060424	-1.121223	0.369251
28.362511	0.130907	0.060424	-1.258865	0.288695
28.371885	0.134274	0.063777	-1.295790	0.245050
28.381260	0.134274	0.060424	-1.208514	0.241697
28.390635	0.130907	0.060424	-0.993669	0.292048
28.400011	0.127554	0.057057	-0.681475	0.399470
28.409386	0.120848	0.053704	-0.298783	0.553891
28.418760	0.114128	0.050351	0.130907	0.731811
28.428135	0.107422	0.050351	0.580743	0.886232
28.437510	0.100702	0.046983	1.010433	0.983581
28.446886	0.093982	0.046983	1.393124	1.010433
28.456261	0.087276	0.050351	1.715392	0.963435
28.465635	0.083923	0.050351	1.973882	0.845939
28.475010	0.080556	0.053704	2.182007	0.694886
28.484385	0.077203	0.057057	2.343148	0.547171
28.493759	0.077203	0.060424	2.470717	0.446469
28.503136	0.077203	0.060424	2.557993	0.406191
28.512510	0.077203	0.060424	2.574772	0.416249
28.521885	0.077203	0.060424	2.504274	0.439748
28.531260	0.080556	0.060424	2.346501	0.436395
28.540634	0.087276	0.063777	2.101451	0.389397
28.550011	0.090629	0.063777	1.782537	0.292048
28.559385	0.097349	0.067130	1.403198	0.164479
28.568760	0.107422	0.067130	0.990286	0.026852
28.578135	0.114128	0.070482	0.557244	-0.110790
28.587509	0.120848	0.070482	0.137627	-0.238344
28.596886	0.130907	0.073850	-0.342414	-0.355840
28.606260	0.137627	0.073850	-0.664681	-0.453189
28.615635	0.140980	0.077203	-0.919819	-0.530407
28.625010	0.144348	0.077203	-1.114517	-0.587478
28.634384	0.151053	0.077203	-1.262218	-0.624403
28.643759	0.154406	0.080556	-1.366287	-0.634477
28.653135	0.154406	0.080556	-1.419991	-0.624403
28.662510	0.157773	0.080556	-1.416638	-0.594184
28.671885	0.157773	0.077203	-1.362935	-0.540480
28.681259	0.154406	0.077203	-1.255512	-0.456557
28.690634	0.154406	0.073850	-1.064166	-0.342414
28.700010	0.151053	0.070482	-0.768751	-0.140995
28.709385	0.144348	0.067130	-0.372633	0.070482
28.718760	0.137627	0.063777	0.107422	0.325620
28.728134	0.130907	0.057057	0.621036	0.610963
28.737509	0.120848	0.053704	1.114503	0.903010
28.746885	0.114128	0.046983	1.554266	1.188353
28.756260	0.107422	0.043631	1.920164	1.453549
28.765635	0.104055	0.036925	2.222300	1.681820
28.775009	0.100702	0.036925	2.457276	1.893312
28.784384	0.100702	0.033557	2.615064	1.980588
28.793758	0.100702	0.033557	2.678841	1.980588
28.803135	0.100702	0.036925	2.641916	1.903385
28.812510	0.104055	0.040278	2.510995	1.762390
28.821884	0.107422	0.043631	2.306223	1.587838
28.831259	0.114128	0.043631	2.054453	1.419976
28.840633	0.120848	0.046983	1.769111	1.275629
28.850010	0.127554	0.050351	1.430050	1.138002
28.859385	0.134274	0.053704	1.020506	0.980228
28.868759	0.144348	0.057057	0.543818	0.772089
28.878134	0.154406	0.063777	0.020131	0.520319
28.887508	0.164479	0.067130	-0.493482	0.251770
28.896883	0.171199	0.070482	-0.943318	0.010058
28.906260	0.177905	0.073850	-1.285717	-0.167862
28.915634	0.184625	0.077203	-1.500562	-0.265211
28.925009	0.184625	0.073850	-1.597911	-0.275284
28.934383	0.187978	0.073850	-1.591206	-0.214845
28.943758	0.184625	0.070482	-1.497209	-0.093997
28.953135	0.184625	0.067130	-1.332715	0.080556
28.962509	0.181273	0.063777	-1.127943	0.292048
28.971884	0.177905	0.060424	-0.906378	0.530392
28.981258	0.177905	0.057057	-0.691533	0.762016
28.990633	0.174552	0.053704	-0.493482	0.966802
29.000010	0.174552	0.053704	-0.302136	1.148075
29.009384	0.171199	0.050351	-0.090644	1.319274
29.018759	0.167847	0.046983	0.154406	1.497194
29.028133	0.164479	0.043631	0.429690	1.668394
29.037508	0.161126	0.040278	0.711665	1.806036
29.046883	0.157773	0.036925	0.966802	1.896665
29.056259	0.154406	0.036925	1.178280	1.940310
29.065634	0.154406	0.036925	1.332700	1.936957
29.075008	0.154406	0.036925	1.446843	1.893312
29.084383	0.154406	0.040278	1.524046	1.785889
29.093758	0.157773	0.043631	1.557618	1.651615
29.103134	0.161126	0.043631	1.527399	1.480415
29.112509	0.164479	0.046983	1.416624	1.289070
29.121883	0.167847	0.050351	1.238704	1.107782
29.131258	0.171199	0.057057	1.047358	0.953361
29.140633	0.177905	0.060424	0.879511	0.812382
29.150009	0.181273	0.063777	0.751957	0.651240
29.159384	0.184625	0.067130	0.637814	0.443116
29.168758	0.191346	0.070482	0.490114	0.198051
29.178133	0.194699	0.077203	0.271901	-0.040293
29.187508	0.201404	0.080556	-0.040293	-0.241712
29.196882	0.211477	0.080556	-0.422984	-0.382707
29.206259	0.218198	0.083923	-0.812396	-0.469983
29.215633	0.224903	0.083923	-1.158163	-0.513628
29.225008	0.234976	0.083923	-1.409933	-0.516981
29.234383	0.238329	0.083923	-1.560986	-0.473335
29.243757	0.241697	0.080556	-1.607984	-0.389412
29.253134	0.245050	0.077203	-1.550913	-0.268564
29.262508	0.245050	0.073850	-1.389787	-0.127569
29.271883	0.241697	0.070482	-1.138017	0.013426
29.281258	0.241697	0.070482	-0.815749	0.157773
29.290632	0.238329	0.067130	-0.466630	0.305474
29.300007	0.234976	0.060424	-0.117496	0.483394
29.309383	0.231624	0.057057	0.198051	0.694886
29.318758	0.228271	0.053704	0.469968	0.953361
29.328133	0.224903	0.050351	0.711665	1.248777
29.337507	0.224903	0.043631	0.960082	1.567692
29.346882	0.221550	0.036925	1.255497	1.883239
29.356258	0.218198	0.030205	1.618043	2.175301
29.365633	0.214845	0.026852	2.024233	2.427071
29.375008	0.211477	0.023484	2.514348	2.611697
29.384382	0.208125	0.023484	2.803042	2.715766
29.393757	0.208125	0.023484	2.930611	2.712414
29.403133	0.211477	0.026852	2.863467	2.604991
29.412508	0.218198	0.030205	2.608344	2.416998
29.421883	0.228271	0.033557	2.215579	2.185374
29.431257	0.241697	0.036925	1.728818	1.936957
29.440632	0.255123	0.043631	1.198426	1.681820
29.450006	0.268549	0.046983	0.668019	1.423344
29.459383	0.278622	0.050351	0.184625	1.141354
29.468758	0.292048	0.057057	-0.221565	0.832513
29.478132	0.298768	0.060424	-0.520334	0.503540
29.487507	0.308827	0.067130	-0.715032	0.154406
29.496881	0.315547	0.073850	-0.825822	-0.204787
29.506258	0.318900	0.080556	-0.896320	-0.590831
29.515633	0.325620	0.087276	-0.976875	-0.980243
29.525007	0.332326	0.093982	-1.097724	-1.346141
29.534382	0.339046	0.097349	-1.245439	-1.638204
29.543756	0.345752	0.100702	-1.393139	-1.816124
29.553131	0.355825	0.100702	-1.487136	-1.866475
29.562508	0.359192	0.100702	-1.507282	-1.802698
29.571882	0.365898	0.097349	-1.433432	-1.594558
29.581257	0.369251	0.093982	-1.279011	-1.346141
29.590631	0.372618	0.087276	-1.060799	-1.050740
29.600006	0.375971	0.080556	-0.788897	-0.718400
29.609383	0.379324	0.073850	-0.389412	-0.365913
29.618757	0.379324	0.067130	-0.046998	-0.013441
29.628132	0.382692	0.063777	0.281975	0.315547
29.637506	0.386044	0.057057	0.570670	0.590816
29.646881	0.389397	0.053704	0.795588	0.812382
29.656258	0.396118	0.050351	0.960082	0.980228
29.665632	0.399470	0.046983	1.091003	1.114503
29.675007	0.406191	0.046983	1.211852	1.231998
29.684381	0.412896	0.046983	1.346126	1.342773
29.693756	0.422969	0.043631	1.477048	1.443475
29.703131	0.429690	0.043631	1.584470	1.500547
29.712507	0.439748	0.046983	1.621395	1.477048
29.721882	0.453174	0.050351	1.554266	1.346126
29.731256	0.469968	0.053704	1.379699	1.111150
29.740631	0.486746	0.057057	1.121208	0.805661
29.750006	0.503540	0.063777	0.792235	0.483394
29.759382	0.527039	0.067130	0.426322	0.171199
29.768757	0.547171	0.073850	0.046983	-0.100717
29.778131	0.570670	0.077203	-0.305489	-0.325635
29.787506	0.594169	0.077203	-0.610977	-0.506908
29.796881	0.617668	0.080556	-0.862747	-0.634477
29.806257	0.637814	0.080556	-1.057446	-0.711679
29.815632	0.661314	0.083923	-1.198441	-0.735179
29.825006	0.684813	0.083923	-1.292437	-0.718400
29.834381	0.708312	0.083923	-1.356214	-0.681475
29.843756	0.735164	0.080556	-1.403213	-0.631109
29.853130	0.762016	0.080556	-1.416638	-0.563979
29.862507	0.792235	0.077203	-1.373008	-0.453189
29.871881	0.822440	0.073850	-1.248792	-0.275284
29.881256	0.852659	0.067130	-1.033947	-0.020146
29.890631	0.889584	0.060424	-0.741899	0.312194
29.900005	0.926509	0.053704	-0.396132	0.694886
29.909382	0.966802	0.046983	-0.036940	1.080930
29.918756	1.017153	0.043631	0.298768	1.433417
29.928131	1.087651	0.036925	0.627741	1.705319
29.937506	1.154780	0.036925	0.815734	1.879886
29.946880	1.235351	0.036925	0.946656	1.963809
29.956255	1.329347	0.033557	1.030579	1.980588
29.965631	1.436770	0.033557	1.070857	1.973882
29.975006	1.567692	0.033557	1.077577	1.960456
29.984381	1.715392	0.033557	1.067504	1.950383
29.993755	1.893312	0.036925	1.047358	1.920164
30.003130	2.161875	0.036925	0.997007	1.839608
30.012506	2.423718	0.040278	0.913084	1.688540
30.021881	2.725840	0.043631	0.778809	1.456916
30.031256	3.061533	0.050351	0.584096	1.148075
30.040630	3.407300	0.057057	0.325620	0.778809
30.050005	3.726214	0.063777	0.020131	0.369251
30.059381	3.977984	0.070482	-0.305489	-0.040293
30.068756	4.115611	0.077203	-0.624403	-0.416264
30.078131	4.125685	0.080556	-0.929877	-0.728473
30.087505	4.008189	0.083923	-1.208514	-0.956744
30.096880	3.793344	0.087276	-1.440138	-1.104444
30.106255	3.514722	0.087276	-1.601279	-1.185015
30.115631	3.209233	0.087276	-1.678482	-1.218587
30.125006	2.907112	0.090629	-1.681834	-1.221940
30.134380	2.618417	0.090629	-1.648277	-1.205146
30.143755	2.356574	0.090629	-1.597911	-1.174942
30.153130	2.128303	0.090629	-1.534134	-1.127943
30.162506	1.926884	0.090629	-1.456931	-1.064166
30.171881	1.755685	0.087276	-1.356214	-0.970170
30.181255	1.607969	0.083923	-1.228645	-0.819102
30.190630	1.480415	0.080556	-1.074225	-0.594184
30.200005	1.369625	0.073850	-0.892952	-0.302136
30.209381	1.268923	0.070482	-0.684828	0.040278
30.218756	1.181647	0.063777	-0.439763	0.379324
30.228130	1.104429	0.060424	-0.157788	0.681460
30.237505	1.037285	0.057057	0.147700	0.926509
30.246880	0.973508	0.053704	0.436395	1.111150
30.256254	0.919804	0.050351	0.664666	1.238704
30.265631	0.869438	0.050351	0.809014	1.309201
30.275005	0.825807	0.050351	0.876158	1.315922
30.284380	0.788882	0.050351	0.896305	1.248777
30.293755	0.751957	0.053704	0.903010	1.127928
30.303129	0.721738	0.053704	0.906363	0.970155
30.312506	0.694886	0.057057	0.892937	0.809014
30.321880	0.668019	0.060424	0.835881	0.651240
30.331255	0.644535	0.063777	0.718385	0.510246
30.340630	0.624388	0.067130	0.547171	0.386044
30.350004	0.607595	0.067130	0.345752	0.281975
30.359379	0.590816	0.070482	0.140980	0.201404
30.368755	0.577390	0.070482	-0.063792	0.144348
30.378130	0.560597	0.070482	-0.268564	0.090629
30.387505	0.550538	0.073850	-0.480056	0.026852
30.396879	0.537112	0.077203	-0.701606	-0.067145
30.406254	0.527039	0.077203	-0.916451	-0.184640
30.415630	0.516966	0.080556	-1.097724	-0.315562
30.425005	0.506893	0.083923	-1.221940	-0.426337
30.434380	0.496820	0.083923	-1.279011	-0.483409
30.443754	0.486746	0.080556	-1.279011	-0.456557
30.453129	0.476673	0.077203	-1.238719	-0.325635
30.462505	0.463247	0.073850	-1.171589	-0.114143
30.471880	0.453174	0.070482	-1.091018	0.144348
30.481255	0.439748	0.067130	-1.003742	0.402823
30.490629	0.429690	0.060424	-0.913098	0.634462
30.500004	0.419617	0.057057	-0.812396	0.829160
30.509378	0.409544	0.057057	-0.684828	0.986934
30.518755	0.396118	0.053704	-0.520334	1.101077
30.528130	0.386044	0.050351	-0.298783	1.181647
30.537504	0.372618	0.050351	-0.033572	1.228631
30.546879	0.362545	0.050351	0.271901	1.245424
30.556253	0.349119	0.050351	0.587463	1.245424
30.565630	0.335693	0.050351	0.876158	1.248777
30.575005	0.325620	0.046983	1.114503	1.275629
30.584379	0.315547	0.046983	1.295775	1.339421
30.593754	0.308827	0.046983	1.423344	1.426697
30.603128	0.302121	0.046983	1.513973	1.513973
30.612503	0.295401	0.046983	1.584470	1.560971
30.621880	0.292048	0.046983	1.638189	1.537472
30.631254	0.285327	0.050351	1.681820	1.409918
30.640629	0.281975	0.057057	1.708686	1.174927
30.650003	0.278622	0.060424	1.712039	0.842586
30.659378	0.275269	0.067130	1.685187	0.466615
30.668755	0.271901	0.070482	1.631469	0.110775
30.678129	0.268549	0.077203	1.547545	-0.218213
30.687504	0.268549	0.080556	1.430050	-0.362560
30.696878	0.265196	0.080556	1.275629	-0.416264
30.706253	0.265196	0.080556	1.101077	-0.419632
30.715630	0.265196	0.080556	0.929862	-0.419632
30.725004	0.261828	0.080556	0.795588	-0.443131
30.734379	0.261828	0.080556	0.711665	-0.493482
30.743753	0.258476	0.083923	0.678092	-0.563979
30.753128	0.258476	0.083923	0.678092	-0.631109
30.762503	0.255123	0.083923	0.694886	-0.674754
30.771879	0.251770	0.080556	0.704959	-0.654608
30.781254	0.248402	0.077203	0.701591	-0.550553
30.790628	0.245050	0.073850	0.701591	-0.342414
30.800003	0.245050	0.070482	0.704959	-0.050366
30.809378	0.241697	0.063777	0.694886	0.292048
30.818754	0.238329	0.060424	0.664666	0.647888
30.828129	0.234976	0.053704	0.617668	0.960082
30.837503	0.231624	0.050351	0.570670	1.191705
30.846878	0.228271	0.050351	0.537112	1.329347
30.856253	0.224903	0.050351	0.516966	1.389772
30.865629	0.224903	0.050351	0.500172	1.393124
30.875004	0.221550	0.050351	0.473320	1.379699
30.884378	0.221550	0.050351	0.446469	1.362920
30.893753	0.218198	0.050351	0.422969	1.352847
30.903128	0.218198	0.050351	0.409544	1.352847
30.912502	0.214845	0.050351	0.406191	1.369625
30.921879	0.214845	0.050351	0.399470	1.396492
30.931253	0.214845	0.050351	0.379324	1.433417
30.940628	0.211477	0.050351	0.349119	1.466975
30.950003	0.211477	0.050351	0.332326	1.473695
30.959377	0.208125	0.050351	0.342399	1.406550
30.968754	0.204772	0.053704	0.375971	1.238704
30.978128	0.201404	0.060424	0.406191	0.966802
30.987503	0.201404	0.067130	0.416249	0.631094
30.996878	0.198051	0.070482	0.399470	0.295401
31.006252	0.198051	0.077203	0.355825	0.003353
31.015627	0.194699	0.080556	0.298768	-0.211492
31.025003	0.194699	0.083923	0.234976	-0.335708
31.034378	0.194699	0.083923	0.187978	-0.389412
31.043753	0.194699	0.087276	0.154406	-0.409558
31.053127	0.191346	0.087276	0.130907	-0.422984
31.062502	0.191346	0.090629	0.104055	-0.466630
31.071878	0.191346	0.090629	0.070482	-0.537112
31.081253	0.191346	0.093982	0.030205	-0.627756
31.090628	0.187978	0.093982	-0.006720	-0.721753
31.100002	0.187978	0.097349	-0.033572	-0.795603
31.109377	0.187978	0.097349	-0.040293	-0.809029
31.118753	0.184625	0.093982	-0.023499	-0.725105
31.128128	0.184625	0.090629	0.003353	-0.513628
31.137503	0.181273	0.083923	0.057057	-0.181288
31.146877	0.181273	0.077203	0.154406	0.234976
31.156252	0.174552	0.070482	0.302121	0.657961
31.165627	0.171199	0.063777	0.473320	1.023859
31.175003	0.167847	0.060424	0.631094	1.309201
31.184378	0.164479	0.057057	0.751957	1.503915
31.193752	0.161126	0.057057	0.839233	1.611337
31.203127	0.157773	0.057057	0.913084	1.638189
31.212502	0.154406	0.057057	0.993654	1.591191
31.221878	0.154406	0.060424	1.077577	1.510620
31.231253	0.151053	0.060424	1.148075	1.426697
31.240627	0.151053	0.060424	1.188353	1.386419
31.250002	0.147700	0.060424	1.195073	1.403198
31.259377	0.144348	0.060424	1.181647	1.453549
31.268753	0.144348	0.060424	1.174927	1.500547
31.278128	0.144348	0.060424	1.164854	1.493841
31.287502	0.144348	0.060424	1.138002	1.409918
31.296877	0.144348	0.063777	1.064152	1.245424
31.306252	0.144348	0.070482	0.946656	1.020506
31.315626	0.147700	0.073850	0.798941	0.748590
31.325003	0.147700	0.080556	0.637814	0.459895
31.334377	0.151053	0.087276	0.486746	0.177905
31.343752	0.151053	0.090629	0.332326	-0.073865
31.353127	0.154406	0.093982	0.174552	-0.275284
31.362501	0.154406	0.097349	0.006706	-0.422984
31.371878	0.154406	0.100702	-0.164494	-0.527054
31.381252	0.157773	0.100702	-0.315562	-0.614330
31.390627	0.157773	0.104055	-0.416264	-0.715032
31.400002	0.161126	0.107422	-0.459909	-0.845954
31.409376	0.161126	0.110775	-0.446483	-1.013801
31.418751	0.157773	0.114128	-0.399485	-1.185015
31.428127	0.157773	0.117481	-0.332341	-1.326010
31.437502	0.154406	0.117481	-0.255138	-1.406565
31.446877	0.151053	0.117481	-0.157788	-1.406565
31.456251	0.147700	0.114128	-0.033572	-1.309216
31.465626	0.144348	0.110775	0.124201	-1.111165
31.475002	0.137627	0.104055	0.318900	-0.829175
31.484377	0.134274	0.100702	0.557244	-0.483409
31.493752	0.127554	0.093982	0.839233	-0.097364
31.503126	0.120848	0.087276	1.158148	0.295401
31.512501	0.114128	0.083923	1.487121	0.664666
31.521877	0.110775	0.077203	1.782537	0.980228
31.531252	0.104055	0.073850	1.997381	1.225278
31.540627	0.104055	0.070482	2.091378	1.416624
31.550001	0.100702	0.067130	2.064511	1.564339
31.559376	0.104055	0.063777	1.930237	1.688540
31.568750	0.107422	0.063777	1.725465	1.782537
31.578127	0.110775	0.063777	1.487121	1.819462
31.587502	0.114128	0.063777	1.252130	1.775816
31.596876	0.117481	0.067130	1.050726	1.638189
31.606251	0.117481	0.070482	0.896305	1.413271
31.615625	0.120848	0.077203	0.775442	1.124576
31.625002	0.120848	0.083923	0.664666	0.805661
31.634377	0.124201	0.090629	0.513613	0.486746
31.643751	0.127554	0.093982	0.305474	0.201404
31.653126	0.130907	0.100702	0.053704	-0.040293
31.662500	0.134274	0.104055	-0.208139	-0.231639
31.671875	0.137627	0.104055	-0.439763	-0.382707
31.681252	0.137627	0.107422	-0.634477	-0.486761
31.690626	0.140980	0.107422	-0.778824	-0.547186
31.700001	0.140980	0.110775	-0.862747	-0.557259
31.709375	0.140980	0.110775	-0.869453	-0.527054
31.718750	0.137627	0.107422	-0.778824	-0.449836
31.728127	0.134274	0.107422	-0.604257	-0.335708
31.737501	0.130907	0.104055	-0.386059	-0.174567
31.746876	0.127554	0.100702	-0.171214	0.013426
31.756250	0.124201	0.097349	0.003353	0.211477
31.765625	0.120848	0.093982	0.130907	0.402823
31.775002	0.120848	0.090629	0.238329	0.577390
31.784376	0.117481	0.087276	0.345752	0.735164
31.793751	0.114128	0.087276	0.480041	0.879511
31.803125	0.110775	0.083923	0.631094	1.010433
31.812500	0.107422	0.083923	0.798941	1.124576
31.821875	0.104055	0.080556	0.990286	1.218572
31.831251	0.097349	0.080556	1.235351	1.275629
31.840626	0.090629	0.080556	1.530766	1.285702
31.850000	0.087276	0.083923	1.839608	1.255497
31.859375	0.083923	0.083923	2.088010	1.195073
31.868750	0.080556	0.087276	2.212226	1.114503
31.878126	0.080556	0.090629	2.188727	1.003727
31.887501	0.080556	0.093982	2.030954	0.849307
31.896875	0.087276	0.097349	1.785889	0.641167
31.906250	0.090629	0.100702	1.503915	0.396118
31.915625	0.093982	0.104055	1.235351	0.137627
31.925001	0.097349	0.110775	0.990286	-0.104070
31.934376	0.100702	0.114128	0.775442	-0.325635
31.943750	0.104055	0.117481	0.584096	-0.513628
31.953125	0.107422	0.120848	0.409544	-0.664681
31.962500	0.107422	0.124201	0.241697	-0.755325
31.971874	0.110775	0.124201	0.063777	-0.768751
31.981251	0.114128	0.124201	-0.137642	-0.698254
31.990625	0.117481	0.120848	-0.352487	-0.550553
