21.940655	0.053704	0.073850	-1.057446	0.087276
21.950029	0.063777	0.067130	-1.487136	0.023484
21.959404	0.067130	0.060424	-1.903400	-0.087291
21.968779	0.073850	0.053704	-2.245814	-0.258490
21.978153	0.080556	0.046983	-2.477437	-0.483409
21.987530	0.083923	0.043631	-2.558008	-0.735179
21.996904	0.087276	0.043631	-2.474084	-0.966802
22.006279	0.080556	0.046983	-2.229020	-1.121223
22.015654	0.073850	0.046983	-1.839623	-1.154795
22.025028	0.063777	0.046983	-1.352862	-1.047373
22.034403	0.050351	0.040278	-0.812396	-0.798956
22.043779	0.040278	0.033557	-0.265211	-0.449836
22.053154	0.033557	0.026852	0.255123	-0.057071
22.062529	0.030205	0.023484	0.725091	0.322267
22.071903	0.023484	0.013426	1.127928	0.651240
22.081278	0.016779	0.006706	1.477048	0.906363
22.090654	0.010058	-0.003368	1.779184	1.087651
22.100029	0.006706	-0.010073	2.057806	1.205131
22.109404	0.006706	-0.013441	2.333075	1.285702
22.118778	0.003353	-0.013441	2.608344	1.352847
22.128153	-0.003368	-0.013441	2.853408	1.433417
22.137529	-0.003368	-0.010073	3.017888	1.520693
22.146904	-0.006720	-0.013441	3.031313	1.604617
22.156279	-0.006720	-0.013441	2.843335	1.665041
22.165653	0.000000	-0.013441	2.443850	1.671761
22.175028	0.010058	-0.013441	1.873165	1.604617
22.184402	0.023484	-0.013441	1.218572	1.466975
22.193779	0.036925	-0.013441	0.563964	1.272276
22.203154	0.050351	-0.016794	-0.040293	1.047358
22.212528	0.060424	-0.010073	-0.584111	0.805661
22.221903	0.067130	0.000000	-1.077592	0.567317
22.231277	0.073850	0.013426	-1.510635	0.345752
22.240654	0.077203	0.016779	-1.863122	0.164479
22.250029	0.077203	0.020131	-2.104819	0.036925
22.259403	0.077203	0.023484	-2.235740	-0.033572
22.268778	0.077203	0.023484	-2.272666	-0.060439
22.278152	0.077203	0.030205	-2.235740	-0.063792
22.287527	0.073850	0.033557	-2.131671	-0.073865
22.296904	0.073850	0.040278	-1.953751	-0.114143
22.306278	0.073850	0.046983	-1.678482	-0.187993
22.315653	0.073850	0.046983	-1.292437	-0.278637
22.325027	0.067130	0.046983	-0.792250	-0.352487
22.334402	0.060424	0.043631	-0.221565	-0.362560
22.343779	0.050351	0.046983	0.382692	-0.285342
22.353153	0.040278	0.050351	0.990286	-0.161141
22.362528	0.030205	0.050351	1.574397	-0.013441
22.371902	0.020131	0.046983	2.131656	0.130907
22.381277	0.010058	0.043631	2.631843	0.275269
22.390654	0.003353	0.036925	3.044754	0.419617
22.400028	0.000000	0.036925	3.346875	0.557244
22.409403	-0.003368	0.040278	3.528148	0.681460
22.418777	-0.003368	0.040278	3.588572	0.772089
22.428152	0.000000	0.040278	3.531501	0.839233
22.437527	0.000000	0.033557	3.380448	0.899658
22.446903	0.003353	0.023484	3.155529	0.993654
22.456278	0.010058	0.016779	2.866834	1.141354
22.465652	0.016779	0.016779	2.517700	1.322627
22.475027	0.023484	0.020131	2.101451	1.497194
22.484402	0.033557	0.020131	1.614690	1.611337
22.493778	0.040278	0.020131	1.084283	1.648262
22.503153	0.050351	0.016779	0.409544	1.614690
22.512527	0.057057	0.013426	-0.100717	1.530766
22.521902	0.063777	0.013426	-0.570685	1.416624
22.531277	0.070482	0.016779	-0.983596	1.278996
22.540651	0.083923	0.023484	-1.356214	1.127928
22.550028	0.093982	0.030205	-1.675129	0.963435
22.559402	0.104055	0.030205	-1.930252	0.775442
22.568777	0.110775	0.030205	-2.077967	0.557244
22.578152	0.110775	0.033557	-2.088025	0.315547
22.587526	0.110775	0.046983	-1.940325	0.050351
22.596903	0.104055	0.060424	-1.651630	-0.224918
22.606277	0.100702	0.073850	-1.255512	-0.500187
22.615652	0.093982	0.083923	-0.795603	-0.762030
22.625027	0.087276	0.083923	-0.302136	-0.993669
22.634401	0.077203	0.087276	0.208125	-1.181647
22.643778	0.067130	0.087276	0.711665	-1.309216
22.653152	0.060424	0.087276	1.215205	-1.369640
22.662527	0.057057	0.087276	1.681820	-1.362935
22.671902	0.050351	0.083923	2.094731	-1.292437
22.681276	0.043631	0.080556	2.416998	-1.164868
22.690651	0.040278	0.077203	2.648622	-0.990301
22.700027	0.036925	0.073850	2.806410	-0.802323
22.709402	0.033557	0.073850	2.920538	-0.604257
22.718777	0.033557	0.073850	2.997756	-0.402838
22.728151	0.033557	0.067130	3.011182	-0.187993
22.737526	0.036925	0.060424	2.913833	0.060424
22.746902	0.043631	0.050351	2.662063	0.349119
22.756277	0.050351	0.040278	2.252504	0.674739
22.765652	0.057057	0.033557	1.718760	1.013786
22.775026	0.063777	0.030205	1.134649	1.329347
22.784401	0.070482	0.023484	0.557244	1.587838
22.793777	0.073850	0.016779	0.050351	1.775816
22.803152	0.077203	0.010058	-0.365913	1.879886
22.812527	0.080556	0.003353	-0.684828	1.906738
22.821901	0.090629	0.003353	-0.913098	1.856387
22.831276	0.097349	0.010058	-1.067519	1.732185
22.840651	0.100702	0.020131	-1.161516	1.554266
22.850027	0.104055	0.023484	-1.215219	1.356199
22.859402	0.104055	0.023484	-1.245439	1.174927
22.868776	0.100702	0.020131	-1.258865	1.023859
22.878151	0.097349	0.023484	-1.232013	0.896305
22.887526	0.097349	0.026852	-1.134664	0.748590
22.896902	0.097349	0.033557	-0.939950	0.550538
22.906277	0.087276	0.040278	-0.637829	0.295401
22.915651	0.080556	0.046983	-0.221565	0.020131
22.925026	0.070482	0.053704	0.281975	-0.208139
22.934401	0.063777	0.053704	0.809014	-0.335708
22.943775	0.057057	0.053704	1.285702	-0.355840
22.953152	0.053704	0.050351	1.641542	-0.295416
22.962526	0.050351	0.050351	1.856387	-0.198066
22.971901	0.050351	0.046983	1.950383	-0.070497
22.981276	0.050351	0.040278	1.940310	0.077203
22.990650	0.046983	0.033557	1.900032	0.245050
23.000027	0.046983	0.026852	1.849666	0.419617
23.009401	0.050351	0.020131	1.795962	0.577390
23.018776	0.053704	0.016779	1.742244	0.688165
23.028151	0.057057	0.020131	1.698613	0.731811
23.037525	0.057057	0.020131	1.658320	0.735164
23.046902	0.057057	0.020131	1.614690	0.731811
23.056276	0.050351	0.020131	1.550898	0.755310
23.065651	0.046983	0.020131	1.436770	0.805661
23.075026	0.050351	0.020131	1.262203	0.876158
23.084400	0.057057	0.020131	1.020506	0.953361
23.093775	0.063777	0.020131	0.718385	1.020506
23.103151	0.063777	0.013426	0.365898	1.067504
23.112526	0.067130	0.000000	0.003353	1.091003
23.121901	0.067130	-0.006720	-0.328988	1.074225
23.131275	0.073850	-0.003368	-0.580758	1.037285
23.140650	0.077203	0.000000	-0.711679	0.980228
23.150026	0.077203	0.006706	-0.721753	0.923157
23.159401	0.077203	0.013426	-0.654608	0.886232
23.168776	0.073850	0.016779	-0.547186	0.866085
23.178150	0.070482	0.016779	-0.429690	0.852659
23.187525	0.067130	0.020131	-0.305489	0.832513
23.196901	0.063777	0.020131	-0.177920	0.795588
23.206276	0.063777	0.023484	-0.050366	0.745237
23.215651	0.067130	0.026852	0.070482	0.691518
23.225025	0.067130	0.023484	0.201404	0.654593
23.234400	0.063777	0.016779	0.372618	0.651240
23.243774	0.060424	0.010058	0.607595	0.691518
23.253151	0.053704	0.006706	0.933230	0.758663
23.262526	0.046983	0.006706	1.339421	0.839233
23.271900	0.040278	0.006706	1.799315	0.903010
23.281275	0.033557	0.010058	2.249151	0.939935
23.290649	0.023484	0.010058	2.635196	0.950009
23.300026	0.020131	0.010058	2.890334	0.943303
23.309401	0.020131	0.010058	2.984330	0.923157
23.318775	0.026852	0.013426	2.927258	0.909731
23.328150	0.033557	0.016779	2.756044	0.916436
23.337524	0.036925	0.020131	2.531141	0.953361
23.346899	0.043631	0.020131	2.296150	1.027226
23.356276	0.046983	0.013426	2.084658	1.131281
23.365650	0.046983	0.006706	1.916811	1.245424
23.375025	0.050351	0.000000	1.775816	1.346126
23.384399	0.057057	-0.003368	1.665041	1.406550
23.393774	0.063777	-0.003368	1.571044	1.409918
23.403151	0.067130	0.000000	1.477048	1.366273
23.412525	0.063777	0.003353	1.356199	1.299128
23.421900	0.063777	0.010058	1.161501	1.225278
23.431274	0.063777	0.013426	0.866085	1.158148
23.440649	0.070482	0.020131	0.480041	1.091003
23.450026	0.080556	0.023484	0.053704	1.033932
23.459400	0.087276	0.026852	-0.328988	1.003727
23.468775	0.090629	0.023484	-0.594184	1.007080
23.478149	0.093982	0.016779	-0.725105	1.040652
23.487524	0.090629	0.013426	-0.738531	1.084283
23.496899	0.090629	0.016779	-0.668034	1.114503
23.506275	0.090629	0.023484	-0.543833	1.121208
23.515650	0.093982	0.026852	-0.389412	1.104429
23.525024	0.090629	0.030205	-0.214845	1.077577
23.534399	0.087276	0.033557	-0.036940	1.050726
23.543774	0.083923	0.033557	0.127554	1.033932
23.553150	0.080556	0.033557	0.265196	1.027226
23.562525	0.077203	0.030205	0.369251	1.023859
23.571899	0.077203	0.030205	0.469968	1.027226
23.581274	0.073850	0.030205	0.614315	1.040652
23.590649	0.070482	0.023484	0.822440	1.057431
23.600023	0.070482	0.016779	1.074225	1.067504
23.609400	0.077203	0.013426	1.346126	1.047358
23.618774	0.080556	0.013426	1.611337	0.980228
23.628149	0.083923	0.020131	1.836240	0.866085
23.637524	0.083923	0.023484	1.987308	0.704959
23.646898	0.083923	0.026852	2.017528	0.523672
23.656275	0.080556	0.030205	1.910105	0.339046
23.665649	0.080556	0.030205	1.671761	0.184625
23.675024	0.080556	0.036925	1.356199	0.060424
23.684399	0.087276	0.040278	1.023859	-0.040293
23.693773	0.093982	0.046983	0.731811	-0.127569
23.703150	0.097349	0.050351	0.506893	-0.204787
23.712524	0.100702	0.050351	0.339046	-0.281990
23.721899	0.100702	0.050351	0.218198	-0.359207
23.731274	0.097349	0.046983	0.130907	-0.439763
23.740648	0.097349	0.050351	0.070482	-0.510260
23.750023	0.097349	0.057057	0.026852	-0.560611
23.759399	0.097349	0.063777	-0.030220	-0.570685
23.768774	0.097349	0.060424	-0.127569	-0.530407
23.778149	0.097349	0.053704	-0.275284	-0.429690
23.787523	0.104055	0.050351	-0.439763	-0.285342
23.796898	0.107422	0.050351	-0.557259	-0.114143
23.806274	0.114128	0.053704	-0.580758	0.073850
23.815649	0.114128	0.057057	-0.486761	0.258476
23.825024	0.110775	0.060424	-0.305489	0.426322
23.834398	0.110775	0.053704	-0.087291	0.563964
23.843773	0.107422	0.046983	0.127554	0.674739
23.853149	0.100702	0.043631	0.305474	0.755310
23.862524	0.097349	0.046983	0.422969	0.819087
23.871899	0.090629	0.050351	0.463247	0.866085
23.881273	0.087276	0.050351	0.412896	0.899658
23.890648	0.083923	0.043631	0.285327	0.926509
23.900023	0.083923	0.033557	0.114128	0.950009
23.909399	0.083923	0.023484	-0.046998	0.963435
23.918774	0.083923	0.020131	-0.140995	0.939935
23.928148	0.087276	0.020131	-0.144362	0.869438
23.937523	0.093982	0.023484	-0.046998	0.745237
23.946898	0.097349	0.026852	0.151053	0.594169
23.956274	0.097349	0.023484	0.426322	0.443116
23.965649	0.090629	0.020131	0.755310	0.308827
23.975023	0.083923	0.023484	1.097709	0.177905
23.984398	0.080556	0.030205	1.413271	0.033557
23.993773	0.077203	0.040278	1.661688	-0.124216
24.003147	0.077203	0.043631	1.832888	-0.288710
24.012524	0.073850	0.043631	1.953736	-0.419632
24.021898	0.067130	0.036925	2.051085	-0.483409
24.031273	0.063777	0.030205	2.138376	-0.476688
24.040648	0.060424	0.030205	2.205506	-0.406206
24.050022	0.063777	0.030205	2.225652	-0.302136
24.059399	0.067130	0.033557	2.198801	-0.184640
24.068773	0.067130	0.030205	2.135009	-0.087291
24.078148	0.063777	0.023484	2.047732	-0.016794
24.087523	0.060424	0.020131	1.936957	0.003353
24.096897	0.060424	0.016779	1.782537	-0.020146
24.106274	0.060424	0.023484	1.554266	-0.073865
24.115648	0.060424	0.026852	1.242071	-0.124216
24.125023	0.067130	0.030205	0.856012	-0.134289
24.134398	0.073850	0.026852	0.422969	-0.087291
24.143772	0.077203	0.020131	0.000000	0.020131
24.153147	0.080556	0.010058	-0.379339	0.184625
24.162523	0.087276	0.000000	-0.701606	0.382692
24.171898	0.093982	0.000000	-0.953376	0.574037
24.181273	0.097349	0.003353	-1.124591	0.741884
24.190647	0.100702	0.006706	-1.232013	0.862733
24.200022	0.097349	0.006706	-1.289070	0.939935
24.209398	0.093982	0.003353	-1.319289	0.990286
24.218773	0.093982	0.000000	-1.329362	1.054078
24.228148	0.093982	-0.003368	-1.305863	1.144707
24.237522	0.097349	-0.006720	-1.225293	1.262203
24.246897	0.093982	-0.010073	-1.060799	1.393124
24.256273	0.093982	-0.020146	-0.809029	1.513973
24.265648	0.093982	-0.033572	-0.486761	1.601264
24.275023	0.090629	-0.036940	-0.124216	1.624763
24.284397	0.090629	-0.036940	0.258476	1.567692
24.293772	0.083923	-0.030220	0.651240	1.416624
24.303146	0.077203	-0.023499	1.050726	1.171574
24.312523	0.067130	-0.013441	1.426697	0.829160
24.321898	0.060424	0.000000	1.755685	0.429690
24.331272	0.053704	0.010058	2.010808	0.023484
24.340647	0.050351	0.020131	2.182007	-0.339061
24.350021	0.050351	0.030205	2.286077	-0.624403
24.359398	0.057057	0.040278	2.333075	-0.819102
24.368773	0.063777	0.043631	2.333075	-0.916451
24.378147	0.070482	0.040278	2.282724	-0.919819
24.387522	0.070482	0.033557	2.171934	-0.845954
24.396896	0.070482	0.030205	1.990661	-0.731826
24.406271	0.073850	0.026852	1.725465	-0.597551
24.415648	0.080556	0.026852	1.383051	-0.456557
24.425022	0.087276	0.030205	0.980228	-0.308841
24.434397	0.093982	0.033557	0.533745	-0.157788
24.443771	0.097349	0.040278	0.077203	0.016779
24.453146	0.100702	0.040278	-0.365913	0.241697
24.462523	0.100702	0.040278	-0.772104	0.537112
24.471897	0.107422	0.033557	-1.127943	0.913084
24.481272	0.114128	0.023484	-1.426712	1.352847
24.490646	0.124201	0.013426	-1.658335	1.812741
24.500021	0.127554	0.006706	-1.816124	2.269298
24.509398	0.127554	-0.003368	-1.889974	2.685562
24.518772	0.124201	-0.013441	-1.893327	3.027961
24.528147	0.120848	-0.013441	-1.849681	3.256232
24.537521	0.117481	-0.013441	-1.785904	3.353581
24.546896	0.117481	-0.010073	-1.695275	3.320024
24.556271	0.117481	-0.006720	-1.493856	3.182381
24.565647	0.114128	0.000000	-1.238719	2.984330
24.575022	0.110775	0.003353	-0.899673	2.769485
24.584396	0.107422	0.006706	-0.503555	2.554640
24.593771	0.104055	0.006706	-0.060439	2.329722
24.603146	0.097349	0.006706	0.406191	2.064511
24.612522	0.093982	0.010058	0.862733	1.732185
24.621897	0.087276	0.016779	1.272276	1.332700
24.631271	0.087276	0.026852	1.581118	0.872806
24.640646	0.087276	0.033557	1.752317	0.362545
24.650021	0.083923	0.043631	1.772463	-0.184640
24.659395	0.083923	0.057057	1.678467	-0.762030
24.668772	0.083923	0.073850	1.540840	-1.322642
24.678146	0.083923	0.083923	1.416624	-1.809403
24.687521	0.083923	0.093982	1.315922	-2.195448
24.696896	0.087276	0.104055	1.205131	-2.464011
24.706270	0.090629	0.107422	1.044005	-2.618432
24.715647	0.093982	0.110775	0.812382	-2.678856
24.725021	0.097349	0.110775	0.527039	-2.668783
24.734396	0.100702	0.107422	0.221550	-2.588212
24.743771	0.104055	0.104055	-0.087291	-2.440512
24.753145	0.107422	0.107422	-0.402838	-2.222314
24.762522	0.110775	0.107422	-0.725105	-1.930252
24.771896	0.117481	0.107422	-1.040667	-1.560986
24.781271	0.124201	0.097349	-1.312569	-1.121223
24.790646	0.130907	0.087276	-1.487136	-0.604257
24.800020	0.130907	0.073850	-1.534134	-0.040293
24.809395	0.130907	0.060424	-1.443490	0.537112
24.818771	0.127554	0.046983	-1.238719	1.091003
24.828146	0.124201	0.040278	-0.956744	1.591191
24.837521	0.120848	0.033557	-0.637829	2.020881
24.846895	0.114128	0.030205	-0.308841	2.380073
24.856270	0.100702	0.030205	0.003353	2.655342
24.865646	0.093982	0.030205	0.268549	2.836615
24.875021	0.093982	0.033557	0.473320	2.913833
24.884396	0.100702	0.040278	0.634462	2.897039
24.893770	0.107422	0.043631	0.765383	2.806410
24.903145	0.114128	0.046983	0.896305	2.662063
24.912521	0.117481	0.046983	1.047358	2.463996
24.921896	0.117481	0.050351	1.218572	2.195433
24.931271	0.114128	0.057057	1.393124	1.836240
24.940645	0.114128	0.070482	1.550898	1.383051
24.950020	0.114128	0.087276	1.668394	0.849307
24.959394	0.114128	0.104055	1.725465	0.271901
24.968771	0.107422	0.117481	1.698613	-0.322267
24.978146	0.097349	0.130907	1.571044	-0.923172
24.987520	0.097349	0.147700	1.342773	-1.510635
24.996895	0.104055	0.167847	1.033932	-2.071247
25.006269	0.117481	0.187978	0.701591	-2.571434
25.015646	0.130907	0.204772	0.392750	-2.960846
25.025021	0.144348	0.218198	0.154406	-3.199190
25.034395	0.151053	0.224903	0.016779	-3.252894
25.043770	0.154406	0.224903	-0.030220	-3.148824
25.053144	0.154406	0.228271	-0.030220	-2.927274
25.062519	0.157773	0.231624	-0.026867	-2.625138
25.071896	0.157773	0.238329	-0.060439	-2.259240
25.081270	0.157773	0.248402	-0.140995	-1.809403
25.090645	0.154406	0.255123	-0.258490	-1.258865
25.100019	0.151053	0.255123	-0.409558	-0.610977
25.109394	0.147700	0.258476	-0.580758	0.137627
25.118771	0.151053	0.261828	-0.748605	0.946656
25.128145	0.157773	0.271901	-0.882879	1.772463
25.137520	0.167847	0.285327	-0.929877	2.571419
25.146894	0.171199	0.302121	-0.845954	3.293157
25.156269	0.171199	0.322267	-0.621051	3.900766
25.165646	0.171199	0.349119	-0.285342	4.337177
25.175020	0.167847	0.382692	0.100702	4.552022
25.184395	0.167847	0.422969	0.473320	4.555374
25.193769	0.167847	0.473320	0.782162	4.374102
25.203144	0.171199	0.523672	1.007080	4.061908
25.212519	0.164479	0.570670	1.151428	3.652364
25.221895	0.161126	0.614315	1.225278	3.168955
25.231270	0.161126	0.654593	1.252130	2.631843
25.240644	0.161126	0.691518	1.258850	2.030954
25.250019	0.167847	0.728458	1.258850	1.372993
25.259394	0.174552	0.762016	1.252130	0.678092
25.268770	0.187978	0.792235	1.235351	-0.023499
25.278145	0.194699	0.812382	1.201779	-0.694901
25.287519	0.201404	0.822440	1.134649	-1.319289
25.296894	0.204772	0.825807	1.030579	-1.889974
25.306269	0.218198	0.832513	0.869438	-2.393514
25.315645	0.234976	0.835881	0.668019	-2.806425
25.325020	0.248402	0.839233	0.443116	-3.105193
25.334394	0.255123	0.835881	0.231624	-3.276393
25.343769	0.251770	0.825807	0.053704	-3.313318
25.353144	0.251770	0.809014	-0.087291	-3.219321
25.362518	0.251770	0.782162	-0.198066	-3.004477
25.371895	0.258476	0.748590	-0.281990	-2.685562
25.381269	0.271901	0.711665	-0.345767	-2.276018
25.390644	0.288695	0.668019	-0.386059	-1.779199
25.400019	0.298768	0.617668	-0.389412	-1.208514
25.409393	0.308827	0.570670	-0.372633	-0.580758
25.418770	0.322267	0.520319	-0.339061	0.070482
25.428144	0.339046	0.466615	-0.292063	0.728458
25.437519	0.362545	0.416249	-0.221565	1.349494
25.446894	0.386044	0.372618	-0.110790	1.903385
25.456268	0.416249	0.332326	0.043631	2.363294
25.465643	0.446469	0.298768	0.231624	2.735913
25.475019	0.483394	0.265196	0.426322	3.034681
25.484394	0.520319	0.238329	0.580743	3.266305
25.493769	0.563964	0.218198	0.691518	3.417373
25.503143	0.610963	0.201404	0.772089	3.467724
25.512518	0.647888	0.187978	0.849307	3.393874
25.521894	0.681460	0.177905	0.936583	3.172308
25.531269	0.718385	0.171199	1.013786	2.806410
25.540644	0.755310	0.164479	1.070857	2.326355
25.550018	0.792235	0.161126	1.094356	1.779184
25.559393	0.822440	0.164479	1.097709	1.191705
25.568769	0.852659	0.171199	1.104429	0.584096
25.578144	0.872806	0.177905	1.134649	-0.040293
25.587519	0.889584	0.181273	1.178280	-0.661328
25.596893	0.899658	0.181273	1.191705	-1.252145
25.606268	0.906363	0.184625	1.114503	-1.789257
25.615643	0.913084	0.191346	0.913084	-2.242446
25.625019	0.916436	0.198051	0.597537	-2.605006
25.634394	0.916436	0.204772	0.211477	-2.876923
25.643768	0.909731	0.201404	-0.184640	-3.048122
25.653143	0.899658	0.194699	-0.543833	-3.095120
25.662518	0.882864	0.184625	-0.845954	-2.997771
25.671894	0.866085	0.171199	-1.087666	-2.735928
25.681269	0.842586	0.154406	-1.268938	-2.326369
25.690643	0.815734	0.144348	-1.386434	-1.802698
25.700018	0.782162	0.130907	-1.433432	-1.221940
25.709393	0.745237	0.117481	-1.406565	-0.617683
25.718767	0.708312	0.100702	-1.322642	-0.016794
25.728144	0.671387	0.080556	-1.191720	0.570670
25.737518	0.631094	0.057057	-1.037300	1.141354
25.746893	0.594169	0.033557	-0.876173	1.661688
25.756268	0.550538	0.020131	-0.701606	2.104804
25.765642	0.503540	0.010058	-0.486761	2.463996
25.775019	0.459895	-0.003368	-0.211492	2.752692
25.784393	0.422969	-0.016794	0.127554	2.970889
25.793768	0.386044	-0.026867	0.516966	3.115252
25.803143	0.355825	-0.030220	0.943303	3.158882
25.812517	0.325620	-0.026867	1.362920	3.064886
25.821894	0.298768	-0.020146	1.742244	2.829909
25.831268	0.271901	-0.010073	2.047732	2.480775
25.840643	0.248402	-0.003368	2.245799	2.061158
25.850018	0.231624	0.003353	2.326355	1.594543
25.859392	0.218198	0.010058	2.306223	1.087651
25.868767	0.214845	0.023484	2.215579	0.540465
25.878143	0.208125	0.033557	2.094731	-0.023499
25.887518	0.201404	0.046983	1.970530	-0.560611
25.896893	0.194699	0.053704	1.849666	-1.044020
25.906267	0.191346	0.060424	1.722112	-1.436785
25.915642	0.184625	0.063777	1.574397	-1.735553
25.925018	0.184625	0.070482	1.396492	-1.963824
25.934393	0.181273	0.077203	1.195073	-2.124965
25.943768	0.174552	0.080556	0.980228	-2.208889
25.953142	0.167847	0.077203	0.755310	-2.195448
25.962517	0.161126	0.070482	0.523672	-2.077967
25.971893	0.161126	0.067130	0.285327	-1.859754
25.981268	0.161126	0.060424	0.057057	-1.564354
25.990643	0.161126	0.053704	-0.144362	-1.201794
26.000017	0.164479	0.043631	-0.308841	-0.775456
26.009392	0.164479	0.030205	-0.436410	-0.285342
26.018766	0.164479	0.016779	-0.547186	0.255123
26.028143	0.167847	0.006706	-0.644535	0.822440
26.037518	0.167847	-0.003368	-0.731826	1.369625
26.046892	0.164479	-0.013441	-0.788897	1.849666
26.056267	0.157773	-0.020146	-0.798956	2.232373
26.065641	0.151053	-0.023499	-0.748605	2.504274
26.075018	0.144348	-0.030220	-0.631109	2.678841
26.084393	0.137627	-0.033572	-0.463262	2.766118
26.093767	0.134274	-0.036940	-0.255138	2.772838
26.103142	0.130907	-0.036940	-0.023499	2.702341
26.112516	0.120848	-0.036940	0.234976	2.537847
26.121891	0.110775	-0.033572	0.503540	2.299502
26.131268	0.107422	-0.026867	0.758663	2.007455
26.140642	0.104055	-0.023499	0.980228	1.705319
26.150017	0.107422	-0.023499	1.154780	1.406550
26.159391	0.114128	-0.020146	1.278996	1.104429
26.168766	0.120848	-0.013441	1.359552	0.802308
26.178143	0.117481	-0.010073	1.399845	0.516966
26.187517	0.110775	-0.003368	1.406550	0.245050
26.196892	0.100702	0.000000	1.389772	-0.010073
26.206266	0.093982	0.003353	1.342773	-0.255138
26.215641	0.097349	0.010058	1.262203	-0.510260
26.225018	0.104055	0.013426	1.151428	-0.768751
26.234392	0.104055	0.016779	1.027226	-1.000375
26.243767	0.097349	0.016779	0.903010	-1.168221
26.253141	0.090629	0.016779	0.772089	-1.252145
26.262516	0.087276	0.016779	0.617668	-1.258865
26.271891	0.090629	0.016779	0.409544	-1.218587
26.281267	0.097349	0.020131	0.144348	-1.144722
26.290642	0.104055	0.020131	-0.130922	-1.033947
26.300016	0.110775	0.016779	-0.342414	-0.879526
26.309391	0.107422	0.016779	-0.426337	-0.674754
26.318766	0.104055	0.013426	-0.382707	-0.412911
26.328142	0.104055	0.006706	-0.268564	-0.093997
26.337517	0.107422	0.003353	-0.144362	0.261828
26.346891	0.107422	0.000000	-0.060439	0.627741
26.356266	0.104055	-0.006720	-0.016794	0.983581
26.365641	0.097349	-0.013441	0.013426	1.329347
26.375017	0.087276	-0.023499	0.060424	1.665041
26.384392	0.080556	-0.033572	0.120848	1.967162
26.393766	0.073850	-0.036940	0.177905	2.208874
26.403141	0.070482	-0.040293	0.231624	2.373353
26.412516	0.073850	-0.046998	0.295401	2.460644
26.421890	0.070482	-0.050366	0.416249	2.487495
26.431267	0.060424	-0.053719	0.600889	2.467349
26.440641	0.050351	-0.057071	0.815734	2.413645
26.450016	0.046983	-0.057071	1.000360	2.319649
26.459391	0.050351	-0.050366	1.124576	2.168581
26.468765	0.057057	-0.043646	1.195073	1.950383
26.478142	0.063777	-0.036940	1.221925	1.651615
26.487516	0.063777	-0.036940	1.215205	1.292422
26.496891	0.060424	-0.036940	1.154780	0.903010
26.506266	0.060424	-0.036940	1.030579	0.513613
26.515640	0.060424	-0.033572	0.835881	0.151053
26.525015	0.063777	-0.030220	0.597537	-0.171214
26.534391	0.067130	-0.026867	0.349119	-0.446483
26.543766	0.063777	-0.023499	0.120848	-0.681475
26.553141	0.060424	-0.016794	-0.080571	-0.882879
26.562515	0.057057	-0.010073	-0.285342	-1.060799
26.571890	0.067130	-0.003368	-0.506908	-1.211867
26.581266	0.080556	0.006706	-0.741899	-1.356214
26.590641	0.090629	0.010058	-0.960097	-1.436785
26.600016	0.097349	0.010058	-1.134664	-1.487136
26.609390	0.093982	0.010058	-1.252145	-1.500562
26.618765	0.087276	0.010058	-1.305863	-1.466990
26.628141	0.083923	0.003353	-1.299143	-1.362935
26.637516	0.087276	0.000000	-1.211867	-1.178294
26.646891	0.090629	-0.006720	-1.037300	-0.916451
26.656265	0.090629	-0.013441	-0.785530	-0.594184
26.665640	0.077203	-0.016794	-0.476688	-0.251785
26.675014	0.057057	-0.020146	-0.140995	0.077203
26.684391	0.033557	-0.023499	0.204772	0.359192
26.693766	0.020131	-0.026867	0.527039	0.604242
26.703140	0.020131	-0.030220	0.819087	0.829160
26.712515	0.020131	-0.033572	1.067504	1.040652
26.721889	0.023484	-0.036940	1.262203	1.255497
26.731266	0.020131	-0.040293	1.403198	1.480415
26.740641	0.016779	-0.043646	1.503915	1.715392
26.750015	0.006706	-0.043646	1.581118	1.953736
26.759390	0.000000	-0.050366	1.631469	2.185374
26.768764	0.000000	-0.053719	1.648262	2.376720
26.778139	0.003353	-0.060439	1.611337	2.507642
26.787516	0.006706	-0.067145	1.507267	2.544567
26.796890	0.006706	-0.073865	1.336053	2.474070
26.806265	0.010058	-0.073865	1.104429	2.312928
26.815639	0.016779	-0.073865	0.849307	2.098083
26.825014	0.023484	-0.073865	0.607595	1.866460
26.834391	0.033557	-0.070497	0.396118	1.628116
26.843765	0.033557	-0.063792	0.218198	1.386419
26.853140	0.030205	-0.057071	0.077203	1.117855
26.862514	0.026852	-0.050366	-0.036940	0.815734
26.871889	0.026852	-0.040293	-0.137642	0.490114
26.881266	0.030205	-0.030220	-0.224918	0.154406
26.890640	0.033557	-0.023499	-0.308841	-0.171214
26.900015	0.036925	-0.016794	-0.389412	-0.480056
26.909389	0.036925	-0.016794	-0.473335	-0.768751
26.918764	0.040278	-0.013441	-0.574052	-1.027241
26.928139	0.040278	-0.010073	-0.684828	-1.235366
26.937515	0.043631	-0.003368	-0.788897	-1.376361
26.946890	0.046983	0.000000	-0.852674	-1.433432
26.956264	0.050351	0.000000	-0.842601	-1.406565
26.965639	0.046983	-0.003368	-0.741899	-1.309216
26.975014	0.043631	-0.010073	-0.570685	-1.158163
26.984390	0.033557	-0.010073	-0.349134	-0.980243
26.993765	0.026852	-0.010073	-0.114143	-0.795603
27.003139	0.020131	-0.010073	0.104055	-0.604257
27.012514	0.016779	-0.013441	0.298768	-0.399485
27.021889	0.013426	-0.016794	0.466615	-0.181288
27.031265	0.006706	-0.023499	0.627741	0.040278
27.040640	0.003353	-0.030220	0.792235	0.278622
27.050014	0.003353	-0.036940	0.950009	0.540465
27.059389	0.000000	-0.040293	1.077577	0.842586
27.068764	0.000000	-0.046998	1.164854	1.171574
27.078138	0.000000	-0.050366	1.225278	1.490474
27.087515	-0.003368	-0.053719	1.285702	1.772463
27.096889	-0.010073	-0.057071	1.379699	2.007455
27.106264	-0.016794	-0.060439	1.456916	2.188727
27.115639	-0.020146	-0.067145	1.503915	2.312928
27.125013	-0.020146	-0.070497	1.507267	2.376720
27.134390	-0.016794	-0.073865	1.460269	2.363294
27.143764	-0.013441	-0.080571	1.389772	2.265930
27.153139	-0.013441	-0.083938	1.325995	2.067879
27.162514	-0.013441	-0.083938	1.292422	1.785889
27.171888	-0.016794	-0.073865	1.282349	1.456916
27.181263	-0.016794	-0.067145	1.278996	1.134649
27.190639	-0.016794	-0.060439	1.268923	0.845939
27.200014	-0.016794	-0.053719	1.242071	0.590816
27.209389	-0.020146	-0.053719	1.205131	0.372618
27.218763	-0.023499	-0.050366	1.148075	0.174552
27.228138	-0.023499	-0.046998	1.057431	-0.013441
27.237514	-0.016794	-0.040293	0.913084	-0.201419
27.246889	-0.010073	-0.036940	0.721738	-0.369266
27.256264	-0.003368	-0.033572	0.490114	-0.490129
27.265638	0.000000	-0.033572	0.251770	-0.530407
27.275013	0.006706	-0.033572	0.050351	-0.483409
27.284389	0.010058	-0.033572	-0.060439	-0.372633
27.293764	0.013426	-0.036940	-0.073865	-0.214845
27.303139	0.010058	-0.040293	-0.013441	-0.010073
27.312513	0.003353	-0.046998	0.060424	0.238329
27.321888	-0.003368	-0.050366	0.097349	0.523672
27.331263	-0.010073	-0.057071	0.070482	0.829160
27.340639	-0.016794	-0.063792	-0.013441	1.127928
27.350014	-0.020146	-0.067145	-0.107422	1.396492
27.359388	-0.020146	-0.070497	-0.174567	1.618043
27.368763	-0.016794	-0.077218	-0.198066	1.779184
27.378138	-0.013441	-0.083938	-0.174567	1.879886
27.387514	-0.010073	-0.090644	-0.097364	1.936957
27.396889	-0.010073	-0.093997	0.040278	1.963809
27.406263	-0.010073	-0.093997	0.234976	1.963809
27.415638	-0.013441	-0.097364	0.463247	1.930237
27.425013	-0.016794	-0.097364	0.674739	1.849666
27.434389	-0.020146	-0.093997	0.822440	1.715392
27.443764	-0.023499	-0.090644	0.882864	1.534119
27.453138	-0.026867	-0.087291	0.859380	1.315922
27.462513	-0.036940	-0.080571	0.778809	1.067504
27.471888	-0.040293	-0.077218	0.671387	0.795588
27.481262	-0.040293	-0.073865	0.560597	0.510246
27.490639	-0.040293	-0.067145	0.466615	0.194699
27.500013	-0.043646	-0.057071	0.412896	-0.134289
27.509388	-0.046998	-0.046998	0.412896	-0.446483
27.518763	-0.050366	-0.036940	0.459895	-0.711679
27.528137	-0.053719	-0.026867	0.520319	-0.906378
27.537514	-0.046998	-0.020146	0.547171	-1.027241
27.546888	-0.036940	-0.013441	0.516966	-1.080945
27.556263	-0.026867	-0.013441	0.426322	-1.080945
27.565638	-0.023499	-0.010073	0.295401	-1.047373
27.575012	-0.026867	-0.013441	0.151053	-0.993669
27.584387	-0.033572	-0.016794	0.010058	-0.919819
27.593763	-0.036940	-0.020146	-0.110790	-0.802323
27.603138	-0.036940	-0.026867	-0.201419	-0.557259
27.612513	-0.036940	-0.036940	-0.251785	-0.265211
27.621887	-0.036940	-0.050366	-0.251785	0.093982
27.631262	-0.036940	-0.060439	-0.204787	0.490114
27.640638	-0.040293	-0.070497	-0.127569	0.879511
27.650013	-0.043646	-0.073865	-0.040293	1.225278
27.659388	-0.046998	-0.080571	0.046983	1.517341
27.668762	-0.046998	-0.083938	0.134274	1.745611
27.678137	-0.043646	-0.090644	0.218198	1.893312
27.687513	-0.046998	-0.090644	0.298768	1.947030
27.696888	-0.050366	-0.087291	0.375971	1.910105
27.706263	-0.053719	-0.083938	0.466615	1.809388
27.715637	-0.060439	-0.080571	0.580743	1.695260
27.725012	-0.060439	-0.080571	0.711665	1.597896
27.734386	-0.060439	-0.080571	0.856012	1.537472
27.743763	-0.063792	-0.083938	1.003727	1.497194
27.753138	-0.067145	-0.083938	1.148075	1.436770
27.762512	-0.070497	-0.080571	1.278996	1.329347
27.771887	-0.070497	-0.073865	1.386419	1.158148
27.781261	-0.067145	-0.067145	1.443475	0.939935
27.790638	-0.057071	-0.057071	1.419976	0.698239
27.800013	-0.046998	-0.046998	1.299128	0.456542
27.809387	-0.040293	-0.036940	1.084283	0.231624
27.818762	-0.036940	-0.030220	0.809014	0.050351
27.828136	-0.030220	-0.026867	0.523672	-0.046998
27.837511	-0.013441	-0.023499	0.271901	-0.036940
27.846888	0.006706	-0.023499	0.073850	0.090629
27.856262	0.020131	-0.026867	-0.077218	0.302121
27.865637	0.030205	-0.033572	-0.208139	0.547171
27.875011	0.030205	-0.043646	-0.349134	0.772089
27.884386	0.020131	-0.050366	-0.496835	0.916436
27.893763	0.010058	-0.057071	-0.627756	0.970155
27.903137	0.003353	-0.057071	-0.725105	0.946656
27.912512	0.000000	-0.057071	-0.782177	0.896305
27.921886	0.003353	-0.057071	-0.798956	0.856012
27.931261	0.006706	-0.057071	-0.788897	0.839233
27.940638	0.006706	-0.060439	-0.748605	0.859380
27.950012	0.000000	-0.063792	-0.661328	0.916436
27.959387	-0.006720	-0.063792	-0.523686	0.997007
27.968761	-0.006720	-0.063792	-0.335708	1.074225
27.978136	-0.006720	-0.067145	-0.110790	1.107782
27.987511	-0.010073	-0.067145	0.120848	1.064152
27.996887	-0.016794	-0.067145	0.332326	0.936583
28.006262	-0.023499	-0.063792	0.516966	0.738516
28.015636	-0.033572	-0.060439	0.678092	0.493467
28.025011	-0.036940	-0.053719	0.825807	0.228271
28.034386	-0.036940	-0.043646	0.973508	-0.033572
28.043762	-0.033572	-0.033572	1.117855	-0.268564
28.053137	-0.026867	-0.026867	1.248777	-0.469983
28.062511	-0.023499	-0.026867	1.332700	-0.607610
28.071886	-0.026867	-0.026867	1.352847	-0.661328
28.081261	-0.030220	-0.026867	1.312554	-0.634477
28.090637	-0.030220	-0.030220	1.218572	-0.563979
28.100012	-0.030220	-0.030220	1.091003	-0.503555
28.109386	-0.030220	-0.030220	0.946656	-0.486761
28.118761	-0.030220	-0.026867	0.785515	-0.493482
28.128136	-0.030220	-0.030220	0.594169	-0.483409
28.137510	-0.026867	-0.036940	0.362545	-0.409558
28.146887	-0.020146	-0.040293	0.093982	-0.261843
28.156261	-0.010073	-0.040293	-0.177920	-0.057071
28.165636	0.000000	-0.043646	-0.426337	0.174552
28.175011	0.010058	-0.046998	-0.614330	0.419617
28.184385	0.013426	-0.057071	-0.741899	0.678092
28.193762	0.013426	-0.067145	-0.805676	0.956729
28.203136	0.013426	-0.077218	-0.812396	1.211852
28.212511	0.016779	-0.077218	-0.765398	1.413271
28.221886	0.013426	-0.080571	-0.651255	1.527399
28.231260	0.010058	-0.080571	-0.463262	1.557618
28.240635	-0.003368	-0.080571	-0.184640	1.534119
28.250011	-0.020146	-0.083938	0.164479	1.483768
28.259386	-0.030220	-0.087291	0.523672	1.440123
28.268761	-0.030220	-0.087291	0.835881	1.403198
28.278135	-0.023499	-0.083938	1.070857	1.366273
28.287510	-0.020146	-0.083938	1.228631	1.329347
28.296886	-0.023499	-0.077218	1.339421	1.275629
28.306261	-0.026867	-0.073865	1.426697	1.191705
28.315636	-0.030220	-0.070497	1.507267	1.111150
28.325010	-0.036940	-0.070497	1.584470	1.003727
28.334385	-0.040293	-0.070497	1.644894	0.859380
28.343761	-0.040293	-0.063792	1.668394	0.691518
28.353136	-0.040293	-0.063792	1.648262	0.520319
28.362511	-0.040293	-0.067145	1.577765	0.382692
28.371885	-0.043646	-0.070497	1.453549	0.302121
28.381260	-0.040293	-0.073865	1.268923	0.271901
28.390635	-0.033572	-0.077218	1.027226	0.275269
28.400011	-0.026867	-0.077218	0.745237	0.308827
28.409386	-0.020146	-0.077218	0.453174	0.359192
28.418760	-0.016794	-0.077218	0.174552	0.433043
28.428135	-0.016794	-0.077218	-0.067145	0.530392
28.437510	-0.016794	-0.077218	-0.271916	0.624388
28.446886	-0.016794	-0.073865	-0.436410	0.684813
28.456261	-0.016794	-0.067145	-0.553906	0.678092
28.465635	-0.016794	-0.060439	-0.617683	0.600889
28.475010	-0.020146	-0.050366	-0.651255	0.493467
28.484385	-0.026867	-0.046998	-0.681475	0.409544
28.493759	-0.030220	-0.046998	-0.725105	0.386044
28.503136	-0.023499	-0.053719	-0.785530	0.433043
28.512510	-0.010073	-0.060439	-0.839248	0.527039
28.521885	0.000000	-0.063792	-0.849321	0.641167
28.531260	0.000000	-0.067145	-0.795603	0.758663
28.540634	-0.006720	-0.067145	-0.671402	0.882864
28.550011	-0.016794	-0.070497	-0.493482	1.010433
28.559385	-0.026867	-0.077218	-0.281990	1.131281
28.568760	-0.030220	-0.080571	-0.046998	1.235351
28.578135	-0.033572	-0.080571	0.204772	1.295775
28.587509	-0.036940	-0.077218	0.466615	1.325995
28.596886	-0.043646	-0.080571	0.725091	1.325995
28.606260	-0.050366	-0.083938	0.963435	1.312554
28.615635	-0.053719	-0.087291	1.185000	1.289070
28.625010	-0.057071	-0.087291	1.369625	1.258850
28.634384	-0.057071	-0.090644	1.524046	1.215205
28.643759	-0.057071	-0.090644	1.634821	1.148075
28.653135	-0.053719	-0.083938	1.698613	1.033932
28.662510	-0.053719	-0.080571	1.715392	0.872806
28.671885	-0.057071	-0.077218	1.708686	0.657961
28.681259	-0.060439	-0.073865	1.688540	0.402823
28.690634	-0.060439	-0.067145	1.651615	0.130907
28.700010	-0.050366	-0.057071	1.587838	-0.120863
28.709385	-0.043646	-0.053719	1.477048	-0.302136
28.718760	-0.040293	-0.050366	1.305848	-0.399485
28.728134	-0.043646	-0.046998	1.077577	-0.406206
28.737509	-0.046998	-0.046998	0.805661	-0.352487
28.746885	-0.040293	-0.050366	0.439748	-0.248417
28.756260	-0.030220	-0.053719	0.164479	-0.107422
28.765635	-0.023499	-0.060439	-0.057071	0.060424
28.775009	-0.020146	-0.063792	-0.208139	0.228271
28.784384	-0.020146	-0.067145	-0.278637	0.375971
28.793758	-0.026867	-0.067145	-0.268564	0.490114
28.803135	-0.030220	-0.070497	-0.214845	0.567317
28.812510	-0.030220	-0.077218	-0.137642	0.624388
28.821884	-0.030220	-0.083938	-0.030220	0.661314
28.831259	-0.033572	-0.087291	0.077203	0.681460
28.840633	-0.043646	-0.087291	0.208125	0.668019
28.850010	-0.053719	-0.087291	0.365898	0.614315
28.859385	-0.060439	-0.080571	0.533745	0.480041
28.868759	-0.060439	-0.073865	0.701591	0.352472
28.878134	-0.057071	-0.070497	0.866085	0.231624
28.887508	-0.057071	-0.070497	1.033932	0.130907
28.896883	-0.060439	-0.070497	1.208499	0.046983
28.906260	-0.070497	-0.067145	1.383051	-0.023499
28.915634	-0.080571	-0.063792	1.530766	-0.080571
28.925009	-0.087291	-0.060439	1.631469	-0.130922
28.934383	-0.090644	-0.060439	1.661688	-0.177920
28.943758	-0.083938	-0.063792	1.611337	-0.224918
28.953135	-0.077218	-0.063792	1.500547	-0.271916
28.962509	-0.073865	-0.063792	1.369625	-0.302136
28.971884	-0.077218	-0.060439	1.235351	-0.298783
28.981258	-0.073865	-0.060439	1.097709	-0.255138
28.990633	-0.063792	-0.060439	0.953361	-0.171214
29.000010	-0.050366	-0.063792	0.795588	-0.050366
29.009384	-0.036940	-0.063792	0.631094	0.087276
29.018759	-0.026867	-0.063792	0.469968	0.241697
29.028133	-0.023499	-0.063792	0.318900	0.419617
29.037508	-0.023499	-0.067145	0.187978	0.631094
29.046883	-0.026867	-0.070497	0.083923	0.859380
29.056259	-0.030220	-0.073865	0.000000	1.077577
29.065634	-0.030220	-0.073865	-0.057071	1.268923
29.075008	-0.033572	-0.077218	-0.080571	1.426697
29.084383	-0.036940	-0.080571	-0.060439	1.554266
29.093758	-0.046998	-0.083938	0.023484	1.651615
29.103134	-0.057071	-0.087291	0.167847	1.718760
29.112509	-0.067145	-0.093997	0.342399	1.745611
29.121883	-0.067145	-0.104070	0.516966	1.728818
29.131258	-0.063792	-0.110790	0.661314	1.658320
29.140633	-0.060439	-0.114143	0.762016	1.554266
29.150009	-0.057071	-0.114143	0.822440	1.430050
29.159384	-0.057071	-0.107422	0.849307	1.309201
29.168758	-0.063792	-0.104070	0.856012	1.191705
29.178133	-0.070497	-0.093997	0.862733	1.027226
29.187508	-0.073865	-0.083938	0.869438	0.866085
29.196882	-0.070497	-0.073865	0.876158	0.681460
29.206259	-0.063792	-0.063792	0.892937	0.480041
29.215633	-0.060439	-0.057071	0.943303	0.275269
29.225008	-0.063792	-0.053719	1.030579	0.093982
29.234383	-0.070497	-0.050366	1.124576	-0.040293
29.243757	-0.070497	-0.050366	1.168206	-0.117496
29.253134	-0.063792	-0.050366	1.117855	-0.130922
29.262508	-0.053719	-0.053719	0.963435	-0.100717
29.271883	-0.046998	-0.057071	0.741884	-0.050366
29.281258	-0.040293	-0.060439	0.506893	-0.006720
29.290632	-0.036940	-0.067145	0.325620	0.036925
29.300007	-0.030220	-0.073865	0.241697	0.080556
29.309383	-0.023499	-0.077218	0.258476	0.127554
29.318758	-0.016794	-0.077218	0.352472	0.181273
29.328133	-0.013441	-0.077218	0.476673	0.245050
29.337507	-0.020146	-0.080571	0.590816	0.318900
29.346882	-0.030220	-0.087291	0.691518	0.416249
29.356258	-0.043646	-0.087291	0.785515	0.547171
29.365633	-0.057071	-0.087291	0.879511	0.731811
29.375008	-0.060439	-0.090644	0.963435	0.970155
29.384382	-0.063792	-0.097364	1.007080	1.221925
29.393757	-0.060439	-0.100717	0.993654	1.440123
29.403133	-0.060439	-0.107422	0.936583	1.597896
29.412508	-0.053719	-0.110790	0.852659	1.691893
29.421883	-0.046998	-0.110790	0.758663	1.728818
29.431257	-0.040293	-0.110790	0.678092	1.738891
29.440632	-0.040293	-0.114143	0.610963	1.728818
29.450006	-0.036940	-0.117496	0.533745	1.695260
29.459383	-0.036940	-0.117496	0.436395	1.631469
29.468758	-0.033572	-0.120863	0.332326	1.530766
29.478132	-0.033572	-0.120863	0.251770	1.379699
29.487507	-0.040293	-0.117496	0.228271	1.181647
29.496881	-0.046998	-0.110790	0.265196	0.950009
29.506258	-0.057071	-0.104070	0.332326	0.691518
29.515633	-0.067145	-0.100717	0.399470	0.416249
29.525007	-0.073865	-0.093997	0.459895	0.144348
29.534382	-0.080571	-0.093997	0.516966	-0.110790
29.543756	-0.080571	-0.090644	0.577390	-0.332341
29.553131	-0.077218	-0.087291	0.651240	-0.500187
29.562508	-0.073865	-0.087291	0.721738	-0.594184
29.571882	-0.070497	-0.087291	0.758663	-0.614330
29.581257	-0.070497	-0.087291	0.751957	-0.550553
29.590631	-0.067145	-0.087291	0.704959	-0.406206
29.600006	-0.067145	-0.090644	0.644535	-0.194713
29.609383	-0.070497	-0.097364	0.594169	0.057057
29.618757	-0.077218	-0.100717	0.550538	0.325620
29.628132	-0.077218	-0.107422	0.503540	0.600889
29.637506	-0.077218	-0.114143	0.433043	0.879511
29.646881	-0.070497	-0.117496	0.342399	1.158148
29.656258	-0.070497	-0.120863	0.251770	1.430050
29.665632	-0.067145	-0.127569	0.187978	1.668394
29.675007	-0.060439	-0.130922	0.157773	1.839608
29.684381	-0.053719	-0.134289	0.164479	1.923531
29.693756	-0.050366	-0.134289	0.201404	1.933604
29.703131	-0.053719	-0.134289	0.275269	1.889959
29.712507	-0.060439	-0.130922	0.389397	1.812741
29.721882	-0.067145	-0.127569	0.547171	1.691893
29.731256	-0.073865	-0.120863	0.731811	1.490474
29.740631	-0.083938	-0.110790	0.929862	1.191705
29.750006	-0.090644	-0.100717	1.107782	0.812382
29.759382	-0.090644	-0.090644	1.228631	0.429690
29.768757	-0.090644	-0.087291	1.292422	0.104055
29.778131	-0.090644	-0.083938	1.295775	-0.130922
29.787506	-0.090644	-0.080571	1.242071	-0.292063
29.796881	-0.093997	-0.077218	1.131281	-0.436410
29.806257	-0.093997	-0.073865	0.970155	-0.597551
29.815632	-0.090644	-0.073865	0.782162	-0.782177
29.825006	-0.083938	-0.073865	0.617668	-0.963449
29.834381	-0.080571	-0.067145	0.530392	-1.107797
29.843756	-0.083938	-0.063792	0.537112	-1.161516
29.853130	-0.087291	-0.063792	0.610963	-1.121223
29.862507	-0.093997	-0.063792	0.701591	-1.007095
29.871881	-0.100717	-0.063792	0.765383	-0.852674
29.881256	-0.107422	-0.063792	0.762016	-0.678107
29.890631	-0.104070	-0.067145	0.704959	-0.490129
29.900005	-0.100717	-0.070497	0.627741	-0.298783
29.909382	-0.093997	-0.077218	0.584096	-0.120863
29.918756	-0.093997	-0.080571	0.597537	0.030205
29.928131	-0.093997	-0.080571	0.664666	0.144348
29.937506	-0.100717	-0.080571	0.755310	0.211477
29.946880	-0.110790	-0.077218	0.856012	0.238329
29.956255	-0.117496	-0.073865	0.963435	0.241697
29.965631	-0.120863	-0.073865	1.080930	0.251770
29.975006	-0.124216	-0.073865	1.221925	0.312194
29.984381	-0.127569	-0.080571	1.369625	0.436395
29.993755	-0.124216	-0.083938	1.477048	0.604242
30.003130	-0.120863	-0.090644	1.507267	0.782162
30.012506	-0.110790	-0.093997	1.446843	0.926509
30.021881	-0.104070	-0.100717	1.325995	1.020506
30.031256	-0.100717	-0.104070	1.191705	1.047358
30.040630	-0.100717	-0.107422	1.084283	1.013786
30.050005	-0.100717	-0.107422	1.007080	0.929862
30.059381	-0.104070	-0.104070	0.946656	0.819087
30.068756	-0.104070	-0.107422	0.876158	0.704959
30.078131	-0.100717	-0.107422	0.792235	0.607595
30.087505	-0.097364	-0.107422	0.684813	0.533745
30.096880	-0.093997	-0.104070	0.570670	0.493467
30.106255	-0.090644	-0.104070	0.456542	0.493467
30.115631	-0.090644	-0.100717	0.325620	0.527039
30.125006	-0.087291	-0.097364	0.177905	0.574037
30.134380	-0.073865	-0.093997	0.010058	0.614315
30.143755	-0.060439	-0.090644	-0.134289	0.637814
30.153130	-0.050366	-0.090644	-0.204787	0.621036
30.162506	-0.050366	-0.090644	-0.187993	0.580743
30.171881	-0.057071	-0.093997	-0.100717	0.540465
30.181255	-0.063792	-0.100717	0.026852	0.543818
30.190630	-0.073865	-0.110790	0.164479	0.604242
30.200005	-0.080571	-0.114143	0.295401	0.718385
30.209381	-0.083938	-0.120863	0.422969	0.859380
30.218756	-0.090644	-0.127569	0.567317	1.030579
30.228130	-0.100717	-0.137642	0.751957	1.231998
30.237505	-0.107422	-0.140995	0.963435	1.470342
30.246880	-0.110790	-0.140995	1.181647	1.732185
30.256254	-0.107422	-0.137642	1.383051	1.977235
30.265631	-0.104070	-0.137642	1.560971	2.145082
30.275005	-0.100717	-0.134289	1.715392	2.192080
30.284380	-0.100717	-0.134289	1.846313	2.121583
30.293755	-0.104070	-0.130922	1.950383	1.980588
30.303129	-0.110790	-0.127569	2.027586	1.832888
30.312506	-0.114143	-0.120863	2.064511	1.718760
30.321880	-0.117496	-0.124216	2.061158	1.648262
30.331255	-0.117496	-0.130922	2.010808	1.594543
30.340630	-0.117496	-0.134289	1.906738	1.537472
30.350004	-0.117496	-0.134289	1.759037	1.470342
30.359379	-0.117496	-0.134289	1.587838	1.403198
30.368755	-0.117496	-0.134289	1.393124	1.336053
30.378130	-0.107422	-0.134289	1.181647	1.255497
30.387505	-0.097364	-0.137642	0.963435	1.141354
30.396879	-0.087291	-0.134289	0.741884	0.993654
30.406254	-0.080571	-0.130922	0.520319	0.822440
30.415630	-0.080571	-0.124216	0.305474	0.647888
30.425005	-0.080571	-0.117496	0.083923	0.493467
30.434380	-0.070497	-0.114143	-0.140995	0.372618
30.443754	-0.060439	-0.114143	-0.359207	0.298768
30.453129	-0.053719	-0.117496	-0.543833	0.315547
30.462505	-0.050366	-0.117496	-0.671402	0.392750
30.471880	-0.057071	-0.117496	-0.715032	0.503540
30.481255	-0.060439	-0.117496	-0.671402	0.610963
30.490629	-0.060439	-0.114143	-0.547186	0.694886
30.500004	-0.063792	-0.110790	-0.379339	0.751957
30.509378	-0.067145	-0.110790	-0.187993	0.795588
30.518755	-0.073865	-0.110790	0.006706	0.842586
30.528130	-0.080571	-0.114143	0.214845	0.899658
30.537504	-0.087291	-0.114143	0.446469	0.963435
30.546879	-0.093997	-0.110790	0.701591	1.020506
30.556253	-0.100717	-0.107422	0.963435	1.064152
30.565630	-0.100717	-0.107422	1.198426	1.117855
30.575005	-0.093997	-0.114143	1.403198	1.201779
30.584379	-0.093997	-0.117496	1.604617	1.309201
30.593754	-0.100717	-0.117496	1.816109	1.383051
30.603128	-0.107422	-0.114143	2.007455	1.386419
30.612503	-0.110790	-0.107422	2.128303	1.289070
30.621880	-0.107422	-0.104070	2.128303	1.121208
30.631254	-0.104070	-0.100717	1.940310	0.939935
30.640629	-0.097364	-0.104070	1.665041	0.792235
30.650003	-0.090644	-0.100717	1.339421	0.701591
30.659378	-0.090644	-0.100717	1.013786	0.661314
30.668755	-0.083938	-0.097364	0.688165	0.661314
30.678129	-0.073865	-0.097364	0.355825	0.684813
30.687504	-0.060439	-0.100717	0.003353	0.731811
30.696878	-0.050366	-0.104070	-0.362560	0.812382
30.706253	-0.046998	-0.110790	-0.701606	0.906363
30.715630	-0.043646	-0.114143	-0.980243	0.973508
30.725004	-0.040293	-0.110790	-1.188368	0.976861
30.734379	-0.033572	-0.104070	-1.342788	0.906363
30.743753	-0.026867	-0.100717	-1.466990	0.792235
30.753128	-0.020146	-0.093997	-1.564354	0.674739
30.762503	-0.020146	-0.090644	-1.607984	0.580743
30.771879	-0.020146	-0.087291	-1.564354	0.527039
30.781254	-0.026867	-0.083938	-1.413286	0.493467
30.790628	-0.036940	-0.080571	-1.154795	0.449821
30.800003	-0.050366	-0.073865	-0.819102	0.392750
30.809378	-0.057071	-0.073865	-0.453189	0.345752
30.818754	-0.063792	-0.080571	-0.077218	0.328973
30.828129	-0.070497	-0.090644	0.308827	0.335693
30.837503	-0.077218	-0.097364	0.708312	0.362545
30.846878	-0.087291	-0.107422	1.114503	0.386044
30.856253	-0.100717	-0.107422	1.490474	0.386044
30.865629	-0.114143	-0.107422	1.809388	0.372618
30.875004	-0.120863	-0.107422	2.064511	0.345752
30.884378	-0.127569	-0.107422	2.282724	0.302121
30.893753	-0.134289	-0.100717	2.497569	0.238329
30.903128	-0.140995	-0.093997	2.702341	0.164479
30.912502	-0.151068	-0.080571	2.873540	0.093982
30.921879	-0.157788	-0.070497	2.957463	0.060424
30.931253	-0.157788	-0.063792	2.933964	0.080556
30.940628	-0.151068	-0.063792	2.809763	0.147700
30.950003	-0.144362	-0.070497	2.621770	0.238329
30.959377	-0.137642	-0.077218	2.373353	0.328973
30.968754	-0.134289	-0.083938	2.051085	0.419617
30.978128	-0.130922	-0.093997	1.634821	0.506893
30.987503	-0.120863	-0.097364	1.144707	0.580743
30.996878	-0.110790	-0.100717	0.631094	0.624388
31.006252	-0.100717	-0.104070	0.154406	0.634462
31.015627	-0.087291	-0.104070	-0.258490	0.600889
31.025003	-0.077218	-0.100717	-0.604257	0.547171
31.034378	-0.070497	-0.097364	-0.903025	0.493467
31.043753	-0.063792	-0.093997	-1.164868	0.459895
31.053127	-0.060439	-0.090644	-1.352862	0.446469
31.062502	-0.060439	-0.090644	-1.446858	0.456542
31.071878	-0.063792	-0.093997	-1.433432	0.473320
31.081253	-0.070497	-0.093997	-1.332715	0.490114
31.090628	-0.080571	-0.097364	-1.164868	0.500172
31.100002	-0.087291	-0.093997	-0.953376	0.496820
31.109377	-0.093997	-0.090644	-0.681475	0.483394
31.118753	-0.097364	-0.090644	-0.342414	0.459895
31.128128	-0.104070	-0.087291	0.070482	0.422969
31.137503	-0.107422	-0.083938	0.533745	0.386044
31.146877	-0.114143	-0.080571	1.013786	0.362545
31.156252	-0.120863	-0.077218	1.460269	0.359192
31.165627	-0.130922	-0.077218	1.842961	0.399470
31.175003	-0.134289	-0.080571	2.161875	0.490114
31.184378	-0.140995	-0.087291	2.433777	0.617668
31.193752	-0.144362	-0.093997	2.668768	0.751957
31.203127	-0.147715	-0.100717	2.876908	0.862733
31.212502	-0.147715	-0.100717	3.038034	0.919804
31.221878	-0.144362	-0.100717	3.135383	0.909731
31.231253	-0.140995	-0.097364	3.148809	0.842586
31.240627	-0.137642	-0.100717	3.081679	0.731811
31.250002	-0.134289	-0.100717	2.923891	0.597537
31.259377	-0.134289	-0.097364	2.675488	0.473320
31.268753	-0.137642	-0.097364	2.329722	0.372618
31.278128	-0.137642	-0.097364	1.893312	0.315547
31.287502	-0.130922	-0.097364	1.399845	0.312194
31.296877	-0.124216	-0.100717	0.896305	0.352472
31.306252	-0.114143	-0.100717	0.429690	0.416249
31.315626	-0.104070	-0.104070	0.026852	0.469968
31.325003	-0.093997	-0.104070	-0.312209	0.490114
31.334377	-0.090644	-0.104070	-0.607610	0.476673
31.343752	-0.083938	-0.104070	-0.866100	0.439748
31.353127	-0.077218	-0.100717	-1.101092	0.396118
31.362501	-0.073865	-0.100717	-1.309216	0.362545
31.371878	-0.067145	-0.104070	-1.493856	0.328973
31.381252	-0.067145	-0.100717	-1.661703	0.298768
31.390627	-0.063792	-0.097364	-1.795977	0.281975
31.400002	-0.063792	-0.093997	-1.879901	0.312194
31.409376	-0.063792	-0.090644	-1.876548	0.409544
31.418751	-0.063792	-0.090644	-1.762405	0.567317
31.428127	-0.063792	-0.097364	-1.534134	0.755310
31.437502	-0.067145	-0.104070	-1.191720	0.923157
31.446877	-0.070497	-0.104070	-0.778824	1.030579
31.456251	-0.073865	-0.100717	-0.342414	1.074225
31.465626	-0.077218	-0.104070	0.077203	1.094356
31.475002	-0.083938	-0.110790	0.449821	1.117855
31.484377	-0.087291	-0.120863	0.765383	1.154780
31.493752	-0.090644	-0.134289	1.027226	1.215205
31.503126	-0.097364	-0.144362	1.258850	1.282349
31.512501	-0.104070	-0.147715	1.507267	1.349494
31.521877	-0.107422	-0.144362	1.792610	1.403198
31.531252	-0.110790	-0.140995	2.118230	1.456916
31.540627	-0.117496	-0.140995	2.447218	1.507267
31.550001	-0.124216	-0.140995	2.722487	1.530766
31.559376	-0.130922	-0.140995	2.903759	1.510620
31.568750	-0.134289	-0.140995	2.977610	1.446843
31.578127	-0.140995	-0.137642	2.944037	1.349494
31.587502	-0.144362	-0.134289	2.799690	1.245424
31.596876	-0.147715	-0.130922	2.554640	1.154780
31.606251	-0.144362	-0.134289	2.222300	1.087651
31.615625	-0.137642	-0.134289	1.812741	1.033932
31.625002	-0.130922	-0.137642	1.356199	0.990286
31.634377	-0.124216	-0.140995	0.876158	0.936583
31.643751	-0.117496	-0.140995	0.392750	0.862733
31.653126	-0.107422	-0.137642	-0.063792	0.762016
31.662500	-0.093997	-0.130922	-0.459909	0.654593
31.671875	-0.083938	-0.124216	-0.758678	0.547171
31.681252	-0.077218	-0.117496	-0.929877	0.446469
31.690626	-0.077218	-0.114143	-0.973523	0.355825
31.700001	-0.077218	-0.114143	-0.926524	0.295401
31.709375	-0.080571	-0.117496	-0.842601	0.292048
31.718750	-0.080571	-0.124216	-0.755325	0.355825
31.728127	-0.080571	-0.130922	-0.678107	0.496820
31.737501	-0.083938	-0.137642	-0.587478	0.715017
31.746876	-0.087291	-0.144362	-0.443131	0.973508
31.756250	-0.093997	-0.147715	-0.228286	1.225278
31.765625	-0.100717	-0.151068	0.053704	1.413271
31.775002	-0.107422	-0.151068	0.386044	1.513973
31.784376	-0.114143	-0.147715	0.731811	1.550898
31.793751	-0.120863	-0.151068	1.057431	1.567692
31.803125	-0.127569	-0.151068	1.362920	1.581118
31.812500	-0.134289	-0.151068	1.631469	1.604617
31.821875	-0.137642	-0.151068	1.849666	1.638189
31.831251	-0.140995	-0.154421	1.990661	1.671761
31.840626	-0.140995	-0.157788	2.020881	1.695260
31.850000	-0.140995	-0.157788	1.963809	1.695260
31.859375	-0.137642	-0.157788	1.859739	1.661688
31.868750	-0.134289	-0.154421	1.755685	1.587838
31.878126	-0.130922	-0.147715	1.688540	1.413271
31.887501	-0.124216	-0.140995	1.651615	1.208499
31.896875	-0.120863	-0.134289	1.621395	0.953361
31.906250	-0.117496	-0.127569	1.554266	0.674739
31.915625	-0.114143	-0.120863	1.426697	0.412896
31.925001	-0.110790	-0.110790	1.248777	0.194699
31.934376	-0.107422	-0.104070	1.033932	0.050351
31.943750	-0.107422	-0.104070	0.798941	-0.023499
31.953125	-0.104070	-0.100717	0.550538	-0.060439
31.962500	-0.104070	-0.097364	0.302121	-0.087291
31.971874	-0.100717	-0.097364	0.087276	-0.120863
31.981251	-0.104070	-0.097364	-0.067145	-0.154421
31.990625	-0.104070	-0.100717	-0.151068	-0.174567
