25.020113	0.194699	0.668019	-20.658688	-21.095097
25.029482	0.194699	0.668019	-20.662054	-21.098450
25.038851	0.194699	0.664666	-20.662054	-21.101803
25.048220	0.194699	0.664666	-20.655334	-21.105171
25.057589	0.191346	0.668019	-20.648613	-21.105171
25.066957	0.187978	0.668019	-20.645260	-21.108522
25.076326	0.184625	0.668019	-20.648613	-21.101803
25.085695	0.184625	0.668019	-20.651981	-21.098450
25.095064	0.184625	0.664666	-20.651981	-21.095097
25.104433	0.181273	0.664666	-20.655334	-21.095097
25.113802	0.181273	0.664666	-20.658688	-21.105171
25.123171	0.181273	0.668019	-20.662054	-21.111876
25.132542	0.181273	0.671387	-20.665407	-21.118597
25.141911	0.177905	0.674739	-20.672113	-21.115244
25.151279	0.181273	0.678092	-20.675480	-21.108522
25.160648	0.181273	0.678092	-20.672113	-21.101803
25.170017	0.184625	0.678092	-20.672113	-21.095097
25.179386	0.184625	0.674739	-20.672113	-21.091743
25.188755	0.187978	0.668019	-20.672113	-21.091743
25.198124	0.187978	0.664666	-20.675480	-21.088377
25.207493	0.187978	0.664666	-20.682186	-21.085024
25.216862	0.187978	0.664666	-20.685555	-21.081671
25.226231	0.187978	0.664666	-20.685555	-21.085024
25.235600	0.187978	0.664666	-20.678833	-21.095097
25.244968	0.187978	0.664666	-20.668760	-21.101803
25.254337	0.187978	0.668019	-20.658688	-21.091743
25.263706	0.187978	0.664666	-20.662054	-21.078304
25.273075	0.187978	0.664666	-20.665407	-21.074951
25.282444	0.191346	0.661314	-20.668760	-21.088377
25.291813	0.194699	0.661314	-20.665407	-21.101803
25.301182	0.198051	0.664666	-20.662054	-21.111876
25.310551	0.201404	0.661314	-20.662054	-21.108522
25.319920	0.204772	0.661314	-20.672113	-21.105171
25.329288	0.208125	0.664666	-20.682186	-21.108522
25.338657	0.208125	0.668019	-20.685555	-21.111876
25.348026	0.208125	0.668019	-20.682186	-21.118597
25.357397	0.204772	0.668019	-20.675480	-21.128670
25.366766	0.204772	0.668019	-20.675480	-21.135374
25.376135	0.204772	0.664666	-20.682186	-21.132023
25.385504	0.208125	0.657961	-20.688906	-21.125301
25.394873	0.208125	0.654593	-20.688906	-21.118597
25.404242	0.211477	0.651240	-20.685555	-21.115244
25.413610	0.218198	0.647888	-20.675480	-21.111876
25.422979	0.218198	0.647888	-20.665407	-21.111876
25.432348	0.221550	0.647888	-20.665407	-21.108522
25.441717	0.221550	0.647888	-20.678833	-21.105171
25.451086	0.224903	0.647888	-20.685555	-21.115244
25.460455	0.228271	0.644535	-20.682186	-21.118597
25.469824	0.231624	0.644535	-20.665407	-21.118597
25.479193	0.231624	0.644535	-20.655334	-21.111876
25.488562	0.234976	0.644535	-20.655334	-21.101803
25.497931	0.234976	0.647888	-20.668760	-21.098450
25.507299	0.234976	0.647888	-20.678833	-21.101803
25.516668	0.238329	0.651240	-20.682186	-21.115244
25.526037	0.241697	0.654593	-20.678833	-21.121948
25.535406	0.245050	0.657961	-20.682186	-21.118597
25.544775	0.241697	0.657961	-20.685555	-21.108522
25.554144	0.241697	0.661314	-20.692259	-21.098450
25.563513	0.241697	0.661314	-20.692259	-21.095097
25.572882	0.241697	0.664666	-20.688906	-21.095097
25.582253	0.241697	0.664666	-20.688906	-21.101803
25.591621	0.241697	0.664666	-20.692259	-21.108522
25.600990	0.238329	0.661314	-20.695612	-21.108522
25.610359	0.234976	0.657961	-20.698980	-21.108522
25.619728	0.231624	0.654593	-20.702332	-21.108522
25.629097	0.228271	0.651240	-20.709053	-21.108522
25.638466	0.228271	0.647888	-20.709053	-21.101803
25.647835	0.228271	0.644535	-20.705685	-21.091743
25.657204	0.231624	0.644535	-20.702332	-21.085024
25.666573	0.234976	0.644535	-20.702332	-21.088377
25.675941	0.238329	0.644535	-20.702332	-21.098450
25.685310	0.241697	0.644535	-20.705685	-21.105171
25.694679	0.245050	0.644535	-20.709053	-21.101803
25.704048	0.248402	0.641167	-20.715757	-21.095097
25.713417	0.251770	0.641167	-20.719110	-21.091743
25.722786	0.251770	0.644535	-20.712406	-21.085024
25.732155	0.248402	0.644535	-20.702332	-21.085024
25.741524	0.245050	0.647888	-20.705685	-21.081671
25.750893	0.241697	0.651240	-20.725832	-21.085024
25.760262	0.241697	0.651240	-20.742611	-21.085024
25.769630	0.245050	0.647888	-20.745977	-21.085024
25.778999	0.251770	0.647888	-20.732536	-21.085024
25.788368	0.251770	0.647888	-20.719110	-21.088377
25.797737	0.251770	0.647888	-20.719110	-21.088377
25.807106	0.251770	0.647888	-20.729183	-21.085024
25.816477	0.248402	0.647888	-20.742611	-21.081671
25.825846	0.245050	0.647888	-20.745977	-21.081671
25.835215	0.245050	0.647888	-20.739258	-21.081671
25.844584	0.248402	0.647888	-20.732536	-21.088377
25.853952	0.251770	0.647888	-20.732536	-21.091743
25.863321	0.255123	0.651240	-20.739258	-21.095097
25.872690	0.255123	0.651240	-20.745977	-21.091743
25.882059	0.255123	0.651240	-20.745977	-21.085024
25.891428	0.255123	0.651240	-20.729183	-21.081671
25.900797	0.258476	0.651240	-20.705685	-21.081671
25.910166	0.265196	0.647888	-20.692259	-21.078304
25.919535	0.268549	0.651240	-20.702332	-21.074951
25.928904	0.271901	0.651240	-20.719110	-21.078304
25.938272	0.271901	0.654593	-20.722479	-21.081671
25.947641	0.271901	0.657961	-20.712406	-21.081671
25.957010	0.271901	0.661314	-20.698980	-21.081671
25.966379	0.271901	0.661314	-20.695612	-21.074951
25.975748	0.275269	0.664666	-20.705685	-21.071598
25.985117	0.281975	0.668019	-20.719110	-21.071598
25.994486	0.281975	0.674739	-20.725832	-21.068245
26.003855	0.281975	0.674739	-20.725832	-21.068245
26.013224	0.281975	0.674739	-20.712406	-21.068245
26.022593	0.278622	0.674739	-20.709053	-21.068245
26.031961	0.278622	0.671387	-20.712406	-21.068245
26.041332	0.278622	0.664666	-20.722479	-21.061525
26.050701	0.278622	0.664666	-20.732536	-21.058172
26.060070	0.278622	0.661314	-20.739258	-21.058172
26.069439	0.281975	0.661314	-20.735905	-21.058172
26.078808	0.281975	0.657961	-20.729183	-21.058172
26.088177	0.281975	0.657961	-20.725832	-21.061525
26.097546	0.281975	0.657961	-20.735905	-21.061525
26.106915	0.281975	0.661314	-20.749331	-21.061525
26.116283	0.281975	0.664666	-20.752684	-21.058172
26.125652	0.278622	0.668019	-20.745977	-21.058172
26.135021	0.278622	0.671387	-20.732536	-21.061525
26.144390	0.275269	0.668019	-20.725832	-21.068245
26.153759	0.275269	0.664666	-20.725832	-21.068245
26.163128	0.275269	0.654593	-20.735905	-21.068245
26.172497	0.278622	0.647888	-20.745977	-21.068245
26.181866	0.278622	0.644535	-20.749331	-21.071598
26.191235	0.278622	0.641167	-20.742611	-21.078304
26.200603	0.275269	0.641167	-20.732536	-21.074951
26.209972	0.275269	0.641167	-20.722479	-21.071598
26.219341	0.271901	0.641167	-20.725832	-21.068245
26.228710	0.268549	0.641167	-20.739258	-21.071598
26.238079	0.268549	0.641167	-20.749331	-21.085024
26.247448	0.265196	0.641167	-20.752684	-21.095097
26.256817	0.265196	0.641167	-20.749331	-21.101803
26.266188	0.271901	0.637814	-20.745977	-21.108522
26.275557	0.275269	0.637814	-20.752684	-21.111876
26.284925	0.281975	0.634462	-20.759403	-21.108522
26.294294	0.285327	0.631094	-20.762756	-21.101803
26.303663	0.288695	0.627741	-20.756037	-21.091743
26.313032	0.288695	0.627741	-20.745977	-21.088377
26.322401	0.285327	0.627741	-20.742611	-21.095097
26.331770	0.285327	0.627741	-20.745977	-21.101803
26.341139	0.285327	0.627741	-20.752684	-21.105171
26.350508	0.288695	0.631094	-20.766109	-21.108522
26.359877	0.288695	0.634462	-20.769478	-21.108522
26.369246	0.292048	0.634462	-20.766109	-21.111876
26.378614	0.295401	0.634462	-20.752684	-21.115244
26.387983	0.295401	0.637814	-20.749331	-21.115244
26.397352	0.295401	0.637814	-20.756037	-21.118597
26.406721	0.292048	0.634462	-20.769478	-21.125301
26.416090	0.292048	0.634462	-20.779535	-21.132023
26.425459	0.288695	0.634462	-20.786255	-21.135374
26.434828	0.292048	0.634462	-20.786255	-21.135374
26.444197	0.292048	0.634462	-20.779535	-21.135374
26.453566	0.298768	0.631094	-20.776182	-21.135374
26.462934	0.302121	0.624388	-20.776182	-21.132023
26.472303	0.305474	0.621036	-20.776182	-21.125301
26.481672	0.305474	0.614315	-20.779535	-21.125301
26.491043	0.305474	0.610963	-20.776182	-21.132023
26.500412	0.305474	0.607595	-20.766109	-21.138742
26.509781	0.305474	0.610963	-20.759403	-21.138742
26.519150	0.305474	0.610963	-20.762756	-21.135374
26.528519	0.305474	0.610963	-20.769478	-21.128670
26.537888	0.302121	0.610963	-20.776182	-21.128670
26.547256	0.298768	0.610963	-20.776182	-21.125301
26.556625	0.298768	0.614315	-20.766109	-21.121948
26.565994	0.298768	0.614315	-20.762756	-21.118597
26.575363	0.295401	0.617668	-20.766109	-21.115244
26.584732	0.298768	0.617668	-20.776182	-21.115244
26.594101	0.302121	0.617668	-20.782904	-21.118597
26.603470	0.305474	0.617668	-20.776182	-21.118597
26.612839	0.308827	0.617668	-20.762756	-21.118597
26.622208	0.308827	0.621036	-20.756037	-21.121948
26.631577	0.308827	0.621036	-20.759403	-21.121948
26.640945	0.308827	0.621036	-20.772829	-21.111876
26.650314	0.312194	0.621036	-20.786255	-21.105171
26.659683	0.312194	0.617668	-20.792976	-21.101803
26.669052	0.308827	0.617668	-20.789608	-21.101803
26.678421	0.308827	0.621036	-20.776182	-21.101803
26.687790	0.312194	0.624388	-20.766109	-21.095097
26.697159	0.315547	0.627741	-20.762756	-21.081671
26.706528	0.322267	0.627741	-20.766109	-21.078304
26.715899	0.325620	0.631094	-20.766109	-21.081671
26.725267	0.325620	0.631094	-20.762756	-21.088377
26.734636	0.328973	0.631094	-20.759403	-21.095097
26.744005	0.328973	0.631094	-20.759403	-21.101803
26.753374	0.328973	0.631094	-20.766109	-21.105171
26.762743	0.325620	0.631094	-20.772829	-21.098450
26.772112	0.325620	0.627741	-20.776182	-21.088377
26.781481	0.325620	0.624388	-20.776182	-21.081671
26.790850	0.322267	0.621036	-20.772829	-21.078304
26.800219	0.322267	0.621036	-20.769478	-21.081671
26.809587	0.325620	0.624388	-20.762756	-21.085024
26.818956	0.325620	0.624388	-20.759403	-21.085024
26.828325	0.325620	0.624388	-20.759403	-21.085024
26.837694	0.322267	0.627741	-20.759403	-21.091743
26.847063	0.325620	0.627741	-20.749331	-21.098450
26.856432	0.328973	0.627741	-20.729183	-21.105171
26.865801	0.335693	0.627741	-20.715757	-21.101803
26.875170	0.339046	0.627741	-20.719110	-21.091743
26.884539	0.339046	0.624388	-20.729183	-21.078304
26.893908	0.335693	0.627741	-20.739258	-21.074951
26.903276	0.335693	0.634462	-20.745977	-21.074951
26.912645	0.335693	0.637814	-20.742611	-21.085024
26.922014	0.332326	0.634462	-20.742611	-21.095097
26.931383	0.335693	0.627741	-20.742611	-21.098450
26.940754	0.335693	0.617668	-20.742611	-21.091743
26.950123	0.339046	0.610963	-20.742611	-21.081671
26.959492	0.339046	0.607595	-20.745977	-21.071598
26.968861	0.339046	0.607595	-20.749331	-21.074951
26.978230	0.335693	0.610963	-20.752684	-21.081671
26.987598	0.328973	0.610963	-20.752684	-21.078304
26.996967	0.325620	0.614315	-20.756037	-21.068245
27.006336	0.318900	0.617668	-20.759403	-21.061525
27.015705	0.315547	0.617668	-20.766109	-21.064877
27.025074	0.315547	0.617668	-20.769478	-21.074951
27.034443	0.318900	0.614315	-20.769478	-21.085024
27.043812	0.322267	0.614315	-20.759403	-21.091743
27.053181	0.322267	0.614315	-20.756037	-21.098450
27.062550	0.325620	0.614315	-20.756037	-21.101803
27.071918	0.325620	0.617668	-20.766109	-21.105171
27.081287	0.328973	0.621036	-20.772829	-21.108522
27.090656	0.332326	0.621036	-20.776182	-21.111876
27.100025	0.335693	0.617668	-20.769478	-21.115244
27.109394	0.332326	0.614315	-20.762756	-21.111876
27.118763	0.328973	0.610963	-20.766109	-21.105171
27.128132	0.325620	0.610963	-20.779535	-21.098450
27.137501	0.325620	0.614315	-20.796329	-21.101803
27.146870	0.318900	0.614315	-20.806402	-21.108522
27.156239	0.312194	0.610963	-20.806402	-21.111876
27.165609	0.308827	0.607595	-20.799681	-21.111876
27.174978	0.308827	0.604242	-20.796329	-21.105171
27.184347	0.308827	0.604242	-20.796329	-21.098450
27.193716	0.312194	0.604242	-20.796329	-21.098450
27.203085	0.308827	0.604242	-20.803034	-21.098450
27.212454	0.302121	0.604242	-20.809755	-21.098450
27.221823	0.295401	0.604242	-20.813107	-21.098450
27.231192	0.285327	0.604242	-20.813107	-21.095097
27.240561	0.275269	0.607595	-20.813107	-21.088377
27.249929	0.271901	0.607595	-20.823181	-21.078304
27.259298	0.271901	0.604242	-20.829901	-21.074951
27.268667	0.278622	0.604242	-20.836607	-21.081671
27.278036	0.281975	0.604242	-20.839960	-21.095097
27.287405	0.292048	0.607595	-20.843327	-21.101803
27.296774	0.295401	0.607595	-20.853401	-21.098450
27.306143	0.302121	0.610963	-20.860106	-21.098450
27.315512	0.308827	0.617668	-20.866827	-21.098450
27.324881	0.315547	0.621036	-20.863459	-21.105171
27.334249	0.315547	0.621036	-20.850033	-21.111876
27.343618	0.312194	0.617668	-20.839960	-21.108522
27.352987	0.308827	0.614315	-20.839960	-21.105171
27.362356	0.305474	0.614315	-20.843327	-21.098450
27.371725	0.302121	0.610963	-20.843327	-21.091743
27.381094	0.298768	0.607595	-20.843327	-21.088377
27.390465	0.295401	0.604242	-20.843327	-21.085024
27.399834	0.295401	0.600889	-20.846680	-21.088377
27.409203	0.295401	0.600889	-20.843327	-21.095097
27.418571	0.295401	0.604242	-20.836607	-21.091743
27.427940	0.302121	0.604242	-20.833254	-21.078304
27.437309	0.302121	0.604242	-20.836607	-21.071598
27.446678	0.302121	0.600889	-20.846680	-21.064877
27.456047	0.305474	0.597537	-20.850033	-21.064877
27.465416	0.308827	0.597537	-20.846680	-21.068245
27.474785	0.312194	0.597537	-20.836607	-21.074951
27.484154	0.315547	0.600889	-20.833254	-21.081671
27.493523	0.318900	0.600889	-20.829901	-21.078304
27.502892	0.315547	0.600889	-20.826534	-21.074951
27.512260	0.312194	0.597537	-20.823181	-21.074951
27.521629	0.302121	0.597537	-20.819828	-21.081671
27.530998	0.292048	0.600889	-20.819828	-21.091743
27.540367	0.288695	0.600889	-20.823181	-21.091743
27.549736	0.285327	0.600889	-20.826534	-21.081671
27.559105	0.288695	0.604242	-20.829901	-21.071598
27.568474	0.292048	0.604242	-20.833254	-21.078304
27.577843	0.295401	0.607595	-20.829901	-21.088377
27.587212	0.298768	0.604242	-20.826534	-21.095097
27.596581	0.298768	0.604242	-20.823181	-21.085024
27.605949	0.298768	0.597537	-20.826534	-21.074951
27.615320	0.298768	0.590816	-20.829901	-21.068245
27.624689	0.302121	0.587463	-20.836607	-21.071598
27.634058	0.308827	0.590816	-20.836607	-21.085024
27.643427	0.312194	0.590816	-20.836607	-21.098450
27.652796	0.315547	0.590816	-20.839960	-21.108522
27.662165	0.315547	0.587463	-20.846680	-21.115244
27.671534	0.312194	0.584096	-20.846680	-21.118597
27.680902	0.308827	0.580743	-20.843327	-21.115244
27.690271	0.305474	0.570670	-20.843327	-21.111876
27.699640	0.302121	0.563964	-20.839960	-21.118597
27.709009	0.298768	0.560597	-20.836607	-21.128670
27.718378	0.298768	0.557244	-20.833254	-21.132023
27.727747	0.298768	0.557244	-20.836607	-21.111876
27.737116	0.298768	0.557244	-20.843327	-21.095097
27.746485	0.298768	0.557244	-20.846680	-21.085024
27.755854	0.295401	0.560597	-20.843327	-21.088377
27.765223	0.292048	0.560597	-20.843327	-21.091743
27.774591	0.288695	0.563964	-20.853401	-21.081671
27.783960	0.281975	0.567317	-20.866827	-21.068245
27.793329	0.275269	0.574037	-20.873531	-21.058172
27.802698	0.271901	0.577390	-20.876900	-21.061525
27.812067	0.275269	0.577390	-20.873531	-21.061525
27.821436	0.275269	0.580743	-20.863459	-21.064877
27.830805	0.281975	0.587463	-20.860106	-21.068245
27.840176	0.285327	0.587463	-20.863459	-21.061525
27.849545	0.288695	0.587463	-20.870178	-21.044746
27.858913	0.292048	0.587463	-20.870178	-21.038025
27.868282	0.292048	0.587463	-20.866827	-21.048100
27.877651	0.295401	0.590816	-20.866827	-21.071598
27.887020	0.298768	0.597537	-20.866827	-21.081671
27.896389	0.302121	0.597537	-20.873531	-21.071598
27.905758	0.302121	0.600889	-20.880253	-21.054804
27.915127	0.305474	0.597537	-20.883604	-21.041378
27.924496	0.305474	0.597537	-20.883604	-21.044746
27.933865	0.305474	0.597537	-20.883604	-21.058172
27.943233	0.302121	0.597537	-20.883604	-21.068245
27.952602	0.302121	0.597537	-20.886957	-21.071598
27.961971	0.298768	0.600889	-20.893679	-21.068245
27.971340	0.295401	0.600889	-20.897030	-21.061525
27.980709	0.292048	0.600889	-20.890326	-21.051451
27.990078	0.292048	0.600889	-20.890326	-21.051451
27.999447	0.295401	0.600889	-20.900398	-21.058172
28.008816	0.295401	0.600889	-20.910458	-21.068245
28.018185	0.295401	0.604242	-20.917177	-21.074951
28.027554	0.295401	0.604242	-20.913824	-21.071598
28.036922	0.295401	0.600889	-20.907104	-21.071598
28.046291	0.295401	0.597537	-20.900398	-21.071598
28.055660	0.305474	0.594169	-20.900398	-21.071598
28.065031	0.318900	0.594169	-20.903751	-21.071598
28.074400	0.325620	0.594169	-20.903751	-21.064877
28.083769	0.332326	0.594169	-20.900398	-21.058172
28.093138	0.335693	0.597537	-20.897030	-21.051451
28.102507	0.339046	0.597537	-20.893679	-21.048100
28.111876	0.339046	0.597537	-20.890326	-21.048100
28.121244	0.339046	0.594169	-20.893679	-21.054804
28.130613	0.335693	0.594169	-20.897030	-21.064877
28.139982	0.332326	0.590816	-20.893679	-21.064877
28.149351	0.332326	0.587463	-20.883604	-21.054804
28.158720	0.335693	0.584096	-20.873531	-21.041378
28.168089	0.339046	0.584096	-20.870178	-21.041378
28.177458	0.345752	0.584096	-20.873531	-21.054804
28.186827	0.352472	0.584096	-20.876900	-21.071598
28.196196	0.352472	0.584096	-20.873531	-21.074951
28.205564	0.352472	0.584096	-20.863459	-21.064877
28.214933	0.349119	0.580743	-20.853401	-21.048100
28.224302	0.349119	0.580743	-20.846680	-21.041378
28.233671	0.342399	0.580743	-20.850033	-21.048100
28.243040	0.335693	0.580743	-20.850033	-21.061525
28.252409	0.328973	0.580743	-20.853401	-21.068245
28.261778	0.325620	0.580743	-20.863459	-21.061525
28.271147	0.332326	0.580743	-20.873531	-21.048100
28.280516	0.339046	0.580743	-20.880253	-21.041378
28.289886	0.339046	0.584096	-20.883604	-21.048100
28.299255	0.339046	0.580743	-20.880253	-21.061525
28.308624	0.339046	0.580743	-20.873531	-21.068245
28.317993	0.335693	0.577390	-20.866827	-21.058172
28.327362	0.332326	0.574037	-20.866827	-21.041378
28.336731	0.328973	0.570670	-20.870178	-21.031321
28.346100	0.325620	0.567317	-20.870178	-21.038025
28.355469	0.325620	0.567317	-20.870178	-21.054804
28.364838	0.325620	0.563964	-20.866827	-21.068245
28.374207	0.328973	0.563964	-20.860106	-21.064877
28.383575	0.328973	0.563964	-20.853401	-21.054804
28.392944	0.328973	0.560597	-20.856752	-21.041378
28.402313	0.328973	0.553891	-20.866827	-21.038025
28.411682	0.332326	0.547171	-20.873531	-21.044746
28.421051	0.332326	0.547171	-20.876900	-21.054804
28.430420	0.339046	0.547171	-20.873531	-21.061525
28.439789	0.339046	0.547171	-20.870178	-21.061525
28.449158	0.335693	0.547171	-20.863459	-21.054804
28.458527	0.332326	0.543818	-20.860106	-21.044746
28.467896	0.328973	0.543818	-20.856752	-21.044746
28.477264	0.325620	0.540465	-20.860106	-21.058172
28.486633	0.325620	0.540465	-20.866827	-21.071598
28.496002	0.325620	0.540465	-20.870178	-21.071598
28.505371	0.322267	0.537112	-20.866827	-21.061525
28.514742	0.322267	0.530392	-20.866827	-21.048100
28.524111	0.325620	0.527039	-20.870178	-21.048100
28.533480	0.328973	0.523672	-20.870178	-21.058172
28.542849	0.332326	0.520319	-20.873531	-21.071598
28.552217	0.335693	0.516966	-20.870178	-21.074951
28.561586	0.335693	0.516966	-20.866827	-21.068245
28.570955	0.339046	0.513613	-20.863459	-21.058172
28.580324	0.339046	0.510246	-20.863459	-21.054804
28.589693	0.339046	0.503540	-20.876900	-21.058172
28.599062	0.339046	0.496820	-20.897030	-21.068245
28.608431	0.339046	0.490114	-20.907104	-21.078304
28.617800	0.335693	0.483394	-20.903751	-21.078304
28.627169	0.335693	0.476673	-20.897030	-21.064877
28.636538	0.335693	0.473320	-20.893679	-21.048100
28.645906	0.335693	0.466615	-20.897030	-21.044746
28.655275	0.335693	0.459895	-20.903751	-21.051451
28.664644	0.335693	0.453174	-20.903751	-21.064877
28.674013	0.335693	0.443116	-20.897030	-21.071598
28.683382	0.335693	0.436395	-20.890326	-21.064877
28.692751	0.339046	0.426322	-20.893679	-21.054804
28.702120	0.342399	0.416249	-20.900398	-21.051451
28.711489	0.339046	0.406191	-20.900398	-21.054804
28.720858	0.335693	0.392750	-20.897030	-21.061525
28.730227	0.335693	0.379324	-20.893679	-21.064877
28.739597	0.335693	0.365898	-20.886957	-21.061525
28.748966	0.339046	0.352472	-20.880253	-21.054804
28.758335	0.345752	0.339046	-20.873531	-21.048100
28.767704	0.349119	0.322267	-20.876900	-21.044746
28.777073	0.352472	0.302121	-20.880253	-21.044746
28.786442	0.352472	0.278622	-20.886957	-21.048100
28.795811	0.345752	0.251770	-20.886957	-21.051451
28.805180	0.339046	0.221550	-20.883604	-21.044746
28.814548	0.332326	0.191346	-20.880253	-21.031321
28.823917	0.328973	0.154406	-20.880253	-21.021248
28.833286	0.332326	0.114128	-20.886957	-21.021248
28.842655	0.335693	0.073850	-20.890326	-21.024599
28.852024	0.339046	0.033557	-20.883604	-21.024599
28.861393	0.335693	-0.013441	-20.873531	-21.014526
28.870762	0.328973	-0.063792	-20.866827	-20.997747
28.880131	0.322267	-0.114143	-20.870178	-20.984322
28.889500	0.318900	-0.167862	-20.873531	-20.974249
28.898869	0.315547	-0.221565	-20.876900	-20.967527
28.908237	0.312194	-0.271916	-20.873531	-20.964176
28.917606	0.308827	-0.315562	-20.870178	-20.960823
28.926975	0.305474	-0.345767	-20.870178	-20.954102
28.936344	0.302121	-0.365913	-20.873531	-20.940676
28.945713	0.302121	-0.372633	-20.876900	-20.933956
28.955082	0.298768	-0.369266	-20.876900	-20.933956
28.964453	0.298768	-0.355840	-20.870178	-20.944029
28.973822	0.295401	-0.332341	-20.863459	-20.950750
28.983191	0.292048	-0.298783	-20.856752	-20.950750
28.992559	0.288695	-0.255138	-20.853401	-20.947382
29.001928	0.285327	-0.201419	-20.856752	-20.950750
29.011297	0.278622	-0.140995	-20.860106	-20.960823
29.020666	0.265196	-0.070497	-20.866827	-20.977602
29.030035	0.251770	0.000000	-20.870178	-21.001101
29.039404	0.241697	0.070482	-20.866827	-21.021248
29.048773	0.234976	0.137627	-20.860106	-21.031321
29.058142	0.231624	0.198051	-20.860106	-21.031321
29.067511	0.221550	0.245050	-20.863459	-21.031321
29.076880	0.214845	0.278622	-20.870178	-21.034674
29.086248	0.204772	0.305474	-20.866827	-21.041378
29.095617	0.191346	0.328973	-20.856752	-21.048100
29.104986	0.171199	0.345752	-20.846680	-21.048100
29.114355	0.154406	0.362545	-20.846680	-21.038025
29.123724	0.134274	0.372618	-20.853401	-21.027952
29.133093	0.110775	0.382692	-20.860106	-21.027952
29.142462	0.083923	0.392750	-20.860106	-21.034674
29.151831	0.057057	0.406191	-20.856752	-21.044746
29.161200	0.030205	0.416249	-20.850033	-21.051451
29.170568	0.003353	0.426322	-20.853401	-21.051451
29.179937	-0.030220	0.436395	-20.853401	-21.044746
29.189308	-0.070497	0.443116	-20.846680	-21.034674
29.198677	-0.114143	0.446469	-20.833254	-21.031321
29.208046	-0.161141	0.453174	-20.823181	-21.038025
29.217415	-0.208139	0.456542	-20.819828	-21.048100
29.226784	-0.261843	0.459895	-20.823181	-21.051451
29.236153	-0.315562	0.466615	-20.833254	-21.044746
29.245522	-0.372633	0.473320	-20.836607	-21.034674
29.254890	-0.426337	0.476673	-20.836607	-21.027952
29.264259	-0.473335	0.480041	-20.829901	-21.034674
29.273628	-0.510260	0.483394	-20.823181	-21.048100
29.282997	-0.537112	0.486746	-20.819828	-21.054804
29.292366	-0.557259	0.486746	-20.823181	-21.048100
29.301735	-0.563979	0.490114	-20.829901	-21.034674
29.311104	-0.563979	0.493467	-20.833254	-21.027952
29.320473	-0.553906	0.496820	-20.833254	-21.038025
29.329842	-0.533760	0.500172	-20.829901	-21.054804
29.339211	-0.503555	0.503540	-20.829901	-21.068245
29.348579	-0.453189	0.503540	-20.836607	-21.064877
29.357948	-0.389412	0.506893	-20.836607	-21.048100
29.367317	-0.308841	0.506893	-20.833254	-21.034674
29.376686	-0.228286	0.506893	-20.829901	-21.031321
29.386055	-0.147715	0.510246	-20.829901	-21.041378
29.395424	-0.070497	0.510246	-20.843327	-21.058172
29.404793	-0.003368	0.513613	-20.860106	-21.064877
29.414164	0.046983	0.516966	-20.870178	-21.058172
29.423532	0.090629	0.520319	-20.873531	-21.038025
29.432901	0.124201	0.523672	-20.873531	-21.027952
29.442270	0.151053	0.527039	-20.876900	-21.034674
29.451639	0.174552	0.527039	-20.883604	-21.048100
29.461008	0.191346	0.527039	-20.886957	-21.061525
29.470377	0.208125	0.523672	-20.890326	-21.061525
29.479746	0.221550	0.523672	-20.890326	-21.051451
29.489115	0.231624	0.523672	-20.890326	-21.038025
29.498484	0.241697	0.523672	-20.890326	-21.034674
29.507853	0.255123	0.527039	-20.897030	-21.044746
29.517221	0.261828	0.530392	-20.900398	-21.058172
29.526590	0.268549	0.533745	-20.903751	-21.064877
29.535959	0.275269	0.540465	-20.903751	-21.054804
29.545328	0.281975	0.543818	-20.903751	-21.034674
29.554697	0.288695	0.547171	-20.903751	-21.024599
29.564066	0.298768	0.547171	-20.907104	-21.038025
29.573435	0.305474	0.547171	-20.910458	-21.058172
29.582804	0.315547	0.547171	-20.920530	-21.071598
29.592173	0.325620	0.547171	-20.923897	-21.064877
29.601542	0.335693	0.543818	-20.927250	-21.048100
29.610910	0.342399	0.543818	-20.927250	-21.038025
29.620279	0.345752	0.543818	-20.920530	-21.044746
29.629648	0.352472	0.543818	-20.917177	-21.061525
29.639019	0.355825	0.543818	-20.910458	-21.074951
29.648388	0.359192	0.543818	-20.907104	-21.071598
29.657757	0.359192	0.543818	-20.910458	-21.054804
29.667126	0.362545	0.547171	-20.917177	-21.038025
29.676495	0.362545	0.547171	-20.923897	-21.034674
29.685863	0.365898	0.550538	-20.923897	-21.041378
29.695232	0.372618	0.553891	-20.927250	-21.054804
29.704601	0.379324	0.553891	-20.930603	-21.054804
29.713970	0.382692	0.553891	-20.933956	-21.041378
29.723339	0.389397	0.553891	-20.933956	-21.024599
29.732708	0.389397	0.553891	-20.937325	-21.017879
29.742077	0.392750	0.553891	-20.937325	-21.024599
29.751446	0.389397	0.553891	-20.933956	-21.041378
29.760815	0.389397	0.553891	-20.930603	-21.048100
29.770184	0.389397	0.550538	-20.923897	-21.041378
29.779552	0.389397	0.550538	-20.920530	-21.027952
29.788921	0.392750	0.550538	-20.923897	-21.017879
29.798290	0.392750	0.553891	-20.930603	-21.021248
29.807659	0.396118	0.553891	-20.930603	-21.031321
29.817028	0.396118	0.560597	-20.927250	-21.041378
29.826397	0.399470	0.563964	-20.920530	-21.041378
29.835766	0.399470	0.567317	-20.923897	-21.031321
29.845135	0.402823	0.567317	-20.930603	-21.027952
29.854504	0.406191	0.563964	-20.937325	-21.031321
29.863874	0.409544	0.563964	-20.937325	-21.041378
29.873243	0.412896	0.567317	-20.930603	-21.048100
29.882612	0.416249	0.570670	-20.927250	-21.048100
29.891981	0.419617	0.567317	-20.927250	-21.038025
29.901350	0.422969	0.567317	-20.930603	-21.031321
29.910719	0.426322	0.563964	-20.937325	-21.027952
29.920088	0.429690	0.563964	-20.940676	-21.031321
29.929457	0.429690	0.563964	-20.940676	-21.034674
29.938826	0.426322	0.563964	-20.933956	-21.038025
29.948195	0.426322	0.563964	-20.933956	-21.031321
29.957563	0.426322	0.563964	-20.937325	-21.021248
29.966932	0.426322	0.560597	-20.944029	-21.014526
29.976301	0.426322	0.557244	-20.944029	-21.014526
29.985670	0.426322	0.557244	-20.933956	-21.021248
29.995039	0.429690	0.553891	-20.920530	-21.027952
30.004408	0.436395	0.553891	-20.917177	-21.031321
30.013777	0.436395	0.553891	-20.920530	-21.027952
30.023146	0.439748	0.553891	-20.930603	-21.027952
30.032515	0.439748	0.557244	-20.933956	-21.024599
30.041883	0.443116	0.563964	-20.933956	-21.031321
30.051252	0.443116	0.567317	-20.927250	-21.034674
30.060621	0.446469	0.570670	-20.923897	-21.034674
30.069990	0.449821	0.574037	-20.923897	-21.031321
30.079359	0.453174	0.574037	-20.927250	-21.027952
30.088730	0.456542	0.577390	-20.933956	-21.027952
30.098099	0.456542	0.577390	-20.940676	-21.027952
30.107468	0.456542	0.577390	-20.937325	-21.024599
30.116837	0.456542	0.577390	-20.930603	-21.024599
30.126205	0.456542	0.574037	-20.930603	-21.027952
30.135574	0.453174	0.574037	-20.937325	-21.031321
30.144943	0.453174	0.574037	-20.947382	-21.027952
30.154312	0.453174	0.574037	-20.947382	-21.027952
30.163681	0.456542	0.574037	-20.944029	-21.027952
30.173050	0.459895	0.574037	-20.937325	-21.034674
30.182419	0.459895	0.574037	-20.937325	-21.044746
30.191788	0.459895	0.574037	-20.937325	-21.044746
30.201157	0.463247	0.574037	-20.937325	-21.041378
30.210526	0.466615	0.570670	-20.937325	-21.027952
30.219894	0.466615	0.567317	-20.937325	-21.021248
30.229263	0.466615	0.563964	-20.937325	-21.024599
30.238632	0.469968	0.563964	-20.937325	-21.031321
30.248001	0.469968	0.560597	-20.930603	-21.038025
30.257370	0.473320	0.560597	-20.923897	-21.044746
30.266739	0.473320	0.563964	-20.927250	-21.044746
30.276108	0.476673	0.567317	-20.937325	-21.041378
30.285477	0.476673	0.570670	-20.940676	-21.038025
30.294846	0.473320	0.570670	-20.933956	-21.038025
30.304214	0.469968	0.574037	-20.930603	-21.041378
30.313585	0.466615	0.577390	-20.930603	-21.041378
30.322954	0.466615	0.577390	-20.933956	-21.041378
30.332323	0.469968	0.577390	-20.933956	-21.041378
30.341692	0.473320	0.577390	-20.930603	-21.041378
30.351061	0.473320	0.580743	-20.930603	-21.041378
30.360430	0.476673	0.584096	-20.930603	-21.048100
30.369799	0.480041	0.584096	-20.930603	-21.051451
30.379168	0.480041	0.584096	-20.930603	-21.054804
30.388536	0.480041	0.584096	-20.933956	-21.048100
30.397905	0.480041	0.584096	-20.937325	-21.041378
30.407274	0.476673	0.584096	-20.940676	-21.038025
30.416643	0.476673	0.580743	-20.937325	-21.041378
30.426012	0.476673	0.577390	-20.933956	-21.048100
30.435381	0.476673	0.574037	-20.937325	-21.051451
30.444750	0.476673	0.574037	-20.944029	-21.048100
30.454119	0.476673	0.574037	-20.947382	-21.041378
30.463488	0.476673	0.570670	-20.944029	-21.031321
30.472857	0.480041	0.567317	-20.937325	-21.024599
30.482225	0.483394	0.567317	-20.933956	-21.027952
30.491594	0.486746	0.570670	-20.933956	-21.038025
30.500963	0.490114	0.574037	-20.937325	-21.048100
30.510332	0.490114	0.577390	-20.940676	-21.048100
30.519701	0.490114	0.580743	-20.944029	-21.038025
30.529070	0.490114	0.580743	-20.944029	-21.024599
30.538441	0.490114	0.580743	-20.940676	-21.021248
30.547810	0.490114	0.577390	-20.940676	-21.024599
30.557178	0.490114	0.574037	-20.940676	-21.024599
30.566547	0.490114	0.574037	-20.947382	-21.017879
30.575916	0.490114	0.570670	-20.957455	-21.014526
30.585285	0.493467	0.567317	-20.960823	-21.014526
30.594654	0.496820	0.567317	-20.957455	-21.024599
30.604023	0.496820	0.567317	-20.954102	-21.031321
30.613392	0.496820	0.570670	-20.950750	-21.038025
30.622761	0.496820	0.574037	-20.954102	-21.034674
30.632130	0.496820	0.574037	-20.954102	-21.021248
30.641499	0.496820	0.574037	-20.950750	-21.007820
30.650867	0.493467	0.570670	-20.950750	-21.004454
30.660236	0.490114	0.567317	-20.947382	-21.011173
30.669605	0.490114	0.567317	-20.944029	-21.017879
30.678974	0.490114	0.563964	-20.944029	-21.017879
30.688343	0.490114	0.560597	-20.950750	-21.011173
30.697712	0.493467	0.560597	-20.954102	-21.004454
30.707081	0.496820	0.557244	-20.954102	-21.001101
30.716450	0.496820	0.557244	-20.954102	-21.007820
30.725819	0.500172	0.557244	-20.950750	-21.017879
30.735188	0.500172	0.560597	-20.950750	-21.027952
30.744556	0.500172	0.560597	-20.954102	-21.031321
30.753925	0.500172	0.560597	-20.954102	-21.031321
30.763296	0.500172	0.560597	-20.950750	-21.027952
30.772665	0.500172	0.560597	-20.947382	-21.021248
30.782034	0.500172	0.563964	-20.947382	-21.021248
30.791403	0.500172	0.563964	-20.950750	-21.021248
30.800772	0.500172	0.560597	-20.947382	-21.024599
30.810141	0.503540	0.560597	-20.944029	-21.024599
30.819510	0.503540	0.560597	-20.940676	-21.024599
30.828878	0.506893	0.563964	-20.940676	-21.017879
30.838247	0.506893	0.563964	-20.944029	-21.017879
30.847616	0.503540	0.567317	-20.944029	-21.017879
30.856985	0.503540	0.567317	-20.944029	-21.021248
30.866354	0.503540	0.570670	-20.944029	-21.021248
30.875723	0.503540	0.567317	-20.950750	-21.014526
30.885092	0.506893	0.567317	-20.954102	-21.007820
30.894461	0.510246	0.563964	-20.954102	-21.004454
30.903830	0.513613	0.563964	-20.950750	-21.007820
30.913198	0.513613	0.567317	-20.950750	-21.021248
30.922567	0.513613	0.570670	-20.954102	-21.031321
30.931936	0.513613	0.574037	-20.957455	-21.034674
30.941305	0.513613	0.574037	-20.960823	-21.024599
30.950674	0.510246	0.574037	-20.960823	-21.017879
30.960043	0.510246	0.574037	-20.957455	-21.017879
30.969412	0.510246	0.570670	-20.954102	-21.024599
30.978781	0.510246	0.567317	-20.947382	-21.031321
30.988152	0.513613	0.567317	-20.944029	-21.034674
30.997520	0.513613	0.567317	-20.950750	-21.031321
31.006889	0.516966	0.563964	-20.960823	-21.021248
31.016258	0.516966	0.560597	-20.964176	-21.021248
31.025627	0.516966	0.557244	-20.964176	-21.021248
31.034996	0.516966	0.553891	-20.957455	-21.024599
31.044365	0.516966	0.550538	-20.954102	-21.017879
31.053734	0.516966	0.550538	-20.954102	-21.011173
31.063103	0.513613	0.550538	-20.957455	-21.004454
31.072472	0.513613	0.553891	-20.957455	-21.004454
31.081841	0.513613	0.557244	-20.954102	-21.011173
31.091209	0.516966	0.560597	-20.947382	-21.021248
31.100578	0.520319	0.560597	-20.947382	-21.027952
31.109947	0.523672	0.557244	-20.954102	-21.017879
31.119316	0.523672	0.553891	-20.960823	-21.004454
31.128685	0.527039	0.553891	-20.964176	-20.997747
31.138054	0.530392	0.550538	-20.960823	-21.001101
31.147423	0.530392	0.550538	-20.954102	-21.011173
31.156792	0.527039	0.553891	-20.947382	-21.021248
31.166161	0.523672	0.553891	-20.954102	-21.021248
31.175529	0.520319	0.553891	-20.964176	-21.014526
31.184898	0.520319	0.553891	-20.974249	-21.007820
31.194267	0.520319	0.553891	-20.970881	-21.001101
31.203636	0.520319	0.553891	-20.964176	-20.997747
31.213007	0.520319	0.553891	-20.960823	-20.994381
31.222376	0.523672	0.550538	-20.960823	-20.994381
31.231745	0.523672	0.547171	-20.964176	-20.994381
31.241114	0.523672	0.550538	-20.967527	-20.997747
31.250483	0.523672	0.553891	-20.964176	-21.004454
31.259851	0.523672	0.560597	-20.957455	-21.011173
31.269220	0.523672	0.563964	-20.957455	-21.011173
31.278589	0.523672	0.563964	-20.960823	-21.007820
31.287958	0.520319	0.563964	-20.960823	-20.997747
31.297327	0.520319	0.560597	-20.964176	-20.994381
31.306696	0.520319	0.557244	-20.964176	-20.994381
31.316065	0.523672	0.553891	-20.964176	-20.997747
31.325434	0.523672	0.553891	-20.960823	-20.997747
31.334803	0.523672	0.557244	-20.964176	-20.997747
31.344172	0.520319	0.557244	-20.967527	-20.997747
31.353540	0.520319	0.557244	-20.977602	-21.004454
31.362909	0.520319	0.557244	-20.977602	-21.004454
31.372278	0.520319	0.557244	-20.977602	-20.997747
31.381647	0.523672	0.557244	-20.970881	-20.994381
31.391016	0.523672	0.557244	-20.967527	-20.994381
31.400385	0.523672	0.557244	-20.967527	-21.004454
31.409754	0.523672	0.557244	-20.974249	-21.011173
31.419123	0.523672	0.557244	-20.977602	-21.014526
31.428492	0.527039	0.557244	-20.977602	-21.007820
31.437862	0.527039	0.557244	-20.974249	-21.001101
31.447231	0.527039	0.553891	-20.970881	-20.997747
31.456600	0.530392	0.553891	-20.967527	-20.997747
31.465969	0.530392	0.557244	-20.967527	-21.001101
31.475338	0.530392	0.557244	-20.970881	-21.004454
31.484707	0.527039	0.557244	-20.974249	-21.007820
31.494076	0.527039	0.557244	-20.970881	-21.007820
31.503445	0.527039	0.557244	-20.964176	-21.007820
31.512814	0.533745	0.557244	-20.960823	-21.004454
31.522182	0.537112	0.553891	-20.964176	-21.004454
31.531551	0.543818	0.550538	-20.974249	-21.001101
31.540920	0.547171	0.547171	-20.974249	-20.997747
31.550289	0.547171	0.547171	-20.970881	-20.994381
31.559658	0.547171	0.547171	-20.970881	-20.994381
31.569027	0.543818	0.550538	-20.974249	-21.004454
31.578396	0.540465	0.557244	-20.980953	-21.017879
31.587765	0.537112	0.560597	-20.984322	-21.027952
31.597134	0.537112	0.560597	-20.984322	-21.024599
31.606503	0.537112	0.560597	-20.984322	-21.011173
31.615871	0.533745	0.560597	-20.984322	-20.997747
31.625240	0.530392	0.560597	-20.987675	-20.991028
31.634609	0.527039	0.560597	-20.991028	-20.994381
31.643978	0.527039	0.557244	-20.987675	-21.004454
31.653347	0.527039	0.553891	-20.980953	-21.014526
31.662718	0.527039	0.553891	-20.974249	-21.011173
31.672087	0.530392	0.550538	-20.970881	-21.004454
31.681456	0.530392	0.550538	-20.974249	-20.997747
31.690825	0.530392	0.550538	-20.977602	-20.994381
31.700193	0.530392	0.550538	-20.977602	-21.001101
31.709562	0.530392	0.550538	-20.977602	-21.004454
31.718931	0.533745	0.550538	-20.977602	-21.004454
31.728300	0.537112	0.553891	-20.984322	-21.004454
31.737669	0.537112	0.553891	-20.991028	-21.004454
31.747038	0.540465	0.550538	-20.994381	-21.011173
31.756407	0.543818	0.547171	-20.994381	-21.014526
31.765776	0.543818	0.547171	-20.994381	-21.007820
31.775145	0.543818	0.547171	-20.994381	-20.997747
31.784513	0.547171	0.543818	-20.994381	-20.991028
31.793882	0.547171	0.547171	-20.997747	-20.991028
31.803251	0.543818	0.547171	-20.997747	-20.997747
31.812620	0.543818	0.547171	-20.991028	-21.001101
31.821989	0.540465	0.550538	-20.991028	-21.004454
31.831358	0.537112	0.550538	-20.991028	-21.007820
31.840727	0.537112	0.550538	-20.997747	-21.007820
31.850096	0.537112	0.553891	-21.001101	-21.004454
31.859465	0.537112	0.553891	-20.994381	-20.997747
31.868834	0.540465	0.553891	-20.984322	-20.994381
31.878202	0.540465	0.550538	-20.980953	-20.994381
31.887573	0.543818	0.547171	-20.987675	-20.991028
31.896942	0.543818	0.543818	-20.997747	-20.987675
31.906311	0.547171	0.543818	-21.007820	-20.994381
31.915680	0.550538	0.543818	-21.011173	-21.001101
31.925049	0.550538	0.543818	-21.007820	-21.004454
31.934418	0.553891	0.543818	-21.001101	-21.004454
31.943787	0.553891	0.543818	-20.997747	-21.001101
31.953156	0.553891	0.543818	-20.997747	-21.004454
31.962524	0.553891	0.547171	-21.004454	-21.004454
31.971893	0.553891	0.550538	-21.011173	-21.007820
31.981262	0.553891	0.550538	-21.011173	-21.007820
31.990631	0.550538	0.547171	-21.011173	-21.007820
