22.510115	0.000000	0.006706	0.006706	0.013426
22.549194	0.000000	0.006706	0.006706	0.013426
22.588276	0.000000	0.006706	0.006706	0.013426
22.627357	0.000000	0.006706	0.000000	0.013426
22.666439	0.000000	0.006706	0.000000	0.013426
22.705521	0.000000	0.006706	-0.003368	0.013426
22.744602	0.003353	0.006706	-0.003368	0.013426
22.783682	0.003353	0.006706	-0.003368	0.013426
22.822763	0.003353	0.010058	-0.003368	0.013426
22.861845	0.003353	0.010058	0.000000	0.013426
22.900927	0.006706	0.010058	0.000000	0.013426
22.940008	0.006706	0.013426	0.000000	0.013426
22.979090	0.006706	0.016779	0.000000	0.013426
23.018169	0.006706	0.016779	0.000000	0.010058
23.057251	0.006706	0.020131	0.000000	0.010058
23.096333	0.006706	0.023484	0.003353	0.006706
23.135414	0.010058	0.026852	0.003353	0.006706
23.174496	0.010058	0.026852	0.000000	0.003353
23.213577	0.010058	0.030205	-0.003368	0.003353
23.252657	0.006706	0.030205	0.000000	0.003353
23.291739	0.010058	0.030205	0.000000	0.003353
23.330820	0.010058	0.033557	0.003353	0.006706
23.369902	0.010058	0.033557	0.003353	0.010058
23.408983	0.013426	0.036925	0.003353	0.013426
23.448065	0.013426	0.040278	0.003353	0.020131
23.487144	0.013426	0.043631	0.000000	0.023484
23.526226	0.016779	0.046983	-0.003368	0.026852
23.565308	0.016779	0.050351	-0.006720	0.030205
23.604389	0.020131	0.053704	-0.010073	0.030205
23.643471	0.020131	0.053704	-0.013441	0.030205
23.682550	0.023484	0.057057	-0.013441	0.026852
23.721632	0.026852	0.060424	-0.010073	0.020131
23.760714	0.026852	0.060424	-0.006720	0.016779
23.799795	0.026852	0.063777	-0.003368	0.010058
23.838877	0.030205	0.063777	-0.003368	0.006706
23.877958	0.030205	0.067130	0.000000	0.003353
23.917038	0.030205	0.067130	0.000000	0.000000
23.956120	0.030205	0.073850	0.000000	0.000000
23.995201	0.033557	0.077203	0.000000	0.000000
24.034283	0.033557	0.080556	0.000000	0.003353
24.073364	0.036925	0.083923	0.000000	0.006706
24.112446	0.040278	0.087276	0.000000	0.013426
24.151525	0.040278	0.090629	-0.003368	0.016779
24.190607	0.043631	0.093982	-0.003368	0.013426
24.229689	0.043631	0.100702	-0.006720	0.006706
24.268770	0.043631	0.104055	-0.003368	0.003353
24.307852	0.043631	0.114128	-0.003368	0.000000
24.346933	0.043631	0.120848	-0.006720	-0.003368
24.386013	0.046983	0.130907	-0.006720	-0.006720
24.425095	0.046983	0.137627	-0.010073	-0.006720
24.464176	0.050351	0.147700	-0.010073	-0.010073
24.503258	0.053704	0.154406	-0.010073	-0.013441
24.542339	0.057057	0.161126	-0.010073	-0.016794
24.581421	0.060424	0.171199	-0.010073	-0.016794
24.620501	0.060424	0.181273	-0.010073	-0.020146
24.659582	0.060424	0.191346	-0.006720	-0.020146
24.698664	0.063777	0.198051	-0.006720	-0.023499
24.737745	0.067130	0.208125	-0.003368	-0.023499
24.776827	0.070482	0.221550	-0.003368	-0.026867
24.815907	0.073850	0.231624	-0.006720	-0.030220
24.854988	0.077203	0.241697	-0.006720	-0.033572
24.894070	0.080556	0.251770	-0.010073	-0.036940
24.933151	0.080556	0.261828	-0.013441	-0.043646
24.972233	0.083923	0.275269	-0.016794	-0.050366
25.011314	0.087276	0.292048	-0.020146	-0.060439
25.050394	0.090629	0.312194	-0.023499	-0.067145
25.089476	0.093982	0.342399	-0.026867	-0.073865
25.128557	0.097349	0.375971	-0.026867	-0.077218
25.167639	0.100702	0.416249	-0.026867	-0.080571
25.206720	0.104055	0.466615	-0.026867	-0.083938
25.245802	0.107422	0.527039	-0.026867	-0.090644
25.284882	0.114128	0.597537	-0.026867	-0.093997
25.323963	0.117481	0.691518	-0.026867	-0.100717
25.363045	0.120848	0.805661	-0.023499	-0.114143
25.402126	0.127554	0.956729	-0.023499	-0.134289
25.441208	0.134274	1.151428	-0.020146	-0.171214
25.480289	0.140980	1.403198	-0.023499	-0.231639
25.519369	0.147700	1.732185	-0.026867	-0.322267
25.558451	0.154406	2.135009	-0.033572	-0.443131
25.597532	0.161126	2.621770	-0.036940	-0.604257
25.636614	0.164479	3.148809	-0.036940	-0.802323
25.675695	0.174552	3.648996	-0.040293	-1.010448
25.714777	0.181273	4.024982	-0.040293	-1.188368
25.753857	0.191346	4.179403	-0.043646	-1.289070
25.792938	0.201404	4.061908	-0.043646	-1.272291
25.832020	0.211477	3.712788	-0.046998	-1.144722
25.871101	0.221550	3.202528	-0.050366	-0.946671
25.910183	0.231624	2.635196	-0.053719	-0.715032
25.949263	0.245050	2.081305	-0.060439	-0.493482
25.988344	0.255123	1.621395	-0.063792	-0.318915
26.027426	0.265196	1.282349	-0.070497	-0.201419
26.066507	0.278622	1.050726	-0.080571	-0.134289
26.105589	0.292048	0.892937	-0.087291	-0.097364
26.144670	0.308827	0.775442	-0.093997	-0.073865
26.183750	0.332326	0.688165	-0.100717	-0.057071
26.222832	0.355825	0.614315	-0.104070	-0.046998
26.261913	0.386044	0.557244	-0.104070	-0.040293
26.300995	0.419617	0.506893	-0.107422	-0.033572
26.340076	0.459895	0.463247	-0.110790	-0.030220
26.379158	0.510246	0.422969	-0.114143	-0.026867
26.418238	0.563964	0.392750	-0.120863	-0.023499
26.457319	0.634462	0.362545	-0.127569	-0.023499
26.496401	0.721738	0.339046	-0.134289	-0.016794
26.535482	0.832513	0.315547	-0.147715	-0.010073
26.574564	0.986934	0.295401	-0.161141	-0.006720
26.613646	1.208499	0.278622	-0.177920	0.000000
26.652725	1.547545	0.261828	-0.191361	0.003353
26.691807	2.044380	0.248402	-0.198066	0.006706
26.730888	2.675488	0.231624	-0.204787	0.010058
26.769970	3.340155	0.218198	-0.221565	0.010058
26.809052	3.917560	0.208125	-0.251785	0.010058
26.848133	4.303604	0.194699	-0.285342	0.010058
26.887213	4.434526	0.181273	-0.312209	0.006706
26.926294	4.290178	0.171199	-0.332341	0.006706
26.965376	3.914192	0.161126	-0.335708	0.003353
27.004457	3.400579	0.151053	-0.322267	0.003353
27.043539	2.712414	0.144348	-0.281990	0.003353
27.082619	2.212226	0.137627	-0.245064	0.000000
27.121700	1.795962	0.130907	-0.204787	-0.003368
27.160782	1.466975	0.124201	-0.171214	-0.006720
27.199863	1.211852	0.117481	-0.137642	-0.010073
27.238945	1.017153	0.114128	-0.114143	-0.006720
27.278027	0.869438	0.107422	-0.090644	-0.003368
27.317106	0.755310	0.104055	-0.077218	0.003353
27.356188	0.664666	0.097349	-0.067145	0.006706
27.395269	0.594169	0.093982	-0.060439	0.010058
27.434351	0.537112	0.087276	-0.060439	0.010058
27.473433	0.490114	0.083923	-0.057071	0.010058
27.512514	0.446469	0.080556	-0.050366	0.010058
27.551594	0.412896	0.073850	-0.043646	0.013426
27.590675	0.379324	0.070482	-0.033572	0.013426
27.629757	0.352472	0.067130	-0.026867	0.013426
27.668839	0.328973	0.063777	-0.023499	0.010058
27.707920	0.308827	0.063777	-0.016794	0.006706
27.747002	0.288695	0.060424	-0.013441	0.006706
27.786081	0.271901	0.057057	-0.006720	0.010058
27.825163	0.255123	0.053704	-0.006720	0.013426
27.864244	0.241697	0.050351	-0.006720	0.020131
27.903326	0.228271	0.046983	-0.010073	0.020131
27.942408	0.214845	0.043631	-0.013441	0.020131
27.981489	0.201404	0.040278	-0.016794	0.020131
28.020569	0.191346	0.036925	-0.016794	0.020131
28.059650	0.181273	0.033557	-0.016794	0.016779
28.098732	0.171199	0.033557	-0.016794	0.013426
28.137814	0.164479	0.030205	-0.020146	0.010058
28.176895	0.154406	0.026852	-0.020146	0.006706
28.215975	0.147700	0.026852	-0.020146	0.006706
28.255056	0.140980	0.023484	-0.016794	0.006706
28.294138	0.134274	0.020131	-0.013441	0.006706
28.333220	0.127554	0.020131	-0.010073	0.006706
28.372301	0.120848	0.016779	-0.006720	0.006706
28.411383	0.114128	0.016779	-0.003368	0.010058
28.450462	0.110775	0.016779	-0.003368	0.013426
28.489544	0.104055	0.013426	0.000000	0.016779
28.528625	0.100702	0.013426	0.000000	0.020131
28.567707	0.097349	0.010058	0.000000	0.023484
28.606789	0.090629	0.010058	0.000000	0.023484
28.645870	0.083923	0.010058	-0.003368	0.023484
28.684950	0.080556	0.006706	-0.003368	0.023484
28.724031	0.073850	0.006706	-0.006720	0.020131
28.763113	0.070482	0.003353	-0.006720	0.020131
28.802195	0.067130	0.003353	-0.006720	0.016779
28.841276	0.063777	0.003353	-0.006720	0.016779
28.880358	0.060424	0.003353	-0.006720	0.013426
28.919437	0.057057	0.003353	-0.006720	0.010058
28.958519	0.053704	0.000000	-0.003368	0.010058
28.997601	0.050351	0.000000	0.000000	0.010058
29.036682	0.050351	-0.003368	0.003353	0.010058
29.075764	0.046983	-0.003368	0.006706	0.013426
29.114845	0.043631	-0.006720	0.010058	0.013426
29.153925	0.040278	-0.006720	0.010058	0.020131
29.193007	0.040278	-0.010073	0.006706	0.023484
29.232088	0.036925	-0.010073	0.006706	0.026852
29.271170	0.033557	-0.010073	0.006706	0.030205
29.310251	0.030205	-0.010073	0.003353	0.030205
29.349333	0.026852	-0.010073	0.000000	0.030205
29.388412	0.026852	-0.010073	-0.006720	0.026852
29.427494	0.023484	-0.013441	-0.010073	0.026852
29.466576	0.023484	-0.016794	-0.010073	0.023484
29.505657	0.020131	-0.016794	-0.010073	0.016779
29.544739	0.016779	-0.016794	-0.010073	0.016779
29.583818	0.016779	-0.020146	-0.006720	0.013426
29.622900	0.013426	-0.020146	0.000000	0.013426
29.661982	0.013426	-0.020146	0.003353	0.016779
29.701063	0.013426	-0.023499	0.010058	0.020131
29.740145	0.013426	-0.023499	0.013426	0.023484
29.779226	0.010058	-0.023499	0.016779	0.026852
29.818306	0.010058	-0.023499	0.020131	0.030205
29.857388	0.010058	-0.026867	0.020131	0.030205
29.896469	0.006706	-0.026867	0.020131	0.030205
29.935551	0.006706	-0.026867	0.016779	0.026852
29.974632	0.003353	-0.026867	0.013426	0.026852
30.013714	0.003353	-0.026867	0.010058	0.023484
30.052794	0.000000	-0.026867	0.006706	0.023484
30.091875	0.000000	-0.026867	0.003353	0.020131
30.130957	0.000000	-0.026867	0.000000	0.020131
30.170038	0.000000	-0.026867	-0.003368	0.016779
30.209120	-0.003368	-0.026867	-0.003368	0.016779
30.248201	-0.003368	-0.030220	-0.003368	0.013426
30.287281	-0.003368	-0.033572	-0.003368	0.016779
30.326363	-0.003368	-0.033572	-0.003368	0.016779
30.365444	-0.006720	-0.036940	0.000000	0.020131
30.404526	-0.010073	-0.036940	0.000000	0.023484
30.443607	-0.010073	-0.036940	0.003353	0.026852
30.482689	-0.013441	-0.040293	0.006706	0.030205
30.521769	-0.013441	-0.040293	0.010058	0.033557
30.560850	-0.013441	-0.040293	0.013426	0.033557
30.599932	-0.013441	-0.036940	0.013426	0.030205
30.639013	-0.013441	-0.040293	0.010058	0.026852
30.678095	-0.016794	-0.040293	0.006706	0.023484
30.717175	-0.016794	-0.040293	0.006706	0.020131
30.756256	-0.016794	-0.040293	0.006706	0.020131
30.795338	-0.020146	-0.040293	0.006706	0.016779
30.834419	-0.020146	-0.040293	0.006706	0.013426
30.873501	-0.020146	-0.043646	0.006706	0.013426
30.912582	-0.020146	-0.043646	0.010058	0.016779
30.951662	-0.020146	-0.043646	0.010058	0.016779
30.990744	-0.020146	-0.043646	0.013426	0.020131
31.029825	-0.023499	-0.043646	0.016779	0.020131
31.068907	-0.023499	-0.043646	0.016779	0.023484
31.107988	-0.023499	-0.043646	0.016779	0.026852
31.147070	-0.026867	-0.043646	0.016779	0.033557
31.186150	-0.026867	-0.043646	0.013426	0.033557
31.225231	-0.026867	-0.043646	0.010058	0.033557
31.264313	-0.026867	-0.043646	0.003353	0.026852
31.303394	-0.030220	-0.043646	0.000000	0.023484
31.342476	-0.030220	-0.046998	-0.003368	0.020131
31.381557	-0.030220	-0.046998	-0.003368	0.016779
31.420637	-0.030220	-0.046998	-0.003368	0.013426
31.459719	-0.030220	-0.050366	-0.003368	0.013426
31.498800	-0.030220	-0.050366	-0.003368	0.010058
31.537882	-0.030220	-0.050366	0.000000	0.010058
31.576963	-0.030220	-0.050366	0.003353	0.013426
31.616045	-0.026867	-0.050366	0.006706	0.013426
31.655125	-0.030220	-0.050366	0.010058	0.020131
31.694206	-0.030220	-0.050366	0.010058	0.023484
31.733288	-0.033572	-0.050366	0.013426	0.030205
31.772369	-0.033572	-0.050366	0.016779	0.033557
31.811451	-0.033572	-0.050366	0.016779	0.036925
31.850531	-0.033572	-0.053719	0.016779	0.033557
31.889612	-0.033572	-0.053719	0.020131	0.030205
31.928694	-0.033572	-0.053719	0.016779	0.026852
31.967775	-0.036940	-0.053719	0.016779	0.026852
32.006855	-0.036940	-0.053719	0.016779	0.026852
32.045937	-0.036940	-0.053719	0.016779	0.023484
32.085018	-0.036940	-0.053719	0.016779	0.023484
32.124100	-0.036940	-0.053719	0.016779	0.020131
32.163181	-0.040293	-0.053719	0.016779	0.020131
32.202263	-0.040293	-0.050366	0.020131	0.020131
32.241344	-0.040293	-0.050366	0.020131	0.016779
32.280426	-0.043646	-0.050366	0.023484	0.016779
32.319508	-0.043646	-0.053719	0.023484	0.016779
32.358589	-0.043646	-0.053719	0.023484	0.020131
32.397671	-0.043646	-0.053719	0.023484	0.020131
32.436749	-0.043646	-0.053719	0.020131	0.023484
32.475830	-0.043646	-0.053719	0.016779	0.023484
32.514912	-0.043646	-0.053719	0.013426	0.020131
32.553993	-0.043646	-0.053719	0.013426	0.020131
32.593075	-0.043646	-0.053719	0.013426	0.020131
32.632156	-0.043646	-0.050366	0.016779	0.016779
32.671238	-0.043646	-0.050366	0.013426	0.016779
32.710320	-0.043646	-0.050366	0.013426	0.013426
32.749401	-0.043646	-0.053719	0.016779	0.013426
32.788483	-0.043646	-0.053719	0.016779	0.013426
32.827564	-0.043646	-0.053719	0.016779	0.010058
32.866642	-0.046998	-0.053719	0.016779	0.013426
32.905724	-0.046998	-0.053719	0.020131	0.016779
32.944805	-0.046998	-0.053719	0.020131	0.020131
32.983887	-0.046998	-0.053719	0.020131	0.020131
33.022968	-0.046998	-0.057071	0.023484	0.023484
33.062050	-0.046998	-0.057071	0.023484	0.023484
33.101131	-0.050366	-0.057071	0.020131	0.023484
33.140213	-0.050366	-0.053719	0.016779	0.023484
33.179295	-0.050366	-0.053719	0.013426	0.016779
33.218376	-0.053719	-0.053719	0.010058	0.013426
33.257458	-0.053719	-0.053719	0.006706	0.013426
33.296539	-0.053719	-0.053719	0.006706	0.013426
33.335617	-0.053719	-0.053719	0.006706	0.013426
33.374699	-0.053719	-0.053719	0.010058	0.013426
33.413780	-0.053719	-0.053719	0.013426	0.013426
33.452862	-0.050366	-0.053719	0.013426	0.013426
33.491943	-0.050366	-0.053719	0.016779	0.013426
33.531025	-0.050366	-0.053719	0.020131	0.013426
33.570107	-0.050366	-0.053719	0.023484	0.013426
33.609188	-0.050366	-0.053719	0.026852	0.016779
33.648270	-0.053719	-0.053719	0.026852	0.020131
33.687351	-0.053719	-0.053719	0.023484	0.020131
33.726433	-0.053719	-0.053719	0.020131	0.016779
33.765514	-0.050366	-0.053719	0.016779	0.016779
33.804592	-0.050366	-0.053719	0.016779	0.016779
33.843674	-0.050366	-0.053719	0.013426	0.016779
33.882755	-0.053719	-0.053719	0.013426	0.013426
33.921837	-0.053719	-0.053719	0.010058	0.013426
33.960918	-0.057071	-0.057071	0.010058	0.010058
