21.940655	-0.020146	-0.030220	-0.006720	0.030205
21.979643	-0.020146	-0.030220	0.000000	0.023484
22.018633	-0.020146	-0.030220	0.003353	0.020131
22.057623	-0.020146	-0.033572	0.006706	0.020131
22.096613	-0.020146	-0.033572	0.006706	0.020131
22.135603	-0.020146	-0.033572	0.006706	0.016779
22.174593	-0.020146	-0.036940	0.006706	0.016779
22.213581	-0.020146	-0.036940	0.006706	0.016779
22.252571	-0.020146	-0.033572	0.000000	0.020131
22.291561	-0.020146	-0.033572	-0.006720	0.020131
22.330551	-0.020146	-0.033572	-0.010073	0.020131
22.369541	-0.023499	-0.033572	-0.006720	0.020131
22.408531	-0.023499	-0.036940	0.000000	0.020131
22.447521	-0.023499	-0.036940	0.000000	0.023484
22.486509	-0.026867	-0.036940	0.003353	0.023484
22.525499	-0.023499	-0.040293	0.006706	0.023484
22.564489	-0.023499	-0.040293	0.006706	0.023484
22.603479	-0.023499	-0.043646	0.006706	0.023484
22.642469	-0.023499	-0.043646	0.000000	0.026852
22.681459	-0.023499	-0.046998	0.000000	0.026852
22.720448	-0.020146	-0.046998	0.000000	0.026852
22.759438	-0.020146	-0.046998	0.006706	0.023484
22.798428	-0.020146	-0.050366	0.010058	0.020131
22.837418	-0.020146	-0.050366	0.010058	0.020131
22.876408	-0.020146	-0.053719	0.003353	0.020131
22.915398	-0.023499	-0.053719	-0.003368	0.023484
22.954386	-0.023499	-0.057071	-0.006720	0.026852
22.993376	-0.026867	-0.060439	-0.010073	0.030205
23.032366	-0.026867	-0.060439	-0.010073	0.030205
23.071356	-0.026867	-0.063792	-0.010073	0.030205
23.110346	-0.026867	-0.067145	-0.006720	0.026852
23.149336	-0.026867	-0.070497	0.000000	0.026852
23.188324	-0.026867	-0.073865	0.003353	0.023484
23.227314	-0.026867	-0.073865	0.003353	0.026852
23.266304	-0.026867	-0.077218	0.003353	0.023484
23.305294	-0.030220	-0.080571	0.003353	0.020131
23.344284	-0.026867	-0.083938	0.003353	0.020131
23.383274	-0.026867	-0.087291	0.003353	0.020131
23.422262	-0.026867	-0.090644	0.006706	0.020131
23.461252	-0.026867	-0.093997	0.006706	0.020131
23.500242	-0.026867	-0.097364	0.006706	0.020131
23.539232	-0.030220	-0.104070	0.006706	0.023484
23.578222	-0.030220	-0.107422	0.003353	0.023484
23.617212	-0.030220	-0.114143	0.000000	0.023484
23.656202	-0.030220	-0.120863	-0.003368	0.023484
23.695190	-0.033572	-0.124216	-0.003368	0.026852
23.734180	-0.036940	-0.134289	0.000000	0.030205
23.773170	-0.036940	-0.140995	0.000000	0.030205
23.812160	-0.040293	-0.151068	0.003353	0.026852
23.851151	-0.040293	-0.161141	0.006706	0.026852
23.890141	-0.040293	-0.171214	0.010058	0.026852
23.929129	-0.043646	-0.184640	0.010058	0.030205
23.968119	-0.043646	-0.198066	0.006706	0.030205
24.007109	-0.043646	-0.211492	0.006706	0.030205
24.046099	-0.046998	-0.231639	0.006706	0.030205
24.085089	-0.046998	-0.251785	0.006706	0.030205
24.124079	-0.050366	-0.278637	0.000000	0.030205
24.163067	-0.050366	-0.308841	0.000000	0.023484
24.202057	-0.050366	-0.349134	0.003353	0.023484
24.241047	-0.053719	-0.396132	0.006706	0.023484
24.280037	-0.053719	-0.453189	0.003353	0.030205
24.319027	-0.057071	-0.523686	0.000000	0.033557
24.358017	-0.060439	-0.614330	0.000000	0.033557
24.397005	-0.063792	-0.725105	0.003353	0.036925
24.435995	-0.067145	-0.862747	0.003353	0.046983
24.474985	-0.070497	-1.040667	0.006706	0.063777
24.513975	-0.077218	-1.262218	0.013426	0.090629
24.552965	-0.080571	-1.540855	0.016779	0.124201
24.591955	-0.087291	-1.879901	0.013426	0.181273
24.630943	-0.090644	-2.289444	0.010058	0.258476
24.669933	-0.093997	-2.752707	0.003353	0.365898
24.708923	-0.097364	-3.246173	0.000000	0.500172
24.747913	-0.100717	-3.689304	0.000000	0.654593
24.786903	-0.104070	-3.984704	0.003353	0.809014
24.825893	-0.107422	-3.984704	0.003353	0.929862
24.864883	-0.110790	-3.534883	0.003353	0.973508
24.903872	-0.117496	-2.537861	0.003353	0.903010
24.942862	-0.124216	-1.023874	0.003353	0.701591
24.981852	-0.130922	0.802308	0.000000	0.412896
25.020842	-0.137642	2.645269	0.000000	0.104055
25.059832	-0.147715	4.176035	0.000000	-0.181288
25.098822	-0.154421	5.146205	0.003353	-0.416264
25.137810	-0.167862	5.350977	0.003353	-0.530407
25.176800	-0.181288	4.723221	0.003353	-0.463262
25.215790	-0.194713	3.548294	0.003353	-0.234991
25.254780	-0.211492	2.353221	0.003353	-0.003368
25.293770	-0.228286	1.544192	0.003353	0.097349
25.332760	-0.248417	1.091003	0.000000	0.110775
25.371748	-0.271916	0.822440	-0.006720	0.104055
25.410738	-0.302136	0.647888	-0.013441	0.097349
25.449728	-0.335708	0.523672	-0.016794	0.090629
25.488718	-0.379339	0.416249	-0.020146	0.083923
25.527708	-0.429690	0.352472	-0.023499	0.077203
25.566698	-0.493482	0.302121	-0.033572	0.073850
25.605686	-0.570685	0.258476	-0.040293	0.070482
25.644676	-0.668034	0.228271	-0.050366	0.063777
25.683666	-0.788897	0.201404	-0.060439	0.063777
25.722656	-0.943318	0.177905	-0.077218	0.067130
25.761646	-1.144722	0.157773	-0.097364	0.067130
25.800636	-1.409933	0.140980	-0.127569	0.060424
25.839624	-1.762405	0.124201	-0.167862	0.050351
25.878614	-2.232388	0.114128	-0.231639	0.046983
25.917604	-2.836630	0.100702	-0.332341	0.050351
25.956594	-3.541589	0.090629	-0.466630	0.050351
25.995584	-4.219696	0.083923	-0.621051	0.050351
26.034575	-4.635960	0.073850	-0.725105	0.050351
26.073565	-4.572183	0.067130	-0.704974	0.050351
26.112553	-3.934354	0.060424	-0.540480	0.050351
26.151543	-2.746001	0.053704	-0.241712	0.046983
26.190533	-1.040667	0.050351	0.184625	0.040278
26.229523	1.017153	0.046983	0.738516	0.036925
26.268513	3.007829	0.043631	1.248777	0.036925
26.307503	4.343882	0.040278	1.487121	0.033557
26.346491	4.800439	0.036925	1.436770	0.033557
26.385481	4.558727	0.033557	1.211852	0.033557
26.424471	3.927633	0.030205	0.933230	0.033557
26.463461	3.185734	0.026852	0.678092	0.030205
26.502451	2.490848	0.023484	0.480041	0.033557
26.541441	1.906738	0.020131	0.339046	0.033557
26.580429	1.456916	0.016779	0.241697	0.036925
26.619419	1.114503	0.013426	0.171199	0.036925
26.658409	0.866085	0.013426	0.124201	0.036925
26.697399	0.684813	0.013426	0.093982	0.036925
26.736389	0.553891	0.010058	0.073850	0.040278
26.775379	0.456542	0.010058	0.060424	0.040278
26.814367	0.382692	0.006706	0.046983	0.036925
26.853357	0.328973	0.006706	0.040278	0.033557
26.892347	0.285327	0.006706	0.036925	0.026852
26.931337	0.248402	0.003353	0.033557	0.026852
26.970327	0.221550	0.003353	0.030205	0.026852
27.009317	0.194699	0.003353	0.026852	0.023484
27.048306	0.177905	0.003353	0.023484	0.020131
27.087296	0.161126	0.003353	0.020131	0.020131
27.126286	0.147700	0.003353	0.016779	0.026852
27.165276	0.134274	0.003353	0.016779	0.026852
27.204266	0.120848	0.003353	0.013426	0.023484
27.243256	0.110775	0.003353	0.013426	0.020131
27.282246	0.104055	0.003353	0.013426	0.016779
27.321234	0.093982	0.000000	0.016779	0.020131
27.360224	0.087276	0.000000	0.013426	0.023484
27.399214	0.083923	0.000000	0.013426	0.023484
27.438204	0.077203	0.000000	0.010058	0.020131
27.477194	0.073850	0.000000	0.006706	0.013426
27.516184	0.070482	0.000000	0.003353	0.010058
27.555172	0.067130	0.000000	0.006706	0.010058
27.594162	0.063777	0.000000	0.010058	0.010058
27.633152	0.057057	-0.003368	0.013426	0.006706
27.672142	0.053704	-0.003368	0.013426	0.006706
27.711132	0.050351	-0.003368	0.013426	0.010058
27.750122	0.046983	-0.003368	0.006706	0.013426
27.789110	0.043631	-0.003368	0.006706	0.016779
27.828100	0.040278	-0.003368	0.003353	0.016779
27.867090	0.040278	-0.003368	0.006706	0.016779
27.906080	0.036925	-0.003368	0.010058	0.020131
27.945070	0.033557	-0.003368	0.010058	0.023484
27.984060	0.033557	-0.003368	0.010058	0.023484
28.023048	0.030205	-0.003368	0.010058	0.023484
28.062038	0.030205	-0.003368	0.010058	0.020131
28.101028	0.026852	-0.003368	0.010058	0.020131
28.140018	0.026852	-0.003368	0.006706	0.020131
28.179008	0.023484	-0.003368	0.006706	0.020131
28.217999	0.023484	0.000000	0.010058	0.016779
28.256987	0.023484	-0.003368	0.010058	0.013426
28.295977	0.020131	-0.003368	0.010058	0.013426
28.334967	0.020131	0.000000	0.010058	0.013426
28.373957	0.020131	0.000000	0.013426	0.016779
28.412947	0.016779	0.000000	0.013426	0.016779
28.451937	0.016779	0.000000	0.013426	0.016779
28.490927	0.016779	-0.003368	0.010058	0.016779
28.529915	0.016779	-0.003368	0.010058	0.016779
28.568905	0.016779	-0.003368	0.010058	0.016779
28.607895	0.016779	-0.003368	0.010058	0.013426
28.646885	0.013426	-0.003368	0.006706	0.010058
28.685875	0.013426	0.000000	0.006706	0.003353
28.724865	0.013426	0.000000	0.006706	0.003353
28.763853	0.013426	0.000000	0.010058	0.003353
28.802843	0.013426	0.000000	0.010058	0.006706
28.841833	0.013426	0.000000	0.006706	0.003353
28.880823	0.013426	0.000000	0.003353	0.003353
28.919813	0.013426	0.000000	0.003353	0.003353
28.958803	0.013426	-0.003368	0.006706	0.006706
28.997791	0.013426	-0.003368	0.010058	0.006706
29.036781	0.010058	-0.006720	0.010058	0.006706
29.075771	0.010058	-0.006720	0.010058	0.006706
29.114761	0.010058	-0.006720	0.010058	0.006706
29.153751	0.010058	-0.006720	0.006706	0.010058
29.192741	0.010058	-0.006720	0.003353	0.013426
29.231730	0.010058	-0.006720	0.003353	0.010058
29.270720	0.010058	-0.006720	0.003353	0.010058
29.309710	0.010058	-0.003368	0.006706	0.006706
29.348700	0.010058	-0.003368	0.006706	0.006706
29.387690	0.010058	-0.003368	0.006706	0.006706
29.426680	0.010058	-0.003368	0.010058	0.006706
29.465668	0.010058	-0.003368	0.013426	0.006706
29.504658	0.006706	-0.003368	0.013426	0.003353
29.543648	0.006706	-0.003368	0.010058	0.003353
29.582638	0.006706	-0.003368	0.010058	0.006706
29.621628	0.006706	-0.003368	0.013426	0.006706
29.660618	0.006706	-0.003368	0.016779	0.003353
29.699608	0.006706	-0.003368	0.016779	0.003353
29.738596	0.006706	-0.003368	0.016779	0.003353
29.777586	0.006706	-0.003368	0.016779	0.006706
29.816576	0.003353	-0.003368	0.013426	0.003353
29.855566	0.003353	-0.003368	0.010058	0.003353
29.894556	0.003353	-0.003368	0.013426	0.006706
29.933546	0.003353	-0.003368	0.013426	0.006706
29.972534	0.003353	-0.003368	0.013426	0.006706
30.011524	0.003353	-0.003368	0.013426	0.003353
30.050514	0.003353	-0.003368	0.013426	0.003353
30.089504	0.003353	-0.003368	0.010058	0.003353
30.128494	0.003353	-0.003368	0.010058	0.003353
30.167484	0.003353	-0.003368	0.010058	0.003353
30.206472	0.003353	-0.003368	0.006706	0.003353
30.245462	0.003353	-0.003368	0.006706	0.006706
30.284452	0.003353	-0.003368	0.003353	0.010058
30.323442	0.003353	-0.003368	0.003353	0.006706
30.362432	0.003353	-0.003368	0.006706	0.006706
30.401423	0.003353	-0.003368	0.006706	0.006706
30.440411	0.003353	-0.003368	0.006706	0.010058
30.479401	0.003353	-0.003368	0.003353	0.010058
30.518391	0.003353	-0.003368	0.003353	0.003353
30.557381	0.003353	-0.003368	0.000000	0.000000
30.596371	0.003353	-0.003368	0.000000	-0.003368
30.635361	0.003353	-0.003368	0.000000	0.000000
30.674349	0.003353	0.000000	0.000000	0.000000
30.713339	0.000000	0.000000	0.000000	-0.003368
30.752329	0.000000	0.000000	0.003353	-0.003368
30.791319	0.000000	0.000000	0.003353	-0.003368
30.830309	0.000000	-0.003368	0.003353	0.003353
30.869299	0.000000	-0.003368	0.003353	0.003353
30.908289	0.000000	-0.003368	0.000000	0.006706
30.947277	0.000000	-0.003368	0.000000	0.010058
30.986267	0.000000	-0.003368	0.000000	0.013426
31.025257	0.000000	-0.003368	0.000000	0.013426
31.064247	0.000000	-0.003368	0.003353	0.010058
31.103237	0.000000	-0.003368	0.006706	0.006706
31.142227	0.000000	-0.003368	0.006706	0.010058
31.181215	0.000000	-0.003368	0.000000	0.010058
31.220205	-0.003368	-0.003368	-0.003368	0.010058
31.259195	-0.003368	0.000000	0.000000	0.006706
31.298185	-0.003368	0.000000	0.003353	0.000000
31.337175	-0.003368	0.000000	0.000000	0.000000
31.376165	-0.003368	0.000000	-0.003368	0.000000
31.415154	-0.003368	0.000000	0.000000	0.000000
31.454144	-0.003368	-0.003368	0.003353	0.000000
31.493134	-0.003368	-0.003368	0.006706	0.000000
31.532124	-0.003368	-0.003368	0.006706	0.000000
31.571114	-0.003368	-0.003368	0.003353	0.000000
31.610104	-0.003368	-0.003368	0.003353	0.003353
31.649092	-0.003368	-0.003368	0.003353	0.003353
31.688082	-0.003368	-0.003368	0.006706	0.006706
31.727072	-0.003368	-0.003368	0.010058	0.006706
31.766062	-0.003368	-0.003368	0.010058	0.010058
31.805052	-0.003368	-0.003368	0.010058	0.010058
31.844042	-0.006720	-0.003368	0.006706	0.006706
31.883030	-0.006720	-0.003368	0.006706	0.003353
31.922020	-0.006720	-0.003368	0.006706	0.003353
31.961010	-0.003368	-0.003368	0.003353	0.003353
