22.510115	0.006706	0.030205	0.020131	0.026852
22.549194	0.006706	0.033557	0.020131	0.026852
22.588276	0.006706	0.033557	0.016779	0.030205
22.627357	0.006706	0.036925	0.020131	0.030205
22.666439	0.010058	0.040278	0.020131	0.036925
22.705521	0.010058	0.043631	0.023484	0.036925
22.744602	0.010058	0.046983	0.023484	0.033557
22.783682	0.013426	0.050351	0.026852	0.026852
22.822763	0.013426	0.053704	0.030205	0.023484
22.861845	0.013426	0.057057	0.030205	0.020131
22.900927	0.013426	0.060424	0.026852	0.016779
22.940008	0.013426	0.067130	0.023484	0.013426
22.979090	0.016779	0.070482	0.026852	0.013426
23.018169	0.016779	0.073850	0.026852	0.010058
23.057251	0.016779	0.077203	0.023484	0.010058
23.096333	0.020131	0.080556	0.023484	0.010058
23.135414	0.020131	0.087276	0.020131	0.016779
23.174496	0.020131	0.090629	0.020131	0.016779
23.213577	0.023484	0.097349	0.020131	0.020131
23.252657	0.023484	0.104055	0.023484	0.020131
23.291739	0.023484	0.110775	0.023484	0.020131
23.330820	0.026852	0.114128	0.016779	0.020131
23.369902	0.026852	0.120848	0.013426	0.020131
23.408983	0.030205	0.127554	0.013426	0.016779
23.448065	0.033557	0.130907	0.013426	0.010058
23.487144	0.036925	0.137627	0.013426	0.000000
23.526226	0.036925	0.144348	0.010058	-0.006720
23.565308	0.040278	0.151053	0.010058	-0.010073
23.604389	0.040278	0.157773	0.010058	-0.010073
23.643471	0.043631	0.164479	0.010058	-0.013441
23.682550	0.046983	0.174552	0.013426	-0.016794
23.721632	0.050351	0.184625	0.013426	-0.016794
23.760714	0.053704	0.194699	0.013426	-0.020146
23.799795	0.053704	0.204772	0.013426	-0.023499
23.838877	0.057057	0.214845	0.016779	-0.026867
23.877958	0.063777	0.228271	0.023484	-0.026867
23.917038	0.063777	0.238329	0.030205	-0.030220
23.956120	0.067130	0.251770	0.030205	-0.033572
23.995201	0.070482	0.265196	0.026852	-0.033572
24.034283	0.073850	0.278622	0.026852	-0.033572
24.073364	0.077203	0.292048	0.023484	-0.036940
24.112446	0.080556	0.305474	0.016779	-0.043646
24.151525	0.083923	0.318900	0.016779	-0.050366
24.190607	0.087276	0.339046	0.016779	-0.053719
24.229689	0.090629	0.355825	0.016779	-0.060439
24.268770	0.093982	0.375971	0.013426	-0.067145
24.307852	0.100702	0.396118	0.006706	-0.073865
24.346933	0.104055	0.416249	0.006706	-0.077218
24.386013	0.107422	0.439748	0.003353	-0.087291
24.425095	0.110775	0.463247	0.000000	-0.097364
24.464176	0.114128	0.490114	-0.003368	-0.110790
24.503258	0.120848	0.520319	-0.006720	-0.120863
24.542339	0.124201	0.553891	-0.013441	-0.130922
24.581421	0.127554	0.594169	-0.013441	-0.137642
24.620501	0.134274	0.644535	-0.013441	-0.147715
24.659582	0.140980	0.704959	-0.010073	-0.157788
24.698664	0.147700	0.778809	-0.010073	-0.171214
24.737745	0.151053	0.866085	-0.010073	-0.187993
24.776827	0.157773	0.973508	-0.013441	-0.208139
24.815907	0.164479	1.107782	-0.016794	-0.231639
24.854988	0.171199	1.275629	-0.016794	-0.268564
24.894070	0.177905	1.490474	-0.020146	-0.315562
24.933151	0.187978	1.772463	-0.016794	-0.379339
24.972233	0.194699	2.138376	-0.020146	-0.476688
25.011314	0.204772	2.615064	-0.023499	-0.614330
25.050394	0.214845	3.219306	-0.026867	-0.805676
25.089476	0.221550	3.957838	-0.026867	-1.057446
25.128557	0.231624	4.820570	-0.026867	-1.379713
25.167639	0.241697	5.720243	-0.026867	-1.745626
25.206720	0.251770	6.539330	-0.026867	-2.098098
25.245802	0.261828	7.096589	-0.030220	-2.366662
25.284882	0.275269	7.254362	-0.033572	-2.474084
25.323963	0.285327	6.985813	-0.033572	-2.393514
25.363045	0.298768	6.361410	-0.036940	-2.158523
25.402126	0.315547	5.508751	-0.040293	-1.812756
25.441208	0.328973	4.558727	-0.050366	-1.416638
25.480289	0.345752	3.638923	-0.060439	-1.027241
25.519369	0.362545	2.860114	-0.067145	-0.704974
25.558451	0.379324	2.265930	-0.077218	-0.473335
25.597532	0.399470	1.849666	-0.083938	-0.328988
25.636614	0.419617	1.560971	-0.090644	-0.241712
25.675695	0.443116	1.352847	-0.093997	-0.184640
25.714777	0.466615	1.191705	-0.104070	-0.147715
25.753857	0.490114	1.064152	-0.120863	-0.120863
25.792938	0.516966	0.960082	-0.134289	-0.097364
25.832020	0.547171	0.872806	-0.144362	-0.080571
25.871101	0.580743	0.795588	-0.154421	-0.073865
25.910183	0.621036	0.731811	-0.164494	-0.070497
25.949263	0.671387	0.678092	-0.174567	-0.063792
25.988344	0.725091	0.627741	-0.187993	-0.057071
26.027426	0.788882	0.584096	-0.198066	-0.050366
26.066507	0.866085	0.543818	-0.211492	-0.046998
26.105589	0.956729	0.510246	-0.221565	-0.043646
26.144670	1.067504	0.480041	-0.234991	-0.040293
26.183750	1.208499	0.449821	-0.255138	-0.033572
26.222832	1.383051	0.422969	-0.281990	-0.030220
26.261913	1.614690	0.399470	-0.318915	-0.026867
26.300995	1.943663	0.375971	-0.359207	-0.023499
26.340076	2.440497	0.352472	-0.412911	-0.023499
26.379158	3.182381	0.335693	-0.463262	-0.020146
26.418238	4.179403	0.315547	-0.503555	-0.013441
26.457319	5.297258	0.298768	-0.553906	-0.006720
26.496401	6.364778	0.285327	-0.617683	-0.003368
26.535482	7.200658	0.268549	-0.684828	0.003353
26.574564	7.667274	0.255123	-0.738531	0.003353
26.613646	7.704198	0.241697	-0.775456	0.003353
26.652725	7.321507	0.228271	-0.792250	0.003353
26.691807	6.609827	0.214845	-0.778824	0.003353
26.730888	5.706817	0.201404	-0.735179	0.006706
26.769970	4.770219	0.191346	-0.664681	0.003353
26.809052	3.910840	0.181273	-0.580758	0.000000
26.848133	3.182381	0.171199	-0.490129	0.000000
26.887213	2.594918	0.164479	-0.402838	-0.003368
26.926294	2.141729	0.157773	-0.322267	-0.003368
26.965376	1.789242	0.147700	-0.258490	-0.003368
27.004457	1.524046	0.140980	-0.201419	-0.003368
27.043539	1.319274	0.134274	-0.154421	0.000000
27.082619	1.158148	0.127554	-0.120863	0.003353
27.121700	1.030579	0.120848	-0.097364	0.006706
27.160782	0.926509	0.114128	-0.080571	0.010058
27.199863	0.842586	0.107422	-0.070497	0.013426
27.238945	0.772089	0.100702	-0.063792	0.016779
27.278027	0.711665	0.097349	-0.060439	0.020131
27.317106	0.657961	0.090629	-0.057071	0.023484
27.356188	0.610963	0.083923	-0.053719	0.026852
27.395269	0.567317	0.080556	-0.046998	0.030205
27.434351	0.530392	0.073850	-0.043646	0.033557
27.473433	0.496820	0.070482	-0.036940	0.036925
27.512514	0.466615	0.067130	-0.033572	0.036925
27.551594	0.436395	0.060424	-0.030220	0.036925
27.590675	0.409544	0.057057	-0.030220	0.036925
27.629757	0.386044	0.053704	-0.030220	0.036925
27.668839	0.362545	0.050351	-0.026867	0.040278
27.707920	0.345752	0.046983	-0.020146	0.036925
27.747002	0.325620	0.040278	-0.016794	0.033557
27.786081	0.308827	0.036925	-0.013441	0.033557
27.825163	0.292048	0.036925	-0.010073	0.033557
27.864244	0.275269	0.033557	-0.010073	0.033557
27.903326	0.261828	0.030205	-0.010073	0.033557
27.942408	0.248402	0.026852	-0.006720	0.033557
27.981489	0.234976	0.023484	-0.003368	0.033557
28.020569	0.224903	0.020131	-0.003368	0.033557
28.059650	0.211477	0.016779	-0.003368	0.036925
28.098732	0.201404	0.013426	-0.003368	0.036925
28.137814	0.187978	0.010058	-0.003368	0.036925
28.176895	0.177905	0.006706	-0.003368	0.036925
28.215975	0.167847	0.003353	-0.003368	0.036925
28.255056	0.161126	0.003353	0.000000	0.036925
28.294138	0.154406	0.000000	0.003353	0.036925
28.333220	0.144348	-0.003368	0.003353	0.040278
28.372301	0.137627	-0.003368	0.003353	0.043631
28.411383	0.130907	-0.006720	0.003353	0.043631
28.450462	0.124201	-0.010073	0.000000	0.036925
28.489544	0.117481	-0.010073	0.000000	0.036925
28.528625	0.110775	-0.013441	-0.003368	0.040278
28.567707	0.104055	-0.016794	-0.003368	0.043631
28.606789	0.097349	-0.016794	-0.003368	0.043631
28.645870	0.093982	-0.020146	-0.003368	0.043631
28.684950	0.087276	-0.020146	-0.003368	0.046983
28.724031	0.080556	-0.023499	0.000000	0.050351
28.763113	0.077203	-0.026867	0.003353	0.050351
28.802195	0.070482	-0.026867	0.006706	0.050351
28.841276	0.067130	-0.030220	0.006706	0.046983
28.880358	0.063777	-0.033572	0.006706	0.043631
28.919437	0.060424	-0.033572	0.006706	0.040278
28.958519	0.053704	-0.036940	0.010058	0.036925
28.997601	0.050351	-0.036940	0.013426	0.036925
29.036682	0.046983	-0.040293	0.013426	0.036925
29.075764	0.043631	-0.040293	0.010058	0.036925
29.114845	0.040278	-0.043646	0.010058	0.040278
29.153925	0.033557	-0.043646	0.010058	0.043631
29.193007	0.030205	-0.043646	0.010058	0.040278
29.232088	0.026852	-0.046998	0.010058	0.040278
29.271170	0.023484	-0.046998	0.010058	0.040278
29.310251	0.023484	-0.046998	0.010058	0.043631
29.349333	0.020131	-0.046998	0.010058	0.043631
29.388412	0.016779	-0.050366	0.013426	0.040278
29.427494	0.013426	-0.050366	0.016779	0.040278
29.466576	0.010058	-0.053719	0.020131	0.040278
29.505657	0.010058	-0.057071	0.023484	0.036925
29.544739	0.006706	-0.057071	0.023484	0.036925
29.583818	0.006706	-0.057071	0.026852	0.040278
29.622900	0.003353	-0.057071	0.030205	0.043631
29.661982	0.003353	-0.057071	0.033557	0.043631
29.701063	0.000000	-0.060439	0.033557	0.043631
29.740145	-0.003368	-0.060439	0.033557	0.043631
29.779226	-0.006720	-0.060439	0.036925	0.046983
29.818306	-0.006720	-0.063792	0.036925	0.046983
29.857388	-0.010073	-0.063792	0.036925	0.046983
29.896469	-0.010073	-0.063792	0.036925	0.046983
29.935551	-0.013441	-0.063792	0.036925	0.046983
29.974632	-0.016794	-0.067145	0.030205	0.046983
30.013714	-0.016794	-0.067145	0.026852	0.046983
30.052794	-0.020146	-0.070497	0.026852	0.046983
30.091875	-0.023499	-0.070497	0.026852	0.043631
30.130957	-0.023499	-0.070497	0.026852	0.043631
30.170038	-0.026867	-0.070497	0.026852	0.043631
30.209120	-0.026867	-0.070497	0.030205	0.046983
30.248201	-0.026867	-0.070497	0.033557	0.046983
30.287281	-0.026867	-0.070497	0.033557	0.046983
30.326363	-0.030220	-0.073865	0.033557	0.046983
30.365444	-0.030220	-0.073865	0.033557	0.053704
30.404526	-0.033572	-0.073865	0.030205	0.053704
30.443607	-0.033572	-0.073865	0.026852	0.057057
30.482689	-0.036940	-0.073865	0.026852	0.057057
30.521769	-0.036940	-0.077218	0.023484	0.057057
30.560850	-0.040293	-0.077218	0.023484	0.057057
30.599932	-0.043646	-0.077218	0.026852	0.053704
30.639013	-0.043646	-0.080571	0.026852	0.053704
30.678095	-0.043646	-0.080571	0.030205	0.053704
30.717175	-0.046998	-0.083938	0.033557	0.050351
30.756256	-0.046998	-0.083938	0.033557	0.050351
30.795338	-0.046998	-0.083938	0.033557	0.046983
30.834419	-0.050366	-0.083938	0.033557	0.043631
30.873501	-0.050366	-0.087291	0.036925	0.043631
30.912582	-0.053719	-0.087291	0.040278	0.046983
30.951662	-0.053719	-0.087291	0.040278	0.046983
30.990744	-0.057071	-0.087291	0.040278	0.046983
31.029825	-0.057071	-0.087291	0.036925	0.043631
31.068907	-0.060439	-0.087291	0.033557	0.043631
31.107988	-0.060439	-0.090644	0.033557	0.043631
31.147070	-0.063792	-0.090644	0.033557	0.043631
31.186150	-0.063792	-0.090644	0.030205	0.043631
31.225231	-0.063792	-0.090644	0.026852	0.040278
31.264313	-0.067145	-0.090644	0.023484	0.040278
31.303394	-0.067145	-0.090644	0.023484	0.036925
31.342476	-0.067145	-0.090644	0.023484	0.036925
31.381557	-0.067145	-0.090644	0.026852	0.036925
31.420637	-0.067145	-0.090644	0.026852	0.036925
31.459719	-0.067145	-0.090644	0.026852	0.036925
31.498800	-0.070497	-0.093997	0.023484	0.036925
31.537882	-0.070497	-0.093997	0.026852	0.040278
31.576963	-0.070497	-0.093997	0.030205	0.043631
31.616045	-0.070497	-0.093997	0.030205	0.043631
31.655125	-0.070497	-0.093997	0.030205	0.043631
31.694206	-0.070497	-0.093997	0.026852	0.043631
31.733288	-0.073865	-0.093997	0.026852	0.043631
31.772369	-0.073865	-0.093997	0.023484	0.043631
31.811451	-0.073865	-0.097364	0.023484	0.043631
31.850531	-0.077218	-0.097364	0.023484	0.043631
31.889612	-0.077218	-0.097364	0.026852	0.043631
31.928694	-0.077218	-0.100717	0.030205	0.040278
31.967775	-0.077218	-0.100717	0.030205	0.036925
32.006855	-0.077218	-0.100717	0.033557	0.033557
32.045937	-0.077218	-0.100717	0.036925	0.033557
32.085018	-0.080571	-0.100717	0.036925	0.033557
32.124100	-0.080571	-0.100717	0.036925	0.036925
32.163181	-0.080571	-0.100717	0.040278	0.040278
32.202263	-0.083938	-0.100717	0.040278	0.040278
32.241344	-0.083938	-0.104070	0.036925	0.036925
32.280426	-0.083938	-0.104070	0.036925	0.033557
32.319508	-0.083938	-0.104070	0.036925	0.033557
32.358589	-0.083938	-0.104070	0.033557	0.033557
32.397671	-0.087291	-0.104070	0.033557	0.036925
32.436749	-0.087291	-0.104070	0.036925	0.036925
32.475830	-0.087291	-0.104070	0.036925	0.036925
32.514912	-0.087291	-0.104070	0.036925	0.033557
32.553993	-0.090644	-0.104070	0.036925	0.036925
32.593075	-0.090644	-0.104070	0.036925	0.040278
32.632156	-0.090644	-0.104070	0.040278	0.043631
32.671238	-0.090644	-0.104070	0.043631	0.040278
32.710320	-0.090644	-0.104070	0.043631	0.033557
32.749401	-0.090644	-0.104070	0.043631	0.033557
32.788483	-0.090644	-0.104070	0.040278	0.033557
32.827564	-0.093997	-0.107422	0.040278	0.036925
32.866642	-0.093997	-0.107422	0.040278	0.036925
32.905724	-0.093997	-0.107422	0.040278	0.040278
32.944805	-0.093997	-0.107422	0.040278	0.040278
32.983887	-0.097364	-0.107422	0.040278	0.040278
33.022968	-0.097364	-0.110790	0.040278	0.043631
33.062050	-0.097364	-0.110790	0.043631	0.050351
33.101131	-0.097364	-0.110790	0.043631	0.050351
33.140213	-0.097364	-0.110790	0.040278	0.046983
33.179295	-0.097364	-0.110790	0.040278	0.046983
33.218376	-0.097364	-0.110790	0.043631	0.043631
33.257458	-0.097364	-0.110790	0.043631	0.043631
33.296539	-0.097364	-0.110790	0.043631	0.043631
33.335617	-0.100717	-0.110790	0.050351	0.046983
33.374699	-0.100717	-0.110790	0.053704	0.046983
33.413780	-0.100717	-0.107422	0.050351	0.043631
33.452862	-0.100717	-0.107422	0.046983	0.043631
33.491943	-0.100717	-0.107422	0.040278	0.046983
33.531025	-0.100717	-0.107422	0.036925	0.050351
33.570107	-0.100717	-0.107422	0.036925	0.050351
33.609188	-0.100717	-0.107422	0.036925	0.050351
33.648270	-0.100717	-0.104070	0.040278	0.046983
33.687351	-0.104070	-0.104070	0.036925	0.043631
33.726433	-0.104070	-0.107422	0.036925	0.043631
33.765514	-0.104070	-0.107422	0.040278	0.046983
33.804592	-0.104070	-0.107422	0.043631	0.053704
33.843674	-0.107422	-0.107422	0.050351	0.060424
33.882755	-0.107422	-0.104070	0.053704	0.060424
33.921837	-0.107422	-0.104070	0.060424	0.060424
33.960918	-0.107422	-0.104070	0.063777	0.060424
