20.958424	-0.030220	0.010014	-0.090659	-0.120878
20.989719	-0.040293	0.010014	-0.080585	-0.110805
21.021015	-0.030220	0.020087	-0.080585	-0.100732
21.052311	-0.030220	0.010014	-0.080585	-0.100732
21.083607	-0.040293	0.000000	-0.080585	-0.110805
21.114902	-0.040293	0.000000	-0.090659	-0.100732
21.146198	-0.030220	0.000000	-0.080585	-0.090659
21.177494	-0.010073	0.000000	-0.080585	-0.090659
21.208790	-0.010073	-0.010073	-0.080585	-0.100732
21.240086	0.000000	-0.010073	-0.080585	-0.100732
21.271381	0.000000	0.000000	-0.070512	-0.090659
21.302677	0.010014	0.000000	-0.070512	-0.090659
21.333973	0.000000	0.000000	-0.080585	-0.090659
21.365271	-0.010073	0.000000	-0.070512	-0.090659
21.396566	-0.010073	0.010014	-0.060439	-0.080585
21.427862	-0.020146	0.020087	-0.060439	-0.070512
21.459158	-0.030220	0.010014	-0.060439	-0.070512
21.490454	-0.030220	0.010014	-0.070512	-0.070512
21.521749	-0.030220	0.010014	-0.060439	-0.070512
21.553045	-0.020146	0.010014	-0.060439	-0.060439
21.584341	-0.030220	0.000000	-0.060439	-0.070512
21.615637	-0.040293	-0.010073	-0.080585	-0.080585
21.646933	-0.030220	-0.010073	-0.070512	-0.070512
21.678228	-0.020146	0.000000	-0.050366	-0.060439
21.709524	-0.020146	-0.010073	-0.050366	-0.060439
21.740820	-0.030220	-0.020146	-0.050366	-0.060439
21.772116	-0.040293	-0.020146	-0.050366	-0.060439
21.803411	-0.030220	0.000000	-0.040293	-0.050366
21.834707	-0.020146	0.010014	-0.020146	-0.040293
21.866005	-0.030220	0.000000	-0.040293	-0.060439
21.897301	-0.040293	0.000000	-0.050366	-0.060439
21.928596	-0.040293	0.000000	-0.050366	-0.050366
21.959892	-0.020146	0.000000	-0.030220	-0.030220
21.991188	-0.010073	-0.010073	-0.030220	-0.030220
22.022484	-0.030220	-0.020146	-0.040293	-0.030220
22.053780	-0.040293	-0.010073	-0.050366	-0.020146
22.085075	-0.030220	0.000000	-0.030220	-0.010073
22.116371	-0.020146	0.000000	-0.010073	-0.010073
22.147667	-0.020146	-0.010073	-0.010073	-0.020146
22.178963	-0.030220	-0.010073	-0.030220	-0.010073
22.210258	-0.020146	0.010014	-0.020146	0.010014
22.241554	-0.010073	0.010014	-0.010073	0.010014
22.272850	0.000000	0.000000	-0.010073	0.000000
22.304146	-0.020146	-0.010073	-0.020146	0.000000
22.335442	-0.020146	0.000000	-0.020146	0.020087
22.366739	-0.010073	0.010014	-0.010073	0.040233
22.398035	-0.010073	-0.010073	0.000000	0.030160
22.429331	-0.020146	-0.010073	-0.010073	0.030160
22.460627	-0.030220	0.000000	-0.010073	0.050306
22.491922	-0.030220	0.010014	0.000000	0.070453
22.523218	-0.030220	0.010014	0.010014	0.070453
22.554514	-0.040293	-0.010073	0.000000	0.050306
22.585810	-0.050366	-0.020146	0.000000	0.050306
22.617105	-0.040293	-0.010073	0.010014	0.070453
22.648401	-0.040293	0.000000	0.020087	0.090599
22.679697	-0.040293	-0.010073	0.020087	0.080526
22.710993	-0.040293	-0.030220	0.020087	0.070453
22.742289	-0.040293	-0.020146	0.020087	0.080526
22.773584	-0.040293	-0.010073	0.020087	0.100672
22.804880	-0.040293	-0.010073	0.020087	0.110745
22.836176	-0.050366	-0.020146	0.010014	0.100672
22.867474	-0.050366	-0.020146	0.010014	0.100672
22.898769	-0.040293	-0.010073	0.020087	0.120819
22.930065	-0.040293	-0.010073	0.020087	0.140965
22.961361	-0.050366	-0.010073	0.020087	0.140965
22.992657	-0.050366	-0.020146	0.030160	0.151038
23.023952	-0.050366	-0.010073	0.040233	0.161111
23.055248	-0.040293	-0.010073	0.050306	0.171185
23.086544	-0.050366	-0.010073	0.050306	0.171185
23.117840	-0.060439	-0.010073	0.050306	0.161111
23.149136	-0.050366	0.000000	0.060380	0.171185
23.180431	-0.050366	0.020087	0.060380	0.181258
23.211727	-0.050366	0.020087	0.070453	0.191331
23.243023	-0.060439	0.020087	0.070453	0.191331
23.274319	-0.050366	0.040233	0.090599	0.201404
23.305614	-0.040293	0.050306	0.110745	0.211477
23.336912	-0.050366	0.060380	0.110745	0.211477
23.368208	-0.060439	0.060380	0.100672	0.211477
23.399504	-0.070512	0.070453	0.100672	0.221550
23.430799	-0.060439	0.080526	0.110745	0.231624
23.462095	-0.060439	0.080526	0.110745	0.241697
23.493391	-0.070512	0.080526	0.100672	0.241697
23.524687	-0.080585	0.090599	0.100672	0.241697
23.555983	-0.070512	0.110745	0.120819	0.251770
23.587278	-0.050366	0.130892	0.130892	0.261784
23.618574	-0.050366	0.151038	0.130892	0.251770
23.649870	-0.060439	0.171185	0.130892	0.241697
23.681166	-0.050366	0.191331	0.151038	0.241697
23.712461	-0.040293	0.221550	0.171185	0.251770
23.743757	-0.040293	0.251770	0.171185	0.251770
23.775053	-0.050366	0.281930	0.161111	0.241697
23.806349	-0.050366	0.332296	0.161111	0.241697
23.837646	-0.040293	0.402808	0.181258	0.241697
23.868942	-0.030220	0.463247	0.201404	0.221550
23.900238	-0.040293	0.543773	0.191331	0.181258
23.931534	-0.050366	0.634432	0.181258	0.151038
23.962830	-0.050366	0.765383	0.191331	0.110745
23.994125	-0.030220	0.906348	0.211477	0.060380
24.025421	-0.040293	1.067460	0.211477	-0.030220
24.056717	-0.050366	1.268923	0.201404	-0.130951
24.088013	-0.050366	1.530766	0.201404	-0.251830
24.119308	-0.040293	1.842916	0.221550	-0.402868
24.150604	-0.030220	2.205491	0.231624	-0.614345
24.181900	-0.030220	2.628446	0.231624	-0.876188
24.213196	-0.030220	3.121912	0.241697	-1.158178
24.244492	-0.010073	3.695965	0.251770	-1.470387
24.275787	0.000000	4.300237	0.261784	-1.812756
24.307083	0.010014	4.894435	0.251770	-2.124965
24.338381	0.010014	5.458355	0.241697	-2.306283
24.369677	0.030160	5.881369	0.251770	-2.225697
24.400972	0.060380	6.012261	0.271857	-1.772523
24.432268	0.080526	5.700052	0.281930	-0.825822
24.463564	0.080526	4.874289	0.271857	0.694871
24.494860	0.090599	3.585219	0.281930	2.739251
24.526155	0.110745	1.913428	0.302076	5.105913
24.557451	0.140965	0.050306	0.312150	7.452428
24.588747	0.151038	-1.832902	0.312150	9.577333
24.620043	0.171185	-3.645658	0.312150	11.430383
24.651339	0.211477	-5.317450	0.322223	13.061881
24.682634	0.241697	-6.868362	0.332296	14.471769
24.713930	0.271857	-8.308470	0.322223	15.650093
24.745226	0.302076	-9.587467	0.312150	16.586662
24.776522	0.362515	-10.604620	0.322223	17.201006
24.807819	0.422955	-11.279404	0.322223	17.372190
24.839115	0.503540	-11.521101	0.302076	16.949236
24.870411	0.594139	-11.269331	0.271857	15.861570
24.901707	0.704944	-10.524094	0.251770	14.219999
24.933002	0.855982	-9.365916	0.221550	12.205839
24.964298	1.037240	-8.006334	0.171185	10.101021
24.995594	1.248777	-6.656885	0.110745	8.237958
25.026890	1.510620	-5.488634	0.030160	6.737351
25.058186	1.842916	-4.562140	-0.070512	5.599380
25.089481	2.235711	-3.847122	-0.201464	4.743338
25.120777	2.729177	-3.293216	-0.372648	4.078686
25.152073	3.353536	-2.850056	-0.563979	3.555000
25.183369	4.128993	-2.487540	-0.775456	3.142059
25.214664	5.065620	-2.195477	-0.976920	2.799690
25.245960	6.072700	-1.963854	-1.117885	2.497554
25.277256	6.958961	-1.752377	-1.037300	2.255857
25.308554	7.422209	-1.581132	-0.614345	2.074540
25.339849	7.240891	-1.430094	0.221550	1.913428
25.371145	6.304324	-1.319289	1.430035	1.762390
25.402441	4.753411	-1.218617	2.930582	1.631439
25.433737	2.255857	-1.117885	5.025327	1.520693
25.465033	0.080526	-1.027286	6.727278	1.440108
25.496328	-2.145112	-0.966847	8.348703	1.349449
25.527624	-4.350662	-0.916481	9.839177	1.248777
25.558920	-6.485641	-0.866115	11.228979	1.178265
25.590216	-8.620680	-0.805676	12.497902	1.127899
25.621511	-10.695278	-0.755370	13.595640	1.067460
25.652807	-12.649000	-0.725150	14.431536	0.997007
25.684103	-14.199913	-0.694931	14.904857	0.936568
25.715399	-15.217066	-0.644565	14.814198	0.906348
25.746695	-15.086174	-0.604272	14.149547	0.876129
25.777990	-14.179766	-0.574052	13.051807	0.825763
25.809288	-12.719512	-0.563979	11.692226	0.785470
25.840584	-10.997415	-0.533760	10.262192	0.755310
25.871880	-9.285331	-0.503600	8.862316	0.735164
25.903175	-7.734418	-0.483453	7.583320	0.704944
25.934471	-6.405115	-0.483453	6.465435	0.654578
25.965767	-5.307376	-0.473380	5.538940	0.624359
25.997063	-4.390895	-0.453234	4.793704	0.614285
26.028358	-3.675878	-0.423014	4.169285	0.594139
26.059654	-3.132045	-0.423014	3.625453	0.553846
26.090950	-2.688944	-0.412941	3.192425	0.513613
26.122246	-2.326369	-0.392795	2.849996	0.503540
26.153542	-2.024293	-0.362575	2.568066	0.493467
26.184837	-1.802742	-0.362575	2.316296	0.473320
26.216133	-1.611352	-0.362575	2.094686	0.443101
26.247429	-1.450241	-0.342429	1.923501	0.433028
26.278725	-1.309216	-0.322282	1.782537	0.433028
26.310022	-1.188397	-0.312209	1.661658	0.422955
26.341318	-1.107812	-0.312209	1.530766	0.402808
26.372614	-1.027286	-0.312209	1.419961	0.382662
26.403910	-0.946701	-0.281990	1.349449	0.382662
26.435205	-0.876188	-0.261843	1.278996	0.382662
26.466501	-0.835896	-0.261843	1.198411	0.352442
26.497797	-0.795603	-0.261843	1.117826	0.322223
26.529093	-0.745296	-0.251830	1.067460	0.312150
26.560389	-0.684857	-0.231683	1.017153	0.312150
26.591684	-0.644565	-0.231683	0.966787	0.312150
26.622980	-0.614345	-0.231683	0.896275	0.292003
26.654276	-0.584126	-0.231683	0.845909	0.292003
26.685572	-0.533760	-0.221610	0.815690	0.292003
26.716867	-0.503600	-0.201464	0.775397	0.292003
26.748163	-0.483453	-0.201464	0.725091	0.271857
26.779461	-0.463307	-0.211537	0.684798	0.251770
26.810757	-0.443161	-0.201464	0.664651	0.251770
26.842052	-0.423014	-0.201464	0.634432	0.251770
26.873348	-0.412941	-0.201464	0.604212	0.241697
26.904644	-0.392795	-0.201464	0.573993	0.231624
26.935940	-0.372648	-0.201464	0.553846	0.221550
26.967236	-0.352502	-0.191391	0.533700	0.221550
26.998531	-0.342429	-0.181317	0.513613	0.211477
27.029827	-0.332355	-0.181317	0.493467	0.201404
27.061123	-0.312209	-0.181317	0.483394	0.191331
27.092419	-0.302136	-0.171244	0.473320	0.201404
27.123714	-0.292063	-0.161171	0.453174	0.191331
27.155010	-0.292063	-0.161171	0.433028	0.181258
27.186306	-0.271916	-0.161171	0.422955	0.181258
27.217602	-0.261843	-0.151098	0.412881	0.191331
27.248898	-0.251830	-0.141025	0.382662	0.191331
27.280195	-0.251830	-0.141025	0.362515	0.181258
27.311491	-0.241756	-0.151098	0.342369	0.171185
27.342787	-0.221610	-0.151098	0.342369	0.171185
27.374083	-0.211537	-0.141025	0.332296	0.171185
27.405378	-0.221610	-0.151098	0.312150	0.161111
27.436674	-0.221610	-0.151098	0.292003	0.151038
27.467970	-0.211537	-0.151098	0.292003	0.140965
27.499266	-0.201464	-0.141025	0.292003	0.140965
27.530561	-0.201464	-0.141025	0.271857	0.130892
27.561857	-0.201464	-0.151098	0.241697	0.120819
27.593153	-0.201464	-0.151098	0.231624	0.120819
27.624449	-0.181317	-0.141025	0.231624	0.120819
27.655745	-0.181317	-0.141025	0.221550	0.120819
27.687040	-0.191391	-0.141025	0.191331	0.110745
27.718336	-0.181317	-0.141025	0.181258	0.110745
27.749632	-0.161171	-0.130951	0.181258	0.130892
27.780930	-0.151098	-0.130951	0.181258	0.140965
27.812225	-0.151098	-0.141025	0.161111	0.130892
27.843521	-0.151098	-0.151098	0.140965	0.130892
27.874817	-0.141025	-0.141025	0.140965	0.140965
27.906113	-0.120878	-0.130951	0.161111	0.161111
27.937408	-0.130951	-0.130951	0.151038	0.151038
27.968704	-0.141025	-0.141025	0.130892	0.140965
