20.958424	-0.040293	-0.130951	-0.030220	0.000000
20.989719	-0.040293	-0.130951	-0.030220	0.000000
21.021015	-0.040293	-0.120878	-0.020146	0.000000
21.052311	-0.030220	-0.120878	-0.020146	0.010014
21.083607	-0.030220	-0.120878	-0.020146	0.010014
21.114902	-0.030220	-0.120878	-0.020146	0.010014
21.146198	-0.030220	-0.120878	-0.010073	0.020087
21.177494	-0.030220	-0.110805	-0.010073	0.020087
21.208790	-0.030220	-0.110805	-0.010073	0.030160
21.240086	-0.030220	-0.100732	-0.010073	0.030160
21.271381	-0.040293	-0.100732	-0.010073	0.040233
21.302677	-0.040293	-0.100732	-0.020146	0.050306
21.333973	-0.050366	-0.100732	-0.020146	0.050306
21.365271	-0.050366	-0.110805	-0.010073	0.060380
21.396566	-0.050366	-0.110805	-0.010073	0.060380
21.427862	-0.050366	-0.120878	-0.010073	0.060380
21.459158	-0.060439	-0.130951	-0.010073	0.070453
21.490454	-0.060439	-0.141025	-0.010073	0.070453
21.521749	-0.050366	-0.141025	-0.010073	0.070453
21.553045	-0.040293	-0.130951	0.000000	0.080526
21.584341	-0.040293	-0.120878	0.000000	0.080526
21.615637	-0.040293	-0.120878	0.010014	0.080526
21.646933	-0.030220	-0.120878	0.010014	0.080526
21.678228	-0.030220	-0.120878	0.020087	0.090599
21.709524	-0.030220	-0.120878	0.020087	0.090599
21.740820	-0.030220	-0.120878	0.020087	0.100672
21.772116	-0.030220	-0.120878	0.020087	0.110745
21.803411	-0.040293	-0.110805	0.020087	0.120819
21.834707	-0.040293	-0.110805	0.020087	0.130892
21.866005	-0.040293	-0.110805	0.020087	0.140965
21.897301	-0.040293	-0.110805	0.020087	0.151038
21.928596	-0.040293	-0.110805	0.030160	0.151038
21.959892	-0.040293	-0.110805	0.030160	0.161111
21.991188	-0.040293	-0.110805	0.040233	0.161111
22.022484	-0.050366	-0.110805	0.040233	0.171185
22.053780	-0.050366	-0.110805	0.040233	0.171185
22.085075	-0.050366	-0.100732	0.050306	0.181258
22.116371	-0.040293	-0.090659	0.050306	0.191331
22.147667	-0.040293	-0.090659	0.060380	0.191331
22.178963	-0.040293	-0.090659	0.060380	0.201404
22.210258	-0.040293	-0.090659	0.060380	0.201404
22.241554	-0.040293	-0.090659	0.060380	0.211477
22.272850	-0.040293	-0.100732	0.060380	0.211477
22.304146	-0.050366	-0.100732	0.070453	0.221550
22.335442	-0.050366	-0.100732	0.070453	0.231624
22.366739	-0.050366	-0.090659	0.080526	0.251770
22.398035	-0.050366	-0.080585	0.080526	0.261784
22.429331	-0.050366	-0.080585	0.090599	0.271857
22.460627	-0.050366	-0.090659	0.090599	0.281930
22.491922	-0.050366	-0.090659	0.090599	0.292003
22.523218	-0.050366	-0.080585	0.090599	0.302076
22.554514	-0.050366	-0.080585	0.100672	0.312150
22.585810	-0.050366	-0.070512	0.100672	0.322223
22.617105	-0.050366	-0.080585	0.110745	0.342369
22.648401	-0.040293	-0.080585	0.120819	0.352442
22.679697	-0.050366	-0.080585	0.120819	0.362515
22.710993	-0.050366	-0.090659	0.130892	0.362515
22.742289	-0.060439	-0.090659	0.140965	0.372589
22.773584	-0.060439	-0.080585	0.140965	0.382662
22.804880	-0.060439	-0.080585	0.140965	0.392735
22.836176	-0.060439	-0.090659	0.151038	0.402808
22.867474	-0.060439	-0.090659	0.151038	0.422955
22.898769	-0.050366	-0.090659	0.161111	0.443101
22.930065	-0.050366	-0.080585	0.171185	0.463247
22.961361	-0.050366	-0.070512	0.171185	0.473320
22.992657	-0.050366	-0.070512	0.181258	0.483394
23.023952	-0.060439	-0.070512	0.191331	0.503540
23.055248	-0.060439	-0.060439	0.201404	0.523627
23.086544	-0.060439	-0.060439	0.211477	0.533700
23.117840	-0.050366	-0.050366	0.221550	0.553846
23.149136	-0.050366	-0.050366	0.221550	0.573993
23.180431	-0.050366	-0.050366	0.231624	0.594139
23.211727	-0.050366	-0.040293	0.241697	0.614285
23.243023	-0.050366	-0.040293	0.241697	0.634432
23.274319	-0.050366	-0.040293	0.251770	0.654578
23.305614	-0.050366	-0.040293	0.261784	0.674725
23.336912	-0.060439	-0.030220	0.271857	0.704944
23.368208	-0.050366	-0.030220	0.281930	0.725091
23.399504	-0.050366	-0.030220	0.281930	0.735164
23.430799	-0.050366	-0.030220	0.292003	0.755310
23.462095	-0.050366	-0.030220	0.302076	0.785470
23.493391	-0.060439	-0.030220	0.312150	0.815690
23.524687	-0.060439	-0.040293	0.312150	0.845909
23.555983	-0.060439	-0.040293	0.322223	0.876129
23.587278	-0.050366	-0.040293	0.332296	0.916421
23.618574	-0.050366	-0.040293	0.342369	0.946641
23.649870	-0.050366	-0.040293	0.352442	0.976861
23.681166	-0.050366	-0.040293	0.372589	1.007080
23.712461	-0.040293	-0.040293	0.382662	1.047313
23.743757	-0.050366	-0.040293	0.392735	1.087606
23.775053	-0.050366	-0.040293	0.402808	1.137972
23.806349	-0.050366	-0.040293	0.412881	1.188338
23.837646	-0.040293	-0.040293	0.433028	1.228631
23.868942	-0.040293	-0.040293	0.443101	1.278996
23.900238	-0.040293	-0.040293	0.453174	1.329303
23.931534	-0.040293	-0.030220	0.473320	1.379669
23.962830	-0.040293	-0.030220	0.483394	1.440108
23.994125	-0.040293	-0.030220	0.493467	1.500547
24.025421	-0.040293	-0.030220	0.503540	1.571000
24.056717	-0.040293	-0.040293	0.523627	1.651585
24.088013	-0.040293	-0.030220	0.533700	1.732171
24.119308	-0.040293	-0.030220	0.553846	1.822770
24.150604	-0.040293	-0.010073	0.573993	1.913428
24.181900	-0.040293	0.000000	0.594139	2.024233
24.213196	-0.040293	-0.010073	0.604212	2.145052
24.244492	-0.040293	-0.020146	0.624359	2.286077
24.275787	-0.040293	-0.050366	0.644505	2.427042
24.307083	-0.040293	-0.090659	0.664651	2.578139
24.338381	-0.040293	-0.141025	0.694871	2.749324
24.369677	-0.040293	-0.191391	0.715017	2.930582
24.400972	-0.030220	-0.251830	0.745237	3.131986
24.432268	-0.030220	-0.312209	0.765383	3.363609
24.463564	-0.040293	-0.382721	0.795543	3.625453
24.494860	-0.040293	-0.443161	0.825763	3.927588
24.526155	-0.030220	-0.513673	0.866055	4.310310
24.557451	-0.040293	-0.594199	0.886202	4.783630
24.588747	-0.040293	-0.684857	0.916421	5.367756
24.620043	-0.040293	-0.795603	0.946641	6.072700
24.651339	-0.040293	-0.916481	0.986934	6.938815
24.682634	-0.030220	-1.037300	1.017153	7.996202
24.713930	-0.030220	-1.168251	1.057386	9.295344
24.745226	-0.030220	-1.268983	1.097679	10.866404
24.776522	-0.030220	-1.329362	1.137972	12.739599
24.807819	-0.030220	-1.309216	1.178265	14.904857
24.839115	-0.030220	-1.158178	1.218557	17.281532
24.870411	-0.040293	-0.835896	1.258850	19.799292
24.901707	-0.040293	-0.312209	1.309156	22.226334
24.933002	-0.040293	0.392735	1.359522	24.311007
24.964298	-0.050366	1.238704	1.419961	25.781393
24.995594	-0.050366	2.114832	1.480401	26.415825
25.026890	-0.050366	2.920508	1.540840	26.244640
25.058186	-0.050366	3.605366	1.611292	25.529564
25.089481	-0.050366	4.169285	1.681805	24.462105
25.120777	-0.060439	4.642606	1.762390	23.112595
25.152073	-0.060439	5.065620	1.852989	21.420658
25.183369	-0.070512	5.468428	1.953721	19.325972
25.214664	-0.080585	5.881369	2.064466	16.788065
25.245960	-0.090659	6.324470	2.175272	13.776898
25.277256	-0.100732	6.757498	2.296150	10.393084
25.308554	-0.120878	7.099926	2.437115	6.858230
25.339849	-0.141025	7.250965	2.578139	3.494561
25.371145	-0.181317	7.110000	2.739251	0.775397
25.402441	-0.221610	6.646752	2.920508	-0.946701
25.433737	-0.271916	5.941749	3.131986	-1.641572
25.465033	-0.322282	5.126059	3.373682	-1.581132
25.496328	-0.372648	4.320383	3.645599	-1.178324
25.527624	-0.443161	3.605366	3.967881	-0.705004
25.558920	-0.533760	3.011167	4.340529	-0.261843
25.590216	-0.644565	2.527773	4.793704	0.100672
25.621511	-0.795603	2.134979	5.347610	0.372589
25.652807	-0.986993	1.812696	6.032407	0.553846
25.684103	-1.238763	1.560926	6.878376	0.684798
25.715399	-1.571059	1.349449	7.945895	0.775397
25.746695	-1.984000	1.168191	9.295344	0.855982
25.777990	-2.487540	1.017153	10.977209	0.916421
25.809288	-3.071666	0.886202	13.071955	0.966787
25.840584	-3.736317	0.785470	15.589655	1.007080
25.871880	-4.320443	0.704944	18.359125	1.037240
25.903175	-4.612505	0.634432	21.007776	1.067460
25.934471	-4.521847	0.584066	23.233414	1.087606
25.965767	-4.068673	0.543773	24.844765	1.087606
25.997063	-3.414035	0.503540	25.811554	1.067460
26.028358	-2.658725	0.473320	26.204348	1.047313
26.059654	-1.913488	0.443101	26.093542	1.017153
26.090950	-1.218617	0.422955	25.549709	0.986934
26.122246	-0.553906	0.402808	24.582922	0.966787
26.153542	0.161111	0.372589	23.152887	0.946641
26.184837	1.349449	0.352442	20.584822	0.926495
26.216133	2.698958	0.322223	17.835438	0.906348
26.247429	4.380822	0.302076	14.522135	0.886202
26.278725	6.072700	0.292003	10.967135	0.866055
26.310022	7.351696	0.281930	7.633686	0.845909
26.341318	8.006275	0.261784	4.844069	0.825763
26.372614	8.016348	0.251770	2.769470	0.805616
26.403910	7.543027	0.241697	1.419961	0.795543
26.435205	6.757498	0.231624	0.644505	0.775397
26.466501	5.861223	0.221550	0.302076	0.755310
26.497797	4.974961	0.211477	0.231624	0.735164
26.529093	4.169285	0.191331	0.292003	0.715017
26.560389	3.474414	0.171185	0.412881	0.694871
26.591684	2.900362	0.161111	0.543773	0.674725
26.622980	2.427042	0.140965	0.654578	0.664651
26.654276	2.044380	0.140965	0.755310	0.654578
26.685572	1.722097	0.130892	0.835836	0.634432
26.716867	1.460254	0.130892	0.896275	0.624359
26.748163	1.248777	0.120819	0.956714	0.614285
26.779461	1.067460	0.110745	0.997007	0.604212
26.810757	0.926495	0.110745	1.037240	0.584066
26.842052	0.815690	0.110745	1.077533	0.573993
26.873348	0.725091	0.100672	1.097679	0.563920
26.904644	0.654578	0.100672	1.097679	0.553846
26.935940	0.594139	0.100672	1.097679	0.543773
26.967236	0.553846	0.100672	1.077533	0.523627
26.998531	0.513613	0.110745	1.057386	0.513613
27.029827	0.473320	0.100672	1.027226	0.513613
27.061123	0.443101	0.090599	0.997007	0.503540
27.092419	0.422955	0.080526	0.966787	0.503540
27.123714	0.392735	0.080526	0.946641	0.493467
27.155010	0.372589	0.070453	0.916421	0.483394
27.186306	0.342369	0.070453	0.896275	0.483394
27.217602	0.322223	0.060380	0.866055	0.473320
27.248898	0.292003	0.060380	0.835836	0.463247
27.280195	0.271857	0.060380	0.815690	0.453174
27.311491	0.261784	0.050306	0.795543	0.453174
27.342787	0.251770	0.050306	0.775397	0.443101
27.374083	0.241697	0.050306	0.755310	0.443101
27.405378	0.221550	0.050306	0.745237	0.443101
27.436674	0.201404	0.040233	0.725091	0.443101
27.467970	0.191331	0.050306	0.704944	0.433028
27.499266	0.171185	0.050306	0.684798	0.433028
27.530561	0.171185	0.060380	0.654578	0.422955
27.561857	0.171185	0.060380	0.634432	0.422955
27.593153	0.161111	0.050306	0.614285	0.422955
27.624449	0.161111	0.050306	0.604212	0.422955
27.655745	0.140965	0.050306	0.584066	0.422955
27.687040	0.130892	0.050306	0.563920	0.412881
27.718336	0.110745	0.050306	0.543773	0.412881
27.749632	0.100672	0.050306	0.523627	0.412881
27.780930	0.090599	0.050306	0.513613	0.412881
27.812225	0.080526	0.050306	0.503540	0.412881
27.843521	0.070453	0.050306	0.493467	0.412881
27.874817	0.070453	0.050306	0.483394	0.422955
27.906113	0.070453	0.050306	0.473320	0.433028
27.937408	0.060380	0.060380	0.463247	0.443101
27.968704	0.070453	0.060380	0.463247	0.453174
