21.940655	0.070482	0.191346	-0.372633	0.016779
21.959421	0.073850	0.184625	-0.597551	0.426322
21.978189	0.080556	0.177905	-0.772104	0.832513
21.996956	0.083923	0.171199	-0.896320	1.195073
22.015724	0.083923	0.167847	-0.970170	1.493841
22.034491	0.083923	0.161126	-1.003742	1.735538
22.053259	0.083923	0.157773	-0.993669	1.936957
22.072025	0.083923	0.154406	-0.943318	2.108157
22.090794	0.083923	0.154406	-0.839248	2.239078
22.109560	0.080556	0.154406	-0.684828	2.302855
22.128328	0.077203	0.154406	-0.486761	2.276003
22.147097	0.073850	0.157773	-0.258490	2.155155
22.165863	0.070482	0.161126	0.003353	1.943663
22.184631	0.067130	0.167847	0.302121	1.671761
22.203398	0.060424	0.174552	0.651240	1.366273
22.222166	0.057057	0.181273	1.033932	1.040652
22.240932	0.050351	0.187978	1.416624	0.691518
22.259701	0.046983	0.194699	1.769111	0.302121
22.278467	0.043631	0.201404	2.061158	-0.137642
22.297235	0.040278	0.208125	2.259225	-0.614330
22.316002	0.040278	0.218198	2.353221	-1.101092
22.334770	0.040278	0.228271	2.326355	-1.550913
22.353539	0.043631	0.234976	2.192080	-1.936972
22.372305	0.046983	0.241697	1.960456	-2.242446
22.391073	0.053704	0.245050	1.648262	-2.457291
22.409840	0.060424	0.248402	1.265571	-2.581507
22.428608	0.067130	0.251770	0.849307	-2.618432
22.447374	0.073850	0.251770	0.436395	-2.574787
22.466143	0.080556	0.248402	0.050351	-2.460659
22.484909	0.087276	0.248402	-0.298783	-2.296165
22.503677	0.093982	0.245050	-0.614330	-2.081320
22.522444	0.100702	0.238329	-0.906378	-1.816124
22.541212	0.104055	0.234976	-1.161516	-1.497209
22.559978	0.107422	0.228271	-1.366287	-1.138017
22.578747	0.110775	0.224903	-1.500562	-0.745252
22.597515	0.114128	0.218198	-1.560986	-0.342414
22.616282	0.117481	0.211477	-1.554281	0.067130
22.635050	0.117481	0.204772	-1.507282	0.476673
22.653816	0.114128	0.201404	-1.433432	0.859380
22.672585	0.114128	0.194699	-1.342788	1.195073
22.691351	0.110775	0.191346	-1.211867	1.466975
22.710119	0.107422	0.187978	-1.030594	1.671761
22.728886	0.107422	0.187978	-0.782177	1.802683
22.747654	0.100702	0.184625	-0.476688	1.856387
22.766420	0.097349	0.187978	-0.134289	1.829535
22.785189	0.093982	0.191346	0.231624	1.715392
22.803957	0.087276	0.194699	0.597537	1.520693
22.822723	0.083923	0.198051	0.936583	1.255497
22.841492	0.080556	0.204772	1.228631	0.939935
22.860258	0.077203	0.211477	1.456916	0.594169
22.879026	0.073850	0.218198	1.624763	0.241697
22.897793	0.073850	0.224903	1.654968	-0.114143
22.916561	0.077203	0.231624	1.594543	-0.456557
22.935328	0.080556	0.238329	1.473695	-0.768751
22.954096	0.083923	0.245050	1.309201	-1.044020
22.972862	0.087276	0.251770	1.121208	-1.279011
22.991631	0.090629	0.255123	0.916436	-1.470357
23.010397	0.097349	0.261828	0.681460	-1.618057
23.029165	0.100702	0.265196	0.419617	-1.701981
23.047934	0.107422	0.265196	0.134274	-1.712054
23.066700	0.110775	0.265196	-0.181288	-1.648277
23.085468	0.117481	0.261828	-0.516981	-1.507282
23.104235	0.124201	0.261828	-0.869453	-1.315936
23.123003	0.130907	0.255123	-1.215219	-1.080945
23.141769	0.137627	0.251770	-1.513988	-0.822455
23.160538	0.140980	0.248402	-1.738906	-0.530407
23.179304	0.144348	0.241697	-1.876548	-0.208139
23.198072	0.147700	0.238329	-1.906753	0.144348
23.216839	0.147700	0.231624	-1.839623	0.520319
23.235607	0.147700	0.224903	-1.678482	0.906363
23.254375	0.147700	0.221550	-1.453564	1.289070
23.273142	0.144348	0.218198	-1.185015	1.638189
23.291910	0.137627	0.214845	-0.899673	1.936957
23.310677	0.134274	0.211477	-0.614330	2.175301
23.329445	0.134274	0.211477	-0.362560	2.370000
23.348211	0.130907	0.208125	-0.171214	2.524421
23.366980	0.130907	0.208125	-0.063792	2.631843
23.385746	0.130907	0.208125	-0.016794	2.682194
23.404514	0.130907	0.208125	0.000000	2.658695
23.423281	0.130907	0.211477	0.010058	2.551272
23.442049	0.130907	0.214845	0.036925	2.359927
23.460815	0.134274	0.221550	0.083923	2.084658
23.479584	0.134274	0.228271	0.157773	1.725465
23.498352	0.134274	0.238329	0.248402	1.285702
23.517118	0.134274	0.248402	0.322267	0.788882
23.535887	0.137627	0.258476	0.362545	0.258476
23.554653	0.137627	0.268549	0.345752	-0.265211
23.573421	0.140980	0.278622	0.285327	-0.741899
23.592188	0.144348	0.285327	0.194699	-1.154795
23.610956	0.147700	0.292048	0.104055	-1.493856
23.629723	0.147700	0.298768	0.043631	-1.769125
23.648491	0.151053	0.305474	0.026852	-1.994044
23.667257	0.151053	0.308827	0.050351	-2.171948
23.686026	0.151053	0.312194	0.093982	-2.302870
23.704794	0.154406	0.315547	0.144348	-2.363294
23.723560	0.154406	0.315547	0.201404	-2.349868
23.742329	0.154406	0.315547	0.258476	-2.259240
23.761095	0.154406	0.315547	0.295401	-2.101466
23.779863	0.154406	0.315547	0.295401	-1.879901
23.798630	0.157773	0.312194	0.248402	-1.591206
23.817398	0.161126	0.305474	0.161126	-1.225293
23.836164	0.164479	0.298768	0.043631	-0.778824
23.854933	0.167847	0.292048	-0.093997	-0.251785
23.873699	0.171199	0.285327	-0.245064	0.322267
23.892467	0.177905	0.278622	-0.386059	0.892937
23.911234	0.181273	0.271901	-0.486761	1.409918
23.930002	0.181273	0.265196	-0.516981	1.842961
23.948771	0.184625	0.261828	-0.453189	2.185374
23.967537	0.184625	0.261828	-0.315562	2.440497
23.986305	0.184625	0.261828	-0.124216	2.604991
24.005072	0.181273	0.265196	0.067130	2.672121
24.023840	0.181273	0.268549	0.221550	2.651989
24.042606	0.181273	0.275269	0.302121	2.564698
24.061375	0.181273	0.278622	0.312194	2.420351
24.080141	0.184625	0.285327	0.265196	2.229005
24.098909	0.184625	0.292048	0.201404	1.990661
24.117676	0.187978	0.298768	0.144348	1.691893
24.136444	0.191346	0.308827	0.114128	1.319274
24.155212	0.191346	0.322267	0.127554	0.862733
24.173979	0.191346	0.339046	0.191346	0.332326
24.192747	0.191346	0.352472	0.315547	-0.238344
24.211514	0.187978	0.369251	0.476673	-0.805676
24.230282	0.187978	0.382692	0.641167	-1.336068
24.249048	0.187978	0.396118	0.762016	-1.802698
24.267817	0.187978	0.409544	0.798941	-2.195448
24.286583	0.191346	0.419617	0.735164	-2.494216
24.305351	0.194699	0.426322	0.527039	-2.692282
24.324118	0.198051	0.433043	0.298768	-2.782926
24.342886	0.204772	0.439748	0.063777	-2.762780
24.361652	0.214845	0.443116	-0.157788	-2.641931
24.380421	0.218198	0.446469	-0.342414	-2.433792
24.399189	0.224903	0.449821	-0.480056	-2.094746
24.417955	0.228271	0.449821	-0.543833	-1.772478
24.436724	0.231624	0.449821	-0.520334	-1.396492
24.455490	0.231624	0.449821	-0.433058	-0.943318
24.474258	0.234976	0.449821	-0.328988	-0.422984
24.493025	0.234976	0.449821	-0.255138	0.120848
24.511793	0.238329	0.449821	-0.234991	0.644535
24.530560	0.241697	0.453174	-0.268564	1.097709
24.549328	0.245050	0.456542	-0.332341	1.453549
24.568094	0.248402	0.463247	-0.399485	1.708686
24.586863	0.251770	0.469968	-0.436410	1.886606
24.605631	0.255123	0.480041	-0.436410	2.010808
24.624397	0.258476	0.490114	-0.396132	2.104804
24.643166	0.258476	0.503540	-0.318915	2.182007
24.661932	0.261828	0.520319	-0.194713	2.235725
24.680700	0.261828	0.537112	-0.040293	2.255872
24.699467	0.261828	0.557244	0.107422	2.232373
24.718235	0.265196	0.577390	0.204772	2.148449
24.737001	0.271901	0.600889	0.211477	1.994029
24.755770	0.275269	0.627741	0.124201	1.762390
24.774536	0.285327	0.654593	-0.023499	1.460269
24.793304	0.292048	0.684813	-0.177920	1.094356
24.812071	0.298768	0.721738	-0.295416	0.688165
24.830839	0.305474	0.755310	-0.359207	0.248402
24.849607	0.312194	0.795588	-0.359207	-0.201419
24.868374	0.318900	0.839233	-0.315562	-0.641182
24.887142	0.322267	0.886232	-0.251785	-1.040667
24.905909	0.328973	0.936583	-0.184640	-1.373008
24.924677	0.332326	0.990286	-0.124216	-1.624778
24.943443	0.339046	1.050726	-0.083938	-1.799330
24.962212	0.345752	1.114503	-0.067145	-1.913473
24.980978	0.352472	1.188353	-0.073865	-1.980603
24.999746	0.362545	1.275629	-0.097364	-2.024248
25.018513	0.369251	1.376346	-0.120863	-2.051100
25.037281	0.375971	1.493841	-0.134289	-2.061173
25.056049	0.386044	1.638189	-0.137642	-2.044394
25.074816	0.392750	1.809388	-0.147715	-1.987323
25.093584	0.402823	2.017528	-0.171214	-1.869828
25.112350	0.412896	2.265930	-0.201419	-1.668409
25.131119	0.426322	2.561346	-0.228286	-1.383066
25.149885	0.436395	2.903759	-0.255138	-1.027241
25.168653	0.449821	3.283098	-0.275284	-0.644535
25.187420	0.463247	3.682569	-0.292063	-0.268564
25.206188	0.476673	4.075334	-0.302136	0.060424
25.224955	0.490114	4.421100	-0.295416	0.332326
25.243723	0.503540	4.703090	-0.261843	0.543818
25.262489	0.520319	4.901141	-0.187993	0.694886
25.281258	0.537112	5.015284	-0.080571	0.775442
25.300026	0.550538	5.048856	0.053704	0.785515
25.318792	0.570670	5.001858	0.194699	0.738516
25.337561	0.587463	4.880995	0.339046	0.661314
25.356327	0.607595	4.686296	0.483394	0.570670
25.375095	0.627741	4.434526	0.641167	0.480041
25.393862	0.651240	4.125685	0.805661	0.399470
25.412630	0.678092	3.776565	0.966802	0.325620
25.431396	0.704959	3.403947	1.101077	0.251770
25.450165	0.738516	3.024608	1.191705	0.174552
25.468931	0.772089	2.662063	1.245424	0.073850
25.487700	0.815734	2.336428	1.275629	-0.063792
25.506468	0.859380	2.057806	1.275629	-0.248417
25.525234	0.913084	1.836240	1.231998	-0.463262
25.544003	0.970155	1.658320	1.131281	-0.678107
25.562769	1.037285	1.517341	0.963435	-0.859380
25.581537	1.114503	1.399845	0.738516	-0.986949
25.600304	1.205131	1.302496	0.490114	-1.050740
25.619072	1.309201	1.221925	0.231624	-1.060799
25.637838	1.433417	1.151428	-0.020146	-1.040667
25.656607	1.581118	1.091003	-0.261843	-1.010448
25.675373	1.769111	1.037285	-0.500187	-0.973523
25.694141	2.007455	0.986934	-0.735179	-0.939950
25.712910	2.306223	0.946656	-0.950024	-0.899673
25.731676	2.766118	0.906363	-1.164868	-0.842601
25.750444	3.189102	0.869438	-1.292437	-0.755325
25.769211	3.622144	0.832513	-1.396492	-0.631109
25.787979	4.038408	0.798941	-1.487136	-0.466630
25.806746	4.417747	0.768736	-1.564354	-0.285342
25.825514	4.733294	0.738516	-1.601279	-0.104070
25.844280	4.974991	0.711665	-1.571059	0.077203
25.863049	5.139485	0.688165	-1.466990	0.251770
25.881815	5.213335	0.661314	-1.305863	0.429690
25.900583	5.199909	0.637814	-1.104444	0.610963
25.919350	5.105913	0.614315	-0.903025	0.772089
25.938118	4.938066	0.590816	-0.731826	0.899658
25.956886	4.689649	0.570670	-0.610977	0.963435
25.975653	4.377455	0.553891	-0.537112	0.970155
25.994421	4.014909	0.540465	-0.503555	0.929862
26.013187	3.618792	0.527039	-0.483409	0.862733
26.031956	3.215954	0.516966	-0.459909	0.772089
26.050722	2.839968	0.506893	-0.433058	0.657961
26.069490	2.497569	0.500172	-0.396132	0.516966
26.088257	2.202153	0.490114	-0.372633	0.355825
26.107025	1.957089	0.483394	-0.369266	0.174552
26.125792	1.748964	0.473320	-0.382707	-0.003368
26.144560	1.581118	0.466615	-0.399485	-0.181288
26.163328	1.440123	0.463247	-0.406206	-0.349134
26.182095	1.322627	0.456542	-0.399485	-0.506908
26.200863	1.225278	0.449821	-0.389412	-0.651255
26.219629	1.141354	0.443116	-0.389412	-0.765398
26.238398	1.070857	0.436395	-0.396132	-0.842601
26.257164	1.010433	0.429690	-0.402838	-0.876173
26.275932	0.953361	0.422969	-0.409558	-0.869453
26.294699	0.906363	0.416249	-0.409558	-0.835896
26.313467	0.862733	0.409544	-0.392765	-0.782177
26.332233	0.825807	0.399470	-0.345767	-0.704974
26.351002	0.788882	0.392750	-0.258490	-0.600904
26.369768	0.755310	0.386044	-0.114143	-0.473335
26.388536	0.721738	0.375971	0.097349	-0.339061
26.407305	0.688165	0.369251	0.379324	-0.204787
26.426071	0.661314	0.362545	0.698239	-0.070497
26.444839	0.634462	0.352472	1.000360	0.063777
26.463606	0.607595	0.345752	1.228631	0.204772
26.482374	0.587463	0.339046	1.342773	0.342399
26.501141	0.567317	0.332326	1.339421	0.453174
26.519909	0.547171	0.325620	1.252130	0.520319
26.538675	0.533745	0.322267	1.111150	0.533745
26.557444	0.516966	0.318900	0.943303	0.506893
26.576210	0.506893	0.315547	0.772089	0.466615
26.594978	0.493467	0.312194	0.607595	0.426322
26.613747	0.483394	0.308827	0.459895	0.389397
26.632513	0.473320	0.305474	0.335693	0.342399
26.651281	0.466615	0.302121	0.224903	0.258476
26.670048	0.459895	0.298768	0.100702	0.140980
26.688816	0.449821	0.298768	-0.067145	0.003353
26.707582	0.443116	0.298768	-0.292063	-0.127569
26.726351	0.436395	0.295401	-0.563979	-0.238344
26.745117	0.433043	0.295401	-0.845954	-0.328988
26.763885	0.426322	0.292048	-1.111165	-0.399485
26.782652	0.422969	0.292048	-1.329362	-0.446483
26.801420	0.419617	0.288695	-1.483783	-0.456557
26.820187	0.412896	0.285327	-1.554281	-0.419632
26.838955	0.402823	0.281975	-1.520708	-0.335708
26.857723	0.392750	0.275269	-1.366287	-0.208139
26.876490	0.382692	0.271901	-1.107797	-0.053719
26.895258	0.372618	0.265196	-0.788897	0.114128
26.914024	0.359192	0.258476	-0.463262	0.315547
26.932793	0.349119	0.255123	-0.184640	0.446469
26.951559	0.339046	0.248402	0.023484	0.530392
26.970327	0.328973	0.245050	0.167847	0.560597
26.989094	0.322267	0.245050	0.268549	0.543818
27.007862	0.315547	0.241697	0.369251	0.510246
27.026628	0.308827	0.241697	0.446469	0.490114
27.045397	0.302121	0.238329	0.506893	0.493467
27.064165	0.298768	0.238329	0.547171	0.500172
27.082932	0.292048	0.238329	0.584096	0.466615
27.101700	0.285327	0.238329	0.624388	0.365898
27.120466	0.281975	0.238329	0.674739	0.184625
27.139235	0.278622	0.241697	0.721738	-0.060439
27.158001	0.275269	0.245050	0.741884	-0.342414
27.176769	0.271901	0.248402	0.721738	-0.644535
27.195536	0.271901	0.251770	0.654593	-0.943318
27.214304	0.268549	0.255123	0.557244	-1.232013
27.233070	0.265196	0.258476	0.446469	-1.497209
27.251839	0.261828	0.261828	0.335693	-1.715407
27.270605	0.258476	0.261828	0.231624	-1.876548
27.289373	0.258476	0.261828	0.140980	-1.973897
27.308142	0.255123	0.261828	0.067130	-2.017543
27.326908	0.255123	0.258476	0.003353	-2.010822
27.345676	0.251770	0.255123	-0.057071	-1.957104
27.364443	0.248402	0.251770	-0.107422	-1.859754
27.383211	0.245050	0.248402	-0.137642	-1.715407
27.401978	0.241697	0.245050	-0.127569	-1.527414
27.420746	0.238329	0.238329	-0.073865	-1.305863
27.439512	0.234976	0.234976	0.003353	-1.057446
27.458281	0.231624	0.228271	0.070482	-0.778824
27.477047	0.231624	0.218198	0.104055	-0.459909
27.495815	0.228271	0.211477	0.097349	-0.097364
27.514584	0.228271	0.204772	0.057057	0.302121
27.533350	0.224903	0.194699	0.006706	0.725091
27.552118	0.224903	0.184625	-0.033572	1.144707
27.570885	0.221550	0.177905	-0.053719	1.520693
27.589653	0.218198	0.171199	-0.070497	1.819462
27.608419	0.214845	0.167847	-0.087291	2.004087
27.627188	0.214845	0.167847	-0.104070	2.054453
27.645954	0.211477	0.167847	-0.117496	1.970530
27.664722	0.211477	0.167847	-0.117496	1.775816
27.683489	0.208125	0.171199	-0.100717	1.510620
27.702257	0.208125	0.177905	-0.073865	1.225278
27.721024	0.204772	0.181273	-0.053719	0.960082
27.739792	0.204772	0.181273	-0.050366	0.741884
27.758560	0.204772	0.184625	-0.067145	0.577390
27.777327	0.201404	0.184625	-0.077218	0.443116
27.796095	0.201404	0.187978	-0.063792	0.298768
27.814861	0.198051	0.187978	-0.026867	0.100702
27.833630	0.194699	0.194699	0.020131	-0.181288
27.852396	0.194699	0.198051	0.057057	-0.540480
27.871164	0.191346	0.204772	0.073850	-0.943318
27.889931	0.191346	0.208125	0.073850	-1.332715
27.908699	0.191346	0.214845	0.067130	-1.661703
27.927465	0.187978	0.218198	0.060424	-1.903400
27.946234	0.187978	0.218198	0.053704	-2.034321
27.965002	0.184625	0.218198	0.033557	-2.054468
27.983768	0.184625	0.218198	-0.003368	-1.967177
28.002537	0.184625	0.214845	-0.057071	-1.789257
28.021303	0.181273	0.208125	-0.107422	-1.547560
28.040071	0.181273	0.201404	-0.154421	-1.265585
28.058838	0.181273	0.198051	-0.198066	-0.976875
28.077606	0.184625	0.191346	-0.251785	-0.711679
28.096373	0.184625	0.187978	-0.325635	-0.486761
28.115141	0.184625	0.184625	-0.406206	-0.295416
28.133907	0.184625	0.181273	-0.493482	-0.114143
28.152676	0.184625	0.174552	-0.574052	0.070482
28.171442	0.184625	0.171199	-0.644535	0.278622
28.190210	0.184625	0.167847	-0.698254	0.510246
28.208979	0.184625	0.161126	-0.731826	0.751957
28.227745	0.184625	0.157773	-0.745252	0.986934
28.246513	0.181273	0.151053	-0.731826	1.174927
28.265280	0.181273	0.151053	-0.674754	1.295775
28.284048	0.177905	0.147700	-0.580758	1.329347
28.302814	0.174552	0.151053	-0.463262	1.268923
28.321583	0.171199	0.151053	-0.339061	1.124576
28.340349	0.171199	0.154406	-0.221565	0.919804
28.359118	0.167847	0.157773	-0.117496	0.681460
28.377884	0.164479	0.161126	-0.036940	0.443116
28.396652	0.161126	0.164479	0.026852	0.218198
28.415421	0.161126	0.167847	0.063777	0.010058
28.434187	0.157773	0.171199	0.080556	-0.187993
28.452955	0.157773	0.174552	0.090629	-0.382707
28.471722	0.157773	0.177905	0.114128	-0.584111
28.490490	0.157773	0.181273	0.157773	-0.798956
28.509256	0.154406	0.184625	0.231624	-1.023874
28.528025	0.154406	0.187978	0.312194	-1.248792
28.546791	0.151053	0.191346	0.372618	-1.446858
28.565559	0.151053	0.194699	0.382692	-1.584485
28.584326	0.151053	0.194699	0.318900	-1.631483
28.603094	0.151053	0.191346	0.167847	-1.567706
28.621861	0.151053	0.187978	-0.050366	-1.403213
28.640629	0.154406	0.181273	-0.308841	-1.161516
28.659397	0.157773	0.177905	-0.557259	-0.879526
28.678164	0.161126	0.171199	-0.755325	-0.584111
28.696932	0.164479	0.164479	-0.869453	-0.285342
28.715698	0.167847	0.157773	-0.903025	0.010058
28.734467	0.167847	0.154406	-0.859380	0.308827
28.753233	0.164479	0.147700	-0.765398	0.604242
28.772001	0.161126	0.144348	-0.637829	0.882864
28.790768	0.157773	0.137627	-0.510260	1.127928
28.809536	0.157773	0.134274	-0.409558	1.332700
28.828302	0.154406	0.130907	-0.349134	1.503915
28.847071	0.151053	0.127554	-0.318915	1.634821
28.865839	0.151053	0.124201	-0.292063	1.712039
28.884605	0.147700	0.124201	-0.228286	1.698613
28.903374	0.144348	0.127554	-0.110790	1.567692
28.922140	0.140980	0.130907	0.060424	1.325995
28.940908	0.137627	0.134274	0.271901	1.000360
28.959675	0.130907	0.140980	0.490114	0.634462
28.978443	0.127554	0.147700	0.688165	0.268549
28.997210	0.124201	0.151053	0.859380	-0.073865
29.015978	0.120848	0.157773	0.993654	-0.386059
29.034744	0.120848	0.161126	1.084283	-0.661328
29.053513	0.120848	0.164479	1.114503	-0.896320
29.072279	0.120848	0.167847	1.074225	-1.080945
29.091047	0.120848	0.167847	0.966802	-1.205146
29.109816	0.124201	0.167847	0.819087	-1.282364
29.128582	0.124201	0.167847	0.657961	-1.332715
29.147350	0.124201	0.167847	0.500172	-1.373008
29.166117	0.127554	0.167847	0.369251	-1.406565
29.184885	0.127554	0.167847	0.268549	-1.416638
29.203651	0.130907	0.167847	0.201404	-1.383066
29.222420	0.130907	0.167847	0.151053	-1.282364
29.241186	0.130907	0.164479	0.104055	-1.117870
29.259954	0.134274	0.161126	0.057057	-0.913098
29.278721	0.134274	0.154406	-0.006720	-0.688180
29.297489	0.134274	0.151053	-0.090644	-0.466630
29.316257	0.137627	0.147700	-0.198066	-0.261843
29.335024	0.137627	0.144348	-0.308841	-0.080571
29.353792	0.140980	0.140980	-0.382707	0.073850
29.372559	0.140980	0.137627	-0.412911	0.198051
29.391327	0.140980	0.134274	-0.402838	0.281975
29.410093	0.140980	0.134274	-0.372633	0.328973
29.428862	0.137627	0.130907	-0.332341	0.355825
29.447628	0.137627	0.130907	-0.288710	0.396118
29.466396	0.134274	0.130907	-0.241712	0.456542
29.485163	0.134274	0.127554	-0.194713	0.523672
29.503931	0.134274	0.127554	-0.154421	0.574037
29.522697	0.130907	0.127554	-0.107422	0.590816
29.541466	0.130907	0.127554	-0.060439	0.557244
29.560234	0.130907	0.127554	-0.003368	0.469968
29.579000	0.127554	0.130907	0.073850	0.345752
29.597769	0.124201	0.134274	0.191346	0.204772
29.616535	0.120848	0.134274	0.345752	0.060424
29.635303	0.117481	0.137627	0.527039	-0.090644
29.654070	0.114128	0.140980	0.698239	-0.261843
29.672838	0.110775	0.144348	0.832513	-0.456557
29.691605	0.110775	0.147700	0.909731	-0.661328
29.710373	0.110775	0.147700	0.929862	-0.845954
29.729139	0.110775	0.151053	0.903010	-0.976875
29.747908	0.110775	0.151053	0.849307	-1.020521
29.766676	0.110775	0.151053	0.792235	-0.973523
29.785442	0.110775	0.147700	0.751957	-0.856027
29.804211	0.110775	0.144348	0.745237	-0.701606
29.822977	0.110775	0.140980	0.778809	-0.540480
29.841745	0.110775	0.140980	0.842586	-0.399485
29.860512	0.110775	0.137627	0.906363	-0.278637
29.879280	0.110775	0.134274	0.950009	-0.174567
29.898046	0.107422	0.134274	0.943303	-0.083938
29.916815	0.107422	0.130907	0.892937	-0.003368
29.935581	0.107422	0.130907	0.802308	0.080556
29.954350	0.110775	0.127554	0.688165	0.194699
29.973116	0.114128	0.124201	0.557244	0.345752
29.991884	0.117481	0.120848	0.406191	0.533745
30.010653	0.117481	0.117481	0.234976	0.731811
30.029419	0.120848	0.114128	0.060424	0.913084
30.048187	0.124201	0.110775	-0.114143	1.057431
30.066954	0.124201	0.107422	-0.271916	1.158148
30.085722	0.127554	0.107422	-0.419632	1.205131
30.104488	0.130907	0.107422	-0.570685	1.198426
30.123257	0.130907	0.110775	-0.738531	1.134649
30.142023	0.134274	0.114128	-0.936598	1.003727
30.160791	0.140980	0.114128	-1.164868	0.802308
30.179558	0.144348	0.120848	-1.396492	0.537112
30.198326	0.147700	0.124201	-1.601279	0.238329
30.217094	0.147700	0.130907	-1.748979	-0.046998
30.235861	0.151053	0.134274	-1.829550	-0.355840
30.254629	0.151053	0.140980	-1.839623	-0.570685
30.273396	0.151053	0.144348	-1.779199	-0.768751
30.292164	0.147700	0.144348	-1.651630	-0.976875
30.310930	0.144348	0.147700	-1.456931	-1.198441
30.329699	0.140980	0.151053	-1.198441	-1.423359
30.348465	0.134274	0.154406	-0.886247	-1.621410
30.367233	0.130907	0.157773	-0.537112	-1.782551
30.386000	0.124201	0.157773	-0.184640	-1.893327
30.404768	0.117481	0.157773	0.147700	-1.957104
30.423534	0.110775	0.157773	0.463247	-1.953751
30.442303	0.107422	0.157773	0.755310	-1.859754
30.461071	0.100702	0.151053	1.044005	-1.654983
30.479837	0.097349	0.144348	1.319274	-1.356214
30.498606	0.093982	0.137627	1.567692	-1.010448
30.517372	0.087276	0.134274	1.782537	-0.681475
30.536140	0.083923	0.127554	1.950383	-0.422984
30.554907	0.083923	0.124201	2.061158	-0.255138
30.573675	0.080556	0.120848	2.118230	-0.154421
30.592442	0.080556	0.120848	2.128303	-0.077218
30.611210	0.080556	0.117481	2.088010	0.016779
30.629976	0.083923	0.117481	1.990661	0.144348
30.648745	0.087276	0.117481	1.829535	0.285327
30.667513	0.087276	0.114128	1.597896	0.416249
30.686279	0.093982	0.110775	1.309201	0.527039
30.705048	0.097349	0.107422	0.980228	0.610963
30.723814	0.104055	0.107422	0.627741	0.664666
30.742582	0.110775	0.107422	0.278622	0.681460
30.761349	0.117481	0.107422	-0.057071	0.647888
30.780117	0.124201	0.110775	-0.369266	0.553891
30.798883	0.127554	0.114128	-0.664681	0.392750
30.817652	0.134274	0.117481	-0.926524	0.174552
30.836418	0.134274	0.120848	-1.151443	-0.080571
30.855186	0.137627	0.124201	-1.332715	-0.339061
30.873953	0.140980	0.127554	-1.470357	-0.574052
30.892721	0.140980	0.130907	-1.581132	-0.758678
30.911489	0.144348	0.134274	-1.665056	-0.889599
30.930256	0.144348	0.134274	-1.722127	-0.970170
30.949024	0.144348	0.137627	-1.722127	-1.017168
30.967791	0.144348	0.137627	-1.631483	-1.047373
30.986559	0.140980	0.137627	-1.430064	-1.080945
31.005325	0.137627	0.137627	-1.124591	-1.131296
31.024094	0.130907	0.137627	-0.768751	-1.198441
31.042860	0.124201	0.140980	-0.402838	-1.279011
31.061628	0.117481	0.140980	-0.063792	-1.366287
31.080395	0.110775	0.140980	0.238329	-1.433432
31.099163	0.104055	0.140980	0.516966	-1.460284
31.117931	0.100702	0.140980	0.772089	-1.413286
31.136698	0.097349	0.137627	0.986934	-1.272291
31.155466	0.093982	0.134274	1.154780	-1.033947
31.174232	0.093982	0.127554	1.275629	-0.725105
31.193001	0.090629	0.124201	1.356199	-0.389412
31.211767	0.090629	0.117481	1.399845	-0.077218
31.230536	0.090629	0.114128	1.406550	0.181273
31.249302	0.090629	0.107422	1.342773	0.386044
31.268070	0.093982	0.104055	1.191705	0.537112
31.286837	0.097349	0.104055	0.943303	0.637814
31.305605	0.104055	0.104055	0.607595	0.691518
31.324371	0.110775	0.104055	0.214845	0.704959
31.343140	0.114128	0.100702	-0.204787	0.711665
31.361908	0.120848	0.100702	-0.621051	0.738516
31.380674	0.127554	0.100702	-1.007095	0.819087
31.399443	0.134274	0.097349	-1.342788	0.960082
31.418209	0.137627	0.090629	-1.614705	1.141354
31.436977	0.140980	0.087276	-1.816124	1.329347
31.455744	0.144348	0.087276	-1.933604	1.473695
31.474512	0.144348	0.083923	-1.970544	1.547545
31.493279	0.144348	0.087276	-1.940325	1.534119
31.512047	0.140980	0.087276	-1.853049	1.443475
31.530813	0.137627	0.090629	-1.712054	1.282349
31.549582	0.134274	0.093982	-1.534134	1.077577
31.568350	0.130907	0.097349	-1.319289	0.856012
31.587116	0.127554	0.100702	-1.080945	0.637814
31.605885	0.124201	0.104055	-0.822455	0.446469
31.624651	0.117481	0.107422	-0.537112	0.275269
31.643419	0.114128	0.110775	-0.221565	0.114128
31.662186	0.107422	0.110775	0.130907	-0.063792
31.680954	0.100702	0.117481	0.523672	-0.288710
31.699720	0.093982	0.120848	0.923157	-0.577405
31.718489	0.087276	0.127554	1.292422	-0.913098
31.737255	0.083923	0.134274	1.591191	-1.262218
31.756023	0.077203	0.140980	1.789242	-1.584485
31.774790	0.077203	0.144348	1.896665	-1.856402
31.793558	0.073850	0.147700	1.926884	-2.064526
31.812326	0.073850	0.151053	1.896665	-2.202168
31.831093	0.077203	0.151053	1.795962	-2.262592
31.849861	0.077203	0.147700	1.618043	-2.232388
31.868628	0.083923	0.147700	1.362920	-2.118245
31.887396	0.087276	0.144348	1.057431	-1.936972
31.906162	0.093982	0.140980	0.738516	-1.715407
31.924931	0.100702	0.134274	0.439748	-1.477063
31.943697	0.104055	0.130907	0.164479	-1.218587
31.962465	0.110775	0.127554	-0.097364	-0.939950
31.981232	0.117481	0.120848	-0.362560	-0.647902
