25.020113	-0.174567	-0.708327	-105.972275	-107.828674
25.029482	0.419617	-0.718400	-105.891708	-107.731316
25.038851	0.849307	-0.543833	-106.234116	-107.597038
25.048220	1.033932	-0.164494	-106.912224	-107.774956
25.057589	1.141354	0.087276	-107.546684	-108.278496
25.066957	0.990286	-0.117496	-107.781677	-108.708191
25.076326	0.647888	-0.513628	-107.533264	-108.855904
25.085695	0.198051	-0.903025	-107.157272	-108.768616
25.095064	-0.208139	-1.208514	-106.660454	-108.741760
25.104433	-0.523686	-1.292437	-106.271042	-108.953255
25.113802	-0.651255	-1.208514	-106.311325	-109.121101
25.123171	-0.597551	-0.970170	-106.727585	-109.000252
25.132542	-0.594184	-0.698254	-107.137146	-108.674614
25.141911	-0.439763	-0.493482	-107.321770	-108.426216
25.151279	-0.265211	-0.312209	-107.419121	-108.305351
25.160648	-0.046998	-0.181288	-107.395622	-108.275146
25.170017	-0.060439	-0.174567	-107.244568	-108.144226
25.179386	-0.399485	-0.201419	-107.197571	-107.952881
25.188755	-0.862747	-0.251785	-107.341919	-107.993156
25.198124	-1.228645	-0.429690	-107.315048	-108.114006
25.207493	-1.470357	-0.735179	-106.969299	-108.325493
25.216862	-1.618057	-1.097724	-106.569809	-108.630981
25.226231	-1.544207	-1.282364	-106.136772	-108.694763
25.235600	-1.389787	-0.862747	-105.915207	-108.771980
25.244968	-1.305863	-0.295416	-106.123344	-108.933105
25.254337	-1.312569	0.110775	-106.522812	-109.040527
25.263706	-1.211867	0.315547	-106.828300	-109.077454
25.273075	-0.852674	0.409544	-106.888725	-108.926384
25.282444	-0.634477	0.459895	-106.640312	-108.654488
25.291813	-0.647902	0.550538	-106.388542	-108.359070
25.301182	-0.553906	0.476673	-106.170341	-108.087151
25.310551	-0.302136	0.127554	-106.086418	-107.929382
25.319920	-0.090644	-0.328988	-106.297897	-107.821953
25.329288	-0.010073	-0.772104	-106.771233	-107.889099
25.338657	0.174552	-1.107797	-107.298271	-108.070374
25.348026	0.315547	-1.148090	-107.486259	-108.315422
25.357397	0.187978	-1.030594	-107.224419	-108.614189
25.366766	0.043631	-1.017168	-106.620163	-108.785408
25.376135	0.013426	-1.164868	-106.099846	-108.882751
25.385504	-0.053719	-1.275644	-105.975632	-108.936462
25.394873	-0.258490	-1.393139	-106.130051	-108.929756
25.404242	-0.490129	-1.644909	-106.103195	-108.818962
25.413610	-0.483409	-1.772478	-105.908501	-108.667908
25.422979	-0.480056	-1.806051	-105.938705	-108.389275
25.432348	-0.577405	-1.809403	-106.072975	-107.996521
25.441717	-0.671402	-1.624778	-106.180397	-107.482910
25.451086	-0.718400	-1.248792	-106.247543	-107.217697
25.460455	-0.684828	-0.782177	-106.338188	-107.378838
25.469824	-0.694901	-0.530407	-106.361687	-107.801811
25.479193	-0.708327	-0.651255	-106.438889	-108.083801
25.488562	-0.876173	-0.809029	-106.630234	-108.093872
25.497931	-1.198441	-0.795603	-106.798080	-108.100578
25.507299	-1.416638	-0.755325	-106.771233	-108.100578
25.516668	-1.466990	-0.751957	-106.717514	-107.885735
25.526037	-1.450211	-0.923172	-106.824936	-107.654106
25.535406	-1.419991	-1.017168	-107.133774	-107.637314
25.544775	-1.460284	-0.862747	-107.338547	-107.620537
25.554144	-1.691908	-0.476688	-107.221069	-107.456047
25.563513	-2.071247	-0.110790	-106.814873	-107.348618
25.572882	-2.487510	-0.130922	-106.375114	-107.368767
25.582253	-2.423733	-0.399485	-106.025978	-107.593689
25.591621	-1.940325	-0.708327	-106.009201	-108.023376
25.600990	-1.446858	-0.755325	-106.448967	-108.318794
25.610359	-0.953376	-0.899673	-107.133774	-108.322144
25.619728	-0.610977	-1.466990	-107.717888	-108.288574
25.629097	-0.621051	-2.034321	-108.174431	-108.137505
25.638466	-0.866100	-2.041027	-108.466492	-107.801811
25.647835	-1.104444	-1.842976	-108.590691	-107.556763
25.657204	-1.208514	-1.581132	-108.647766	-107.486259
25.666573	-1.228645	-1.242086	-108.808907	-107.677612
25.675941	-1.134664	-0.983596	-108.983459	-108.006584
25.685310	-0.993669	-0.939950	-109.020386	-108.234871
25.694679	-0.899673	-0.852674	-109.006958	-108.295288
25.704048	-1.047373	-0.412911	-108.684692	-108.288574
25.713417	-1.272291	0.013426	-108.016655	-108.278496
25.722786	-1.289070	0.255123	-107.351990	-108.375847
25.732155	-1.101092	0.315547	-106.851799	-108.547058
25.741524	-0.631109	0.087276	-106.365044	-108.788757
25.750893	-0.151068	-0.255138	-105.868202	-109.134521
25.760262	0.144348	-0.610977	-105.656731	-109.288948
25.769630	0.211477	-0.956744	-105.817856	-109.111023
25.778999	0.000000	-1.228645	-106.072975	-108.825684
25.788368	-0.422984	-1.299143	-106.418747	-108.805534
25.797737	-0.782177	-1.268938	-106.858505	-108.909607
25.807106	-0.795603	-1.178294	-107.056572	-109.020386
25.816477	-0.704974	-1.181647	-106.942429	-108.751831
25.825846	-0.765398	-1.107797	-106.767876	-108.194572
25.835215	-0.866100	-0.913098	-106.821579	-107.603760
25.844584	-0.738531	-0.584111	-106.814873	-107.237846
25.853952	-0.674754	-0.285342	-106.764511	-107.194199
25.863321	-0.731826	-0.174567	-106.781303	-107.445969
25.872690	-0.976875	-0.137642	-106.690659	-107.774956
25.882059	-1.322642	-0.114143	-106.576530	-107.899162
25.891428	-1.665056	-0.124216	-106.499313	-107.550041
25.900797	-1.708701	-0.312209	-106.348244	-107.311699
25.910166	-1.383066	-0.624403	-106.039421	-107.717888
25.919535	-1.070872	-0.725105	-105.837997	-108.301994
25.928904	-0.983596	-0.466630	-105.653358	-108.711540
25.938272	-1.067519	-0.077218	-105.660080	-108.996880
25.947641	-1.111165	0.087276	-105.888351	-109.268799
25.957010	-1.171589	-0.154421	-105.962204	-109.315796
25.966379	-1.188368	-0.590831	-105.777580	-109.131172
25.975748	-0.976875	-0.704974	-105.475441	-108.869331
25.985117	-0.745252	-0.486761	-105.294167	-108.765259
25.994486	-0.587478	-0.251785	-105.441887	-108.956604
26.003855	-0.386059	-0.046998	-105.888351	-109.121101
26.013224	-0.328988	0.013426	-106.563095	-108.946533
26.022593	-0.171214	-0.043646	-107.170700	-108.389275
26.031961	0.124201	-0.255138	-107.486259	-108.150948
26.041332	0.208125	-0.513628	-107.432541	-108.043518
26.050701	0.026852	-0.459909	-107.096848	-107.966301
26.060070	-0.335708	-0.231639	-106.667160	-107.949524
26.069439	-0.718400	-0.127569	-106.224045	-107.845459
26.078808	-0.950024	-0.302136	-106.093124	-107.657463
26.088177	-1.114517	-0.456557	-106.442245	-107.503044
26.097546	-1.114517	-0.621051	-106.992783	-107.657463
26.106915	-0.913098	-0.909746	-107.556763	-107.892456
26.116283	-0.751957	-1.185015	-107.962952	-108.023376
26.125652	-0.856027	-1.151443	-107.811882	-107.926025
26.135021	-0.963449	-0.805676	-107.348618	-107.640686
26.144390	-0.929877	-0.251785	-106.976006	-107.425842
26.153759	-0.936598	0.241697	-106.871933	-107.398987
26.163128	-1.188368	0.587463	-106.831657	-107.449341
26.172497	-1.497209	0.567317	-106.898796	-107.469467
26.181866	-1.450211	0.406191	-106.945801	-107.677612
26.191235	-0.939950	0.382692	-106.828300	-107.868958
26.200603	-0.369266	0.429690	-106.865227	-107.919304
26.209972	0.171199	0.325620	-107.278122	-108.097229
26.219341	0.574037	0.208125	-107.734680	-108.097229
26.228710	0.550538	0.053704	-107.919304	-107.902527
26.238079	0.322267	-0.013441	-107.734680	-107.811882
26.247448	-0.006720	-0.093997	-107.439262	-107.640686
26.256817	-0.349134	-0.174567	-107.257996	-107.268066
26.266188	-0.785530	-0.224918	-107.137146	-107.033073
26.275557	-1.191720	-0.154421	-107.073349	-107.080070
26.284925	-1.517355	-0.312209	-106.905502	-107.432541
26.294294	-1.755700	-0.597551	-106.737656	-107.818604
26.303663	-1.802698	-0.597551	-106.643661	-107.952881
26.313032	-1.775831	-0.379339	-106.485886	-107.674255
26.322401	-1.688555	-0.382707	-106.371742	-107.227776
26.331770	-1.715407	-0.533760	-106.368393	-106.989426
26.341139	-1.889974	-0.587478	-106.633591	-106.811508
26.350508	-2.185390	-0.634477	-107.016281	-106.643661
26.359877	-2.343163	-0.664681	-107.174072	-106.626884
26.369246	-2.215594	-0.839248	-107.456047	-106.841728
26.378614	-1.755700	-1.208514	-108.009949	-107.070000
26.387983	-1.027241	-1.618057	-108.389275	-107.207626
26.397352	-0.500187	-1.759052	-108.385918	-107.315048
26.406721	-0.345767	-1.544207	-108.291924	-107.469467
26.416090	-0.419632	-1.091018	-108.177795	-107.748108
26.425459	-0.711679	-0.631109	-108.036804	-108.030083
26.434828	-0.997022	-0.342414	-107.885735	-108.187866
26.444197	-1.242086	-0.224918	-107.781677	-108.174431
26.453566	-1.366287	-0.255138	-107.650757	-107.966301
26.462934	-1.282364	-0.416264	-107.570183	-107.701111
26.472303	-1.211867	-0.637829	-107.412415	-107.620537
26.481672	-1.188368	-0.960097	-107.157272	-107.711182
26.491043	-0.956744	-1.292437	-106.952507	-107.973022
26.500412	-0.486761	-1.346141	-106.777939	-108.124077
26.509781	-0.140995	-1.124591	-106.563095	-108.026726
26.519150	-0.181288	-1.010448	-106.358322	-107.721252
26.528519	-0.285342	-0.939950	-106.197197	-107.325119
26.537888	-0.228286	-0.973523	-106.150192	-107.170700
26.547256	-0.033572	-0.892952	-106.324760	-107.291565
26.556625	0.127554	-0.402838	-106.469109	-107.563469
26.565994	0.120848	0.053704	-106.781303	-107.845459
26.575363	0.124201	0.063777	-107.053223	-108.140869
26.584732	0.120848	-0.110790	-107.153923	-108.459770
26.594101	0.010058	-0.231639	-107.177422	-108.496696
26.603470	-0.161141	-0.419632	-107.002853	-108.194572
26.612839	-0.349134	-0.449836	-106.700737	-107.808533
26.622208	-0.513628	-0.369266	-106.499313	-107.452690
26.631577	-0.819102	-0.342414	-106.438889	-107.261345
26.640945	-1.312569	-0.271916	-106.435539	-107.033073
26.650314	-1.863122	-0.198066	-106.636955	-106.808159
26.659683	-2.279371	-0.328988	-106.996147	-107.023003
26.669052	-2.427086	-0.406206	-107.331841	-107.338547
26.678421	-2.323017	-0.124216	-107.358696	-107.405693
26.687790	-2.155170	0.087276	-107.130424	-107.244568
26.697159	-1.916826	0.110775	-106.808159	-106.875298
26.706528	-1.534134	-0.046998	-106.616814	-106.593307
26.715899	-1.383066	-0.208139	-106.824936	-106.542961
26.725267	-1.517355	-0.043646	-107.143852	-106.845078
26.734636	-1.738906	0.449821	-107.304993	-107.358696
26.744005	-1.889974	0.698239	-107.268066	-107.566833
26.753374	-1.957104	0.745237	-107.170700	-107.519836
26.762743	-1.930252	0.634462	-106.824936	-107.721252
26.772112	-1.722127	0.496820	-106.563095	-108.016655
26.781481	-1.406565	0.312194	-106.489243	-108.184502
26.790850	-1.181647	0.060424	-106.432182	-108.285217
26.800219	-1.080945	-0.010073	-106.408684	-108.506767
26.809587	-1.168221	-0.020146	-106.428818	-108.671265
26.818956	-1.248792	-0.117496	-106.462387	-108.540344
26.828325	-1.054093	-0.177920	-106.442245	-108.244926
26.837694	-0.842601	-0.278637	-106.294540	-108.228149
26.847063	-0.651255	-0.476688	-106.146843	-108.463135
26.856432	-0.318915	-0.678107	-106.166977	-108.617561
26.865801	0.070482	-0.671402	-106.388542	-108.493340
26.875170	0.268549	-0.731826	-106.801437	-108.285217
26.884539	0.268549	-0.795603	-107.251274	-108.295288
26.893908	0.157773	-0.637829	-107.492966	-108.503418
26.903276	-0.033572	-0.359207	-107.560112	-108.617561
26.912645	-0.342414	-0.161141	-107.382195	-108.587341
26.922014	-0.550553	-0.211492	-107.116997	-108.607483
26.931383	-0.527054	-0.375986	-106.814873	-108.681335
26.940754	-0.422984	-0.453189	-106.579887	-108.496696
26.950123	-0.345767	-0.412911	-106.707451	-107.932732
26.959492	-0.248417	-0.228286	-107.046501	-107.234489
26.968861	-0.080571	0.023484	-107.496338	-106.784660
26.978230	0.010058	0.057057	-107.872307	-106.707451
26.987598	-0.040293	-0.238344	-108.009949	-106.640312
26.996967	0.026852	-0.459909	-107.969658	-106.482536
27.006336	0.147700	-0.416264	-107.912598	-106.448967
27.015705	0.090629	-0.332341	-107.798454	-106.690659
27.025074	0.151053	-0.439763	-107.711182	-107.036430
27.034443	0.436395	-0.812396	-107.566833	-107.214348
27.043812	0.647888	-1.225293	-107.388916	-107.268066
27.053181	0.594169	-1.520708	-107.422470	-107.429192
27.062550	0.245050	-1.638204	-107.590332	-107.842102
27.071918	-0.030220	-1.641557	-107.842102	-108.177795
27.081287	-0.208139	-1.614705	-108.033447	-108.355713
27.090656	-0.362560	-1.373008	-107.811882	-108.570564
27.100025	-0.426337	-1.060799	-107.600388	-108.677986
27.109394	-0.248417	-1.020521	-107.462761	-108.604118
27.118763	-0.120863	-1.141369	-107.341919	-108.590691
27.128132	-0.187993	-1.141369	-107.083427	-108.627617
27.137501	-0.436410	-0.960097	-106.945801	-108.671265
27.146870	-0.671402	-0.533760	-107.140495	-108.755188
27.156239	-0.802323	-0.187993	-107.264694	-108.865959
27.165609	-0.765398	0.060424	-107.398987	-108.849182
27.174978	-0.701606	0.120848	-107.687683	-108.735039
27.184347	-0.785530	-0.077218	-107.956230	-108.661186
27.193716	-0.946671	-0.352487	-108.100578	-108.741760
27.203085	-1.060799	-0.594184	-108.107300	-108.879402
27.212454	-1.117870	-0.835896	-108.043518	-108.976753
27.221823	-1.242086	-1.141369	-107.936096	-109.047249
27.231192	-1.221940	-1.453564	-107.905876	-109.137878
27.240561	-0.892952	-1.470357	-107.697754	-108.963326
27.249929	-0.416264	-1.245439	-107.348618	-108.409416
27.259298	-0.134289	-1.067519	-107.254623	-107.691032
27.268667	0.124201	-0.973523	-107.476189	-107.294914
27.278036	0.375971	-0.926524	-107.724609	-107.368767
27.287405	0.312194	-0.835896	-108.063652	-107.590332
27.296774	0.050351	-0.490129	-108.379211	-107.868958
27.306143	-0.043646	-0.174567	-108.651115	-108.275146
27.315512	-0.067145	-0.127569	-108.889458	-108.550415
27.324881	-0.137642	-0.124216	-108.966675	-108.577263
27.334249	-0.093997	-0.218213	-108.630981	-108.338921
27.343618	-0.201419	-0.352487	-108.087151	-108.023376
27.352987	-0.577405	-0.486761	-107.691032	-107.711182
27.362356	-0.751957	-0.372633	-107.355339	-107.409042
27.371725	-0.688180	0.030205	-107.023003	-107.351990
27.381094	-0.459909	0.332326	-106.788010	-107.409042
27.390465	-0.154421	0.251770	-106.640312	-107.281494
27.399834	0.184625	-0.144362	-106.626884	-107.163994
27.409203	0.466615	-0.433058	-106.932358	-107.070000
27.418571	0.590816	-0.496835	-107.469467	-107.116997
27.427940	0.456542	-0.443131	-107.969658	-107.405693
27.437309	-0.030220	-0.453189	-108.322144	-107.915955
27.446678	-0.664681	-0.634477	-108.429565	-108.379211
27.456047	-0.950024	-0.711679	-108.365791	-108.624268
27.465416	-0.929877	-0.715032	-108.087151	-108.550415
27.474785	-0.785530	-0.688180	-107.768234	-108.406067
27.484154	-0.543833	-0.500187	-107.650757	-108.426216
27.493523	-0.369266	-0.067145	-107.892456	-108.654488
27.502892	-0.271916	0.187978	-108.335571	-108.899536
27.512260	-0.191361	0.144348	-108.691406	-108.916328
27.521629	-0.090644	-0.070497	-108.768616	-108.818962
27.530998	-0.057071	-0.292063	-108.637688	-108.590691
27.540367	-0.080571	-0.486761	-108.496696	-108.298645
27.549736	-0.295416	-0.476688	-108.308716	-107.919304
27.559105	-0.543833	-0.339061	-108.137505	-107.758179
27.568474	-0.537112	-0.325635	-108.060303	-107.825310
27.577843	-0.238344	-0.490129	-108.164368	-108.167725
27.587212	0.073850	-0.842601	-108.251648	-108.389275
27.596581	0.214845	-1.074225	-108.295288	-108.288574
27.605949	0.184625	-1.047373	-108.278496	-108.124077
27.615320	0.221550	-0.842601	-107.986450	-108.090508
27.624689	0.083923	-0.681475	-107.660812	-108.030083
27.634058	-0.117496	-0.674754	-107.492966	-107.956230
27.643427	-0.268564	-0.711679	-107.563469	-107.610466
27.652796	-0.379339	-0.678107	-107.795105	-107.150566
27.662165	-0.510260	-0.627756	-108.043518	-106.814873
27.671534	-0.540480	-0.637829	-108.030083	-106.724236
27.680902	-0.342414	-0.661328	-107.781677	-106.794731
27.690271	-0.322267	-0.681475	-107.640686	-107.133774
27.699640	-0.725105	-0.654608	-107.677612	-107.701111
27.709009	-1.091018	-0.795603	-107.855530	-108.224792
27.718378	-0.916451	-1.181647	-107.929382	-108.486641
27.727747	-0.382707	-1.369640	-107.929382	-108.493340
27.737116	0.033557	-1.003742	-107.865601	-108.144226
27.746485	0.140980	-0.322267	-107.768234	-107.644035
27.755854	0.097349	0.191346	-107.691032	-107.257996
27.765223	0.016779	0.567317	-107.734680	-106.861877
27.774591	0.023484	0.711665	-107.761536	-106.683952
27.783960	-0.033572	0.530392	-107.785034	-106.734306
27.793329	-0.151068	0.248402	-107.805176	-106.610092
27.802698	-0.285342	-0.006720	-108.060303	-106.398613
27.812067	-0.379339	-0.231639	-108.258369	-106.442245
27.821436	-0.751957	-0.422984	-108.335571	-106.754456
27.830805	-1.272291	-0.704974	-108.362419	-107.096848
27.840176	-1.584485	-1.117870	-108.248291	-107.419121
27.849545	-1.675129	-1.517355	-108.130798	-107.694389
27.858913	-1.638204	-1.836255	-108.147575	-107.748108
27.868282	-1.577780	-1.910120	-108.134148	-107.586967
27.877651	-1.534134	-1.738906	-107.922661	-107.402336
27.887020	-1.450211	-1.289070	-107.811882	-107.355339
27.896389	-1.198441	-0.933245	-107.751457	-107.419121
27.905758	-0.647902	-0.939950	-107.550041	-107.644035
27.915127	-0.097364	-0.983596	-107.221069	-107.818604
27.924496	0.070482	-0.829175	-106.727585	-107.875664
27.933865	-0.043646	-0.577405	-106.197197	-107.882378
27.943233	-0.214845	-0.580758	-106.079697	-107.922661
27.952602	-0.426337	-0.795603	-106.113274	-108.137505
27.961971	-0.594184	-0.966802	-106.166977	-108.513489
27.971340	-0.879526	-1.154795	-106.274399	-108.815613
27.980709	-1.195088	-1.332715	-106.465744	-108.902901
27.990078	-1.185015	-1.433432	-106.680588	-108.741760
27.999447	-0.782177	-1.443490	-106.791374	-108.395996
28.008816	-0.362560	-1.352862	-106.848434	-107.996521
28.018185	-0.174567	-1.242086	-106.942429	-107.758179
28.027554	-0.187993	-1.168221	-107.127068	-108.003227
28.036922	-0.402838	-1.114517	-107.335197	-108.345642
28.046291	-0.671402	-1.101092	-107.402336	-108.536987
28.055660	-0.819102	-0.970170	-107.137146	-108.422844
28.065031	-0.869453	-0.876173	-106.868584	-108.070374
28.074400	-0.765398	-1.272291	-106.717514	-107.734680
28.083769	-0.610977	-1.651630	-106.804802	-107.429192
28.093138	-0.201419	-1.560986	-106.912224	-107.372124
28.102507	0.234976	-1.315936	-106.771233	-107.630608
28.111876	0.426322	-1.265585	-106.348244	-107.976379
28.121244	0.261828	-1.007095	-106.217339	-108.191223
28.130613	0.006706	-0.547186	-106.287819	-108.291924
28.139982	0.046983	-0.295416	-106.381821	-108.352348
28.149351	0.187978	-0.359207	-106.378464	-108.359070
28.158720	0.258476	-0.433058	-106.328117	-108.409416
28.168089	0.194699	-0.389412	-106.297897	-108.547058
28.177458	-0.134289	-0.288710	-106.502670	-108.778687
28.186827	-0.721753	-0.016794	-107.046501	-108.943176
28.196196	-1.302510	0.365898	-107.610466	-108.953255
28.205564	-1.863122	0.738516	-108.016655	-108.939827
28.214933	-2.312943	0.882864	-108.060303	-108.876038
28.224302	-2.615079	0.731811	-107.889099	-108.755188
28.233671	-2.699003	0.459895	-107.630608	-108.704834
28.243040	-2.655357	0.194699	-107.398987	-108.644409
28.252409	-2.487510	-0.053719	-107.405693	-108.647766
28.261778	-2.259240	-0.261843	-107.519836	-108.483269
28.271147	-1.900047	-0.214845	-107.422470	-108.241570
28.280516	-1.530781	-0.016794	-107.133774	-108.218071
28.289886	-1.218587	-0.073865	-106.898796	-108.399345
28.299255	-0.990301	-0.355840	-106.824936	-108.657837
28.308624	-0.762030	-0.574052	-107.043144	-108.745110
28.317993	-0.409558	-0.711679	-107.257996	-108.553764
28.327362	-0.063792	-1.064166	-107.308342	-108.315422
28.336731	-0.033572	-1.389787	-107.331841	-107.919304
28.346100	-0.396132	-1.322642	-107.445969	-107.597038
28.355469	-0.765398	-1.030594	-107.492966	-107.459412
28.364838	-1.144722	-0.782177	-107.358696	-107.365417
28.374207	-1.396492	-0.594184	-107.076721	-107.365417
28.383575	-1.302510	-0.281990	-106.845078	-107.274773
28.392944	-0.980243	0.144348	-106.700737	-107.197571
28.402313	-0.506908	0.510246	-106.576530	-107.496338
28.411682	-0.016794	0.758663	-106.502670	-108.013306
28.421051	0.422969	0.600889	-106.445610	-108.298645
28.430420	0.587463	0.204772	-106.730949	-108.365791
28.439789	0.490114	0.057057	-107.190849	-108.379211
28.449158	0.292048	0.073850	-107.516464	-108.422844
28.458527	0.130907	0.268549	-107.717888	-108.083801
28.467896	0.010058	0.372618	-107.758179	-107.499687
28.477264	-0.030220	0.110775	-107.536613	-107.059929
28.486633	-0.174567	-0.302136	-107.482910	-106.828300
28.496002	-0.362560	-0.718400	-107.808533	-106.882004
28.505371	-0.560611	-0.963449	-108.265076	-107.174072
28.514742	-0.775456	-1.144722	-108.456421	-107.523186
28.524111	-0.805676	-1.265585	-108.422844	-107.701111
28.533480	-0.674754	-1.466990	-108.406067	-107.798454
28.542849	-0.540480	-1.782551	-108.369141	-108.026726
28.552217	-0.278637	-2.054468	-108.177795	-108.389275
28.561586	0.322267	-2.195448	-107.942802	-108.865959
28.570955	1.003727	-1.940325	-107.529892	-109.225166
28.580324	1.275629	-1.446858	-106.992783	-109.245300
28.589693	1.322627	-0.802323	-106.613457	-109.013680
28.599062	1.208499	-0.302136	-106.472466	-108.708191
28.608431	1.037285	-0.023499	-106.559738	-108.308716
28.617800	0.627741	-0.144362	-106.636955	-107.986450
28.627169	-0.023499	-0.402838	-106.838379	-107.798454
28.636538	-0.570685	-0.557259	-107.123703	-107.748108
28.645906	-0.926524	-0.631109	-107.382195	-107.889099
28.655275	-1.064166	-0.570685	-107.553391	-108.137505
28.664644	-1.050740	-0.312209	-107.607109	-108.335571
28.674013	-0.990301	0.120848	-107.711182	-108.328850
28.683382	-0.859380	0.490114	-107.741386	-108.127441
28.692751	-0.721753	0.688165	-107.842102	-107.932732
28.702120	-0.614330	0.795588	-108.144226	-107.724609
28.711489	-0.520334	0.919804	-108.426216	-107.294914
28.720858	-0.459909	0.600889	-108.483269	-106.798080
28.730227	-0.637829	-0.026867	-108.184502	-106.600029
28.739597	-0.973523	-0.446483	-107.842102	-106.606735
28.748966	-1.205146	-0.678107	-107.744736	-106.626884
28.758335	-1.289070	-0.943318	-107.607109	-106.747734
28.767704	-1.138017	-1.285717	-107.593689	-106.804802
28.777073	-0.903025	-1.493856	-107.704460	-106.714157
28.786442	-0.842601	-1.352862	-107.801811	-106.697380
28.795811	-1.057446	-0.963449	-107.694389	-106.714157
28.805180	-1.255512	-0.684828	-107.419121	-106.717514
28.814548	-1.389787	-0.815749	-106.992783	-106.848434
28.823917	-1.587853	-1.369640	-106.680588	-107.039780
28.833286	-1.654983	-1.957104	-106.509384	-107.063278
28.842655	-1.517355	-2.490863	-106.680588	-107.268066
28.852024	-1.477063	-2.933979	-107.318413	-107.509766
28.861393	-1.507282	-3.189117	-108.083801	-107.872307
28.870762	-1.477063	-3.074974	-108.523560	-108.395996
28.880131	-1.423359	-2.799705	-108.291924	-108.909607
28.889500	-1.430064	-2.561361	-107.613831	-109.107674
28.898869	-1.490489	-2.521083	-107.053223	-109.077454
28.908237	-1.513988	-2.507657	-106.741013	-108.882751
28.917606	-1.560986	-2.249166	-106.596664	-108.483269
28.926975	-1.544207	-1.896679	-106.539604	-108.050224
28.936344	-1.456931	-1.685202	-106.670517	-107.717888
28.945713	-1.268938	-1.527414	-106.959221	-107.620537
28.955082	-0.976875	-1.373008	-107.180771	-107.627258
28.964453	-0.694901	-1.510635	-107.231125	-107.519836
28.973822	-0.402838	-1.742259	-107.244568	-107.298271
28.983191	-0.130922	-1.906753	-107.227776	-107.123703
28.992559	-0.013441	-1.906753	-107.177422	-107.221069
29.001928	-0.083938	-1.597911	-107.100204	-107.405693
29.011297	-0.231639	-1.148090	-107.150566	-107.607109
29.020666	-0.305489	-0.725105	-107.523186	-107.825310
29.030035	-0.322267	-0.315562	-107.973022	-107.865601
29.039404	-0.285342	0.057057	-108.171074	-107.744736
29.048773	-0.214845	0.157773	-107.969658	-107.684311
29.058142	-0.288710	-0.043646	-107.459412	-107.566833
29.067511	-0.446483	-0.083938	-107.271416	-107.623894
29.076880	-0.480056	0.016779	-107.210991	-107.865601
29.086248	-0.402838	0.140980	-107.177422	-108.164368
29.095617	-0.298783	0.171199	-107.180771	-108.442993
29.104986	-0.067145	0.191346	-107.388916	-108.352348
29.114355	0.251770	0.359192	-107.610466	-108.295288
29.123724	0.328973	0.516966	-107.550041	-108.392639
29.133093	0.067130	0.386044	-107.415764	-108.567192
29.142462	-0.255138	0.110775	-107.338547	-108.677986
29.151831	-0.359207	-0.271916	-107.351990	-108.580635
29.161200	-0.328988	-0.550553	-107.284843	-108.191223
29.170568	-0.187993	-0.550553	-107.120354	-107.684311
29.179937	-0.238344	-0.372633	-107.120354	-107.187492
29.189308	-0.715032	-0.362560	-107.197571	-106.814873
29.198677	-1.315936	-0.513628	-107.140495	-106.680588
29.208046	-1.866475	-0.691533	-107.120354	-106.482536
29.217415	-2.084672	-0.950024	-107.006226	-106.405319
29.226784	-2.017543	-1.097724	-106.865227	-106.479172
29.236153	-1.900047	-1.033947	-106.784660	-106.620163
29.245522	-1.873180	-0.933245	-106.878654	-106.908859
29.254890	-1.869828	-1.161516	-107.227776	-107.355339
29.264259	-1.947045	-1.748979	-107.533264	-107.902527
29.273628	-2.135024	-2.239093	-107.644035	-108.167725
29.282997	-2.239093	-2.477437	-107.707817	-108.157646
29.292366	-2.339810	-2.370015	-107.738029	-108.134148
29.301735	-2.564713	-2.017543	-107.429192	-108.164368
29.311104	-2.766132	-1.379713	-107.006226	-108.161003
29.320473	-2.826557	-0.614330	-106.794731	-108.164368
29.329842	-2.846703	0.006706	-106.737656	-108.150948
29.339211	-2.806425	0.218198	-106.912224	-107.986450
29.348579	-2.561361	0.164479	-107.244568	-107.811882
29.357948	-2.145097	0.077203	-107.432541	-107.711182
29.367317	-1.920179	0.087276	-107.298271	-107.627258
29.376686	-1.963824	0.083923	-107.137146	-107.516464
29.386055	-1.983970	0.010058	-107.080070	-107.476189
29.395424	-1.940325	-0.130922	-107.174072	-107.640686
29.404793	-1.560986	-0.433058	-107.335197	-107.932732
29.414164	-1.007095	-1.064166	-107.566833	-108.392639
29.423532	-0.543833	-1.839623	-107.590332	-108.748482
29.432901	-0.419632	-2.286091	-107.435913	-108.882751
29.442270	-0.637829	-2.333090	-107.247917	-108.808907
29.451639	-0.919819	-2.094746	-107.244568	-108.453064
29.461008	-0.929877	-1.950398	-107.486259	-107.956230
29.470377	-0.748605	-1.738906	-107.741386	-107.529892
29.479746	-0.637829	-1.315936	-107.761536	-107.184143
29.489115	-0.469983	-0.956744	-107.523186	-106.976006
29.498484	-0.174567	-0.909746	-107.076721	-107.116997
29.507853	0.100702	-1.198441	-106.831657	-107.523186
29.517221	0.161126	-1.581132	-106.868584	-107.905876
29.526590	-0.134289	-1.822829	-107.113647	-108.144226
29.535959	-0.557259	-1.883253	-107.388916	-108.083801
29.545328	-0.849321	-1.718760	-107.462761	-107.731316
29.554697	-0.718400	-1.282364	-107.372124	-107.341919
29.564066	-0.382707	-0.829175	-107.318413	-107.083427
29.573435	-0.234991	-0.372633	-107.469467	-107.070000
29.582804	-0.315562	-0.339061	-107.801811	-107.237846
29.592173	-0.580758	-0.876173	-108.271790	-107.241196
29.601542	-0.822455	-1.480430	-108.671265	-107.177422
29.610910	-0.852674	-1.571059	-108.788757	-107.311699
29.620279	-0.751957	-1.087666	-108.704834	-107.576889
29.629648	-0.711679	-0.624403	-108.385918	-107.731316
29.639019	-0.664681	-0.459909	-107.999878	-107.738029
29.648388	-0.775456	-0.550553	-107.885735	-107.543335
29.657757	-0.832528	-0.782177	-108.097229	-107.432541
29.667126	-0.721753	-1.040667	-108.181152	-107.603760
29.676495	-0.570685	-1.285717	-108.093872	-107.835381
29.685863	-0.641182	-1.466990	-107.989799	-107.959587
29.695232	-1.044020	-1.500562	-107.825310	-107.993156
29.704601	-1.279011	-1.507282	-107.664185	-107.919304
29.713970	-1.275644	-1.440138	-107.694389	-107.808533
29.723339	-1.275644	-1.188368	-107.818604	-107.684311
29.732708	-1.319289	-0.986949	-107.936096	-107.657463
29.742077	-1.315936	-0.819102	-108.067009	-107.667534
29.751446	-1.262218	-0.463262	-108.063652	-107.603760
29.760815	-1.470357	-0.120863	-108.040154	-107.456047
29.770184	-2.051100	0.063777	-108.107300	-107.190849
29.779552	-2.712429	0.164479	-108.305351	-106.989426
29.788921	-3.296539	0.201404	-108.416138	-106.972649
29.798290	-3.518090	0.161126	-108.429565	-107.036430
29.807659	-3.390536	-0.036940	-108.379211	-107.301620
29.817028	-3.115252	0.023484	-108.268425	-107.734680
29.826397	-2.779558	0.335693	-108.254997	-108.399345
29.835766	-2.507657	0.563964	-108.046875	-109.020386
29.845135	-2.326369	0.590816	-107.590332	-109.262093
29.854504	-2.208889	0.456542	-107.214348	-108.963326
29.863874	-1.906753	0.345752	-107.063278	-108.355713
29.873243	-1.433432	0.312194	-107.009575	-107.832031
29.882612	-0.859380	0.369251	-106.878654	-107.640686
29.891981	-0.389412	0.382692	-106.875298	-107.704460
29.901350	-0.292063	0.194699	-107.093498	-107.781677
29.910719	-0.486761	-0.067145	-107.607109	-107.805176
29.920088	-0.792250	-0.214845	-108.157646	-107.654106
29.929457	-1.104444	-0.231639	-108.369141	-107.694389
29.938826	-1.359567	-0.459909	-108.335571	-107.969658
29.948195	-1.537487	-0.856027	-108.301994	-108.103943
29.957563	-1.607984	-0.829175	-108.536987	-108.134148
29.966932	-1.822829	-0.674754	-108.906258	-108.077080
29.976301	-2.071247	-0.647902	-109.194946	-108.107300
29.985670	-1.913473	-0.725105	-109.241951	-108.342293
29.995039	-1.433432	-0.778824	-109.084175	-108.543694
30.004408	-1.248792	-0.845954	-108.768616	-108.570564
30.013777	-1.524061	-0.859380	-108.315422	-108.563843
30.023146	-1.648277	-0.745252	-107.895805	-108.489990
30.032515	-1.628131	-0.755325	-107.603760	-108.500061
30.041883	-1.547560	-0.903025	-107.543335	-108.469841
30.051252	-1.295790	-1.127943	-107.680962	-108.265076
30.060621	-0.960097	-1.295790	-107.811882	-108.073723
30.069990	-0.785530	-1.554281	-107.915955	-107.892456
30.079359	-0.815749	-1.765758	-108.013306	-107.533264
30.088730	-0.862747	-1.748979	-108.016655	-107.177422
30.098099	-0.661328	-1.671776	-107.915955	-107.093498
30.107468	-0.446483	-1.745626	-107.654106	-107.362045
30.116837	-0.288710	-1.957104	-107.385544	-107.667534
30.126205	-0.137642	-2.088025	-107.237846	-107.764885
30.135574	-0.030220	-1.973897	-107.204277	-107.738029
30.144943	-0.087291	-1.812756	-107.130424	-107.899162
30.154312	-0.443131	-1.742259	-106.969299	-108.150948
30.163681	-0.798956	-1.691908	-106.905502	-108.218071
30.173050	-0.896320	-1.668409	-106.868584	-108.214722
30.182419	-0.832528	-1.584485	-106.771233	-107.996521
30.191788	-0.654608	-1.463637	-106.623528	-107.563469
30.201157	-0.503555	-1.144722	-106.660454	-107.415764
30.210526	-0.466630	-0.469983	-107.080070	-107.482910
30.219894	-0.527054	0.177905	-107.644035	-107.731316
30.229263	-0.698254	0.681460	-108.110649	-108.020020
30.238632	-0.819102	0.993654	-108.308716	-108.050224
30.248001	-0.832528	1.188353	-108.238220	-107.915955
30.257370	-0.731826	1.097709	-107.838737	-107.781677
30.266739	-0.550553	0.688165	-107.466118	-107.714531
30.276108	-0.433058	0.124201	-107.328491	-107.670891
30.285477	-0.537112	-0.248417	-107.684311	-107.583611
30.294846	-0.721753	-0.312209	-108.197929	-107.670891
30.304214	-0.768751	-0.315562	-108.365791	-107.872307
30.313585	-0.741899	-0.359207	-108.275146	-107.912598
30.322954	-0.584111	-0.473335	-108.194572	-107.932732
30.332323	-0.231639	-0.540480	-108.301994	-108.009949
30.341692	0.010058	-0.469983	-108.412773	-108.305351
30.351061	-0.053719	-0.456557	-108.463135	-108.486641
30.360430	-0.201419	-0.537112	-108.426216	-108.503418
30.369799	-0.285342	-0.570685	-108.328850	-108.369141
30.379168	-0.449836	-0.490129	-108.197929	-107.946159
30.388536	-0.668034	-0.406206	-108.030083	-107.613831
30.397905	-0.815749	-0.402838	-107.731316	-107.368767
30.407274	-0.711679	-0.550553	-107.523186	-107.033073
30.416643	-0.567332	-0.590831	-107.325119	-106.777939
30.426012	-0.305489	-0.647902	-107.355339	-106.610092
30.435381	-0.033572	-0.530407	-107.560112	-106.412041
30.444750	0.070482	-0.144362	-107.714531	-106.123344
30.454119	0.053704	-0.060439	-107.667534	-106.106552
30.463488	0.000000	-0.369266	-107.452690	-106.734306
30.472857	0.030205	-0.567332	-107.358696	-107.573540
30.482225	-0.006720	-0.567332	-107.375488	-108.248291
30.491594	-0.402838	-0.433058	-107.150566	-108.526917
30.500963	-0.876173	-0.201419	-106.794731	-108.278496
30.510332	-1.258865	-0.191361	-106.774582	-107.805176
30.519701	-1.520708	-0.187993	-107.086777	-107.472839
30.529070	-1.644909	-0.161141	-107.419121	-107.123703
30.538441	-1.473710	-0.090644	-107.543335	-106.767876
30.547810	-1.154795	-0.053719	-107.570183	-106.700737
30.557178	-0.762030	-0.349134	-107.640686	-106.804802
30.566547	-0.557259	-0.718400	-107.818604	-107.123703
30.575916	-0.419632	-0.839248	-107.979729	-107.523186
30.585285	-0.211492	-0.738531	-108.090508	-107.811882
30.594654	-0.342414	-0.496835	-108.150948	-107.882378
30.604023	-0.617683	-0.500187	-108.238220	-107.842102
30.613392	-0.923172	-0.778824	-108.369141	-107.808533
30.622761	-1.218587	-1.121223	-108.204651	-107.983086
30.632130	-1.409933	-1.356214	-107.979729	-108.161003
30.641499	-1.503915	-1.466990	-107.926025	-108.308716
30.650867	-1.594558	-1.675129	-108.063652	-108.355713
30.660236	-1.443490	-1.906753	-108.308716	-108.335571
30.669605	-1.262218	-1.879901	-108.463135	-108.355713
30.678974	-1.101092	-1.769125	-108.382568	-108.540344
30.688343	-0.889599	-1.651630	-108.040154	-108.755188
30.697712	-0.758678	-1.651630	-107.697754	-108.802185
30.707081	-0.980243	-1.594558	-107.741386	-108.929756
30.716450	-1.446858	-1.544207	-108.231499	-109.168098
30.725819	-1.769125	-1.651630	-108.610840	-109.006958
30.735188	-1.574412	-1.812756	-108.520195	-108.604118
30.744556	-0.809029	-1.822829	-108.009949	-108.258369
30.753925	-0.073865	-1.577780	-107.167351	-108.053581
30.763296	0.211477	-1.289070	-106.244194	-107.966301
30.772665	0.305474	-1.221940	-105.606361	-107.892456
30.782034	0.362545	-1.255512	-105.498940	-107.731316
30.791403	0.362545	-1.238719	-105.791000	-107.711182
30.800772	0.201404	-1.084298	-106.183769	-107.962952
30.810141	0.110775	-0.943318	-106.462387	-108.291924
30.819510	0.369251	-0.795603	-106.838379	-108.466492
30.828878	0.607595	-0.426337	-107.278122	-108.308716
30.838247	0.500172	-0.050366	-107.764885	-107.919304
30.847616	0.224903	0.053704	-108.228149	-107.445969
30.856985	-0.093997	-0.016794	-108.402718	-106.996147
30.866354	-0.305489	-0.100717	-108.419495	-106.888725
30.875723	-0.339061	-0.191361	-108.486641	-107.194199
30.885092	-0.295416	-0.187993	-108.463135	-107.633965
30.894461	-0.204787	-0.120863	-108.419495	-107.872307
30.903830	-0.040293	-0.010073	-108.275146	-107.785034
30.913198	-0.030220	0.090629	-108.006584	-107.701111
30.922567	-0.023499	-0.060439	-107.452690	-107.983086
30.931936	-0.043646	-0.409558	-106.878654	-108.187866
30.941305	-0.046998	-0.617683	-106.613457	-108.083801
30.950674	0.000000	-0.500187	-106.442245	-107.627258
30.960043	-0.010073	-0.211492	-106.328117	-107.378838
30.969412	-0.184640	0.063777	-106.271042	-107.533264
30.978781	-0.379339	0.050351	-106.264320	-107.872307
30.988152	-0.547186	-0.335708	-106.415390	-108.033447
30.997520	-0.762030	-0.735179	-106.636955	-108.083801
31.006889	-1.154795	-0.899673	-107.073349	-108.218071
31.016258	-1.554281	-0.839248	-107.788383	-108.399345
31.025627	-1.779199	-0.715032	-108.261719	-108.587341
31.034996	-1.661703	-0.563979	-108.238220	-108.738411
31.044365	-1.624778	-0.496835	-107.828674	-108.778687
31.053734	-1.802698	-0.379339	-107.247917	-108.617561
31.063103	-1.896679	-0.234991	-106.932358	-108.382568
31.072472	-1.910120	-0.144362	-107.190849	-108.214722
31.081841	-1.732200	-0.322267	-107.694389	-107.999878
31.091209	-1.352862	-0.644535	-108.073723	-107.563469
31.100578	-0.758678	-0.647902	-108.050224	-107.204277
31.109947	-0.292063	-0.594184	-107.644035	-107.016281
31.119316	-0.221565	-0.755325	-107.170700	-107.150566
31.128685	-0.335708	-0.782177	-106.949150	-107.214348
31.138054	-0.439763	-0.510260	-107.127068	-107.039780
31.147423	-0.520334	-0.396132	-107.341919	-107.073349
31.156792	-0.580758	-0.654608	-107.459412	-107.341919
31.166161	-0.597551	-0.869453	-107.429192	-107.654106
31.175529	-0.577405	-1.010448	-107.590332	-107.828674
31.184898	-0.775456	-1.101092	-107.788383	-107.791740
31.194267	-1.191720	-1.178294	-107.727959	-107.580261
31.203636	-1.537487	-1.349509	-107.637314	-107.294914
31.213007	-1.755700	-1.336068	-107.607109	-106.976006
31.222376	-1.916826	-1.208514	-107.321770	-106.855156
31.231745	-1.916826	-0.953376	-106.858505	-107.090149
31.241114	-1.587853	-0.859380	-106.371742	-107.462761
31.250483	-1.091018	-0.933245	-105.958847	-107.785034
31.259851	-0.597551	-1.181647	-105.841354	-107.946159
31.269220	-0.285342	-1.416638	-106.052849	-108.009949
31.278589	-0.151068	-1.423359	-106.492607	-108.020020
31.287958	-0.174567	-1.305863	-106.868584	-107.979729
31.297327	-0.010073	-1.131296	-107.113647	-107.999878
31.306696	0.399470	-0.862747	-107.445969	-108.077080
31.316065	0.872806	-0.506908	-107.727959	-108.359070
31.325434	1.121208	-0.275284	-107.899162	-108.369141
31.334803	0.809014	-0.271916	-107.983086	-108.020020
31.344172	0.110775	-0.590831	-108.228149	-107.764885
31.353540	-0.449836	-1.121223	-108.516846	-107.764885
31.362909	-0.691533	-1.456931	-108.493340	-107.858879
31.372278	-0.741899	-1.242086	-108.248291	-107.909233
31.381647	-0.765398	-0.765398	-108.171074	-107.919304
31.391016	-0.715032	-0.278637	-108.174431	-107.879028
31.400385	-0.745252	0.130907	-108.204651	-107.707817
31.409754	-0.835896	0.352472	-108.352348	-107.311699
31.419123	-0.963449	0.624388	-108.322144	-107.140495
31.428492	-1.087666	0.795588	-108.107300	-107.261345
31.437862	-1.289070	0.520319	-107.942802	-107.439262
31.447231	-1.524061	-0.124216	-107.818604	-107.372124
31.456600	-1.346141	-0.684828	-107.580261	-107.271416
31.465969	-0.819102	-0.963449	-107.033073	-107.244568
31.475338	0.043631	-0.842601	-106.700737	-107.221069
31.484707	1.084283	-0.651255	-106.895432	-107.254623
31.494076	1.688540	-0.567332	-107.160645	-107.294914
31.503445	1.604617	-0.604257	-107.348618	-107.177422
31.512814	1.369625	-0.433058	-107.506409	-107.096848
31.522182	1.225278	0.006706	-107.398987	-107.425842
31.531551	0.839233	0.298768	-107.187492	-107.942802
31.540920	0.164479	0.325620	-107.204277	-108.399345
31.550289	-0.469983	0.365898	-107.341919	-108.530266
31.559658	-0.822455	0.399470	-107.445969	-108.258369
31.569027	-0.768751	0.422969	-107.251274	-107.919304
31.578396	-0.721753	0.198051	-106.875298	-107.523186
31.587765	-0.751957	-0.144362	-106.583237	-106.918930
31.597134	-0.641182	-0.433058	-106.512741	-106.647026
31.606503	-0.503555	-0.553906	-106.623528	-107.086777
31.615871	-0.349134	-0.412911	-106.794731	-107.714531
31.625240	-0.204787	-0.234991	-106.959221	-107.942802
31.634609	-0.147715	0.030205	-107.143852	-107.580261
31.643978	-0.372633	0.325620	-107.419121	-106.935722
31.653347	-0.456557	0.493467	-107.392265	-106.368393
31.662718	-0.238344	0.654593	-107.103569	-106.150192
31.672087	0.114128	0.728458	-106.972649	-106.089767
31.681456	0.365898	0.604242	-107.274773	-106.166977
31.690825	0.466615	0.224903	-107.785034	-106.213974
31.700193	0.362545	-0.295416	-108.060303	-106.180397
31.709562	0.050351	-0.547186	-107.946159	-106.140121
31.718931	-0.191361	-0.563979	-107.566833	-106.395248
31.728300	-0.221565	-0.553906	-107.308342	-106.868584
31.737669	-0.167862	-0.359207	-107.063278	-107.254623
31.747038	-0.083938	-0.067145	-106.811508	-107.425842
31.756407	-0.171214	0.198051	-106.667160	-107.593689
31.765776	-0.547186	0.315547	-106.613457	-107.620537
31.775145	-0.939950	0.234976	-106.757805	-107.573540
31.784513	-1.282364	0.191346	-107.120354	-107.647392
31.793882	-1.685202	0.211477	-107.392265	-107.795105
31.803251	-2.081320	0.214845	-107.449341	-107.932732
31.812620	-2.376735	0.016779	-107.593689	-107.818604
31.821989	-2.312943	-0.147715	-107.583611	-107.637314
31.831358	-1.994044	-0.063792	-107.459412	-107.529892
31.840727	-1.493856	0.211477	-107.076721	-107.560112
31.850096	-0.876173	0.389397	-106.549667	-107.650757
31.859465	-0.379339	0.046983	-106.277763	-107.865601
31.868834	-0.127569	-0.416264	-106.143478	-108.060303
31.878202	-0.060439	-0.610977	-105.965553	-108.134148
31.887573	-0.322267	-0.500187	-106.036049	-108.137505
31.896942	-0.825822	-0.278637	-106.472466	-108.167725
31.906311	-1.201794	-0.194713	-107.096848	-108.147575
31.915680	-1.178294	-0.070497	-107.748108	-108.103943
31.925049	-0.906378	0.023484	-108.157646	-107.956230
31.934418	-0.553906	-0.288710	-108.261719	-107.835381
31.943787	-0.221565	-0.540480	-108.409416	-107.506409
31.953156	0.114128	-0.456557	-108.526917	-107.237846
31.962524	0.255123	-0.292063	-108.587341	-107.435913
31.971893	0.177905	-0.214845	-108.839111	-107.983086
31.981262	0.288695	-0.073865	-109.174805	-108.567192
31.990631	0.429690	0.261828	-109.319153	-109.043884
