24.993355	0.251770	0.684813	-110.000610	-110.000610
25.002735	0.251770	0.684813	-110.000610	-110.000610
25.012114	0.251770	0.684813	-110.000610	-110.000610
25.021494	0.251770	0.688165	-110.000610	-110.000610
25.030874	0.248402	0.688165	-110.000610	-110.000610
25.040253	0.248402	0.688165	-110.000610	-110.000610
25.049633	0.251770	0.688165	-110.000610	-110.000610
25.059013	0.251770	0.688165	-110.000610	-110.000610
25.068392	0.251770	0.688165	-110.000610	-110.000610
25.077772	0.248402	0.688165	-110.000610	-110.000610
25.087152	0.248402	0.684813	-110.000610	-110.000610
25.096531	0.251770	0.684813	-110.000610	-110.000610
25.105911	0.251770	0.681460	-110.000610	-110.000610
25.115292	0.255123	0.681460	-110.000610	-110.000610
25.124670	0.255123	0.681460	-110.000610	-110.000610
25.134050	0.258476	0.681460	-110.000610	-110.000610
25.143431	0.258476	0.681460	-110.000610	-110.000610
25.152811	0.261828	0.681460	-110.000610	-110.000610
25.162189	0.261828	0.678092	-110.000610	-110.000610
25.171570	0.261828	0.681460	-110.000610	-110.000610
25.180950	0.261828	0.681460	-110.000610	-110.000610
25.190329	0.261828	0.681460	-110.000610	-110.000610
25.199709	0.258476	0.681460	-110.000610	-110.000610
25.209089	0.258476	0.678092	-110.000610	-110.000610
25.218468	0.258476	0.678092	-110.000610	-110.000610
25.227848	0.258476	0.678092	-110.000610	-110.000610
25.237228	0.255123	0.678092	-110.000610	-110.000610
25.246607	0.255123	0.678092	-110.000610	-110.000610
25.255987	0.255123	0.678092	-110.000610	-110.000610
25.265368	0.255123	0.678092	-110.000610	-110.000610
25.274746	0.258476	0.678092	-110.000610	-110.000610
25.284126	0.258476	0.678092	-110.000610	-110.000610
25.293507	0.261828	0.678092	-110.000610	-110.000610
25.302885	0.261828	0.678092	-110.000610	-110.000610
25.312265	0.265196	0.681460	-110.000610	-110.000610
25.321646	0.268549	0.681460	-110.000610	-110.000610
25.331024	0.268549	0.681460	-110.000610	-110.000610
25.340405	0.265196	0.678092	-110.000610	-110.000610
25.349785	0.261828	0.678092	-110.000610	-110.000610
25.359163	0.261828	0.674739	-110.000610	-110.000610
25.368544	0.261828	0.674739	-110.000610	-110.000610
25.377924	0.261828	0.674739	-110.000610	-110.000610
25.387302	0.265196	0.671387	-110.000610	-110.000610
25.396683	0.268549	0.671387	-110.000610	-110.000610
25.406063	0.271901	0.671387	-110.000610	-110.000610
25.415442	0.275269	0.671387	-110.000610	-110.000610
25.424822	0.275269	0.671387	-110.000610	-110.000610
25.434202	0.275269	0.674739	-110.000610	-110.000610
25.443581	0.275269	0.674739	-110.000610	-110.000610
25.452961	0.278622	0.674739	-110.000610	-110.000610
25.462341	0.281975	0.674739	-110.000610	-110.000610
25.471720	0.285327	0.674739	-110.000610	-110.000610
25.481100	0.285327	0.674739	-110.000610	-110.000610
25.490480	0.285327	0.674739	-110.000610	-110.000610
25.499859	0.285327	0.671387	-110.000610	-110.000610
25.509239	0.285327	0.671387	-110.000610	-110.000610
25.518620	0.288695	0.671387	-110.000610	-110.000610
25.527998	0.288695	0.668019	-110.000610	-110.000610
25.537378	0.288695	0.668019	-110.000610	-110.000610
25.546759	0.292048	0.664666	-110.000610	-110.000610
25.556137	0.292048	0.664666	-110.000610	-110.000610
25.565517	0.292048	0.664666	-110.000610	-110.000610
25.574898	0.292048	0.668019	-110.000610	-110.000610
25.584276	0.295401	0.668019	-110.000610	-110.000610
25.593657	0.295401	0.668019	-110.000610	-110.000610
25.603037	0.298768	0.671387	-110.000610	-110.000610
25.612415	0.298768	0.671387	-110.000610	-110.000610
25.621796	0.298768	0.671387	-110.000610	-110.000610
25.631176	0.302121	0.671387	-110.000610	-110.000610
25.640554	0.302121	0.671387	-110.000610	-110.000610
25.649935	0.302121	0.671387	-110.000610	-110.000610
25.659315	0.302121	0.668019	-110.000610	-110.000610
25.668694	0.305474	0.668019	-110.000610	-110.000610
25.678074	0.305474	0.668019	-110.000610	-110.000610
25.687454	0.305474	0.668019	-110.000610	-110.000610
25.696833	0.305474	0.664666	-110.000610	-110.000610
25.706213	0.305474	0.664666	-110.000610	-110.000610
25.715593	0.308827	0.664666	-110.000610	-110.000610
25.724972	0.312194	0.664666	-110.000610	-110.000610
25.734352	0.315547	0.668019	-110.000610	-110.000610
25.743732	0.315547	0.668019	-110.000610	-110.000610
25.753111	0.312194	0.668019	-110.000610	-110.000610
25.762491	0.312194	0.664666	-110.000610	-110.000610
25.771872	0.308827	0.664666	-110.000610	-110.000610
25.781250	0.308827	0.664666	-110.000610	-110.000610
25.790630	0.308827	0.664666	-110.000610	-110.000610
25.800011	0.308827	0.664666	-110.000610	-110.000610
25.809389	0.308827	0.664666	-110.000610	-110.000610
25.818769	0.308827	0.664666	-110.000610	-110.000610
25.828150	0.308827	0.664666	-110.000610	-110.000610
25.837528	0.308827	0.668019	-110.000610	-110.000610
25.846909	0.308827	0.668019	-110.000610	-110.000610
25.856289	0.305474	0.668019	-110.000610	-110.000610
25.865667	0.305474	0.668019	-110.000610	-110.000610
25.875048	0.305474	0.668019	-110.000610	-110.000610
25.884428	0.308827	0.671387	-110.000610	-110.000610
25.893806	0.308827	0.671387	-110.000610	-110.000610
25.903187	0.308827	0.671387	-110.000610	-110.000610
25.912567	0.308827	0.671387	-110.000610	-110.000610
25.921946	0.312194	0.671387	-110.000610	-110.000610
25.931326	0.312194	0.674739	-110.000610	-110.000610
25.940706	0.312194	0.674739	-110.000610	-110.000610
25.950087	0.315547	0.674739	-110.000610	-110.000610
25.959465	0.315547	0.674739	-110.000610	-110.000610
25.968845	0.318900	0.674739	-110.000610	-110.000610
25.978226	0.318900	0.671387	-110.000610	-110.000610
25.987604	0.322267	0.671387	-110.000610	-110.000610
25.996984	0.322267	0.668019	-110.000610	-110.000610
26.006365	0.322267	0.664666	-110.000610	-110.000610
26.015743	0.322267	0.664666	-110.000610	-110.000610
26.025124	0.318900	0.664666	-110.000610	-110.000610
26.034504	0.318900	0.664666	-110.000610	-110.000610
26.043882	0.318900	0.664666	-110.000610	-110.000610
26.053263	0.315547	0.664666	-110.000610	-110.000610
26.062643	0.315547	0.664666	-110.000610	-110.000610
26.072021	0.315547	0.664666	-110.000610	-110.000610
26.081402	0.318900	0.668019	-110.000610	-110.000610
26.090782	0.322267	0.668019	-110.000610	-110.000610
26.100161	0.325620	0.668019	-110.000610	-110.000610
26.109541	0.328973	0.668019	-110.000610	-110.000610
26.118921	0.332326	0.668019	-110.000610	-110.000610
26.128300	0.339046	0.668019	-110.000610	-110.000610
26.137680	0.342399	0.664666	-110.000610	-110.000610
26.147060	0.345752	0.664666	-110.000610	-110.000610
26.156439	0.345752	0.664666	-110.000610	-110.000610
26.165819	0.345752	0.664666	-110.000610	-110.000610
26.175200	0.345752	0.664666	-110.000610	-110.000610
26.184578	0.345752	0.664666	-110.000610	-110.000610
26.193958	0.345752	0.664666	-110.000610	-110.000610
26.203339	0.345752	0.664666	-110.000610	-110.000610
26.212717	0.345752	0.664666	-110.000610	-110.000610
26.222097	0.345752	0.661314	-110.000610	-110.000610
26.231478	0.345752	0.661314	-110.000610	-110.000610
26.240856	0.345752	0.661314	-110.000610	-110.000610
26.250237	0.345752	0.657961	-110.000610	-110.000610
26.259617	0.342399	0.657961	-110.000610	-110.000610
26.268995	0.342399	0.657961	-110.000610	-110.000610
26.278376	0.342399	0.657961	-110.000610	-110.000610
26.287756	0.342399	0.657961	-110.000610	-110.000610
26.297134	0.342399	0.657961	-110.000610	-110.000610
26.306515	0.345752	0.657961	-110.000610	-110.000610
26.315895	0.345752	0.657961	-110.000610	-110.000610
26.325274	0.349119	0.657961	-110.000610	-110.000610
26.334654	0.352472	0.657961	-110.000610	-110.000610
26.344034	0.352472	0.657961	-110.000610	-110.000610
26.353413	0.355825	0.657961	-110.000610	-110.000610
26.362793	0.355825	0.657961	-110.000610	-110.000610
26.372173	0.355825	0.657961	-110.000610	-110.000610
26.381552	0.355825	0.657961	-110.000610	-110.000610
26.390932	0.352472	0.657961	-110.000610	-110.000610
26.400312	0.352472	0.657961	-110.000610	-110.000610
26.409691	0.352472	0.657961	-110.000610	-110.000610
26.419071	0.352472	0.661314	-110.000610	-110.000610
26.428452	0.355825	0.661314	-110.000610	-110.000610
26.437830	0.355825	0.657961	-110.000610	-110.000610
26.447210	0.359192	0.654593	-110.000610	-110.000610
26.456591	0.359192	0.651240	-110.000610	-110.000610
26.465969	0.362545	0.647888	-110.000610	-110.000610
26.475349	0.362545	0.647888	-110.000610	-110.000610
26.484730	0.359192	0.647888	-110.000610	-110.000610
26.494108	0.355825	0.644535	-110.000610	-110.000610
26.503489	0.355825	0.644535	-110.000610	-110.000610
26.512869	0.359192	0.647888	-110.000610	-110.000610
26.522247	0.362545	0.647888	-110.000610	-110.000610
26.531628	0.365898	0.647888	-110.000610	-110.000610
26.541008	0.365898	0.647888	-110.000610	-110.000610
26.550386	0.369251	0.647888	-110.000610	-110.000610
26.559767	0.369251	0.644535	-110.000610	-110.000610
26.569147	0.369251	0.641167	-110.000610	-110.000610
26.578526	0.372618	0.637814	-110.000610	-110.000610
26.587906	0.372618	0.634462	-110.000610	-110.000610
26.597286	0.372618	0.631094	-110.000610	-110.000610
26.606665	0.372618	0.627741	-110.000610	-110.000610
26.616045	0.369251	0.627741	-110.000610	-110.000610
26.625425	0.369251	0.624388	-110.000610	-110.000610
26.634804	0.365898	0.624388	-110.000610	-110.000610
26.644184	0.365898	0.624388	-110.000610	-110.000610
26.653564	0.365898	0.617668	-110.000610	-110.000610
26.662943	0.362545	0.617668	-110.000610	-110.000610
26.672323	0.365898	0.614315	-110.000610	-110.000610
26.681704	0.369251	0.614315	-110.000610	-110.000610
26.691082	0.372618	0.614315	-110.000610	-110.000610
26.700462	0.372618	0.610963	-110.000610	-110.000610
26.709843	0.375971	0.610963	-110.000610	-110.000610
26.719221	0.372618	0.607595	-110.000610	-110.000610
26.728601	0.372618	0.607595	-110.000610	-110.000610
26.737982	0.372618	0.607595	-110.000610	-110.000610
26.747360	0.372618	0.610963	-110.000610	-110.000610
26.756741	0.372618	0.610963	-110.000610	-110.000610
26.766121	0.375971	0.610963	-110.000610	-110.000610
26.775501	0.375971	0.610963	-110.000610	-110.000610
26.784880	0.375971	0.607595	-110.000610	-110.000610
26.794260	0.375971	0.600889	-110.000610	-110.000610
26.803640	0.375971	0.594169	-110.000610	-110.000610
26.813019	0.375971	0.590816	-110.000610	-110.000610
26.822399	0.375971	0.587463	-110.000610	-110.000610
26.831779	0.375971	0.587463	-110.000610	-110.000610
26.841158	0.372618	0.587463	-110.000610	-110.000610
26.850538	0.369251	0.587463	-110.000610	-110.000610
26.859919	0.365898	0.590816	-110.000610	-110.000610
26.869297	0.365898	0.590816	-110.000610	-110.000610
26.878677	0.365898	0.594169	-110.000610	-110.000610
26.888058	0.369251	0.594169	-110.000610	-110.000610
26.897436	0.372618	0.590816	-110.000610	-110.000610
26.906816	0.375971	0.590816	-110.000610	-110.000610
26.916197	0.375971	0.590816	-110.000610	-110.000610
26.925575	0.375971	0.590816	-110.000610	-110.000610
26.934956	0.375971	0.594169	-110.000610	-110.000610
26.944336	0.379324	0.597537	-110.000610	-110.000610
26.953714	0.379324	0.597537	-110.000610	-110.000610
26.963095	0.382692	0.600889	-110.000610	-110.000610
26.972475	0.382692	0.600889	-110.000610	-110.000610
26.981853	0.379324	0.604242	-110.000610	-110.000610
26.991234	0.379324	0.607595	-110.000610	-110.000610
27.000614	0.375971	0.607595	-110.000610	-110.000610
27.009993	0.375971	0.607595	-110.000610	-110.000610
27.019373	0.375971	0.607595	-110.000610	-110.000610
27.028753	0.375971	0.607595	-110.000610	-110.000610
27.038132	0.375971	0.607595	-110.000610	-110.000610
27.047512	0.372618	0.604242	-110.000610	-110.000610
27.056892	0.369251	0.604242	-110.000610	-110.000610
27.066271	0.369251	0.604242	-110.000610	-110.000610
27.075651	0.369251	0.604242	-110.000610	-110.000610
27.085032	0.372618	0.604242	-110.000610	-110.000610
27.094410	0.372618	0.604242	-110.000610	-110.000610
27.103790	0.375971	0.604242	-110.000610	-110.000610
27.113171	0.375971	0.600889	-110.000610	-110.000610
27.122549	0.375971	0.600889	-110.000610	-110.000610
27.131929	0.375971	0.604242	-110.000610	-110.000610
27.141310	0.375971	0.607595	-110.000610	-110.000610
27.150688	0.375971	0.610963	-110.000610	-110.000610
27.160069	0.379324	0.614315	-110.000610	-110.000610
27.169449	0.382692	0.614315	-110.000610	-110.000610
27.178827	0.386044	0.614315	-110.000610	-110.000610
27.188208	0.389397	0.614315	-110.000610	-110.000610
27.197588	0.389397	0.610963	-110.000610	-110.000610
27.206966	0.389397	0.607595	-110.000610	-110.000610
27.216347	0.389397	0.607595	-110.000610	-110.000610
27.225727	0.389397	0.607595	-110.000610	-110.000610
27.235106	0.392750	0.604242	-110.000610	-110.000610
27.244486	0.396118	0.604242	-110.000610	-110.000610
27.253866	0.396118	0.607595	-110.000610	-110.000610
27.263245	0.396118	0.610963	-110.000610	-110.000610
27.272625	0.396118	0.614315	-110.000610	-110.000610
27.282005	0.399470	0.614315	-110.000610	-110.000610
27.291384	0.399470	0.614315	-110.000610	-110.000610
27.300764	0.399470	0.614315	-110.000610	-110.000610
27.310144	0.399470	0.614315	-110.000610	-110.000610
27.319523	0.402823	0.614315	-110.000610	-110.000610
27.328903	0.402823	0.610963	-110.000610	-110.000610
27.338284	0.406191	0.610963	-110.000610	-110.000610
27.347662	0.406191	0.607595	-110.000610	-110.000610
27.357042	0.406191	0.607595	-110.000610	-110.000610
27.366423	0.406191	0.607595	-110.000610	-110.000610
27.375801	0.406191	0.607595	-110.000610	-110.000610
27.385181	0.406191	0.607595	-110.000610	-110.000610
27.394562	0.402823	0.607595	-110.000610	-110.000610
27.403940	0.406191	0.607595	-110.000610	-110.000610
27.413321	0.406191	0.607595	-110.000610	-110.000610
27.422701	0.402823	0.607595	-110.000610	-110.000610
27.432079	0.402823	0.607595	-110.000610	-110.000610
27.441460	0.402823	0.607595	-110.000610	-110.000610
27.450840	0.402823	0.607595	-110.000610	-110.000610
27.460218	0.399470	0.604242	-110.000610	-110.000610
27.469599	0.399470	0.607595	-110.000610	-110.000610
27.478979	0.396118	0.607595	-110.000610	-110.000610
27.488358	0.392750	0.607595	-110.000610	-110.000610
27.497738	0.392750	0.607595	-110.000610	-110.000610
27.507118	0.389397	0.607595	-110.000610	-110.000610
27.516497	0.389397	0.604242	-110.000610	-110.000610
27.525877	0.389397	0.604242	-110.000610	-110.000610
27.535257	0.386044	0.600889	-110.000610	-110.000610
27.544636	0.386044	0.600889	-110.000610	-110.000610
27.554016	0.386044	0.600889	-110.000610	-110.000610
27.563396	0.386044	0.597537	-110.000610	-110.000610
27.572777	0.389397	0.594169	-110.000610	-110.000610
27.582155	0.389397	0.594169	-110.000610	-110.000610
27.591536	0.389397	0.594169	-110.000610	-110.000610
27.600916	0.389397	0.594169	-110.000610	-110.000610
27.610294	0.389397	0.594169	-110.000610	-110.000610
27.619675	0.389397	0.590816	-110.000610	-110.000610
27.629055	0.389397	0.590816	-110.000610	-110.000610
27.638433	0.386044	0.587463	-110.000610	-110.000610
27.647814	0.386044	0.587463	-110.000610	-110.000610
27.657194	0.386044	0.584096	-110.000610	-110.000610
27.666573	0.389397	0.580743	-110.000610	-110.000610
27.675953	0.392750	0.580743	-110.000610	-110.000610
27.685333	0.392750	0.577390	-110.000610	-110.000610
27.694712	0.396118	0.577390	-110.000610	-110.000610
27.704092	0.396118	0.577390	-110.000610	-110.000610
27.713472	0.399470	0.577390	-110.000610	-110.000610
27.722851	0.399470	0.577390	-110.000610	-110.000610
27.732231	0.399470	0.574037	-110.000610	-110.000610
27.741611	0.396118	0.574037	-110.000610	-110.000610
27.750990	0.392750	0.574037	-110.000610	-110.000610
27.760370	0.389397	0.570670	-110.000610	-110.000610
27.769751	0.386044	0.570670	-110.000610	-110.000610
27.779129	0.386044	0.570670	-110.000610	-110.000610
27.788509	0.386044	0.567317	-110.000610	-110.000610
27.797890	0.382692	0.567317	-110.000610	-110.000610
27.807268	0.382692	0.563964	-110.000610	-110.000610
27.816648	0.382692	0.563964	-110.000610	-110.000610
27.826029	0.382692	0.563964	-110.000610	-110.000610
27.835407	0.382692	0.560597	-110.000610	-110.000610
27.844788	0.382692	0.560597	-110.000610	-110.000610
27.854168	0.382692	0.560597	-110.000610	-110.000610
27.863546	0.382692	0.560597	-110.000610	-110.000610
27.872927	0.379324	0.560597	-110.000610	-110.000610
27.882307	0.379324	0.560597	-110.000610	-110.000610
27.891685	0.379324	0.557244	-110.000610	-110.000610
27.901066	0.375971	0.557244	-110.000610	-110.000610
27.910446	0.375971	0.553891	-110.000610	-110.000610
27.919825	0.375971	0.550538	-110.000610	-110.000610
27.929205	0.372618	0.547171	-110.000610	-110.000610
27.938585	0.372618	0.543818	-110.000610	-110.000610
27.947964	0.372618	0.543818	-110.000610	-110.000610
27.957344	0.372618	0.543818	-110.000610	-110.000610
27.966724	0.375971	0.543818	-110.000610	-110.000610
27.976103	0.379324	0.540465	-110.000610	-110.000610
27.985483	0.379324	0.537112	-110.000610	-110.000610
27.994864	0.379324	0.537112	-110.000610	-110.000610
28.004242	0.375971	0.533745	-110.000610	-110.000610
28.013622	0.372618	0.533745	-110.000610	-110.000610
28.023003	0.372618	0.530392	-110.000610	-110.000610
28.032381	0.372618	0.527039	-110.000610	-110.000610
28.041761	0.372618	0.523672	-110.000610	-110.000610
28.051142	0.372618	0.520319	-110.000610	-110.000610
28.060520	0.372618	0.516966	-110.000610	-110.000610
28.069901	0.375971	0.513613	-110.000610	-110.000610
28.079281	0.375971	0.513613	-110.000610	-110.000610
28.088659	0.379324	0.510246	-110.000610	-110.000610
28.098040	0.379324	0.510246	-110.000610	-110.000610
28.107420	0.375971	0.506893	-110.000610	-110.000610
28.116798	0.372618	0.506893	-110.000610	-110.000610
28.126179	0.369251	0.506893	-110.000610	-110.000610
28.135559	0.369251	0.506893	-110.000610	-110.000610
28.144938	0.369251	0.503540	-110.000610	-110.000610
28.154318	0.365898	0.500172	-110.000610	-110.000610
28.163698	0.362545	0.493467	-110.000610	-110.000610
28.173077	0.359192	0.486746	-110.000610	-110.000610
28.182457	0.352472	0.483394	-110.000610	-110.000610
28.191837	0.349119	0.480041	-110.000610	-110.000610
28.201216	0.345752	0.476673	-110.000610	-110.000610
28.210596	0.342399	0.473320	-110.000610	-110.000610
28.219976	0.345752	0.469968	-110.000610	-110.000610
28.229355	0.349119	0.466615	-110.000610	-110.000610
28.238735	0.349119	0.463247	-110.000610	-110.000610
28.248116	0.352472	0.459895	-110.000610	-110.000610
28.257494	0.355825	0.456542	-110.000610	-110.000610
28.266874	0.359192	0.453174	-110.000610	-110.000610
28.276255	0.365898	0.449821	-110.000610	-110.000610
28.285633	0.365898	0.443116	-110.000610	-110.000610
28.295013	0.365898	0.436395	-110.000610	-110.000610
28.304394	0.365898	0.429690	-110.000610	-110.000610
28.313772	0.362545	0.426322	-110.000610	-110.000610
28.323153	0.359192	0.422969	-110.000610	-110.000610
28.332533	0.359192	0.416249	-110.000610	-110.000610
28.341911	0.355825	0.409544	-110.000610	-110.000610
28.351292	0.355825	0.402823	-110.000610	-110.000610
28.360672	0.352472	0.396118	-110.000610	-110.000610
28.370052	0.345752	0.389397	-110.000610	-110.000610
28.379431	0.339046	0.382692	-110.000610	-110.000610
28.388811	0.335693	0.375971	-110.000610	-110.000610
28.398191	0.332326	0.365898	-110.000610	-110.000610
28.407570	0.332326	0.355825	-110.000610	-110.000610
28.416950	0.332326	0.345752	-110.000610	-110.000610
28.426331	0.328973	0.332326	-110.000610	-110.000610
28.435709	0.328973	0.322267	-110.000610	-110.000610
28.445089	0.325620	0.312194	-110.000610	-110.000610
28.454470	0.318900	0.298768	-110.000610	-110.000610
28.463848	0.312194	0.285327	-110.000610	-110.000610
28.473228	0.312194	0.271901	-110.000610	-110.000610
28.482609	0.308827	0.258476	-110.000610	-110.000610
28.491987	0.305474	0.241697	-110.000610	-110.000610
28.501368	0.302121	0.224903	-110.000610	-110.000610
28.510748	0.298768	0.204772	-110.000610	-110.000610
28.520126	0.295401	0.187978	-110.000610	-110.000610
28.529507	0.292048	0.164479	-110.000610	-110.000610
28.538887	0.288695	0.144348	-110.000610	-110.000610
28.548265	0.285327	0.117481	-110.000610	-110.000610
28.557646	0.278622	0.087276	-110.000610	-110.000610
28.567026	0.275269	0.057057	-110.000610	-110.000610
28.576405	0.268549	0.023484	-110.000610	-110.000610
28.585785	0.265196	-0.013441	-110.000610	-110.000610
28.595165	0.265196	-0.057071	-110.000610	-110.000610
28.604544	0.258476	-0.100717	-110.000610	-110.000610
28.613924	0.255123	-0.154421	-110.000610	-110.000610
28.623304	0.248402	-0.214845	-110.000610	-110.000610
28.632683	0.241697	-0.278637	-110.000610	-110.000610
28.642063	0.231624	-0.352487	-110.000610	-110.000610
28.651443	0.224903	-0.433058	-110.000610	-110.000610
28.660822	0.221550	-0.520334	-110.000610	-110.000610
28.670202	0.218198	-0.617683	-110.000610	-110.000610
28.679583	0.211477	-0.725105	-110.000610	-110.000610
28.688961	0.208125	-0.835896	-110.000610	-110.000610
28.698341	0.201404	-0.956744	-110.000610	-110.000610
28.707722	0.191346	-1.084298	-110.000610	-110.000610
28.717100	0.177905	-1.215219	-110.000610	-110.000610
28.726480	0.171199	-1.342788	-110.000610	-110.000610
28.735861	0.161126	-1.463637	-110.000610	-110.000610
28.745239	0.157773	-1.571059	-110.000610	-110.000610
28.754620	0.151053	-1.654983	-110.000610	-110.000610
28.764000	0.140980	-1.715407	-110.000610	-110.000610
28.773378	0.130907	-1.748979	-110.000610	-110.000610
28.782759	0.120848	-1.759052	-110.000610	-110.000610
28.792139	0.110775	-1.742259	-110.000610	-110.000610
28.801517	0.100702	-1.698628	-110.000610	-110.000610
28.810898	0.087276	-1.631483	-110.000610	-110.000610
28.820278	0.077203	-1.540855	-110.000610	-110.000610
28.829657	0.067130	-1.419991	-110.000610	-110.000610
28.839037	0.057057	-1.275644	-110.000610	-110.000610
28.848417	0.043631	-1.107797	-110.000610	-110.000610
28.857796	0.030205	-0.926524	-110.000610	-110.000610
28.867176	0.010058	-0.741899	-110.000610	-110.000610
28.876556	-0.010073	-0.570685	-110.000610	-110.000610
28.885935	-0.036940	-0.416264	-110.000610	-110.000610
28.895315	-0.063792	-0.295416	-110.000610	-110.000610
28.904696	-0.090644	-0.201419	-110.000610	-110.000610
28.914074	-0.120863	-0.134289	-110.000610	-110.000610
28.923454	-0.154421	-0.080571	-110.000610	-110.000610
28.932835	-0.187993	-0.036940	-110.000610	-110.000610
28.942213	-0.228286	0.000000	-110.000610	-110.000610
28.951593	-0.271916	0.033557	-110.000610	-110.000610
28.960974	-0.325635	0.063777	-110.000610	-110.000610
28.970352	-0.386059	0.093982	-110.000610	-110.000610
28.979733	-0.453189	0.120848	-110.000610	-110.000610
28.989113	-0.530407	0.147700	-110.000610	-110.000610
28.998491	-0.614330	0.167847	-110.000610	-110.000610
29.007872	-0.704974	0.187978	-110.000610	-110.000610
29.017252	-0.805676	0.204772	-110.000610	-110.000610
29.026630	-0.916451	0.221550	-110.000610	-110.000610
29.036011	-1.033947	0.238329	-110.000610	-110.000610
29.045391	-1.161516	0.251770	-110.000610	-110.000610
29.054770	-1.295790	0.268549	-110.000610	-110.000610
29.064150	-1.430064	0.281975	-110.000610	-110.000610
29.073530	-1.560986	0.292048	-110.000610	-110.000610
29.082909	-1.678482	0.302121	-110.000610	-110.000610
29.092289	-1.775831	0.308827	-110.000610	-110.000610
29.101669	-1.856402	0.318900	-110.000610	-110.000610
29.111048	-1.910120	0.328973	-110.000610	-110.000610
29.120428	-1.940325	0.339046	-110.000610	-110.000610
29.129808	-1.947045	0.349119	-110.000610	-110.000610
29.139187	-1.930252	0.359192	-110.000610	-110.000610
29.148567	-1.886621	0.369251	-110.000610	-110.000610
29.157948	-1.816124	0.372618	-110.000610	-110.000610
29.167326	-1.712054	0.382692	-110.000610	-110.000610
29.176706	-1.577780	0.386044	-110.000610	-110.000610
29.186087	-1.409933	0.396118	-110.000610	-110.000610
29.195467	-1.228645	0.402823	-110.000610	-110.000610
29.204845	-1.037300	0.409544	-110.000610	-110.000610
29.214226	-0.859380	0.416249	-110.000610	-110.000610
29.223606	-0.701606	0.419617	-110.000610	-110.000610
29.232985	-0.567332	0.426322	-110.000610	-110.000610
29.242365	-0.456557	0.429690	-110.000610	-110.000610
29.251745	-0.369266	0.433043	-110.000610	-110.000610
29.261124	-0.298783	0.436395	-110.000610	-110.000610
29.270504	-0.238344	0.439748	-110.000610	-110.000610
29.279884	-0.187993	0.443116	-110.000610	-110.000610
29.289263	-0.147715	0.446469	-110.000610	-110.000610
29.298643	-0.110790	0.449821	-110.000610	-110.000610
29.308023	-0.077218	0.453174	-110.000610	-110.000610
29.317402	-0.050366	0.456542	-110.000610	-110.000610
29.326782	-0.020146	0.459895	-110.000610	-110.000610
29.336163	0.006706	0.463247	-110.000610	-110.000610
29.345541	0.030205	0.469968	-110.000610	-110.000610
29.354921	0.050351	0.473320	-110.000610	-110.000610
29.364302	0.070482	0.480041	-110.000610	-110.000610
29.373680	0.087276	0.480041	-110.000610	-110.000610
29.383060	0.100702	0.483394	-110.000610	-110.000610
29.392441	0.117481	0.483394	-110.000610	-110.000610
29.401819	0.130907	0.486746	-110.000610	-110.000610
29.411200	0.144348	0.486746	-110.000610	-110.000610
29.420580	0.157773	0.486746	-110.000610	-110.000610
29.429958	0.167847	0.490114	-110.000610	-110.000610
29.439339	0.177905	0.490114	-110.000610	-110.000610
29.448719	0.184625	0.493467	-110.000610	-110.000610
29.458097	0.194699	0.496820	-110.000610	-110.000610
29.467478	0.201404	0.500172	-110.000610	-110.000610
29.476858	0.208125	0.503540	-110.000610	-110.000610
29.486237	0.214845	0.506893	-110.000610	-110.000610
29.495617	0.221550	0.506893	-110.000610	-110.000610
29.504997	0.231624	0.506893	-110.000610	-110.000610
29.514376	0.238329	0.506893	-110.000610	-110.000610
29.523756	0.245050	0.510246	-110.000610	-110.000610
29.533136	0.251770	0.510246	-110.000610	-110.000610
29.542515	0.258476	0.510246	-110.000610	-110.000610
29.551895	0.261828	0.510246	-110.000610	-110.000610
29.561275	0.268549	0.513613	-110.000610	-110.000610
29.570654	0.275269	0.513613	-110.000610	-110.000610
29.580034	0.281975	0.513613	-110.000610	-110.000610
29.589415	0.288695	0.516966	-110.000610	-110.000610
29.598793	0.295401	0.516966	-110.000610	-110.000610
29.608173	0.302121	0.520319	-110.000610	-110.000610
29.617554	0.308827	0.520319	-110.000610	-110.000610
29.626932	0.308827	0.520319	-110.000610	-110.000610
29.636312	0.312194	0.523672	-110.000610	-110.000610
29.645693	0.312194	0.523672	-110.000610	-110.000610
29.655071	0.318900	0.523672	-110.000610	-110.000610
29.664452	0.322267	0.527039	-110.000610	-110.000610
29.673832	0.325620	0.527039	-110.000610	-110.000610
29.683210	0.332326	0.527039	-110.000610	-110.000610
29.692591	0.335693	0.527039	-110.000610	-110.000610
29.701971	0.342399	0.530392	-110.000610	-110.000610
29.711349	0.342399	0.533745	-110.000610	-110.000610
29.720730	0.349119	0.533745	-110.000610	-110.000610
29.730110	0.352472	0.537112	-110.000610	-110.000610
29.739489	0.359192	0.537112	-110.000610	-110.000610
29.748869	0.362545	0.540465	-110.000610	-110.000610
29.758249	0.365898	0.540465	-110.000610	-110.000610
29.767628	0.365898	0.540465	-110.000610	-110.000610
29.777008	0.369251	0.540465	-110.000610	-110.000610
29.786388	0.372618	0.540465	-110.000610	-110.000610
29.795767	0.379324	0.540465	-110.000610	-110.000610
29.805147	0.382692	0.540465	-110.000610	-110.000610
29.814528	0.386044	0.540465	-110.000610	-110.000610
29.823906	0.392750	0.540465	-110.000610	-110.000610
29.833286	0.396118	0.540465	-110.000610	-110.000610
29.842667	0.399470	0.540465	-110.000610	-110.000610
29.852045	0.399470	0.540465	-110.000610	-110.000610
29.861425	0.399470	0.540465	-110.000610	-110.000610
29.870806	0.399470	0.540465	-110.000610	-110.000610
29.880184	0.402823	0.540465	-110.000610	-110.000610
29.889565	0.402823	0.543818	-110.000610	-110.000610
29.898945	0.406191	0.543818	-110.000610	-110.000610
29.908323	0.406191	0.543818	-110.000610	-110.000610
29.917704	0.406191	0.543818	-110.000610	-110.000610
29.927084	0.409544	0.543818	-110.000610	-110.000610
29.936462	0.409544	0.547171	-110.000610	-110.000610
29.945843	0.412896	0.547171	-110.000610	-110.000610
29.955223	0.416249	0.547171	-110.000610	-110.000610
29.964602	0.416249	0.547171	-110.000610	-110.000610
29.973982	0.419617	0.550538	-110.000610	-110.000610
29.983362	0.419617	0.550538	-110.000610	-110.000610
29.992743	0.419617	0.550538	-110.000610	-110.000610
30.002121	0.419617	0.550538	-110.000610	-110.000610
30.011501	0.422969	0.553891	-110.000610	-110.000610
30.020882	0.426322	0.553891	-110.000610	-110.000610
30.030260	0.429690	0.553891	-110.000610	-110.000610
30.039640	0.433043	0.550538	-110.000610	-110.000610
30.049021	0.433043	0.550538	-110.000610	-110.000610
30.058399	0.433043	0.550538	-110.000610	-110.000610
30.067780	0.436395	0.547171	-110.000610	-110.000610
30.077160	0.436395	0.547171	-110.000610	-110.000610
30.086538	0.439748	0.550538	-110.000610	-110.000610
30.095919	0.436395	0.553891	-110.000610	-110.000610
30.105299	0.436395	0.553891	-110.000610	-110.000610
30.114677	0.436395	0.557244	-110.000610	-110.000610
30.124058	0.439748	0.557244	-110.000610	-110.000610
30.133438	0.439748	0.557244	-110.000610	-110.000610
30.142817	0.443116	0.557244	-110.000610	-110.000610
30.152197	0.446469	0.560597	-110.000610	-110.000610
30.161577	0.449821	0.560597	-110.000610	-110.000610
30.170956	0.449821	0.560597	-110.000610	-110.000610
30.180336	0.453174	0.560597	-110.000610	-110.000610
30.189716	0.456542	0.560597	-110.000610	-110.000610
30.199095	0.459895	0.560597	-110.000610	-110.000610
30.208475	0.463247	0.560597	-110.000610	-110.000610
30.217855	0.463247	0.557244	-110.000610	-110.000610
30.227234	0.463247	0.557244	-110.000610	-110.000610
30.236614	0.463247	0.557244	-110.000610	-110.000610
30.245995	0.466615	0.560597	-110.000610	-110.000610
30.255373	0.466615	0.560597	-110.000610	-110.000610
30.264753	0.469968	0.563964	-110.000610	-110.000610
30.274134	0.473320	0.563964	-110.000610	-110.000610
30.283512	0.473320	0.563964	-110.000610	-110.000610
30.292892	0.473320	0.563964	-110.000610	-110.000610
30.302273	0.473320	0.563964	-110.000610	-110.000610
30.311651	0.469968	0.563964	-110.000610	-110.000610
30.321032	0.469968	0.563964	-110.000610	-110.000610
30.330412	0.469968	0.567317	-110.000610	-110.000610
30.339790	0.469968	0.567317	-110.000610	-110.000610
30.349171	0.473320	0.567317	-110.000610	-110.000610
30.358551	0.473320	0.567317	-110.000610	-110.000610
30.367929	0.473320	0.567317	-110.000610	-110.000610
30.377310	0.476673	0.567317	-110.000610	-110.000610
30.386690	0.480041	0.570670	-110.000610	-110.000610
30.396069	0.480041	0.570670	-110.000610	-110.000610
30.405449	0.480041	0.570670	-110.000610	-110.000610
30.414829	0.480041	0.570670	-110.000610	-110.000610
30.424208	0.480041	0.570670	-110.000610	-110.000610
30.433588	0.483394	0.570670	-110.000610	-110.000610
30.442968	0.483394	0.567317	-110.000610	-110.000610
30.452347	0.483394	0.567317	-110.000610	-110.000610
30.461727	0.483394	0.567317	-110.000610	-110.000610
30.471107	0.483394	0.570670	-110.000610	-110.000610
30.480486	0.483394	0.570670	-110.000610	-110.000610
30.489866	0.483394	0.570670	-110.000610	-110.000610
30.499247	0.486746	0.574037	-110.000610	-110.000610
30.508625	0.486746	0.574037	-110.000610	-110.000610
30.518005	0.490114	0.570670	-110.000610	-110.000610
30.527386	0.490114	0.570670	-110.000610	-110.000610
30.536764	0.490114	0.567317	-110.000610	-110.000610
30.546144	0.493467	0.567317	-110.000610	-110.000610
30.555525	0.493467	0.567317	-110.000610	-110.000610
30.564903	0.496820	0.567317	-110.000610	-110.000610
30.574284	0.496820	0.570670	-110.000610	-110.000610
30.583664	0.496820	0.570670	-110.000610	-110.000610
30.593042	0.496820	0.570670	-110.000610	-110.000610
30.602423	0.493467	0.574037	-110.000610	-110.000610
30.611803	0.493467	0.574037	-110.000610	-110.000610
30.621181	0.493467	0.574037	-110.000610	-110.000610
30.630562	0.493467	0.577390	-110.000610	-110.000610
30.639942	0.493467	0.577390	-110.000610	-110.000610
30.649321	0.493467	0.577390	-110.000610	-110.000610
30.658701	0.493467	0.577390	-110.000610	-110.000610
30.668081	0.490114	0.577390	-110.000610	-110.000610
30.677460	0.486746	0.577390	-110.000610	-110.000610
30.686840	0.483394	0.577390	-110.000610	-110.000610
30.696220	0.483394	0.577390	-110.000610	-110.000610
30.705599	0.483394	0.577390	-110.000610	-110.000610
30.714979	0.486746	0.577390	-110.000610	-110.000610
30.724360	0.490114	0.577390	-110.000610	-110.000610
30.733738	0.496820	0.577390	-110.000610	-110.000610
30.743118	0.500172	0.577390	-110.000610	-110.000610
30.752499	0.503540	0.580743	-110.000610	-110.000610
30.761877	0.506893	0.577390	-110.000610	-110.000610
30.771257	0.510246	0.577390	-110.000610	-110.000610
30.780638	0.510246	0.577390	-110.000610	-110.000610
30.790018	0.510246	0.577390	-110.000610	-110.000610
30.799397	0.510246	0.577390	-110.000610	-110.000610
30.808777	0.510246	0.577390	-110.000610	-110.000610
30.818157	0.506893	0.577390	-110.000610	-110.000610
30.827536	0.506893	0.577390	-110.000610	-110.000610
30.836916	0.503540	0.580743	-110.000610	-110.000610
30.846296	0.503540	0.580743	-110.000610	-110.000610
30.855675	0.506893	0.580743	-110.000610	-110.000610
30.865055	0.513613	0.580743	-110.000610	-110.000610
30.874435	0.516966	0.580743	-110.000610	-110.000610
30.883814	0.516966	0.580743	-110.000610	-110.000610
30.893194	0.513613	0.580743	-110.000610	-110.000610
30.902575	0.510246	0.577390	-110.000610	-110.000610
30.911953	0.510246	0.577390	-110.000610	-110.000610
30.921333	0.510246	0.574037	-110.000610	-110.000610
30.930714	0.510246	0.574037	-110.000610	-110.000610
30.940092	0.510246	0.574037	-110.000610	-110.000610
30.949472	0.510246	0.577390	-110.000610	-110.000610
30.958853	0.513613	0.577390	-110.000610	-110.000610
30.968231	0.516966	0.577390	-110.000610	-110.000610
30.977612	0.520319	0.577390	-110.000610	-110.000610
30.986992	0.523672	0.580743	-110.000610	-110.000610
30.996370	0.523672	0.580743	-110.000610	-110.000610
31.005751	0.523672	0.580743	-110.000610	-110.000610
31.015131	0.520319	0.580743	-110.000610	-110.000610
31.024509	0.520319	0.580743	-110.000610	-110.000610
31.033890	0.523672	0.580743	-110.000610	-110.000610
31.043270	0.527039	0.584096	-110.000610	-110.000610
31.052649	0.527039	0.584096	-110.000610	-110.000610
31.062029	0.530392	0.584096	-110.000610	-110.000610
31.071409	0.530392	0.584096	-110.000610	-110.000610
31.080788	0.530392	0.580743	-110.000610	-110.000610
31.090168	0.533745	0.580743	-110.000610	-110.000610
31.099548	0.530392	0.580743	-110.000610	-110.000610
31.108927	0.527039	0.577390	-110.000610	-110.000610
31.118307	0.523672	0.577390	-110.000610	-110.000610
31.127687	0.520319	0.577390	-110.000610	-110.000610
31.137066	0.520319	0.577390	-110.000610	-110.000610
31.146446	0.523672	0.580743	-110.000610	-110.000610
31.155827	0.527039	0.580743	-110.000610	-110.000610
31.165205	0.530392	0.580743	-110.000610	-110.000610
31.174585	0.530392	0.580743	-110.000610	-110.000610
31.183966	0.530392	0.580743	-110.000610	-110.000610
31.193344	0.527039	0.580743	-110.000610	-110.000610
31.202724	0.527039	0.580743	-110.000610	-110.000610
31.212105	0.527039	0.584096	-110.000610	-110.000610
31.221483	0.530392	0.584096	-110.000610	-110.000610
31.230864	0.530392	0.584096	-110.000610	-110.000610
31.240244	0.533745	0.584096	-110.000610	-110.000610
31.249622	0.533745	0.584096	-110.000610	-110.000610
31.259003	0.533745	0.584096	-110.000610	-110.000610
31.268383	0.533745	0.584096	-110.000610	-110.000610
31.277761	0.537112	0.584096	-110.000610	-110.000610
31.287142	0.537112	0.584096	-110.000610	-110.000610
31.296522	0.537112	0.584096	-110.000610	-110.000610
31.305901	0.537112	0.587463	-110.000610	-110.000610
31.315281	0.537112	0.587463	-110.000610	-110.000610
31.324661	0.537112	0.587463	-110.000610	-110.000610
31.334040	0.540465	0.587463	-110.000610	-110.000610
31.343420	0.543818	0.587463	-110.000610	-110.000610
31.352800	0.547171	0.587463	-110.000610	-110.000610
31.362179	0.550538	0.587463	-110.000610	-110.000610
31.371559	0.553891	0.587463	-110.000610	-110.000610
31.380939	0.553891	0.584096	-110.000610	-110.000610
31.390318	0.553891	0.584096	-110.000610	-110.000610
31.399698	0.553891	0.584096	-110.000610	-110.000610
31.409079	0.553891	0.587463	-110.000610	-110.000610
31.418457	0.553891	0.587463	-110.000610	-110.000610
31.427837	0.553891	0.587463	-110.000610	-110.000610
31.437218	0.553891	0.587463	-110.000610	-110.000610
31.446596	0.553891	0.587463	-110.000610	-110.000610
31.455976	0.553891	0.587463	-110.000610	-110.000610
31.465357	0.553891	0.587463	-110.000610	-110.000610
31.474735	0.553891	0.587463	-110.000610	-110.000610
31.484116	0.553891	0.587463	-110.000610	-110.000610
31.493496	0.553891	0.584096	-110.000610	-110.000610
31.502874	0.553891	0.580743	-110.000610	-110.000610
31.512255	0.553891	0.580743	-110.000610	-110.000610
31.521635	0.553891	0.580743	-110.000610	-110.000610
31.531013	0.553891	0.580743	-110.000610	-110.000610
31.540394	0.553891	0.580743	-110.000610	-110.000610
31.549774	0.553891	0.580743	-110.000610	-110.000610
31.559153	0.557244	0.577390	-110.000610	-110.000610
31.568533	0.560597	0.580743	-110.000610	-110.000610
31.577913	0.563964	0.580743	-110.000610	-110.000610
31.587292	0.563964	0.584096	-110.000610	-110.000610
31.596672	0.567317	0.584096	-110.000610	-110.000610
31.606052	0.563964	0.587463	-110.000610	-110.000610
31.615433	0.563964	0.587463	-110.000610	-110.000610
31.624811	0.563964	0.584096	-110.000610	-110.000610
31.634192	0.563964	0.584096	-110.000610	-110.000610
31.643572	0.563964	0.580743	-110.000610	-110.000610
31.652950	0.567317	0.584096	-110.000610	-110.000610
31.662331	0.567317	0.584096	-110.000610	-110.000610
31.671711	0.567317	0.584096	-110.000610	-110.000610
31.681089	0.567317	0.584096	-110.000610	-110.000610
31.690470	0.567317	0.584096	-110.000610	-110.000610
31.699850	0.567317	0.584096	-110.000610	-110.000610
31.709229	0.567317	0.584096	-110.000610	-110.000610
31.718609	0.567317	0.587463	-110.000610	-110.000610
31.727989	0.567317	0.587463	-110.000610	-110.000610
31.737368	0.570670	0.587463	-110.000610	-110.000610
31.746748	0.570670	0.587463	-110.000610	-110.000610
31.756128	0.570670	0.587463	-110.000610	-110.000610
31.765507	0.570670	0.587463	-110.000610	-110.000610
31.774887	0.574037	0.587463	-110.000610	-110.000610
31.784267	0.574037	0.587463	-110.000610	-110.000610
31.793646	0.574037	0.587463	-110.000610	-110.000610
31.803026	0.574037	0.587463	-110.000610	-110.000610
31.812407	0.574037	0.587463	-110.000610	-110.000610
31.821785	0.574037	0.587463	-110.000610	-110.000610
31.831165	0.574037	0.587463	-110.000610	-110.000610
31.840546	0.574037	0.587463	-110.000610	-110.000610
31.849924	0.574037	0.584096	-110.000610	-110.000610
31.859304	0.574037	0.584096	-110.000610	-110.000610
31.868685	0.574037	0.584096	-110.000610	-110.000610
31.878063	0.577390	0.584096	-110.000610	-110.000610
31.887444	0.577390	0.584096	-110.000610	-110.000610
31.896824	0.577390	0.584096	-110.000610	-110.000610
31.906202	0.580743	0.584096	-110.000610	-110.000610
31.915583	0.580743	0.584096	-110.000610	-110.000610
31.924963	0.580743	0.584096	-110.000610	-110.000610
31.934341	0.577390	0.584096	-110.000610	-110.000610
31.943722	0.577390	0.584096	-110.000610	-110.000610
31.953102	0.577390	0.584096	-110.000610	-110.000610
31.962481	0.577390	0.580743	-110.000610	-110.000610
31.971861	0.577390	0.580743	-110.000610	-110.000610
31.981241	0.577390	0.577390	-110.000610	-110.000610
31.990620	0.577390	0.577390	-110.000610	-110.000610
