20.958424	-0.010073	-0.010073	-0.070512	-0.070512
20.989719	-0.010073	-0.010073	-0.060439	-0.070512
21.021015	0.000000	-0.010073	-0.060439	-0.070512
21.052311	0.000000	-0.020146	-0.060439	-0.070512
21.083607	0.010014	-0.020146	-0.060439	-0.070512
21.114902	0.010014	-0.020146	-0.060439	-0.070512
21.146198	0.010014	-0.020146	-0.070512	-0.070512
21.177494	0.010014	-0.020146	-0.070512	-0.080585
21.208790	0.010014	-0.020146	-0.060439	-0.080585
21.240086	0.010014	-0.020146	-0.060439	-0.080585
21.271381	0.000000	-0.020146	-0.060439	-0.080585
21.302677	-0.010073	-0.010073	-0.060439	-0.080585
21.333973	-0.010073	-0.010073	-0.060439	-0.080585
21.365271	-0.010073	-0.010073	-0.060439	-0.080585
21.396566	0.000000	-0.010073	-0.070512	-0.080585
21.427862	0.000000	-0.010073	-0.070512	-0.080585
21.459158	0.000000	-0.010073	-0.070512	-0.090659
21.490454	0.000000	-0.010073	-0.060439	-0.080585
21.521749	0.000000	-0.010073	-0.060439	-0.080585
21.553045	0.000000	-0.010073	-0.060439	-0.090659
21.584341	0.000000	-0.010073	-0.060439	-0.090659
21.615637	0.000000	-0.010073	-0.060439	-0.090659
21.646933	0.000000	-0.020146	-0.060439	-0.090659
21.678228	0.000000	-0.020146	-0.060439	-0.100732
21.709524	0.000000	-0.020146	-0.060439	-0.100732
21.740820	0.000000	-0.020146	-0.070512	-0.100732
21.772116	0.000000	-0.020146	-0.070512	-0.110805
21.803411	0.010014	-0.020146	-0.070512	-0.110805
21.834707	0.010014	-0.020146	-0.070512	-0.110805
21.866005	0.010014	-0.020146	-0.070512	-0.110805
21.897301	0.010014	-0.020146	-0.080585	-0.100732
21.928596	0.000000	-0.010073	-0.080585	-0.100732
21.959892	0.010014	-0.010073	-0.080585	-0.100732
21.991188	0.010014	-0.010073	-0.080585	-0.100732
22.022484	0.010014	-0.010073	-0.080585	-0.090659
22.053780	0.010014	-0.010073	-0.080585	-0.090659
22.085075	0.000000	-0.010073	-0.070512	-0.090659
22.116371	0.000000	-0.010073	-0.070512	-0.090659
22.147667	-0.010073	-0.020146	-0.060439	-0.100732
22.178963	-0.010073	-0.020146	-0.060439	-0.110805
22.210258	-0.010073	-0.030220	-0.060439	-0.110805
22.241554	-0.010073	-0.030220	-0.050366	-0.110805
22.272850	-0.010073	-0.040293	-0.050366	-0.110805
22.304146	-0.020146	-0.040293	-0.060439	-0.110805
22.335442	-0.020146	-0.040293	-0.070512	-0.110805
22.366739	-0.020146	-0.040293	-0.070512	-0.120878
22.398035	-0.020146	-0.040293	-0.070512	-0.120878
22.429331	-0.020146	-0.040293	-0.070512	-0.120878
22.460627	-0.020146	-0.040293	-0.060439	-0.120878
22.491922	-0.020146	-0.040293	-0.060439	-0.130951
22.523218	-0.020146	-0.030220	-0.070512	-0.130951
22.554514	-0.020146	-0.020146	-0.070512	-0.130951
22.585810	-0.020146	-0.020146	-0.070512	-0.130951
22.617105	-0.020146	-0.020146	-0.080585	-0.141025
22.648401	-0.020146	-0.020146	-0.080585	-0.151098
22.679697	-0.030220	-0.030220	-0.080585	-0.151098
22.710993	-0.030220	-0.030220	-0.090659	-0.151098
22.742289	-0.030220	-0.030220	-0.090659	-0.151098
22.773584	-0.030220	-0.030220	-0.090659	-0.151098
22.804880	-0.020146	-0.040293	-0.090659	-0.151098
22.836176	-0.020146	-0.040293	-0.090659	-0.151098
22.867474	-0.020146	-0.040293	-0.090659	-0.151098
22.898769	-0.020146	-0.050366	-0.090659	-0.161171
22.930065	-0.020146	-0.050366	-0.090659	-0.161171
22.961361	-0.020146	-0.060439	-0.090659	-0.161171
22.992657	-0.020146	-0.060439	-0.100732	-0.171244
23.023952	-0.030220	-0.060439	-0.100732	-0.171244
23.055248	-0.030220	-0.060439	-0.100732	-0.181317
23.086544	-0.020146	-0.070512	-0.100732	-0.191391
23.117840	-0.030220	-0.070512	-0.100732	-0.201464
23.149136	-0.030220	-0.080585	-0.100732	-0.211537
23.180431	-0.020146	-0.080585	-0.100732	-0.211537
23.211727	-0.020146	-0.080585	-0.100732	-0.221610
23.243023	-0.020146	-0.080585	-0.110805	-0.221610
23.274319	-0.020146	-0.080585	-0.120878	-0.221610
23.305614	-0.030220	-0.080585	-0.120878	-0.231683
23.336912	-0.030220	-0.080585	-0.120878	-0.241756
23.368208	-0.040293	-0.080585	-0.120878	-0.251830
23.399504	-0.050366	-0.080585	-0.120878	-0.261843
23.430799	-0.060439	-0.090659	-0.130951	-0.271916
23.462095	-0.060439	-0.090659	-0.130951	-0.281990
23.493391	-0.050366	-0.090659	-0.141025	-0.292063
23.524687	-0.050366	-0.100732	-0.141025	-0.302136
23.555983	-0.040293	-0.100732	-0.141025	-0.322282
23.587278	-0.040293	-0.110805	-0.141025	-0.352502
23.618574	-0.040293	-0.110805	-0.141025	-0.372648
23.649870	-0.040293	-0.110805	-0.141025	-0.382721
23.681166	-0.040293	-0.120878	-0.141025	-0.402868
23.712461	-0.040293	-0.120878	-0.141025	-0.423014
23.743757	-0.050366	-0.120878	-0.151098	-0.453234
23.775053	-0.050366	-0.110805	-0.151098	-0.473380
23.806349	-0.050366	-0.110805	-0.161171	-0.493526
23.837646	-0.050366	-0.100732	-0.161171	-0.533760
23.868942	-0.050366	-0.090659	-0.161171	-0.574052
23.900238	-0.050366	-0.080585	-0.171244	-0.624418
23.931534	-0.060439	-0.060439	-0.171244	-0.684857
23.962830	-0.060439	-0.030220	-0.171244	-0.755370
23.994125	-0.060439	-0.010073	-0.171244	-0.845969
24.025421	-0.060439	0.020087	-0.181317	-0.966847
24.056717	-0.060439	0.050306	-0.191391	-1.117885
24.088013	-0.060439	0.080526	-0.191391	-1.299143
24.119308	-0.060439	0.100672	-0.201464	-1.520753
24.150604	-0.070512	0.110745	-0.211537	-1.782596
24.181900	-0.070512	0.100672	-0.211537	-2.074599
24.213196	-0.070512	0.060380	-0.221610	-2.406955
24.244492	-0.070512	-0.050366	-0.231683	-2.729237
24.275787	-0.070512	-0.231683	-0.231683	-3.031373
24.307083	-0.070512	-0.493526	-0.251830	-3.262997
24.338381	-0.070512	-0.825822	-0.261843	-3.383815
24.369677	-0.080585	-1.208544	-0.271916	-3.393888
24.400972	-0.090659	-1.601279	-0.281990	-3.293216
24.432268	-0.090659	-1.963854	-0.292063	-3.111899
24.463564	-0.090659	-2.286136	-0.302136	-2.870202
24.494860	-0.100732	-2.568126	-0.312209	-2.588212
24.526155	-0.100732	-2.789676	-0.322282	-2.276063
24.557451	-0.100732	-2.970934	-0.342429	-1.913488
24.588747	-0.110805	-3.101826	-0.352502	-1.510680
24.620043	-0.110805	-3.182411	-0.382721	-1.087666
24.651339	-0.110805	-3.182411	-0.402868	-0.674784
24.682634	-0.120878	-3.111899	-0.412941	-0.292063
24.713930	-0.120878	-2.940714	-0.433087	0.000000
24.745226	-0.120878	-2.688944	-0.463307	0.181258
24.776522	-0.110805	-2.386808	-0.493526	0.251770
24.807819	-0.100732	-2.064526	-0.523686	0.231624
24.839115	-0.080585	-1.752377	-0.563979	0.161111
24.870411	-0.060439	-1.480460	-0.614345	0.080526
24.901707	-0.040293	-1.258910	-0.674784	0.010014
24.933002	-0.010073	-1.087666	-0.745296	-0.050366
24.964298	0.030160	-0.936627	-0.825822	-0.100732
24.995594	0.080526	-0.825822	-0.936627	-0.130951
25.026890	0.140965	-0.735223	-1.087666	-0.151098
25.058186	0.231624	-0.654638	-1.268983	-0.171244
25.089481	0.332296	-0.594199	-1.510680	-0.191391
25.120777	0.433028	-0.533760	-1.802742	-0.201464
25.152073	0.513613	-0.493526	-2.124965	-0.211537
25.183369	0.513613	-0.453234	-2.477467	-0.211537
25.214664	0.412881	-0.412941	-2.819896	-0.211537
25.245960	0.191331	-0.382721	-3.101826	-0.211537
25.277256	-0.120878	-0.352502	-3.303289	-0.211537
25.308554	-0.483453	-0.332355	-3.424108	-0.211537
25.339849	-0.866115	-0.312209	-3.464401	-0.201464
25.371145	-1.248837	-0.292063	-3.414035	-0.201464
25.402441	-1.601279	-0.281990	-3.293216	-0.191391
25.433737	-1.943707	-0.271916	-3.101826	-0.181317
25.465033	-2.276063	-0.261843	-2.850056	-0.181317
25.496328	-2.588212	-0.251830	-2.517760	-0.171244
25.527624	-2.870202	-0.241756	-2.145112	-0.181317
25.558920	-3.091812	-0.231683	-1.722157	-0.181317
25.590216	-3.212631	-0.221610	-1.309216	-0.191391
25.621511	-3.192484	-0.211537	-0.936627	-0.191391
25.652807	-3.051519	-0.201464	-0.634491	-0.191391
25.684103	-2.799749	-0.181317	-0.412941	-0.181317
25.715399	-2.497613	-0.171244	-0.261843	-0.171244
25.746695	-2.175331	-0.161171	-0.181317	-0.161171
25.777990	-1.873195	-0.151098	-0.141025	-0.151098
25.809288	-1.591206	-0.130951	-0.130951	-0.151098
25.840584	-1.359582	-0.130951	-0.130951	-0.161171
25.871880	-1.168251	-0.130951	-0.130951	-0.161171
25.903175	-1.007140	-0.130951	-0.151098	-0.161171
25.934471	-0.876188	-0.130951	-0.161171	-0.151098
25.965767	-0.765443	-0.130951	-0.181317	-0.151098
25.997063	-0.674784	-0.120878	-0.191391	-0.141025
26.028358	-0.594199	-0.110805	-0.201464	-0.141025
26.059654	-0.533760	-0.110805	-0.201464	-0.141025
26.090950	-0.473380	-0.100732	-0.201464	-0.141025
26.122246	-0.433087	-0.100732	-0.201464	-0.141025
26.153542	-0.392795	-0.100732	-0.201464	-0.130951
26.184837	-0.372648	-0.100732	-0.191391	-0.130951
26.216133	-0.352502	-0.100732	-0.181317	-0.130951
26.247429	-0.332355	-0.100732	-0.181317	-0.120878
26.278725	-0.312209	-0.100732	-0.181317	-0.120878
26.310022	-0.302136	-0.100732	-0.181317	-0.110805
26.341318	-0.281990	-0.100732	-0.181317	-0.110805
26.372614	-0.261843	-0.100732	-0.181317	-0.110805
26.403910	-0.251830	-0.100732	-0.191391	-0.110805
26.435205	-0.231683	-0.090659	-0.191391	-0.110805
26.466501	-0.221610	-0.090659	-0.181317	-0.110805
26.497797	-0.211537	-0.080585	-0.181317	-0.100732
26.529093	-0.201464	-0.080585	-0.171244	-0.100732
26.560389	-0.181317	-0.080585	-0.171244	-0.100732
26.591684	-0.171244	-0.080585	-0.171244	-0.100732
26.622980	-0.171244	-0.070512	-0.171244	-0.100732
26.654276	-0.161171	-0.070512	-0.171244	-0.100732
26.685572	-0.151098	-0.070512	-0.171244	-0.100732
26.716867	-0.151098	-0.070512	-0.161171	-0.090659
26.748163	-0.151098	-0.080585	-0.161171	-0.090659
26.779461	-0.141025	-0.080585	-0.151098	-0.100732
26.810757	-0.130951	-0.080585	-0.141025	-0.100732
26.842052	-0.130951	-0.080585	-0.130951	-0.110805
26.873348	-0.120878	-0.080585	-0.130951	-0.110805
26.904644	-0.120878	-0.080585	-0.130951	-0.110805
26.935940	-0.110805	-0.070512	-0.130951	-0.110805
26.967236	-0.110805	-0.070512	-0.120878	-0.110805
26.998531	-0.110805	-0.060439	-0.120878	-0.110805
27.029827	-0.100732	-0.050366	-0.120878	-0.100732
27.061123	-0.100732	-0.050366	-0.120878	-0.090659
27.092419	-0.090659	-0.040293	-0.130951	-0.090659
27.123714	-0.090659	-0.040293	-0.130951	-0.090659
27.155010	-0.080585	-0.040293	-0.130951	-0.090659
27.186306	-0.090659	-0.040293	-0.120878	-0.100732
27.217602	-0.090659	-0.050366	-0.110805	-0.100732
27.248898	-0.090659	-0.050366	-0.110805	-0.110805
27.280195	-0.100732	-0.050366	-0.100732	-0.110805
27.311491	-0.100732	-0.050366	-0.100732	-0.110805
27.342787	-0.090659	-0.050366	-0.110805	-0.110805
27.374083	-0.080585	-0.050366	-0.110805	-0.110805
27.405378	-0.070512	-0.050366	-0.110805	-0.100732
27.436674	-0.070512	-0.050366	-0.110805	-0.100732
27.467970	-0.060439	-0.050366	-0.110805	-0.100732
27.499266	-0.060439	-0.050366	-0.100732	-0.090659
27.530561	-0.060439	-0.050366	-0.100732	-0.090659
27.561857	-0.070512	-0.050366	-0.100732	-0.090659
27.593153	-0.070512	-0.040293	-0.110805	-0.090659
27.624449	-0.070512	-0.050366	-0.120878	-0.090659
27.655745	-0.060439	-0.050366	-0.120878	-0.090659
27.687040	-0.060439	-0.050366	-0.120878	-0.090659
27.718336	-0.050366	-0.050366	-0.120878	-0.100732
27.749632	-0.050366	-0.060439	-0.110805	-0.110805
27.780930	-0.050366	-0.060439	-0.110805	-0.110805
27.812225	-0.060439	-0.060439	-0.100732	-0.100732
27.843521	-0.070512	-0.060439	-0.100732	-0.100732
27.874817	-0.070512	-0.060439	-0.100732	-0.100732
27.906113	-0.070512	-0.060439	-0.100732	-0.100732
27.937408	-0.060439	-0.050366	-0.100732	-0.100732
27.968704	-0.050366	-0.050366	-0.100732	-0.100732
