26.977619	0.020087	0.020087	-0.030220	-0.010073
27.016634	0.020087	0.020087	-0.030220	-0.010073
27.055647	0.020087	0.020087	-0.030220	-0.010073
27.094660	0.020087	0.010014	-0.030220	-0.010073
27.133673	0.020087	0.000000	-0.030220	-0.010073
27.172686	0.020087	0.000000	-0.030220	-0.010073
27.211699	0.030160	0.000000	-0.020146	0.000000
27.250713	0.030160	0.000000	-0.020146	0.000000
27.289726	0.030160	0.000000	-0.020146	0.010014
27.328739	0.030160	0.000000	-0.030220	0.000000
27.367752	0.020087	0.000000	-0.030220	0.000000
27.406765	0.020087	0.000000	-0.030220	0.000000
27.445778	0.020087	0.000000	-0.030220	0.000000
27.484793	0.020087	0.000000	-0.030220	0.000000
27.523806	0.020087	0.000000	-0.030220	0.010014
27.562819	0.010014	0.000000	-0.030220	0.010014
27.601831	0.010014	0.000000	-0.030220	0.010014
27.640844	0.010014	0.000000	-0.030220	0.010014
27.679857	0.010014	0.000000	-0.030220	0.010014
27.718872	0.010014	0.000000	-0.030220	0.010014
27.757885	0.010014	0.000000	-0.020146	0.010014
27.796898	0.010014	0.000000	-0.020146	0.010014
27.835911	0.010014	0.000000	-0.010073	0.010014
27.874924	0.010014	0.000000	-0.010073	0.010014
27.913937	0.020087	0.000000	-0.010073	0.010014
27.952951	0.020087	0.000000	-0.010073	0.010014
27.991964	0.030160	0.000000	0.000000	0.020087
28.030977	0.030160	0.000000	0.000000	0.020087
28.069990	0.030160	0.000000	0.000000	0.020087
28.109003	0.030160	0.010014	-0.010073	0.030160
28.148016	0.030160	0.010014	-0.010073	0.030160
28.187031	0.030160	0.010014	-0.010073	0.030160
28.226044	0.030160	0.010014	-0.010073	0.030160
28.265057	0.030160	0.000000	0.000000	0.030160
28.304070	0.030160	0.000000	0.000000	0.020087
28.343082	0.030160	-0.010073	0.010014	0.020087
28.382095	0.020087	-0.010073	0.000000	0.010014
28.421110	0.020087	-0.010073	0.000000	0.010014
28.460123	0.020087	0.000000	0.000000	0.010014
28.499136	0.020087	0.000000	0.000000	0.010014
28.538149	0.020087	0.000000	0.000000	0.020087
28.577162	0.030160	0.000000	0.010014	0.020087
28.616175	0.030160	0.000000	0.020087	0.030160
28.655188	0.020087	0.000000	0.020087	0.030160
28.694202	0.020087	0.000000	0.010014	0.030160
28.733215	0.020087	0.000000	0.010014	0.030160
28.772228	0.020087	0.000000	0.000000	0.020087
28.811241	0.010014	-0.010073	0.010014	0.020087
28.850254	0.020087	-0.010073	0.010014	0.030160
28.889267	0.020087	-0.010073	0.010014	0.030160
28.928282	0.020087	-0.010073	0.010014	0.040233
28.967295	0.030160	-0.010073	0.010014	0.040233
29.006308	0.030160	-0.010073	0.010014	0.040233
29.045321	0.020087	-0.010073	0.010014	0.040233
29.084333	0.020087	-0.010073	0.010014	0.030160
29.123346	0.010014	-0.010073	0.010014	0.030160
29.162361	0.010014	-0.010073	0.020087	0.030160
29.201374	0.010014	0.000000	0.020087	0.040233
29.240387	0.010014	0.000000	0.020087	0.040233
29.279400	0.010014	0.000000	0.020087	0.050306
29.318413	0.010014	-0.010073	0.020087	0.050306
29.357426	0.010014	-0.010073	0.020087	0.060380
29.396441	0.010014	-0.010073	0.020087	0.060380
29.435453	0.010014	-0.010073	0.020087	0.060380
29.474466	0.010014	-0.010073	0.020087	0.070453
29.513479	0.010014	0.000000	0.020087	0.080526
29.552492	0.010014	0.000000	0.030160	0.080526
29.591505	0.010014	0.000000	0.030160	0.090599
29.630520	0.000000	0.000000	0.030160	0.090599
29.669533	0.000000	0.000000	0.020087	0.100672
29.708546	0.000000	0.000000	0.010014	0.100672
29.747559	0.000000	0.000000	0.010014	0.110745
29.786572	0.010014	0.000000	0.010014	0.120819
29.825584	0.010014	0.000000	0.010014	0.130892
29.864599	0.010014	0.000000	0.010014	0.140965
29.903612	0.010014	-0.010073	0.010014	0.161111
29.942625	0.000000	-0.010073	0.010014	0.181258
29.981638	0.000000	-0.010073	0.020087	0.221550
30.020651	0.000000	-0.010073	0.030160	0.271857
30.059664	0.010014	-0.030220	0.040233	0.342369
30.098679	0.000000	-0.050366	0.040233	0.433028
30.137691	0.000000	-0.080585	0.050306	0.563920
30.176704	-0.010073	-0.141025	0.050306	0.725091
30.215717	-0.010073	-0.211537	0.050306	0.906348
30.254730	0.000000	-0.312209	0.050306	1.077533
30.293743	0.000000	-0.392795	0.050306	1.148045
30.332758	0.010014	-0.423014	0.050306	1.047313
30.371771	0.010014	-0.392795	0.050306	0.805616
30.410784	0.010014	-0.322282	0.050306	0.573993
30.449797	0.010014	-0.241756	0.040233	0.412881
30.488810	0.000000	-0.181317	0.040233	0.312150
30.527822	0.000000	-0.141025	0.040233	0.251770
30.566837	0.000000	-0.110805	0.040233	0.211477
30.605850	-0.010073	-0.090659	0.040233	0.181258
30.644863	-0.010073	-0.080585	0.050306	0.151038
30.683876	-0.010073	-0.070512	0.050306	0.130892
30.722889	-0.010073	-0.060439	0.050306	0.120819
30.761902	-0.010073	-0.050366	0.050306	0.110745
30.800917	-0.010073	-0.040293	0.060380	0.100672
30.839930	-0.010073	-0.030220	0.070453	0.100672
30.878942	-0.010073	-0.030220	0.080526	0.100672
30.917955	-0.010073	-0.020146	0.090599	0.090599
30.956968	-0.010073	-0.020146	0.110745	0.090599
30.995981	-0.010073	-0.020146	0.110745	0.090599
31.034996	-0.020146	-0.020146	0.120819	0.080526
31.074009	-0.020146	-0.020146	0.130892	0.070453
31.113022	-0.020146	-0.020146	0.140965	0.070453
31.152035	-0.010073	-0.010073	0.151038	0.060380
31.191048	-0.010073	-0.010073	0.171185	0.060380
31.230061	-0.010073	-0.010073	0.191331	0.050306
31.269075	0.010014	-0.010073	0.221550	0.040233
31.308088	0.030160	-0.010073	0.302076	0.040233
31.347101	-0.030220	-0.010073	0.443101	0.030160
31.386114	-0.201464	0.000000	0.644505	0.030160
31.425127	-0.423014	0.000000	0.815690	0.030160
31.464140	-0.594199	0.000000	0.906348	0.030160
31.503153	-0.664711	0.000000	0.906348	0.030160
31.542168	-0.644565	0.000000	0.835836	0.030160
31.581181	-0.563979	-0.010073	0.725091	0.030160
31.620193	-0.463307	-0.010073	0.604212	0.020087
31.659206	-0.372648	0.000000	0.483394	0.020087
31.698219	-0.292063	0.000000	0.392735	0.020087
31.737232	-0.221610	0.000000	0.312150	0.020087
31.776247	-0.181317	0.000000	0.261784	0.020087
31.815260	-0.141025	0.000000	0.211477	0.010014
31.854273	-0.120878	0.000000	0.181258	0.010014
31.893286	-0.090659	-0.010073	0.151038	0.010014
31.932299	-0.080585	-0.010073	0.120819	0.010014
31.971312	-0.070512	0.000000	0.100672	0.020087
32.010326	-0.070512	0.000000	0.090599	0.020087
32.049339	-0.060439	0.000000	0.080526	0.020087
32.088352	-0.060439	0.000000	0.080526	0.020087
32.127365	-0.050366	0.000000	0.070453	0.020087
32.166378	-0.040293	0.010014	0.070453	0.020087
32.205391	-0.030220	0.010014	0.070453	0.020087
32.244404	-0.020146	0.010014	0.070453	0.020087
32.283417	-0.010073	0.010014	0.070453	0.010014
32.322430	-0.010073	0.010014	0.070453	0.010014
32.361446	-0.010073	0.010014	0.060380	0.000000
32.400459	-0.010073	0.000000	0.060380	0.000000
32.439472	-0.010073	0.000000	0.050306	-0.010073
32.478485	-0.010073	-0.010073	0.050306	-0.010073
32.517498	-0.010073	-0.010073	0.040233	0.000000
32.556511	-0.010073	0.000000	0.040233	0.010014
32.595524	-0.010073	0.000000	0.040233	0.020087
32.634537	0.000000	0.010014	0.040233	0.020087
32.673550	0.000000	0.010014	0.040233	0.020087
32.712563	0.000000	0.010014	0.030160	0.020087
32.751575	0.000000	0.010014	0.020087	0.020087
32.790588	-0.010073	0.000000	0.010014	0.020087
32.829605	-0.010073	0.000000	0.020087	0.020087
32.868618	-0.010073	0.000000	0.020087	0.020087
32.907631	0.000000	0.000000	0.030160	0.020087
32.946644	0.010014	0.000000	0.030160	0.020087
32.985657	0.010014	0.000000	0.030160	0.010014
33.024670	0.010014	0.000000	0.030160	0.000000
33.063683	0.000000	0.000000	0.030160	-0.010073
33.102695	0.000000	0.000000	0.020087	-0.020146
33.141708	0.000000	0.000000	0.020087	-0.020146
33.180721	0.000000	-0.010073	0.010014	-0.010073
33.219734	0.000000	-0.010073	0.010014	-0.010073
33.258747	0.000000	-0.010073	0.000000	0.000000
33.297764	0.000000	-0.010073	0.000000	0.010014
33.336777	0.000000	-0.010073	-0.010073	0.010014
33.375790	0.000000	-0.010073	0.000000	0.010014
33.414803	0.000000	-0.010073	0.000000	0.000000
33.453815	0.000000	0.000000	0.000000	0.000000
33.492828	0.000000	0.000000	0.010014	-0.010073
33.531841	0.000000	0.010014	0.020087	-0.010073
33.570854	0.000000	0.010014	0.030160	0.000000
33.609867	0.000000	0.010014	0.030160	0.010014
33.648880	0.000000	0.010014	0.020087	0.010014
33.687893	0.010014	0.010014	0.020087	0.010014
33.726906	0.010014	0.010014	0.020087	0.010014
33.765923	0.010014	0.000000	0.020087	0.020087
33.804935	0.000000	0.000000	0.020087	0.020087
33.843948	0.010014	0.000000	0.010014	0.020087
33.882961	0.010014	0.010014	0.010014	0.020087
33.921974	0.010014	0.010014	0.010014	0.010014
33.960987	0.010014	0.010014	0.010014	0.010014
