21.452927	0.010058	-0.023499	58.948071	58.954792
21.492014	0.013426	-0.020146	58.948071	58.948071
21.531101	0.013426	-0.020146	58.951439	58.948071
21.570189	0.016779	-0.016794	58.951439	58.944717
21.609276	0.016779	-0.016794	58.948071	58.944717
21.648363	0.016779	-0.013441	58.944717	58.948071
21.687450	0.016779	-0.010073	58.944717	58.951439
21.726538	0.020131	-0.006720	58.944717	58.958141
21.765625	0.020131	-0.003368	58.941364	58.961494
21.804712	0.023484	0.000000	58.941364	58.961494
21.843801	0.023484	0.003353	58.941364	58.961494
21.882889	0.026852	0.010058	58.934643	58.961494
21.921976	0.026852	0.016779	58.931290	58.961494
21.961063	0.030205	0.023484	58.927937	58.958141
22.000151	0.033557	0.026852	58.927937	58.954792
22.039238	0.036925	0.030205	58.931290	58.954792
22.078325	0.036925	0.036925	58.937996	58.954792
22.117413	0.036925	0.040278	58.937996	58.954792
22.156500	0.040278	0.040278	58.937996	58.954792
22.195587	0.040278	0.043631	58.934643	58.958141
22.234674	0.040278	0.046983	58.931290	58.961494
22.273762	0.040278	0.053704	58.931290	58.964863
22.312851	0.043631	0.057057	58.927937	58.964863
22.351938	0.046983	0.063777	58.921219	58.961494
22.391026	0.046983	0.070482	58.917866	58.961494
22.430113	0.046983	0.073850	58.911144	58.961494
22.469200	0.046983	0.080556	58.907791	58.958141
22.508287	0.050351	0.087276	58.901070	58.954792
22.547375	0.053704	0.097349	58.901070	58.948071
22.586462	0.057057	0.107422	58.901070	58.944717
22.625549	0.057057	0.120848	58.901070	58.944717
22.664637	0.060424	0.130907	58.901070	58.944717
22.703724	0.060424	0.144348	58.904438	58.941364
22.742811	0.063777	0.154406	58.907791	58.937996
22.781900	0.067130	0.167847	58.911144	58.934643
22.820988	0.070482	0.177905	58.917866	58.927937
22.860075	0.073850	0.191346	58.921219	58.921219
22.899162	0.077203	0.208125	58.921219	58.917866
22.938250	0.080556	0.221550	58.921219	58.911144
22.977337	0.080556	0.238329	58.914497	58.907791
23.016424	0.087276	0.255123	58.911144	58.901070
23.055511	0.090629	0.271901	58.904438	58.897720
23.094599	0.093982	0.288695	58.901070	58.890999
23.133686	0.097349	0.305474	58.897720	58.884293
23.172773	0.100702	0.322267	58.894367	58.880939
23.211861	0.104055	0.339046	58.890999	58.874218
23.250950	0.107422	0.359192	58.887646	58.867516
23.290037	0.107422	0.382692	58.884293	58.860794
23.329124	0.110775	0.409544	58.884293	58.847366
23.368212	0.117481	0.443116	58.887646	58.837296
23.407299	0.120848	0.480041	58.890999	58.830574
23.446386	0.127554	0.527039	58.894367	58.823868
23.485474	0.134274	0.580743	58.897720	58.817146
23.524561	0.140980	0.647888	58.901070	58.803722
23.563648	0.147700	0.725091	58.901070	58.786945
23.602736	0.154406	0.825807	58.901070	58.763443
23.641823	0.161126	0.950009	58.901070	58.733223
23.680912	0.167847	1.104429	58.897720	58.699654
23.719999	0.174552	1.302496	58.894367	58.652668
23.759087	0.181273	1.557618	58.890999	58.588879
23.798174	0.191346	1.893312	58.887646	58.498249
23.837261	0.198051	2.329722	58.884293	58.374031
23.876348	0.208125	2.886966	58.880939	58.196114
23.915436	0.214845	3.575146	58.880939	57.954414
23.954523	0.224903	4.374102	58.877571	57.659000
23.993610	0.231624	5.223408	58.874218	57.316601
24.032698	0.241697	5.998865	58.870869	56.974186
24.071785	0.255123	6.546050	58.867516	56.712345
24.110872	0.271901	6.730676	58.864147	56.598202
24.149961	0.285327	6.532624	58.864147	56.661995
24.189049	0.298768	6.012291	58.857441	56.873470
24.228136	0.315547	5.277127	58.854073	57.192387
24.267223	0.328973	4.431173	58.847366	57.558296
24.306311	0.345752	3.578499	58.837296	57.917492
24.345398	0.362545	2.819836	58.830574	58.222980
24.384485	0.382692	2.222300	58.823868	58.447884
24.423573	0.402823	1.789242	58.817146	58.592232
24.462660	0.422969	1.490474	58.807076	58.679520
24.501747	0.446469	1.282349	58.797016	58.729874
24.540834	0.473320	1.124576	58.786945	58.766796
24.579922	0.500172	1.000360	58.776871	58.797016
24.619011	0.533745	0.899658	58.766796	58.820515
24.658098	0.580743	0.815734	58.756725	58.837296
24.697186	0.624388	0.741884	58.750019	58.850719
24.736273	0.678092	0.674739	58.739944	58.860794
24.775360	0.738516	0.617668	58.729874	58.864147
24.814447	0.812382	0.553891	58.719799	58.870869
24.853535	0.903010	0.506893	58.703022	58.880939
24.892622	1.010433	0.466615	58.686226	58.887646
24.931709	1.148075	0.429690	58.666096	58.894367
24.970797	1.319274	0.399470	58.635876	58.897720
25.009884	1.624763	0.372618	58.592232	58.904438
25.048973	1.997381	0.345752	58.545246	58.904438
25.088060	2.564698	0.325620	58.494881	58.907791
25.127148	3.380448	0.302121	58.454601	58.911144
25.166235	4.384175	0.281975	58.407604	58.914497
25.205322	5.421474	0.265196	58.343826	58.914497
25.244410	6.327853	0.248402	58.276684	58.917866
25.283497	6.958961	0.234976	58.212906	58.921219
25.322584	7.237583	0.221550	58.175980	58.924572
25.361671	7.140234	0.208125	58.159187	58.924572
25.400759	6.693750	0.194699	58.165909	58.927937
25.439846	5.985439	0.177905	58.199482	58.931290
25.478933	5.142838	0.167847	58.253185	58.931290
25.518023	4.290178	0.154406	58.323681	58.931290
25.557110	3.514722	0.144348	58.400883	58.931290
25.596197	2.863467	0.134274	58.474751	58.931290
25.635284	2.346501	0.124201	58.541878	58.931290
25.674372	1.943663	0.114128	58.602303	58.934643
25.713459	1.634821	0.104055	58.652668	58.934643
25.752546	1.399845	0.097349	58.696301	58.934643
25.791634	1.218572	0.093982	58.729874	58.931290
25.830721	1.077577	0.087276	58.760090	58.931290
25.869808	0.966802	0.083923	58.783577	58.934643
25.908895	0.876158	0.073850	58.803722	58.937996
25.947983	0.798941	0.063777	58.817146	58.937996
25.987072	0.735164	0.053704	58.830574	58.937996
26.026159	0.674739	0.046983	58.844013	58.934643
26.065247	0.624388	0.040278	58.854073	58.934643
26.104334	0.580743	0.036925	58.860794	58.931290
26.143421	0.540465	0.033557	58.864147	58.931290
26.182508	0.503540	0.026852	58.867516	58.931290
26.221596	0.469968	0.023484	58.870869	58.934643
26.260683	0.443116	0.013426	58.874218	58.937996
26.299770	0.416249	0.010058	58.874218	58.941364
26.338858	0.389397	0.003353	58.877571	58.948071
26.377945	0.369251	0.000000	58.877571	58.951439
26.417032	0.345752	-0.003368	58.877571	58.954792
26.456121	0.325620	-0.006720	58.880939	58.958141
26.495209	0.308827	-0.010073	58.887646	58.958141
26.534296	0.292048	-0.016794	58.894367	58.954792
26.573383	0.275269	-0.023499	58.904438	58.951439
26.612471	0.261828	-0.030220	58.911144	58.951439
26.651558	0.248402	-0.036940	58.917866	58.951439
26.690645	0.234976	-0.040293	58.921219	58.948071
26.729733	0.224903	-0.040293	58.924572	58.944717
26.768820	0.211477	-0.040293	58.924572	58.941364
26.807907	0.201404	-0.040293	58.921219	58.941364
26.846994	0.191346	-0.036940	58.921219	58.944717
26.886084	0.181273	-0.036940	58.917866	58.951439
26.925171	0.171199	-0.043646	58.917866	58.958141
26.964258	0.161126	-0.046998	58.914497	58.958141
27.003345	0.151053	-0.046998	58.914497	58.958141
27.042433	0.144348	-0.046998	58.914497	58.958141
27.081520	0.137627	-0.046998	58.917866	58.954792
27.120607	0.134274	-0.046998	58.917866	58.954792
27.159695	0.127554	-0.046998	58.921219	58.954792
27.198782	0.120848	-0.050366	58.921219	58.954792
27.237869	0.114128	-0.053719	58.924572	58.958141
27.276957	0.110775	-0.057071	58.927937	58.958141
27.316044	0.104055	-0.057071	58.927937	58.958141
27.355133	0.100702	-0.060439	58.931290	58.958141
27.394220	0.093982	-0.063792	58.927937	58.954792
27.433308	0.087276	-0.063792	58.927937	58.954792
27.472395	0.080556	-0.067145	58.927937	58.951439
27.511482	0.077203	-0.067145	58.927937	58.948071
27.550570	0.073850	-0.063792	58.927937	58.948071
27.589657	0.070482	-0.060439	58.927937	58.944717
27.628744	0.067130	-0.060439	58.927937	58.948071
27.667831	0.063777	-0.060439	58.927937	58.951439
27.706919	0.060424	-0.063792	58.927937	58.954792
27.746006	0.057057	-0.067145	58.927937	58.954792
27.785093	0.053704	-0.070497	58.931290	58.951439
27.824183	0.050351	-0.070497	58.931290	58.951439
27.863270	0.043631	-0.070497	58.934643	58.951439
27.902357	0.040278	-0.070497	58.934643	58.951439
27.941444	0.036925	-0.070497	58.937996	58.951439
27.980532	0.033557	-0.073865	58.937996	58.951439
28.019619	0.033557	-0.073865	58.941364	58.951439
28.058706	0.030205	-0.073865	58.941364	58.951439
28.097794	0.030205	-0.077218	58.941364	58.954792
28.136881	0.026852	-0.077218	58.941364	58.958141
28.175968	0.023484	-0.077218	58.937996	58.958141
28.215055	0.016779	-0.077218	58.937996	58.958141
28.254143	0.013426	-0.077218	58.934643	58.954792
28.293232	0.010058	-0.077218	58.934643	58.954792
28.332319	0.006706	-0.077218	58.934643	58.954792
28.371407	0.003353	-0.073865	58.934643	58.948071
28.410494	0.003353	-0.077218	58.934643	58.944717
28.449581	0.003353	-0.077218	58.937996	58.937996
28.488668	0.003353	-0.080571	58.937996	58.934643
28.527756	0.000000	-0.080571	58.944717	58.927937
28.566843	-0.003368	-0.080571	58.948071	58.924572
28.605930	-0.003368	-0.080571	58.948071	58.924572
28.645018	-0.006720	-0.080571	58.948071	58.927937
28.684105	-0.013441	-0.083938	58.948071	58.931290
28.723194	-0.013441	-0.083938	58.948071	58.937996
28.762281	-0.016794	-0.083938	58.948071	58.944717
28.801369	-0.020146	-0.083938	58.951439	58.951439
28.840456	-0.020146	-0.083938	58.951439	58.954792
28.879543	-0.016794	-0.083938	58.951439	58.954792
28.918631	-0.020146	-0.083938	58.948071	58.954792
28.957718	-0.020146	-0.083938	58.948071	58.951439
28.996805	-0.023499	-0.087291	58.948071	58.948071
29.035892	-0.023499	-0.087291	58.951439	58.941364
29.074980	-0.023499	-0.087291	58.954792	58.937996
29.114067	-0.023499	-0.087291	58.954792	58.934643
29.153154	-0.023499	-0.083938	58.958141	58.934643
29.192244	-0.023499	-0.083938	58.958141	58.934643
29.231331	-0.023499	-0.083938	58.961494	58.934643
29.270418	-0.023499	-0.083938	58.961494	58.934643
29.309505	-0.026867	-0.083938	58.961494	58.937996
29.348593	-0.026867	-0.083938	58.961494	58.937996
29.387680	-0.030220	-0.083938	58.961494	58.937996
29.426767	-0.033572	-0.083938	58.958141	58.941364
29.465855	-0.033572	-0.087291	58.954792	58.948071
29.504942	-0.033572	-0.087291	58.951439	58.954792
29.544029	-0.036940	-0.090644	58.948071	58.958141
29.583117	-0.036940	-0.090644	58.948071	58.961494
29.622204	-0.036940	-0.093997	58.948071	58.961494
29.661293	-0.040293	-0.093997	58.944717	58.954792
29.700380	-0.040293	-0.090644	58.944717	58.951439
29.739468	-0.040293	-0.090644	58.948071	58.948071
29.778555	-0.040293	-0.093997	58.951439	58.944717
29.817642	-0.043646	-0.093997	58.954792	58.941364
29.856730	-0.043646	-0.097364	58.961494	58.941364
29.895817	-0.043646	-0.100717	58.964863	58.934643
29.934904	-0.043646	-0.100717	58.968216	58.927937
29.973991	-0.043646	-0.100717	58.968216	58.924572
30.013079	-0.043646	-0.100717	58.968216	58.924572
30.052166	-0.046998	-0.100717	58.968216	58.924572
30.091253	-0.046998	-0.100717	58.964863	58.927937
30.130342	-0.053719	-0.097364	58.958141	58.931290
30.169430	-0.053719	-0.097364	58.954792	58.937996
30.208517	-0.057071	-0.097364	58.948071	58.941364
30.247604	-0.057071	-0.093997	58.948071	58.944717
30.286692	-0.057071	-0.093997	58.948071	58.944717
30.325779	-0.057071	-0.093997	58.948071	58.948071
30.364866	-0.060439	-0.093997	58.948071	58.948071
30.403954	-0.063792	-0.093997	58.948071	58.948071
30.443041	-0.063792	-0.093997	58.944717	58.948071
30.482128	-0.067145	-0.093997	58.944717	58.948071
30.521215	-0.067145	-0.093997	58.944717	58.941364
30.560305	-0.067145	-0.093997	58.944717	58.937996
30.599392	-0.067145	-0.093997	58.944717	58.934643
30.638479	-0.067145	-0.093997	58.944717	58.934643
30.677567	-0.067145	-0.093997	58.944717	58.937996
30.716654	-0.067145	-0.093997	58.948071	58.944717
30.755741	-0.067145	-0.093997	58.951439	58.948071
30.794828	-0.070497	-0.090644	58.958141	58.951439
30.833916	-0.070497	-0.090644	58.958141	58.951439
30.873003	-0.070497	-0.090644	58.961494	58.954792
30.912090	-0.070497	-0.093997	58.958141	58.954792
30.951178	-0.070497	-0.093997	58.954792	58.951439
30.990265	-0.070497	-0.093997	58.954792	58.951439
31.029354	-0.073865	-0.093997	58.951439	58.948071
31.068441	-0.077218	-0.097364	58.948071	58.948071
31.107529	-0.077218	-0.093997	58.948071	58.948071
31.146616	-0.080571	-0.093997	58.944717	58.951439
31.185703	-0.080571	-0.093997	58.944717	58.954792
31.224791	-0.080571	-0.093997	58.944717	58.954792
31.263878	-0.083938	-0.093997	58.944717	58.954792
31.302965	-0.083938	-0.090644	58.944717	58.958141
31.342052	-0.083938	-0.090644	58.944717	58.958141
31.381140	-0.083938	-0.093997	58.944717	58.958141
31.420227	-0.080571	-0.093997	58.944717	58.958141
31.459314	-0.080571	-0.097364	58.944717	58.954792
31.498404	-0.080571	-0.100717	58.944717	58.954792
31.537491	-0.080571	-0.100717	58.944717	58.951439
31.576578	-0.080571	-0.100717	58.944717	58.948071
31.615665	-0.083938	-0.100717	58.944717	58.948071
31.654753	-0.083938	-0.100717	58.944717	58.948071
31.693840	-0.083938	-0.100717	58.944717	58.948071
31.732927	-0.087291	-0.100717	58.944717	58.948071
31.772015	-0.087291	-0.100717	58.937996	58.948071
31.811102	-0.087291	-0.100717	58.934643	58.948071
31.850189	-0.090644	-0.100717	58.934643	58.948071
31.889277	-0.090644	-0.100717	58.934643	58.951439
31.928364	-0.093997	-0.100717	58.934643	58.951439
31.967453	-0.093997	-0.100717	58.937996	58.951439
32.006538	-0.093997	-0.097364	58.937996	58.951439
32.045628	-0.093997	-0.097364	58.941364	58.954792
32.084713	-0.093997	-0.100717	58.941364	58.954792
32.123802	-0.093997	-0.100717	58.941364	58.951439
32.162888	-0.093997	-0.100717	58.941364	58.951439
32.201977	-0.093997	-0.097364	58.944717	58.948071
32.241066	-0.093997	-0.097364	58.944717	58.944717
32.280151	-0.097364	-0.097364	58.948071	58.944717
32.319241	-0.097364	-0.097364	58.948071	58.941364
32.358326	-0.097364	-0.100717	58.948071	58.941364
32.397415	-0.097364	-0.100717	58.951439	58.941364
32.436501	-0.097364	-0.104070	58.951439	58.937996
32.475590	-0.097364	-0.104070	58.951439	58.937996
32.514675	-0.097364	-0.104070	58.944717	58.937996
32.553764	-0.097364	-0.104070	58.941364	58.941364
32.592850	-0.097364	-0.107422	58.934643	58.944717
32.631939	-0.100717	-0.107422	58.931290	58.944717
32.671028	-0.100717	-0.107422	58.924572	58.948071
32.710114	-0.104070	-0.104070	58.924572	58.948071
32.749203	-0.100717	-0.104070	58.924572	58.944717
32.788288	-0.100717	-0.104070	58.924572	58.941364
32.827377	-0.097364	-0.104070	58.927937	58.941364
32.866463	-0.097364	-0.100717	58.927937	58.937996
32.905552	-0.097364	-0.100717	58.927937	58.937996
32.944637	-0.097364	-0.100717	58.931290	58.934643
32.983727	-0.097364	-0.100717	58.934643	58.934643
33.022812	-0.097364	-0.100717	58.934643	58.934643
33.061901	-0.097364	-0.100717	58.937996	58.937996
33.100990	-0.100717	-0.100717	58.937996	58.941364
33.140076	-0.100717	-0.100717	58.937996	58.944717
33.179165	-0.100717	-0.104070	58.941364	58.951439
33.218250	-0.100717	-0.104070	58.941364	58.958141
33.257339	-0.100717	-0.104070	58.941364	58.964863
33.296425	-0.100717	-0.104070	58.941364	58.968216
33.335514	-0.100717	-0.104070	58.941364	58.968216
33.374599	-0.100717	-0.104070	58.941364	58.964863
33.413689	-0.100717	-0.104070	58.937996	58.964863
33.452774	-0.104070	-0.104070	58.934643	58.961494
33.491863	-0.104070	-0.104070	58.931290	58.958141
33.530949	-0.104070	-0.104070	58.931290	58.958141
33.570038	-0.104070	-0.104070	58.934643	58.954792
33.609127	-0.104070	-0.104070	58.937996	58.954792
33.648212	-0.104070	-0.104070	58.944717	58.951439
33.687302	-0.104070	-0.104070	58.948071	58.951439
33.726387	-0.100717	-0.104070	58.951439	58.951439
33.765476	-0.100717	-0.104070	58.958141	58.951439
33.804562	-0.100717	-0.104070	58.958141	58.954792
33.843651	-0.100717	-0.104070	58.958141	58.958141
33.882736	-0.100717	-0.104070	58.958141	58.958141
33.921825	-0.104070	-0.104070	58.954792	58.958141
33.960911	-0.104070	-0.104070	58.954792	58.954792
