22.510115	0.020087	0.100672	-0.080585	-0.191391
22.549194	0.020087	0.110745	-0.080585	-0.181317
22.588276	0.030160	0.110745	-0.080585	-0.181317
22.627357	0.030160	0.120819	-0.070512	-0.181317
22.666439	0.040233	0.130892	-0.070512	-0.181317
22.705521	0.050306	0.140965	-0.070512	-0.181317
22.744602	0.050306	0.140965	-0.070512	-0.181317
22.783682	0.050306	0.151038	-0.080585	-0.191391
22.822763	0.040233	0.151038	-0.080585	-0.191391
22.861845	0.040233	0.151038	-0.080585	-0.201464
22.900927	0.030160	0.151038	-0.080585	-0.191391
22.940008	0.040233	0.161111	-0.080585	-0.191391
22.979090	0.040233	0.161111	-0.080585	-0.191391
23.018169	0.050306	0.161111	-0.090659	-0.181317
23.057251	0.050306	0.161111	-0.080585	-0.191391
23.096333	0.060380	0.161111	-0.080585	-0.191391
23.135414	0.070453	0.161111	-0.080585	-0.191391
23.174496	0.070453	0.171185	-0.070512	-0.201464
23.213577	0.070453	0.181258	-0.070512	-0.201464
23.252657	0.070453	0.191331	-0.080585	-0.201464
23.291739	0.080526	0.201404	-0.080585	-0.201464
23.330820	0.080526	0.211477	-0.080585	-0.201464
23.369902	0.080526	0.221550	-0.070512	-0.211537
23.408983	0.080526	0.221550	-0.070512	-0.221610
23.448065	0.090599	0.221550	-0.070512	-0.221610
23.487144	0.090599	0.211477	-0.060439	-0.221610
23.526226	0.100672	0.221550	-0.070512	-0.221610
23.565308	0.090599	0.221550	-0.070512	-0.231683
23.604389	0.090599	0.231624	-0.080585	-0.241756
23.643471	0.090599	0.231624	-0.090659	-0.241756
23.682550	0.090599	0.241697	-0.100732	-0.241756
23.721632	0.100672	0.241697	-0.100732	-0.241756
23.760714	0.110745	0.251770	-0.100732	-0.251830
23.799795	0.120819	0.261784	-0.100732	-0.251830
23.838877	0.120819	0.271857	-0.110805	-0.251830
23.877958	0.130892	0.292003	-0.110805	-0.241756
23.917038	0.130892	0.312150	-0.120878	-0.241756
23.956120	0.130892	0.322223	-0.120878	-0.231683
23.995201	0.130892	0.342369	-0.120878	-0.241756
24.034283	0.130892	0.352442	-0.130951	-0.251830
24.073364	0.130892	0.372589	-0.141025	-0.261843
24.112446	0.130892	0.382662	-0.151098	-0.271916
24.151525	0.140965	0.392735	-0.161171	-0.271916
24.190607	0.151038	0.402808	-0.161171	-0.281990
24.229689	0.161111	0.422955	-0.161171	-0.292063
24.268770	0.161111	0.433028	-0.161171	-0.302136
24.307852	0.161111	0.443101	-0.151098	-0.312209
24.346933	0.161111	0.453174	-0.141025	-0.322282
24.386013	0.161111	0.473320	-0.141025	-0.322282
24.425095	0.171185	0.493467	-0.141025	-0.322282
24.464176	0.181258	0.513613	-0.141025	-0.322282
24.503258	0.181258	0.533700	-0.141025	-0.322282
24.542339	0.191331	0.563920	-0.151098	-0.332355
24.581421	0.191331	0.594139	-0.141025	-0.332355
24.620501	0.191331	0.624359	-0.141025	-0.332355
24.659582	0.201404	0.654578	-0.141025	-0.342429
24.698664	0.211477	0.684798	-0.151098	-0.352502
24.737745	0.221550	0.725091	-0.161171	-0.352502
24.776827	0.231624	0.765383	-0.161171	-0.352502
24.815907	0.241697	0.805616	-0.171244	-0.362575
24.854988	0.251770	0.855982	-0.171244	-0.372648
24.894070	0.261784	0.916421	-0.171244	-0.392795
24.933151	0.271857	0.976861	-0.161171	-0.402868
24.972233	0.271857	1.057386	-0.161171	-0.412941
25.011314	0.281930	1.137972	-0.161171	-0.433087
25.050394	0.292003	1.228631	-0.151098	-0.443161
25.089476	0.302076	1.329303	-0.151098	-0.463307
25.128557	0.312150	1.440108	-0.161171	-0.473380
25.167639	0.322223	1.581073	-0.171244	-0.483453
25.206720	0.342369	1.752317	-0.191391	-0.503600
25.245802	0.362515	2.024233	-0.201464	-0.533760
25.284882	0.382662	2.286077	-0.201464	-0.563979
25.323963	0.402808	2.618372	-0.211537	-0.614345
25.363045	0.422955	3.021240	-0.221610	-0.664711
25.402126	0.443101	3.524780	-0.241756	-0.735223
25.441208	0.453174	4.159212	-0.251830	-0.825822
25.480289	0.463247	4.954815	-0.251830	-0.966847
25.519369	0.483394	5.961895	-0.251830	-1.158178
25.558451	0.503540	7.180512	-0.241756	-1.440167
25.597532	0.543773	8.600473	-0.251830	-1.802742
25.636614	0.573993	10.221899	-0.251830	-2.276063
25.675695	0.614285	11.893630	-0.261843	-2.860129
25.714777	0.644505	13.424397	-0.271916	-3.524840
25.753857	0.674725	14.491916	-0.281990	-4.209638
25.792938	0.715017	14.783978	-0.281990	-4.793763
25.832020	0.755310	14.129400	-0.292063	-5.206645
25.871101	0.795543	12.598634	-0.312209	-5.428195
25.910183	0.845909	10.483742	-0.322282	-5.508780
25.949263	0.886202	8.076787	-0.332355	-5.478561
25.988344	0.946641	5.488575	-0.332355	-5.327523
26.027426	1.007080	2.779543	-0.332355	-5.005240
26.066507	1.067460	-0.010073	-0.332355	-4.481554
26.105589	1.137972	-2.749383	-0.342429	-3.756464
26.144670	1.218557	-5.156279	-0.352502	-2.880275
26.183750	1.319230	-6.858289	-0.372648	-1.994073
26.222832	1.430035	-7.553160	-0.372648	-1.268983
26.261913	1.571000	-7.180572	-0.392795	-0.856042
26.300995	1.732171	-6.052613	-0.402868	-0.725150
26.340076	1.923501	-4.713178	-0.423014	-0.735223
26.379158	2.145052	-3.555059	-0.443161	-0.745296
26.418238	2.416968	-2.688944	-0.463307	-0.745296
26.457319	2.739251	-2.054513	-0.483453	-0.715077
26.496401	3.162205	-1.571059	-0.473380	-0.694931
26.535482	3.695965	-1.198471	-0.463307	-0.684857
26.574564	4.370749	-0.896335	-0.443161	-0.674784
26.613646	5.277097	-0.654638	-0.423014	-0.644565
26.652725	6.505728	-0.483453	-0.352502	-0.604272
26.691807	8.147299	-0.352502	-0.211537	-0.563979
26.730888	10.151386	-0.261843	0.000000	-0.533760
26.769970	12.266278	-0.201464	0.201404	-0.513673
26.809052	14.058887	-0.151098	0.251770	-0.483453
26.848133	15.196919	-0.100732	0.060380	-0.453234
26.887213	15.539289	-0.070512	-0.372648	-0.443161
26.926294	15.126408	-0.030220	-0.976920	-0.423014
26.965376	14.109254	-0.010073	-1.661718	-0.412941
27.004457	12.618780	0.020087	-2.356589	-0.392795
27.043539	10.695219	0.050306	-3.021300	-0.382721
27.082619	8.288264	0.060380	-3.655732	-0.372648
27.121700	5.327463	0.070453	-4.280150	-0.352502
27.160782	1.973867	0.080526	-4.844129	-0.352502
27.199863	-1.339436	0.080526	-5.206645	-0.342429
27.238945	-3.998160	0.090599	-5.196571	-0.332355
27.278027	-5.639732	0.100672	-4.823983	-0.322282
27.317106	-6.264091	0.100672	-4.219711	-0.312209
27.356188	-6.123126	0.100672	-3.524840	-0.302136
27.395269	-5.528927	0.090599	-2.880275	-0.292063
27.434351	-4.743397	0.090599	-2.326369	-0.292063
27.473433	-3.927648	0.090599	-1.893342	-0.292063
27.512514	-3.172338	0.090599	-1.550913	-0.281990
27.551594	-2.507687	0.090599	-1.299143	-0.281990
27.590675	-1.953781	0.090599	-1.107812	-0.281990
27.629757	-1.500607	0.090599	-0.976920	-0.271916
27.668839	-1.138031	0.090599	-0.866115	-0.271916
27.707920	-0.866115	0.090599	-0.775456	-0.261843
27.747002	-0.654638	0.090599	-0.705004	-0.251830
27.786081	-0.493526	0.080526	-0.644565	-0.251830
27.825163	-0.372648	0.070453	-0.584126	-0.241756
27.864244	-0.292063	0.070453	-0.543833	-0.231683
27.903326	-0.221610	0.070453	-0.523686	-0.221610
27.942408	-0.161171	0.080526	-0.503600	-0.221610
27.981489	-0.120878	0.080526	-0.483453	-0.211537
28.020569	-0.070512	0.070453	-0.463307	-0.211537
28.059650	-0.040293	0.070453	-0.453234	-0.201464
28.098732	-0.010073	0.060380	-0.443161	-0.211537
28.137814	0.020087	0.070453	-0.423014	-0.211537
28.176895	0.040233	0.070453	-0.402868	-0.221610
28.215975	0.050306	0.080526	-0.382721	-0.221610
28.255056	0.060380	0.080526	-0.362575	-0.221610
28.294138	0.070453	0.080526	-0.342429	-0.211537
28.333220	0.070453	0.080526	-0.342429	-0.211537
28.372301	0.080526	0.070453	-0.332355	-0.211537
28.411383	0.090599	0.070453	-0.322282	-0.201464
28.450462	0.090599	0.070453	-0.322282	-0.191391
28.489544	0.080526	0.070453	-0.312209	-0.181317
28.528625	0.080526	0.070453	-0.292063	-0.181317
28.567707	0.080526	0.070453	-0.271916	-0.181317
28.606789	0.070453	0.060380	-0.261843	-0.181317
28.645870	0.070453	0.050306	-0.261843	-0.191391
28.684950	0.070453	0.040233	-0.251830	-0.191391
28.724031	0.070453	0.040233	-0.231683	-0.181317
28.763113	0.080526	0.040233	-0.231683	-0.181317
28.802195	0.080526	0.040233	-0.221610	-0.181317
28.841276	0.080526	0.040233	-0.221610	-0.181317
28.880358	0.080526	0.040233	-0.231683	-0.181317
28.919437	0.070453	0.050306	-0.231683	-0.181317
28.958519	0.070453	0.050306	-0.221610	-0.171244
28.997601	0.070453	0.060380	-0.221610	-0.171244
29.036682	0.070453	0.050306	-0.221610	-0.171244
29.075764	0.070453	0.040233	-0.221610	-0.171244
29.114845	0.070453	0.040233	-0.221610	-0.171244
29.153925	0.070453	0.030160	-0.221610	-0.171244
29.193007	0.070453	0.030160	-0.221610	-0.171244
29.232088	0.070453	0.030160	-0.221610	-0.161171
29.271170	0.060380	0.030160	-0.221610	-0.151098
29.310251	0.060380	0.020087	-0.211537	-0.141025
29.349333	0.050306	0.010014	-0.211537	-0.141025
29.388412	0.040233	0.010014	-0.211537	-0.141025
29.427494	0.040233	0.010014	-0.211537	-0.130951
29.466576	0.040233	0.010014	-0.211537	-0.120878
29.505657	0.040233	0.010014	-0.211537	-0.110805
29.544739	0.040233	0.010014	-0.221610	-0.110805
29.583818	0.040233	0.010014	-0.231683	-0.120878
29.622900	0.040233	0.000000	-0.231683	-0.130951
29.661982	0.030160	0.000000	-0.231683	-0.141025
29.701063	0.030160	0.000000	-0.221610	-0.141025
29.740145	0.030160	0.000000	-0.201464	-0.141025
29.779226	0.030160	0.000000	-0.191391	-0.141025
29.818306	0.020087	0.000000	-0.181317	-0.141025
29.857388	0.020087	0.000000	-0.181317	-0.141025
29.896469	0.020087	0.000000	-0.181317	-0.141025
29.935551	0.010014	0.000000	-0.171244	-0.141025
29.974632	0.010014	0.000000	-0.161171	-0.151098
30.013714	0.000000	0.000000	-0.161171	-0.151098
30.052794	0.000000	0.010014	-0.171244	-0.151098
30.091875	-0.010073	0.010014	-0.171244	-0.151098
30.130957	-0.010073	0.010014	-0.171244	-0.151098
30.170038	0.000000	0.010014	-0.171244	-0.151098
30.209120	0.000000	0.010014	-0.181317	-0.151098
30.248201	0.000000	0.010014	-0.191391	-0.141025
30.287281	0.010014	0.000000	-0.201464	-0.141025
30.326363	0.010014	0.000000	-0.201464	-0.130951
30.365444	0.010014	0.000000	-0.191391	-0.130951
30.404526	0.010014	0.000000	-0.181317	-0.130951
30.443607	0.020087	0.000000	-0.171244	-0.130951
30.482689	0.020087	0.000000	-0.161171	-0.141025
30.521769	0.010014	-0.010073	-0.161171	-0.141025
30.560850	0.010014	-0.020146	-0.161171	-0.141025
30.599932	0.010014	-0.020146	-0.171244	-0.130951
30.639013	0.000000	-0.020146	-0.171244	-0.130951
30.678095	0.000000	-0.020146	-0.171244	-0.120878
30.717175	0.000000	-0.010073	-0.171244	-0.120878
30.756256	-0.010073	-0.010073	-0.171244	-0.130951
30.795338	-0.010073	-0.010073	-0.161171	-0.130951
30.834419	-0.020146	-0.010073	-0.151098	-0.130951
30.873501	-0.020146	-0.010073	-0.141025	-0.130951
30.912582	-0.020146	-0.020146	-0.151098	-0.130951
30.951662	-0.020146	-0.020146	-0.161171	-0.130951
30.990744	-0.020146	-0.030220	-0.171244	-0.130951
31.029825	-0.010073	-0.040293	-0.181317	-0.120878
31.068907	-0.010073	-0.050366	-0.181317	-0.120878
31.107988	-0.010073	-0.050366	-0.171244	-0.110805
31.147070	-0.010073	-0.050366	-0.161171	-0.120878
31.186150	-0.010073	-0.050366	-0.161171	-0.120878
31.225231	-0.010073	-0.050366	-0.151098	-0.130951
31.264313	-0.010073	-0.050366	-0.151098	-0.130951
31.303394	-0.020146	-0.040293	-0.151098	-0.130951
31.342476	-0.020146	-0.040293	-0.151098	-0.120878
31.381557	-0.020146	-0.040293	-0.151098	-0.120878
31.420637	-0.020146	-0.040293	-0.151098	-0.120878
31.459719	-0.010073	-0.050366	-0.151098	-0.120878
31.498800	0.000000	-0.050366	-0.151098	-0.120878
31.537882	0.000000	-0.050366	-0.151098	-0.110805
31.576963	0.000000	-0.050366	-0.141025	-0.120878
31.616045	0.000000	-0.050366	-0.130951	-0.120878
31.655125	0.000000	-0.050366	-0.130951	-0.110805
31.694206	0.000000	-0.050366	-0.130951	-0.110805
31.733288	-0.010073	-0.040293	-0.130951	-0.120878
31.772369	-0.010073	-0.040293	-0.130951	-0.141025
31.811451	0.000000	-0.040293	-0.130951	-0.141025
31.850531	-0.010073	-0.040293	-0.130951	-0.141025
31.889612	-0.010073	-0.040293	-0.141025	-0.141025
31.928694	-0.010073	-0.040293	-0.130951	-0.141025
31.967775	-0.020146	-0.030220	-0.130951	-0.141025
32.006855	-0.020146	-0.030220	-0.120878	-0.130951
32.045937	-0.020146	-0.030220	-0.120878	-0.130951
32.085018	-0.030220	-0.030220	-0.120878	-0.141025
32.124100	-0.030220	-0.040293	-0.130951	-0.141025
32.163181	-0.030220	-0.040293	-0.130951	-0.151098
32.202263	-0.030220	-0.040293	-0.141025	-0.151098
32.241344	-0.030220	-0.040293	-0.151098	-0.141025
32.280426	-0.030220	-0.050366	-0.151098	-0.130951
32.319508	-0.020146	-0.050366	-0.151098	-0.130951
32.358589	-0.020146	-0.050366	-0.151098	-0.120878
32.397671	-0.020146	-0.050366	-0.141025	-0.120878
32.436749	-0.010073	-0.050366	-0.141025	-0.110805
32.475830	-0.010073	-0.050366	-0.151098	-0.120878
32.514912	-0.010073	-0.050366	-0.151098	-0.120878
32.553993	-0.010073	-0.050366	-0.151098	-0.110805
32.593075	-0.020146	-0.050366	-0.151098	-0.100732
32.632156	-0.020146	-0.050366	-0.151098	-0.100732
32.671238	-0.020146	-0.050366	-0.161171	-0.100732
32.710320	-0.020146	-0.050366	-0.161171	-0.100732
32.749401	-0.030220	-0.050366	-0.161171	-0.100732
32.788483	-0.030220	-0.050366	-0.161171	-0.100732
32.827564	-0.030220	-0.040293	-0.161171	-0.090659
32.866642	-0.030220	-0.040293	-0.161171	-0.090659
32.905724	-0.030220	-0.040293	-0.151098	-0.090659
32.944805	-0.030220	-0.050366	-0.151098	-0.090659
32.983887	-0.030220	-0.050366	-0.151098	-0.100732
33.022968	-0.040293	-0.050366	-0.151098	-0.100732
33.062050	-0.040293	-0.040293	-0.161171	-0.100732
33.101131	-0.040293	-0.040293	-0.161171	-0.100732
33.140213	-0.040293	-0.040293	-0.161171	-0.100732
33.179295	-0.050366	-0.040293	-0.161171	-0.110805
33.218376	-0.060439	-0.040293	-0.161171	-0.110805
33.257458	-0.060439	-0.040293	-0.151098	-0.110805
33.296539	-0.060439	-0.050366	-0.151098	-0.110805
33.335617	-0.050366	-0.050366	-0.151098	-0.120878
33.374699	-0.050366	-0.050366	-0.141025	-0.120878
33.413780	-0.050366	-0.050366	-0.141025	-0.130951
33.452862	-0.050366	-0.050366	-0.141025	-0.141025
33.491943	-0.060439	-0.050366	-0.141025	-0.141025
33.531025	-0.060439	-0.050366	-0.151098	-0.141025
33.570107	-0.060439	-0.050366	-0.151098	-0.130951
33.609188	-0.060439	-0.050366	-0.141025	-0.130951
33.648270	-0.060439	-0.050366	-0.130951	-0.141025
33.687351	-0.060439	-0.050366	-0.130951	-0.141025
33.726433	-0.060439	-0.050366	-0.130951	-0.141025
33.765514	-0.060439	-0.050366	-0.141025	-0.141025
33.804592	-0.050366	-0.050366	-0.130951	-0.141025
33.843674	-0.050366	-0.050366	-0.130951	-0.130951
33.882755	-0.050366	-0.050366	-0.130951	-0.130951
33.921837	-0.050366	-0.050366	-0.120878	-0.120878
33.960918	-0.050366	-0.050366	-0.120878	-0.120878
