20.958424	0.177905	0.100702	-63.295334	-63.365833
20.989719	0.171199	0.117481	-63.302055	-63.349052
21.021015	0.171199	0.127554	-63.302055	-63.338982
21.052311	0.174552	0.127554	-63.302055	-63.335629
21.083607	0.174552	0.124201	-63.302055	-63.345699
21.114902	0.174552	0.114128	-63.308777	-63.372551
21.146198	0.167847	0.100702	-63.318832	-63.396053
21.177494	0.161126	0.100702	-63.328907	-63.392700
21.208790	0.154406	0.104055	-63.325554	-63.385979
21.240086	0.154406	0.110775	-63.318832	-63.392700
21.271381	0.154406	0.110775	-63.308777	-63.409477
21.302677	0.154406	0.104055	-63.315479	-63.422905
21.333973	0.147700	0.093982	-63.332275	-63.443050
21.365271	0.140980	0.087276	-63.349052	-63.446404
21.396566	0.140980	0.100702	-63.349052	-63.412830
21.427862	0.144348	0.124201	-63.345699	-63.375904
21.459158	0.144348	0.147700	-63.338982	-63.342331
21.490454	0.147700	0.157773	-63.335629	-63.325554
21.521749	0.147700	0.161126	-63.328907	-63.328907
21.553045	0.151053	0.151053	-63.322201	-63.352406
21.584341	0.151053	0.137627	-63.318832	-63.379257
21.615637	0.147700	0.124201	-63.322201	-63.402756
21.646933	0.147700	0.114128	-63.328907	-63.419552
21.678228	0.144348	0.107422	-63.335629	-63.429623
21.709524	0.147700	0.100702	-63.338982	-63.439697
21.740820	0.147700	0.093982	-63.345699	-63.449757
21.772116	0.144348	0.100702	-63.349052	-63.443050
21.803411	0.147700	0.114128	-63.349052	-63.422905
21.834707	0.154406	0.120848	-63.342331	-63.412830
21.866005	0.154406	0.124201	-63.342331	-63.416199
21.897301	0.151053	0.117481	-63.352406	-63.429623
21.928596	0.147700	0.110775	-63.355774	-63.443050
21.959892	0.144348	0.107422	-63.355774	-63.446404
21.991188	0.151053	0.107422	-63.345699	-63.446404
22.022484	0.157773	0.114128	-63.335629	-63.449757
22.053780	0.157773	0.117481	-63.335629	-63.456474
22.085075	0.157773	0.110775	-63.335629	-63.476624
22.116371	0.154406	0.104055	-63.335629	-63.493401
22.147667	0.157773	0.090629	-63.335629	-63.510178
22.178963	0.161126	0.083923	-63.332275	-63.516899
22.210258	0.161126	0.080556	-63.332275	-63.516899
22.241554	0.157773	0.080556	-63.338982	-63.516899
22.272850	0.151053	0.077203	-63.349052	-63.520252
22.304146	0.151053	0.073850	-63.355774	-63.523621
22.335442	0.147700	0.077203	-63.359127	-63.520252
22.366739	0.147700	0.083923	-63.362480	-63.513546
22.398035	0.147700	0.087276	-63.359127	-63.516899
22.429331	0.151053	0.073850	-63.345699	-63.533680
22.460627	0.151053	0.057057	-63.345699	-63.560547
22.491922	0.137627	0.040278	-63.365833	-63.584045
22.523218	0.124201	0.026852	-63.385979	-63.594101
22.554514	0.120848	0.020131	-63.399403	-63.600822
22.585810	0.130907	0.016779	-63.392700	-63.597469
22.617105	0.140980	0.023484	-63.379257	-63.580677
22.648401	0.140980	0.033557	-63.375904	-63.563900
22.679697	0.127554	0.043631	-63.396053	-63.560547
22.710993	0.110775	0.046983	-63.422905	-63.587399
22.742289	0.104055	0.046983	-63.439697	-63.604176
22.773584	0.107422	0.057057	-63.436329	-63.597469
22.804880	0.120848	0.063777	-63.416199	-63.587399
22.836176	0.134274	0.057057	-63.396053	-63.604176
22.867474	0.134274	0.043631	-63.392700	-63.634396
22.898769	0.127554	0.026852	-63.406124	-63.667969
22.930065	0.117481	0.010058	-63.422905	-63.688099
22.961361	0.120848	0.000000	-63.419552	-63.698174
22.992657	0.124201	0.000000	-63.409477	-63.701527
23.023952	0.124201	0.000000	-63.406124	-63.698174
23.055248	0.117481	0.000000	-63.409477	-63.701527
23.086544	0.104055	0.000000	-63.422905	-63.698174
23.117840	0.097349	0.003353	-63.426254	-63.698174
23.149136	0.104055	0.010058	-63.406124	-63.698174
23.180431	0.114128	0.026852	-63.385979	-63.684746
23.211727	0.107422	0.033557	-63.385979	-63.688099
23.243023	0.087276	0.026852	-63.396053	-63.714966
23.274319	0.063777	0.020131	-63.402756	-63.738464
23.305614	0.043631	0.010058	-63.416199	-63.765316
23.336912	0.043631	-0.006720	-63.412830	-63.795521
23.368208	0.057057	-0.023499	-63.382626	-63.825741
23.399504	0.043631	-0.036940	-63.382626	-63.859314
23.430799	0.016779	-0.043646	-63.402756	-63.889519
23.462095	-0.006720	-0.053719	-63.422905	-63.923092
23.493391	-0.016794	-0.067145	-63.436329	-63.966736
23.524687	-0.026867	-0.077218	-63.453121	-63.996941
23.555983	-0.030220	-0.077218	-63.453121	-64.010368
23.587278	-0.033572	-0.073865	-63.436329	-64.020439
23.618574	-0.050366	-0.077218	-63.446404	-64.033867
23.649870	-0.080571	-0.090644	-63.496754	-64.060730
23.681166	-0.097364	-0.100717	-63.530327	-64.090935
23.712461	-0.100717	-0.114143	-63.540398	-64.124512
23.743757	-0.093997	-0.127569	-63.537045	-64.161438
23.775053	-0.067145	-0.137642	-63.516899	-64.201714
23.806349	-0.033572	-0.151068	-63.473255	-64.238640
23.837646	-0.010073	-0.164494	-63.399403	-64.275581
23.868942	-0.016794	-0.174567	-63.281910	-64.305786
23.900238	-0.093997	-0.181288	-63.211411	-64.332634
23.931534	-0.228286	-0.171214	-63.167782	-64.346062
23.962830	-0.292063	-0.147715	-63.150986	-64.366203
23.994125	-0.318915	-0.140995	-63.181206	-64.419922
24.025421	-0.322267	-0.147715	-63.238277	-64.493774
24.056717	-0.332341	-0.161141	-63.312130	-64.574348
24.088013	-0.345767	-0.167862	-63.399403	-64.648193
24.119308	-0.352487	-0.167862	-63.486679	-64.715324
24.150604	-0.332341	-0.164494	-63.540398	-64.782471
24.181900	-0.298783	-0.161141	-63.560547	-64.859688
24.213196	-0.268564	-0.154421	-63.573971	-64.940247
24.244492	-0.255138	-0.140995	-63.594101	-65.020813
24.275787	-0.258490	-0.120863	-63.620968	-65.104736
24.307083	-0.265211	-0.097364	-63.637749	-65.212158
24.338381	-0.271916	-0.067145	-63.637749	-65.339729
24.369677	-0.271916	-0.033572	-63.637749	-65.494148
24.400972	-0.271916	0.010058	-63.647823	-65.682129
24.432268	-0.275284	0.067130	-63.671322	-65.896973
24.463564	-0.278637	0.144348	-63.694820	-66.138687
24.494860	-0.278637	0.234976	-63.708244	-66.420662
24.526155	-0.278637	0.352472	-63.718319	-66.756355
24.557451	-0.278637	0.506893	-63.731747	-67.142410
24.588747	-0.285342	0.711665	-63.748524	-67.598953
24.620043	-0.298783	0.950009	-63.785465	-68.186417
24.651339	-0.295416	1.211852	-63.822388	-68.955170
24.682634	-0.292063	1.517341	-63.869389	-69.898468
24.713930	-0.295416	1.869813	-63.923092	-71.053253
24.745226	-0.305489	2.245799	-63.980164	-72.426247
24.776522	-0.305489	2.591565	-64.033867	-74.014084
24.807819	-0.295416	2.816468	-64.070793	-75.816780
24.839115	-0.275284	2.829909	-64.090935	-77.700020
24.870411	-0.255138	2.497569	-64.104362	-79.465775
24.901707	-0.241712	1.675114	-64.117790	-80.922691
24.933002	-0.234991	0.292048	-64.134583	-81.842499
24.964298	-0.241712	-1.611337	-64.168152	-82.111061
24.995594	-0.255138	-3.850430	-64.218506	-81.795502
25.026890	-0.268564	-6.180152	-64.282280	-81.056984
25.058186	-0.268564	-8.442744	-64.352783	-80.053238
25.089481	-0.251785	-10.540843	-64.416557	-78.861534
25.120777	-0.228286	-12.414023	-64.487053	-77.448250
25.152073	-0.211492	-14.035419	-64.564270	-75.766411
25.183369	-0.208139	-15.324489	-64.644844	-73.765678
25.214664	-0.198066	-16.207367	-64.711975	-71.523232
25.245960	-0.174567	-16.606852	-64.755615	-69.176720
25.277256	-0.154421	-16.408787	-64.802620	-66.917496
25.308554	-0.147715	-15.586331	-64.873116	-65.034241
25.339849	-0.140995	-14.189839	-64.963745	-63.748524
25.371145	-0.130922	-12.414023	-65.057739	-63.103989
25.402441	-0.120863	-10.554269	-65.171883	-62.999935
25.433737	-0.107422	-8.828789	-65.319580	-63.177853
25.465033	-0.080571	-7.361799	-65.497505	-63.426254
25.496328	-0.040293	-6.180152	-65.708992	-63.664600
25.527624	0.020131	-5.240217	-65.947342	-63.876091
25.558920	0.107422	-4.498318	-66.202461	-64.050659
25.590216	0.228271	-3.914207	-66.487801	-64.181580
25.621511	0.389397	-3.444240	-66.810074	-64.292358
25.652807	0.597537	-3.058195	-67.186043	-64.372925
25.684103	0.872806	-2.722502	-67.649307	-64.409851
25.715399	1.228631	-2.437160	-68.236771	-64.419922
25.746695	1.685187	-2.195448	-69.015594	-64.416557
25.777990	2.302855	-1.990676	-70.005890	-64.396423
25.809288	3.128678	-1.812756	-71.251320	-64.369560
25.840584	4.115611	-1.658335	-72.768661	-64.339355
25.871880	5.082414	-1.540855	-74.527710	-64.325928
25.903175	5.723596	-1.440138	-76.370674	-64.309135
25.934471	5.753815	-1.356214	-78.086075	-64.299080
25.965767	5.042136	-1.275644	-79.542992	-64.278931
25.997063	3.662422	-1.195088	-80.644073	-64.248711
26.028358	1.802683	-1.127943	-81.362457	-64.225212
26.059654	-0.369266	-1.064166	-81.758575	-64.201714
26.090950	-2.678856	-0.997022	-81.839142	-64.168152
26.122246	-5.011931	-0.936598	-81.570595	-64.134583
26.153542	-7.345021	-0.879526	-80.915985	-64.104362
26.184837	-9.654596	-0.832528	-79.841766	-64.084229
26.216133	-11.893690	-0.792250	-78.331131	-64.070793
26.247429	-13.921290	-0.751957	-76.387451	-64.050659
26.278725	-15.411779	-0.708327	-74.124870	-64.030510
26.310022	-16.086519	-0.664681	-71.805206	-64.003662
26.341318	-15.875042	-0.624403	-69.670197	-63.980164
26.372614	-14.911592	-0.594184	-67.917870	-63.966736
26.403910	-13.461381	-0.580758	-66.595230	-63.976810
26.435205	-11.786267	-0.577405	-65.675423	-63.990234
26.466501	-10.111153	-0.563979	-65.087959	-63.986866
26.497797	-8.583739	-0.543833	-64.748901	-63.966736
26.529093	-7.251024	-0.530407	-64.567627	-63.953312
26.560389	-6.136522	-0.516981	-64.490425	-63.943237
26.591684	-5.213350	-0.500187	-64.453484	-63.929810
26.622980	-4.451320	-0.476688	-64.450127	-63.913017
26.654276	-3.826931	-0.456557	-64.463554	-63.896240
26.685572	-3.316671	-0.446483	-64.473633	-63.886166
26.716867	-2.897054	-0.443131	-64.476982	-63.892887
26.748163	-2.551287	-0.433058	-64.463554	-63.886166
26.779461	-2.279371	-0.419632	-64.443428	-63.876091
26.810757	-2.067894	-0.396132	-64.430000	-63.855946
26.842052	-1.893327	-0.375986	-64.413208	-63.839169
26.873348	-1.748979	-0.369266	-64.396423	-63.835815
26.904644	-1.614705	-0.362560	-64.369560	-63.829094
26.935940	-1.490489	-0.355840	-64.332634	-63.822388
26.967236	-1.369640	-0.352487	-64.278931	-63.819019
26.998531	-1.258865	-0.352487	-64.228577	-63.815670
27.029827	-1.164868	-0.355840	-64.195007	-63.819019
27.061123	-1.084298	-0.349134	-64.168152	-63.812317
27.092419	-1.003742	-0.342414	-64.137939	-63.805595
27.123714	-0.936598	-0.345767	-64.107735	-63.808949
27.155010	-0.896320	-0.349134	-64.107735	-63.812317
27.186306	-0.862747	-0.339061	-64.114433	-63.788815
27.217602	-0.825822	-0.322267	-64.104362	-63.761963
27.248898	-0.785530	-0.302136	-64.090935	-63.731747
27.280195	-0.741899	-0.288710	-64.077515	-63.721672
27.311491	-0.704974	-0.278637	-64.064087	-63.721672
27.342787	-0.668034	-0.268564	-64.043938	-63.711597
27.374083	-0.631109	-0.258490	-64.010368	-63.701527
27.405378	-0.594184	-0.255138	-63.966736	-63.691467
27.436674	-0.563979	-0.255138	-63.919739	-63.688099
27.467970	-0.540480	-0.251785	-63.882812	-63.681393
27.499266	-0.520334	-0.255138	-63.866020	-63.688099
27.530561	-0.503555	-0.265211	-63.859314	-63.704891
27.561857	-0.483409	-0.271916	-63.842522	-63.721672
27.593153	-0.463262	-0.271916	-63.825741	-63.721672
27.624449	-0.443131	-0.258490	-63.805595	-63.701527
27.655745	-0.426337	-0.255138	-63.785465	-63.698174
27.687040	-0.416264	-0.268564	-63.765316	-63.721672
27.718336	-0.409558	-0.281990	-63.748524	-63.738464
27.749632	-0.399485	-0.295416	-63.735096	-63.748524
27.780930	-0.392765	-0.305489	-63.725025	-63.758598
27.812225	-0.379339	-0.312209	-63.714966	-63.761963
27.843521	-0.369266	-0.312209	-63.704891	-63.748524
27.874817	-0.359207	-0.312209	-63.701527	-63.735096
27.906113	-0.349134	-0.315562	-63.704891	-63.728394
27.937408	-0.345767	-0.325635	-63.718319	-63.738464
27.968704	-0.339061	-0.335708	-63.731747	-63.738464
