21.940655	-0.177920	-0.597551	5.700097	6.133139
21.950029	-0.181288	-0.597551	5.700097	6.133139
21.959404	-0.181288	-0.597551	5.696744	6.133139
21.968779	-0.181288	-0.597551	5.693391	6.129786
21.978153	-0.181288	-0.597551	5.690023	6.126433
21.987530	-0.177920	-0.597551	5.686670	6.123081
21.996904	-0.177920	-0.597551	5.690023	6.119713
22.006279	-0.177920	-0.594184	5.693391	6.116361
22.015654	-0.181288	-0.594184	5.690023	6.113008
22.025028	-0.181288	-0.594184	5.686670	6.113008
22.034403	-0.184640	-0.594184	5.686670	6.116361
22.043779	-0.184640	-0.597551	5.686670	6.116361
22.053154	-0.184640	-0.594184	5.686670	6.109640
22.062529	-0.184640	-0.594184	5.690023	6.106287
22.071903	-0.184640	-0.590831	5.693391	6.106287
22.081278	-0.184640	-0.590831	5.700097	6.109640
22.090654	-0.184640	-0.590831	5.700097	6.109640
22.100029	-0.187993	-0.587478	5.700097	6.113008
22.109404	-0.187993	-0.587478	5.700097	6.119713
22.118778	-0.191361	-0.587478	5.700097	6.123081
22.128153	-0.187993	-0.584111	5.703449	6.123081
22.137529	-0.187993	-0.584111	5.706817	6.119713
22.146904	-0.187993	-0.584111	5.706817	6.116361
22.156279	-0.187993	-0.584111	5.710170	6.116361
22.165653	-0.187993	-0.584111	5.710170	6.123081
22.175028	-0.191361	-0.584111	5.706817	6.129786
22.184402	-0.191361	-0.584111	5.706817	6.133139
22.193779	-0.187993	-0.584111	5.713522	6.133139
22.203154	-0.187993	-0.587478	5.713522	6.133139
22.212528	-0.187993	-0.587478	5.713522	6.126433
22.221903	-0.187993	-0.587478	5.713522	6.123081
22.231277	-0.187993	-0.587478	5.710170	6.119713
22.240654	-0.191361	-0.587478	5.710170	6.119713
22.250029	-0.194713	-0.587478	5.710170	6.123081
22.259403	-0.194713	-0.587478	5.713522	6.123081
22.268778	-0.198066	-0.590831	5.716875	6.123081
22.278152	-0.198066	-0.590831	5.720243	6.119713
22.287527	-0.201419	-0.590831	5.720243	6.123081
22.296904	-0.201419	-0.590831	5.720243	6.119713
22.306278	-0.204787	-0.590831	5.720243	6.113008
22.315653	-0.204787	-0.590831	5.713522	6.102934
22.325027	-0.201419	-0.587478	5.713522	6.102934
22.334402	-0.201419	-0.587478	5.716875	6.106287
22.343779	-0.201419	-0.587478	5.723596	6.109640
22.353153	-0.201419	-0.584111	5.726948	6.113008
22.362528	-0.201419	-0.584111	5.723596	6.113008
22.371902	-0.201419	-0.580758	5.723596	6.113008
22.381277	-0.204787	-0.580758	5.723596	6.113008
22.390654	-0.208139	-0.580758	5.720243	6.113008
22.400028	-0.208139	-0.580758	5.716875	6.113008
22.409403	-0.208139	-0.580758	5.713522	6.113008
22.418777	-0.211492	-0.577405	5.716875	6.116361
22.428152	-0.211492	-0.577405	5.720243	6.116361
22.437527	-0.214845	-0.574052	5.716875	6.119713
22.446903	-0.214845	-0.577405	5.713522	6.119713
22.456278	-0.214845	-0.577405	5.710170	6.119713
22.465652	-0.214845	-0.577405	5.706817	6.113008
22.475027	-0.214845	-0.577405	5.710170	6.106287
22.484402	-0.211492	-0.577405	5.716875	6.102934
22.493778	-0.211492	-0.577405	5.716875	6.102934
22.503153	-0.211492	-0.577405	5.710170	6.106287
22.512527	-0.214845	-0.577405	5.706817	6.109640
22.521902	-0.214845	-0.577405	5.710170	6.113008
22.531277	-0.214845	-0.580758	5.713522	6.113008
22.540651	-0.218213	-0.580758	5.716875	6.109640
22.550028	-0.221565	-0.580758	5.720243	6.109640
22.559402	-0.221565	-0.580758	5.723596	6.106287
22.568777	-0.218213	-0.580758	5.723596	6.102934
22.578152	-0.218213	-0.580758	5.716875	6.099582
22.587526	-0.214845	-0.584111	5.713522	6.106287
22.596903	-0.214845	-0.584111	5.713522	6.116361
22.606277	-0.214845	-0.584111	5.716875	6.119713
22.615652	-0.214845	-0.580758	5.716875	6.113008
22.625027	-0.218213	-0.580758	5.720243	6.109640
22.634401	-0.221565	-0.580758	5.720243	6.106287
22.643778	-0.221565	-0.577405	5.716875	6.106287
22.653152	-0.221565	-0.577405	5.716875	6.106287
22.662527	-0.221565	-0.574052	5.723596	6.106287
22.671902	-0.221565	-0.570685	5.733669	6.106287
22.681276	-0.221565	-0.570685	5.737021	6.109640
22.690651	-0.218213	-0.567332	5.737021	6.113008
22.700027	-0.221565	-0.567332	5.733669	6.116361
22.709402	-0.221565	-0.563979	5.733669	6.113008
22.718777	-0.224918	-0.563979	5.733669	6.106287
22.728151	-0.228286	-0.563979	5.737021	6.099582
22.737526	-0.231639	-0.560611	5.737021	6.099582
22.746902	-0.231639	-0.560611	5.737021	6.102934
22.756277	-0.234991	-0.560611	5.737021	6.106287
22.765652	-0.234991	-0.560611	5.737021	6.113008
22.775026	-0.234991	-0.560611	5.737021	6.116361
22.784401	-0.234991	-0.560611	5.733669	6.116361
22.793777	-0.238344	-0.557259	5.726948	6.113008
22.803152	-0.238344	-0.557259	5.726948	6.113008
22.812527	-0.238344	-0.557259	5.726948	6.116361
22.821901	-0.238344	-0.557259	5.730316	6.116361
22.831276	-0.238344	-0.557259	5.733669	6.116361
22.840651	-0.241712	-0.560611	5.733669	6.119713
22.850027	-0.245064	-0.560611	5.737021	6.126433
22.859402	-0.245064	-0.560611	5.740375	6.126433
22.868776	-0.248417	-0.560611	5.743742	6.119713
22.878151	-0.248417	-0.560611	5.743742	6.113008
22.887526	-0.248417	-0.560611	5.743742	6.106287
22.896902	-0.248417	-0.560611	5.743742	6.099582
22.906277	-0.248417	-0.563979	5.747095	6.096214
22.915651	-0.248417	-0.563979	5.753815	6.096214
22.925026	-0.248417	-0.567332	5.753815	6.099582
22.934401	-0.248417	-0.567332	5.750447	6.106287
22.943775	-0.245064	-0.567332	5.743742	6.113008
22.953152	-0.245064	-0.563979	5.747095	6.116361
22.962526	-0.245064	-0.560611	5.750447	6.109640
22.971901	-0.245064	-0.560611	5.747095	6.106287
22.981276	-0.245064	-0.563979	5.743742	6.109640
22.990650	-0.248417	-0.563979	5.743742	6.113008
23.000027	-0.248417	-0.567332	5.750447	6.116361
23.009401	-0.251785	-0.567332	5.753815	6.119713
23.018776	-0.251785	-0.567332	5.753815	6.123081
23.028151	-0.251785	-0.567332	5.753815	6.129786
23.037525	-0.251785	-0.563979	5.753815	6.129786
23.046902	-0.251785	-0.560611	5.750447	6.126433
23.056276	-0.251785	-0.557259	5.750447	6.119713
23.065651	-0.251785	-0.553906	5.750447	6.116361
23.075026	-0.255138	-0.553906	5.750447	6.119713
23.084400	-0.258490	-0.553906	5.750447	6.123081
23.093775	-0.258490	-0.553906	5.750447	6.129786
23.103151	-0.258490	-0.557259	5.753815	6.133139
23.112526	-0.258490	-0.557259	5.753815	6.133139
23.121901	-0.258490	-0.557259	5.753815	6.129786
23.131275	-0.258490	-0.557259	5.757168	6.126433
23.140650	-0.258490	-0.557259	5.757168	6.126433
23.150026	-0.261843	-0.557259	5.760521	6.126433
23.159401	-0.265211	-0.557259	5.757168	6.126433
23.168776	-0.265211	-0.557259	5.757168	6.129786
23.178150	-0.268564	-0.557259	5.757168	6.129786
23.187525	-0.268564	-0.557259	5.760521	6.129786
23.196901	-0.268564	-0.557259	5.763874	6.123081
23.206276	-0.268564	-0.553906	5.767241	6.119713
23.215651	-0.268564	-0.553906	5.763874	6.116361
23.225025	-0.268564	-0.557259	5.760521	6.113008
23.234400	-0.268564	-0.557259	5.763874	6.109640
23.243774	-0.265211	-0.557259	5.770594	6.109640
23.253151	-0.265211	-0.557259	5.780667	6.113008
23.262526	-0.261843	-0.557259	5.780667	6.116361
23.271900	-0.261843	-0.553906	5.773947	6.116361
23.281275	-0.258490	-0.550553	5.767241	6.113008
23.290649	-0.258490	-0.550553	5.767241	6.109640
23.300026	-0.261843	-0.547186	5.773947	6.106287
23.309401	-0.261843	-0.547186	5.777314	6.102934
23.318775	-0.261843	-0.543833	5.780667	6.102934
23.328150	-0.261843	-0.547186	5.773947	6.109640
23.337524	-0.261843	-0.543833	5.770594	6.113008
23.346899	-0.261843	-0.543833	5.770594	6.116361
23.356276	-0.265211	-0.543833	5.770594	6.113008
23.365650	-0.265211	-0.543833	5.773947	6.113008
23.375025	-0.265211	-0.540480	5.770594	6.113008
23.384399	-0.265211	-0.540480	5.770594	6.109640
23.393774	-0.265211	-0.540480	5.773947	6.106287
23.403151	-0.265211	-0.540480	5.777314	6.102934
23.412525	-0.265211	-0.540480	5.773947	6.106287
23.421900	-0.268564	-0.540480	5.773947	6.113008
23.431274	-0.271916	-0.543833	5.770594	6.119713
23.440649	-0.275284	-0.543833	5.773947	6.123081
23.450026	-0.275284	-0.540480	5.777314	6.119713
23.459400	-0.275284	-0.540480	5.777314	6.113008
23.468775	-0.275284	-0.540480	5.780667	6.109640
23.478149	-0.275284	-0.540480	5.780667	6.106287
23.487524	-0.271916	-0.537112	5.784020	6.106287
23.496899	-0.268564	-0.533760	5.784020	6.109640
23.506275	-0.265211	-0.533760	5.784020	6.109640
23.515650	-0.265211	-0.533760	5.784020	6.109640
23.525024	-0.261843	-0.533760	5.784020	6.106287
23.534399	-0.261843	-0.530407	5.780667	6.102934
23.543774	-0.265211	-0.530407	5.780667	6.099582
23.553150	-0.265211	-0.530407	5.780667	6.099582
23.562525	-0.265211	-0.530407	5.784020	6.102934
23.571899	-0.265211	-0.530407	5.787373	6.106287
23.581274	-0.261843	-0.530407	5.787373	6.106287
23.590649	-0.261843	-0.530407	5.787373	6.109640
23.600023	-0.261843	-0.530407	5.790740	6.109640
23.609400	-0.261843	-0.530407	5.794093	6.109640
23.618774	-0.261843	-0.530407	5.790740	6.106287
23.628149	-0.265211	-0.530407	5.787373	6.102934
23.637524	-0.265211	-0.530407	5.784020	6.099582
23.646898	-0.265211	-0.527054	5.784020	6.099582
23.656275	-0.268564	-0.527054	5.784020	6.099582
23.665649	-0.271916	-0.527054	5.787373	6.099582
23.675024	-0.271916	-0.527054	5.790740	6.106287
23.684399	-0.271916	-0.527054	5.790740	6.109640
23.693773	-0.275284	-0.527054	5.790740	6.113008
23.703150	-0.275284	-0.523686	5.784020	6.116361
23.712524	-0.275284	-0.523686	5.780667	6.116361
23.721899	-0.275284	-0.523686	5.780667	6.113008
23.731274	-0.278637	-0.523686	5.787373	6.113008
23.740648	-0.278637	-0.520334	5.790740	6.113008
23.750023	-0.278637	-0.520334	5.790740	6.113008
23.759399	-0.278637	-0.520334	5.784020	6.116361
23.768774	-0.278637	-0.520334	5.780667	6.119713
23.778149	-0.278637	-0.520334	5.780667	6.119713
23.787523	-0.275284	-0.520334	5.780667	6.116361
23.796898	-0.275284	-0.516981	5.780667	6.109640
23.806274	-0.275284	-0.516981	5.780667	6.106287
23.815649	-0.275284	-0.516981	5.787373	6.106287
23.825024	-0.275284	-0.516981	5.790740	6.109640
23.834398	-0.275284	-0.516981	5.794093	6.113008
23.843773	-0.275284	-0.520334	5.794093	6.116361
23.853149	-0.275284	-0.520334	5.794093	6.119713
23.862524	-0.275284	-0.523686	5.794093	6.119713
23.871899	-0.275284	-0.523686	5.790740	6.116361
23.881273	-0.275284	-0.523686	5.790740	6.116361
23.890648	-0.275284	-0.520334	5.787373	6.113008
23.900023	-0.278637	-0.520334	5.787373	6.116361
23.909399	-0.278637	-0.516981	5.787373	6.116361
23.918774	-0.278637	-0.516981	5.794093	6.119713
23.928148	-0.281990	-0.516981	5.790740	6.116361
23.937523	-0.281990	-0.516981	5.784020	6.116361
23.946898	-0.281990	-0.516981	5.777314	6.116361
23.956274	-0.281990	-0.516981	5.777314	6.116361
23.965649	-0.278637	-0.516981	5.780667	6.116361
23.975023	-0.278637	-0.516981	5.780667	6.113008
23.984398	-0.278637	-0.520334	5.777314	6.113008
23.993773	-0.278637	-0.516981	5.777314	6.113008
24.003147	-0.278637	-0.516981	5.777314	6.109640
24.012524	-0.278637	-0.516981	5.780667	6.102934
24.021898	-0.275284	-0.516981	5.777314	6.106287
24.031273	-0.275284	-0.513628	5.777314	6.116361
24.040648	-0.275284	-0.513628	5.780667	6.119713
24.050022	-0.275284	-0.513628	5.780667	6.113008
24.059399	-0.271916	-0.510260	5.784020	6.106287
24.068773	-0.271916	-0.510260	5.790740	6.109640
24.078148	-0.271916	-0.506908	5.797446	6.116361
24.087523	-0.275284	-0.506908	5.800814	6.119713
24.096897	-0.275284	-0.506908	5.797446	6.116361
24.106274	-0.275284	-0.503555	5.794093	6.113008
24.115648	-0.275284	-0.503555	5.790740	6.109640
24.125023	-0.275284	-0.503555	5.790740	6.106287
24.134398	-0.271916	-0.503555	5.797446	6.106287
24.143772	-0.271916	-0.503555	5.804166	6.102934
24.153147	-0.271916	-0.503555	5.807519	6.102934
24.162523	-0.271916	-0.503555	5.804166	6.099582
24.171898	-0.271916	-0.503555	5.800814	6.102934
24.181273	-0.271916	-0.503555	5.800814	6.109640
24.190647	-0.271916	-0.500187	5.797446	6.113008
24.200022	-0.275284	-0.500187	5.797446	6.116361
24.209398	-0.275284	-0.500187	5.800814	6.116361
24.218773	-0.278637	-0.500187	5.804166	6.116361
24.228148	-0.278637	-0.496835	5.804166	6.116361
24.237522	-0.278637	-0.496835	5.807519	6.116361
24.246897	-0.281990	-0.493482	5.807519	6.116361
24.256273	-0.281990	-0.493482	5.807519	6.119713
24.265648	-0.281990	-0.490129	5.804166	6.119713
24.275023	-0.281990	-0.490129	5.797446	6.113008
24.284397	-0.281990	-0.490129	5.794093	6.109640
24.293772	-0.278637	-0.486761	5.794093	6.102934
24.303146	-0.278637	-0.483409	5.794093	6.102934
24.312523	-0.278637	-0.483409	5.794093	6.102934
24.321898	-0.275284	-0.483409	5.797446	6.106287
24.331272	-0.275284	-0.486761	5.800814	6.109640
24.340647	-0.278637	-0.486761	5.804166	6.113008
24.350021	-0.278637	-0.486761	5.810872	6.109640
24.359398	-0.278637	-0.486761	5.807519	6.106287
24.368773	-0.278637	-0.486761	5.804166	6.106287
24.378147	-0.275284	-0.486761	5.797446	6.106287
24.387522	-0.275284	-0.486761	5.800814	6.109640
24.396896	-0.271916	-0.490129	5.810872	6.109640
24.406271	-0.271916	-0.486761	5.814240	6.106287
24.415648	-0.271916	-0.483409	5.810872	6.102934
24.425022	-0.268564	-0.480056	5.807519	6.102934
24.434397	-0.268564	-0.480056	5.804166	6.102934
24.443771	-0.268564	-0.480056	5.804166	6.099582
24.453146	-0.268564	-0.480056	5.800814	6.096214
24.462523	-0.268564	-0.480056	5.800814	6.092861
24.471897	-0.268564	-0.483409	5.804166	6.096214
24.481272	-0.268564	-0.483409	5.810872	6.092861
24.490646	-0.271916	-0.480056	5.814240	6.092861
24.500021	-0.275284	-0.480056	5.817592	6.096214
24.509398	-0.275284	-0.476688	5.817592	6.106287
24.518772	-0.275284	-0.476688	5.817592	6.109640
24.528147	-0.275284	-0.476688	5.814240	6.106287
24.537521	-0.275284	-0.476688	5.817592	6.102934
24.546896	-0.275284	-0.473335	5.820945	6.102934
24.556271	-0.271916	-0.469983	5.820945	6.106287
24.565647	-0.271916	-0.469983	5.820945	6.106287
24.575022	-0.271916	-0.469983	5.820945	6.102934
24.584396	-0.271916	-0.469983	5.820945	6.102934
24.593771	-0.268564	-0.469983	5.820945	6.099582
24.603146	-0.265211	-0.469983	5.824298	6.099582
24.612522	-0.268564	-0.469983	5.827665	6.096214
24.621897	-0.265211	-0.469983	5.827665	6.092861
24.631271	-0.265211	-0.469983	5.824298	6.089509
24.640646	-0.265211	-0.473335	5.820945	6.089509
24.650021	-0.261843	-0.473335	5.824298	6.089509
24.659395	-0.261843	-0.473335	5.827665	6.089509
24.668772	-0.261843	-0.473335	5.827665	6.086141
24.678146	-0.261843	-0.476688	5.824298	6.086141
24.687521	-0.261843	-0.480056	5.820945	6.082788
24.696896	-0.261843	-0.480056	5.820945	6.079435
24.706270	-0.258490	-0.483409	5.817592	6.072715
24.715647	-0.258490	-0.486761	5.814240	6.069362
24.725021	-0.255138	-0.490129	5.817592	6.069362
24.734396	-0.255138	-0.490129	5.824298	6.072715
24.743771	-0.255138	-0.493482	5.824298	6.069362
24.753145	-0.255138	-0.496835	5.820945	6.066010
24.762522	-0.251785	-0.500187	5.810872	6.066010
24.771896	-0.251785	-0.503555	5.804166	6.066010
24.781271	-0.251785	-0.503555	5.804166	6.062642
24.790646	-0.251785	-0.506908	5.807519	6.062642
24.800020	-0.251785	-0.510260	5.810872	6.062642
24.809395	-0.248417	-0.513628	5.810872	6.059289
24.818771	-0.248417	-0.516981	5.807519	6.059289
24.828146	-0.248417	-0.520334	5.810872	6.055936
24.837521	-0.248417	-0.523686	5.814240	6.062642
24.846895	-0.248417	-0.530407	5.814240	6.062642
24.856270	-0.248417	-0.533760	5.814240	6.062642
24.865646	-0.248417	-0.533760	5.814240	6.055936
24.875021	-0.248417	-0.537112	5.817592	6.049216
24.884396	-0.251785	-0.537112	5.817592	6.045863
24.893770	-0.251785	-0.540480	5.820945	6.045863
24.903145	-0.251785	-0.540480	5.824298	6.049216
24.912521	-0.251785	-0.540480	5.824298	6.049216
24.921896	-0.251785	-0.537112	5.820945	6.045863
24.931271	-0.251785	-0.530407	5.817592	6.042510
24.940645	-0.251785	-0.523686	5.817592	6.042510
24.950020	-0.255138	-0.506908	5.817592	6.039143
24.959394	-0.258490	-0.486761	5.817592	6.035790
24.968771	-0.258490	-0.459909	5.814240	6.032437
24.978146	-0.261843	-0.422984	5.814240	6.032437
24.987520	-0.261843	-0.382707	5.814240	6.035790
24.996895	-0.265211	-0.335708	5.817592	6.039143
25.006269	-0.265211	-0.275284	5.820945	6.032437
25.015646	-0.268564	-0.204787	5.817592	6.025717
25.025021	-0.268564	-0.124216	5.814240	6.015658
25.034395	-0.271916	-0.033572	5.810872	6.008938
25.043770	-0.271916	0.077203	5.810872	5.995512
25.053144	-0.275284	0.198051	5.810872	5.985439
25.062519	-0.275284	0.332326	5.810872	5.978718
25.071896	-0.278637	0.476673	5.807519	5.978718
25.081270	-0.281990	0.631094	5.807519	5.978718
25.090645	-0.281990	0.792235	5.807519	5.978718
25.100019	-0.285342	0.956729	5.804166	5.978718
25.109394	-0.285342	1.124576	5.797446	5.978718
25.118771	-0.288710	1.292422	5.797446	5.982086
25.128145	-0.292063	1.456916	5.800814	5.992159
25.137520	-0.295416	1.618043	5.804166	6.005585
25.146894	-0.302136	1.775816	5.800814	6.022364
25.156269	-0.305489	1.933604	5.797446	6.039143
25.165646	-0.308841	2.088010	5.794093	6.052584
25.175020	-0.312209	2.239078	5.794093	6.066010
25.184395	-0.318915	2.390146	5.797446	6.076083
25.193769	-0.322267	2.541199	5.794093	6.089509
25.203144	-0.325635	2.688915	5.787373	6.106287
25.212519	-0.332341	2.836615	5.784020	6.123081
25.221895	-0.335708	2.980962	5.787373	6.143212
25.231270	-0.339061	3.152177	5.790740	6.166711
25.240644	-0.342414	3.279731	5.787373	6.183505
25.250019	-0.342414	3.397226	5.780667	6.193563
25.259394	-0.345767	3.491223	5.773947	6.200284
25.268770	-0.342414	3.561720	5.770594	6.200284
25.278145	-0.339061	3.598645	5.767241	6.207004
25.287519	-0.328988	3.595293	5.760521	6.210357
25.296894	-0.315562	3.548294	5.757168	6.213710
25.306269	-0.295416	3.444225	5.753815	6.217062
25.315645	-0.271916	3.289804	5.750447	6.220430
25.325020	-0.241712	3.081679	5.750447	6.230503
25.334394	-0.198066	2.836615	5.753815	6.230503
25.343769	-0.147715	2.568066	5.753815	6.223783
25.353144	-0.083938	2.296150	5.750447	6.210357
25.362518	-0.013441	2.027586	5.747095	6.203637
25.371895	0.073850	1.779184	5.747095	6.200284
25.381269	0.174552	1.554266	5.743742	6.200284
25.390644	0.288695	1.356199	5.740375	6.200284
25.400019	0.412896	1.185000	5.740375	6.193563
25.409393	0.550538	1.037285	5.747095	6.183505
25.418770	0.698239	0.909731	5.753815	6.180138
25.428144	0.856012	0.798941	5.763874	6.180138
25.437519	1.013786	0.704959	5.777314	6.173432
25.446894	1.178280	0.621036	5.787373	6.163359
25.456268	1.342773	0.547171	5.800814	6.156638
25.465643	1.507267	0.483394	5.820945	6.149933
25.475019	1.668394	0.422969	5.847797	6.149933
25.484394	1.829535	0.369251	5.874663	6.146565
25.493769	1.987308	0.322267	5.894795	6.146565
25.503143	2.145082	0.278622	5.918294	6.146565
25.512518	2.299502	0.241697	5.945161	6.143212
25.521894	2.450571	0.208125	5.972013	6.136507
25.531269	2.598271	0.177905	5.998865	6.129786
25.540644	2.749339	0.147700	6.022364	6.123081
25.550018	2.900407	0.120848	6.049216	6.119713
25.559393	3.048107	0.097349	6.082788	6.116361
25.568769	3.192455	0.073850	6.116361	6.116361
25.578144	3.333449	0.050351	6.146565	6.116361
25.587519	3.467724	0.026852	6.180138	6.113008
25.596893	3.591925	0.006706	6.207004	6.109640
25.606268	3.695995	-0.010073	6.233856	6.113008
25.615643	3.776565	-0.026867	6.260708	6.116361
25.625019	3.823564	-0.046998	6.280854	6.119713
25.634394	3.826916	-0.060439	6.287560	6.119713
25.643768	3.776565	-0.073865	6.280854	6.119713
25.653143	3.665790	-0.087291	6.274134	6.119713
25.662518	3.504649	-0.100717	6.260708	6.119713
25.671894	3.293157	-0.114143	6.237209	6.116361
25.681269	3.051460	-0.127569	6.200284	6.116361
25.690643	2.789617	-0.140995	6.163359	6.113008
25.700018	2.524421	-0.151068	6.129786	6.106287
25.709393	2.265930	-0.164494	6.096214	6.106287
25.718767	2.024233	-0.177920	6.066010	6.109640
25.728144	1.802683	-0.187993	6.042510	6.113008
25.737518	1.601264	-0.194713	6.022364	6.109640
25.746893	1.426697	-0.204787	6.005585	6.106287
25.756268	1.275629	-0.214845	5.992159	6.106287
25.765642	1.141354	-0.221565	5.985439	6.109640
25.775019	1.027226	-0.231639	5.975366	6.109640
25.784393	0.926509	-0.238344	5.965292	6.109640
25.793768	0.839233	-0.248417	5.958587	6.109640
25.803143	0.762016	-0.255138	5.955219	6.113008
25.812517	0.694886	-0.258490	5.948514	6.109640
25.821894	0.637814	-0.265211	5.938440	6.109640
25.831268	0.584096	-0.271916	5.935088	6.106287
25.840643	0.533745	-0.275284	5.931720	6.102934
25.850018	0.490114	-0.278637	5.928368	6.102934
25.859392	0.449821	-0.281990	5.921662	6.106287
25.868767	0.412896	-0.281990	5.918294	6.106287
25.878143	0.379324	-0.285342	5.921662	6.099582
25.887518	0.345752	-0.292063	5.921662	6.096214
25.896893	0.312194	-0.298783	5.918294	6.102934
25.906267	0.281975	-0.302136	5.921662	6.109640
25.915642	0.251770	-0.308841	5.925014	6.109640
25.925018	0.228271	-0.312209	5.928368	6.102934
25.934393	0.208125	-0.315562	5.921662	6.099582
25.943768	0.187978	-0.318915	5.914941	6.102934
25.953142	0.164479	-0.325635	5.914941	6.106287
25.962517	0.144348	-0.328988	5.911589	6.106287
25.971893	0.120848	-0.335708	5.908236	6.102934
25.981268	0.107422	-0.339061	5.904868	6.099582
25.990643	0.090629	-0.345767	5.901515	6.099582
26.000017	0.080556	-0.349134	5.901515	6.099582
26.009392	0.070482	-0.352487	5.901515	6.099582
26.018766	0.057057	-0.355840	5.908236	6.096214
26.028143	0.043631	-0.359207	5.908236	6.092861
26.037518	0.030205	-0.362560	5.904868	6.092861
26.046892	0.016779	-0.365913	5.901515	6.099582
26.056267	0.006706	-0.369266	5.908236	6.106287
26.065641	-0.003368	-0.372633	5.911589	6.102934
26.075018	-0.013441	-0.375986	5.908236	6.096214
26.084393	-0.023499	-0.379339	5.904868	6.096214
26.093767	-0.030220	-0.382707	5.904868	6.096214
26.103142	-0.040293	-0.382707	5.904868	6.092861
26.112516	-0.046998	-0.386059	5.904868	6.089509
26.121891	-0.053719	-0.389412	5.904868	6.092861
26.131268	-0.060439	-0.389412	5.908236	6.092861
26.140642	-0.070497	-0.392765	5.911589	6.092861
26.150017	-0.077218	-0.396132	5.908236	6.092861
26.159391	-0.083938	-0.402838	5.911589	6.092861
26.168766	-0.093997	-0.406206	5.914941	6.089509
26.178143	-0.100717	-0.409558	5.914941	6.086141
26.187517	-0.107422	-0.412911	5.911589	6.082788
26.196892	-0.114143	-0.416264	5.908236	6.089509
26.206266	-0.120863	-0.419632	5.908236	6.092861
26.215641	-0.124216	-0.422984	5.904868	6.092861
26.225018	-0.130922	-0.422984	5.908236	6.089509
26.234392	-0.134289	-0.426337	5.911589	6.092861
26.243767	-0.140995	-0.429690	5.911589	6.092861
26.253141	-0.147715	-0.433058	5.908236	6.092861
26.262516	-0.151068	-0.433058	5.908236	6.092861
26.271891	-0.157788	-0.436410	5.908236	6.092861
26.281267	-0.161141	-0.439763	5.908236	6.092861
26.290642	-0.167862	-0.439763	5.908236	6.096214
26.300016	-0.174567	-0.443131	5.908236	6.099582
26.309391	-0.181288	-0.446483	5.911589	6.099582
26.318766	-0.184640	-0.449836	5.914941	6.096214
26.328142	-0.187993	-0.449836	5.911589	6.089509
26.337517	-0.191361	-0.453189	5.911589	6.089509
26.346891	-0.198066	-0.453189	5.911589	6.092861
26.356266	-0.201419	-0.456557	5.914941	6.089509
26.365641	-0.204787	-0.456557	5.911589	6.089509
26.375017	-0.208139	-0.459909	5.911589	6.096214
26.384392	-0.211492	-0.459909	5.911589	6.099582
26.393766	-0.214845	-0.463262	5.914941	6.099582
26.403141	-0.214845	-0.466630	5.918294	6.096214
26.412516	-0.221565	-0.466630	5.918294	6.092861
26.421890	-0.224918	-0.466630	5.918294	6.092861
26.431267	-0.224918	-0.466630	5.914941	6.086141
26.440641	-0.228286	-0.466630	5.911589	6.086141
26.450016	-0.228286	-0.469983	5.908236	6.086141
26.459391	-0.231639	-0.469983	5.904868	6.089509
26.468765	-0.238344	-0.473335	5.901515	6.086141
26.478142	-0.241712	-0.476688	5.904868	6.086141
26.487516	-0.248417	-0.476688	5.908236	6.089509
26.496891	-0.248417	-0.480056	5.911589	6.089509
26.506266	-0.251785	-0.480056	5.908236	6.089509
26.515640	-0.251785	-0.480056	5.901515	6.092861
26.525015	-0.251785	-0.480056	5.901515	6.096214
26.534391	-0.255138	-0.483409	5.901515	6.096214
26.543766	-0.258490	-0.483409	5.901515	6.099582
26.553141	-0.261843	-0.486761	5.894795	6.099582
26.562515	-0.265211	-0.490129	5.898163	6.099582
26.571890	-0.268564	-0.490129	5.904868	6.092861
26.581266	-0.271916	-0.490129	5.911589	6.089509
26.590641	-0.275284	-0.490129	5.914941	6.089509
26.600016	-0.278637	-0.493482	5.914941	6.092861
26.609390	-0.281990	-0.493482	5.914941	6.092861
26.618765	-0.278637	-0.493482	5.914941	6.089509
26.628141	-0.281990	-0.496835	5.911589	6.089509
26.637516	-0.281990	-0.496835	5.914941	6.089509
26.646891	-0.281990	-0.496835	5.914941	6.089509
26.656265	-0.281990	-0.496835	5.914941	6.086141
26.665640	-0.281990	-0.496835	5.914941	6.086141
26.675014	-0.281990	-0.500187	5.914941	6.086141
26.684391	-0.281990	-0.503555	5.914941	6.089509
26.693766	-0.285342	-0.503555	5.911589	6.089509
26.703140	-0.285342	-0.503555	5.911589	6.089509
26.712515	-0.288710	-0.503555	5.914941	6.086141
26.721889	-0.288710	-0.500187	5.918294	6.086141
26.731266	-0.292063	-0.500187	5.918294	6.082788
26.740641	-0.292063	-0.500187	5.918294	6.082788
26.750015	-0.292063	-0.500187	5.914941	6.079435
26.759390	-0.295416	-0.503555	5.911589	6.079435
26.768764	-0.302136	-0.503555	5.908236	6.082788
26.778139	-0.305489	-0.506908	5.911589	6.086141
26.787516	-0.308841	-0.506908	5.914941	6.086141
26.796890	-0.308841	-0.506908	5.918294	6.082788
26.806265	-0.308841	-0.506908	5.918294	6.082788
26.815639	-0.312209	-0.506908	5.918294	6.086141
26.825014	-0.315562	-0.506908	5.921662	6.086141
26.834391	-0.315562	-0.506908	5.921662	6.086141
26.843765	-0.318915	-0.510260	5.921662	6.082788
26.853140	-0.322267	-0.510260	5.921662	6.079435
26.862514	-0.322267	-0.510260	5.921662	6.079435
26.871889	-0.325635	-0.513628	5.918294	6.079435
26.881266	-0.328988	-0.513628	5.914941	6.079435
26.890640	-0.332341	-0.516981	5.914941	6.082788
26.900015	-0.335708	-0.516981	5.914941	6.082788
26.909389	-0.339061	-0.520334	5.914941	6.079435
26.918764	-0.339061	-0.520334	5.914941	6.079435
26.928139	-0.342414	-0.523686	5.914941	6.079435
26.937515	-0.342414	-0.523686	5.914941	6.082788
26.946890	-0.342414	-0.527054	5.914941	6.086141
26.956264	-0.342414	-0.527054	5.918294	6.086141
26.965639	-0.342414	-0.527054	5.925014	6.082788
26.975014	-0.342414	-0.527054	5.925014	6.079435
26.984390	-0.345767	-0.527054	5.925014	6.082788
26.993765	-0.345767	-0.527054	5.928368	6.082788
27.003139	-0.349134	-0.527054	5.931720	6.079435
27.012514	-0.352487	-0.527054	5.938440	6.079435
27.021889	-0.352487	-0.527054	5.935088	6.079435
27.031265	-0.352487	-0.523686	5.928368	6.079435
27.040640	-0.352487	-0.527054	5.925014	6.079435
27.050014	-0.349134	-0.527054	5.925014	6.072715
27.059389	-0.349134	-0.530407	5.928368	6.069362
27.068764	-0.349134	-0.530407	5.928368	6.069362
27.078138	-0.349134	-0.533760	5.928368	6.069362
27.087515	-0.352487	-0.533760	5.921662	6.069362
27.096889	-0.352487	-0.533760	5.918294	6.072715
27.106264	-0.352487	-0.533760	5.918294	6.076083
27.115639	-0.352487	-0.533760	5.914941	6.076083
27.125013	-0.355840	-0.537112	5.914941	6.072715
27.134390	-0.359207	-0.537112	5.914941	6.069362
27.143764	-0.362560	-0.537112	5.914941	6.066010
27.153139	-0.362560	-0.537112	5.914941	6.066010
27.162514	-0.365913	-0.537112	5.914941	6.066010
27.171888	-0.369266	-0.537112	5.914941	6.072715
27.181263	-0.369266	-0.537112	5.918294	6.072715
27.190639	-0.369266	-0.537112	5.918294	6.072715
27.200014	-0.369266	-0.537112	5.914941	6.076083
27.209389	-0.372633	-0.540480	5.914941	6.079435
27.218763	-0.372633	-0.540480	5.914941	6.079435
27.228138	-0.372633	-0.543833	5.914941	6.079435
27.237514	-0.372633	-0.543833	5.911589	6.079435
27.246889	-0.375986	-0.543833	5.911589	6.082788
27.256264	-0.375986	-0.547186	5.911589	6.082788
27.265638	-0.375986	-0.547186	5.911589	6.079435
27.275013	-0.375986	-0.547186	5.918294	6.079435
27.284389	-0.372633	-0.547186	5.925014	6.079435
27.293764	-0.372633	-0.547186	5.928368	6.076083
27.303139	-0.372633	-0.543833	5.928368	6.079435
27.312513	-0.372633	-0.547186	5.931720	6.079435
27.321888	-0.372633	-0.547186	5.935088	6.076083
27.331263	-0.375986	-0.547186	5.935088	6.072715
27.340639	-0.379339	-0.547186	5.931720	6.072715
27.350014	-0.382707	-0.547186	5.931720	6.072715
27.359388	-0.382707	-0.547186	5.931720	6.072715
27.368763	-0.382707	-0.547186	5.931720	6.072715
27.378138	-0.382707	-0.547186	5.928368	6.079435
27.387514	-0.382707	-0.547186	5.928368	6.079435
27.396889	-0.382707	-0.543833	5.928368	6.076083
27.406263	-0.382707	-0.543833	5.925014	6.072715
27.415638	-0.382707	-0.547186	5.921662	6.079435
27.425013	-0.382707	-0.547186	5.918294	6.086141
27.434389	-0.386059	-0.547186	5.918294	6.086141
27.443764	-0.386059	-0.547186	5.918294	6.082788
27.453138	-0.392765	-0.547186	5.914941	6.082788
27.462513	-0.392765	-0.547186	5.918294	6.082788
27.471888	-0.396132	-0.543833	5.921662	6.082788
27.481262	-0.399485	-0.543833	5.921662	6.079435
27.490639	-0.399485	-0.543833	5.921662	6.076083
27.500013	-0.402838	-0.543833	5.921662	6.072715
27.509388	-0.402838	-0.543833	5.921662	6.069362
27.518763	-0.399485	-0.543833	5.918294	6.069362
27.528137	-0.399485	-0.543833	5.921662	6.072715
27.537514	-0.399485	-0.543833	5.928368	6.072715
27.546888	-0.399485	-0.547186	5.931720	6.066010
27.556263	-0.399485	-0.550553	5.931720	6.059289
27.565638	-0.399485	-0.550553	5.931720	6.059289
27.575012	-0.402838	-0.553906	5.931720	6.066010
27.584387	-0.402838	-0.553906	5.925014	6.069362
27.593763	-0.402838	-0.553906	5.925014	6.072715
27.603138	-0.406206	-0.553906	5.928368	6.076083
27.612513	-0.409558	-0.553906	5.935088	6.076083
27.621887	-0.409558	-0.553906	5.938440	6.069362
27.631262	-0.412911	-0.550553	5.938440	6.069362
27.640638	-0.412911	-0.550553	5.935088	6.072715
27.650013	-0.412911	-0.547186	5.935088	6.072715
27.659388	-0.416264	-0.547186	5.935088	6.072715
27.668762	-0.419632	-0.547186	5.935088	6.072715
27.678137	-0.419632	-0.543833	5.938440	6.072715
27.687513	-0.422984	-0.543833	5.935088	6.072715
27.696888	-0.422984	-0.543833	5.935088	6.069362
27.706263	-0.426337	-0.543833	5.938440	6.069362
27.715637	-0.426337	-0.543833	5.941793	6.072715
27.725012	-0.429690	-0.543833	5.941793	6.072715
27.734386	-0.429690	-0.547186	5.935088	6.072715
27.743763	-0.429690	-0.543833	5.931720	6.069362
27.753138	-0.429690	-0.543833	5.928368	6.069362
27.762512	-0.429690	-0.543833	5.928368	6.066010
27.771887	-0.429690	-0.543833	5.928368	6.066010
27.781261	-0.429690	-0.543833	5.931720	6.069362
27.790638	-0.429690	-0.547186	5.935088	6.066010
27.800013	-0.429690	-0.550553	5.931720	6.062642
27.809387	-0.433058	-0.550553	5.928368	6.066010
27.818762	-0.433058	-0.553906	5.928368	6.069362
27.828136	-0.436410	-0.553906	5.935088	6.072715
27.837511	-0.433058	-0.553906	5.935088	6.072715
27.846888	-0.433058	-0.553906	5.931720	6.076083
27.856262	-0.433058	-0.553906	5.928368	6.079435
27.865637	-0.436410	-0.553906	5.931720	6.079435
27.875011	-0.439763	-0.550553	5.931720	6.072715
27.884386	-0.443131	-0.553906	5.931720	6.066010
27.893763	-0.446483	-0.553906	5.935088	6.066010
27.903137	-0.446483	-0.553906	5.935088	6.066010
27.912512	-0.443131	-0.553906	5.935088	6.069362
27.921886	-0.443131	-0.553906	5.931720	6.069362
27.931261	-0.443131	-0.553906	5.931720	6.069362
27.940638	-0.443131	-0.553906	5.931720	6.066010
27.950012	-0.446483	-0.553906	5.931720	6.059289
27.959387	-0.446483	-0.553906	5.931720	6.055936
27.968761	-0.449836	-0.553906	5.938440	6.055936
27.978136	-0.453189	-0.553906	5.941793	6.059289
27.987511	-0.453189	-0.553906	5.935088	6.059289
27.996887	-0.456557	-0.553906	5.925014	6.062642
28.006262	-0.456557	-0.553906	5.921662	6.066010
28.015636	-0.456557	-0.553906	5.925014	6.069362
28.025011	-0.456557	-0.553906	5.925014	6.066010
28.034386	-0.456557	-0.557259	5.925014	6.066010
28.043762	-0.459909	-0.563979	5.928368	6.066010
28.053137	-0.459909	-0.563979	5.931720	6.062642
28.062511	-0.459909	-0.563979	5.928368	6.066010
28.071886	-0.459909	-0.563979	5.925014	6.072715
28.081261	-0.459909	-0.560611	5.928368	6.079435
28.090637	-0.456557	-0.560611	5.931720	6.072715
28.100012	-0.456557	-0.560611	5.935088	6.069362
28.109386	-0.456557	-0.560611	5.938440	6.066010
28.118761	-0.456557	-0.560611	5.938440	6.069362
28.128136	-0.456557	-0.560611	5.935088	6.069362
28.137510	-0.459909	-0.560611	5.935088	6.069362
28.146887	-0.459909	-0.560611	5.938440	6.069362
28.156261	-0.463262	-0.563979	5.938440	6.069362
28.165636	-0.463262	-0.563979	5.938440	6.069362
28.175011	-0.463262	-0.567332	5.938440	6.066010
28.184385	-0.463262	-0.567332	5.941793	6.066010
28.193762	-0.466630	-0.570685	5.945161	6.066010
28.203136	-0.466630	-0.570685	5.945161	6.066010
28.212511	-0.466630	-0.570685	5.941793	6.069362
28.221886	-0.466630	-0.570685	5.945161	6.072715
28.231260	-0.466630	-0.570685	5.945161	6.069362
28.240635	-0.466630	-0.570685	5.945161	6.066010
28.250011	-0.463262	-0.574052	5.945161	6.066010
28.259386	-0.466630	-0.574052	5.945161	6.069362
28.268761	-0.466630	-0.570685	5.945161	6.069362
28.278135	-0.466630	-0.570685	5.945161	6.062642
28.287510	-0.469983	-0.570685	5.945161	6.059289
28.296886	-0.473335	-0.567332	5.948514	6.059289
28.306261	-0.473335	-0.567332	5.951867	6.059289
28.315636	-0.473335	-0.567332	5.951867	6.066010
28.325010	-0.473335	-0.563979	5.948514	6.072715
28.334385	-0.473335	-0.567332	5.945161	6.079435
28.343761	-0.473335	-0.567332	5.945161	6.079435
28.353136	-0.476688	-0.567332	5.941793	6.076083
28.362511	-0.476688	-0.567332	5.941793	6.072715
28.371885	-0.476688	-0.570685	5.941793	6.069362
28.381260	-0.476688	-0.570685	5.941793	6.069362
28.390635	-0.476688	-0.574052	5.945161	6.069362
28.400011	-0.480056	-0.574052	5.948514	6.069362
28.409386	-0.480056	-0.574052	5.948514	6.072715
28.418760	-0.480056	-0.574052	5.945161	6.076083
28.428135	-0.483409	-0.574052	5.945161	6.076083
28.437510	-0.483409	-0.577405	5.945161	6.072715
28.446886	-0.483409	-0.577405	5.948514	6.069362
28.456261	-0.483409	-0.580758	5.948514	6.066010
28.465635	-0.483409	-0.580758	5.945161	6.069362
28.475010	-0.483409	-0.580758	5.941793	6.072715
28.484385	-0.483409	-0.580758	5.935088	6.076083
28.493759	-0.483409	-0.580758	5.938440	6.072715
28.503136	-0.483409	-0.580758	5.938440	6.072715
28.512510	-0.483409	-0.580758	5.938440	6.069362
28.521885	-0.483409	-0.577405	5.938440	6.066010
28.531260	-0.483409	-0.577405	5.938440	6.062642
28.540634	-0.483409	-0.577405	5.941793	6.059289
28.550011	-0.486761	-0.577405	5.941793	6.066010
28.559385	-0.486761	-0.577405	5.941793	6.072715
28.568760	-0.486761	-0.577405	5.941793	6.076083
28.578135	-0.490129	-0.577405	5.938440	6.076083
28.587509	-0.490129	-0.577405	5.938440	6.072715
28.596886	-0.490129	-0.577405	5.935088	6.076083
28.606260	-0.493482	-0.577405	5.931720	6.079435
28.615635	-0.493482	-0.577405	5.931720	6.079435
28.625010	-0.490129	-0.577405	5.935088	6.076083
28.634384	-0.490129	-0.577405	5.935088	6.072715
28.643759	-0.490129	-0.577405	5.931720	6.072715
28.653135	-0.486761	-0.577405	5.931720	6.076083
28.662510	-0.486761	-0.580758	5.931720	6.076083
28.671885	-0.483409	-0.577405	5.931720	6.079435
28.681259	-0.483409	-0.577405	5.931720	6.079435
28.690634	-0.483409	-0.574052	5.928368	6.076083
28.700010	-0.486761	-0.574052	5.928368	6.069362
28.709385	-0.486761	-0.574052	5.931720	6.066010
28.718760	-0.483409	-0.577405	5.938440	6.069362
28.728134	-0.483409	-0.580758	5.945161	6.072715
28.737509	-0.486761	-0.580758	5.948514	6.076083
28.746885	-0.486761	-0.580758	5.951867	6.076083
28.756260	-0.490129	-0.580758	5.955219	6.072715
28.765635	-0.490129	-0.580758	5.951867	6.072715
28.775009	-0.493482	-0.580758	5.951867	6.076083
28.784384	-0.493482	-0.580758	5.955219	6.076083
28.793758	-0.493482	-0.580758	5.958587	6.076083
28.803135	-0.493482	-0.577405	5.961940	6.072715
28.812510	-0.493482	-0.577405	5.958587	6.069362
28.821884	-0.490129	-0.580758	5.955219	6.069362
28.831259	-0.490129	-0.577405	5.955219	6.069362
28.840633	-0.486761	-0.577405	5.955219	6.066010
28.850010	-0.486761	-0.574052	5.955219	6.062642
28.859385	-0.486761	-0.577405	5.955219	6.059289
28.868759	-0.490129	-0.577405	5.958587	6.059289
28.878134	-0.493482	-0.577405	5.961940	6.055936
28.887508	-0.496835	-0.580758	5.961940	6.059289
28.896883	-0.496835	-0.580758	5.961940	6.062642
28.906260	-0.500187	-0.580758	5.958587	6.062642
28.915634	-0.500187	-0.580758	5.955219	6.062642
28.925009	-0.500187	-0.580758	5.955219	6.059289
28.934383	-0.500187	-0.580758	5.955219	6.059289
28.943758	-0.500187	-0.580758	5.955219	6.059289
28.953135	-0.500187	-0.580758	5.955219	6.059289
28.962509	-0.500187	-0.577405	5.958587	6.059289
28.971884	-0.500187	-0.574052	5.968660	6.059289
28.981258	-0.496835	-0.574052	5.972013	6.059289
28.990633	-0.496835	-0.574052	5.968660	6.059289
29.000010	-0.500187	-0.574052	5.965292	6.059289
29.009384	-0.500187	-0.574052	5.961940	6.055936
29.018759	-0.500187	-0.574052	5.961940	6.052584
29.028133	-0.503555	-0.577405	5.958587	6.049216
29.037508	-0.503555	-0.577405	5.958587	6.052584
29.046883	-0.500187	-0.577405	5.961940	6.055936
29.056259	-0.500187	-0.577405	5.961940	6.052584
29.065634	-0.500187	-0.577405	5.961940	6.045863
29.075008	-0.500187	-0.577405	5.958587	6.045863
29.084383	-0.503555	-0.574052	5.958587	6.052584
29.093758	-0.503555	-0.577405	5.958587	6.055936
29.103134	-0.503555	-0.577405	5.961940	6.055936
29.112509	-0.503555	-0.577405	5.965292	6.055936
29.121883	-0.503555	-0.580758	5.965292	6.059289
29.131258	-0.503555	-0.580758	5.965292	6.055936
29.140633	-0.503555	-0.580758	5.965292	6.052584
29.150009	-0.503555	-0.580758	5.968660	6.055936
29.159384	-0.503555	-0.580758	5.968660	6.062642
29.168758	-0.503555	-0.580758	5.965292	6.066010
29.178133	-0.503555	-0.580758	5.961940	6.062642
29.187508	-0.503555	-0.580758	5.961940	6.062642
29.196882	-0.503555	-0.580758	5.965292	6.059289
29.206259	-0.503555	-0.580758	5.965292	6.059289
29.215633	-0.503555	-0.584111	5.968660	6.059289
29.225008	-0.506908	-0.584111	5.968660	6.062642
29.234383	-0.510260	-0.587478	5.972013	6.062642
29.243757	-0.510260	-0.587478	5.968660	6.059289
29.253134	-0.513628	-0.587478	5.965292	6.062642
29.262508	-0.513628	-0.587478	5.968660	6.062642
29.271883	-0.510260	-0.587478	5.972013	6.062642
29.281258	-0.513628	-0.584111	5.975366	6.062642
29.290632	-0.513628	-0.584111	5.972013	6.066010
29.300007	-0.513628	-0.584111	5.972013	6.072715
29.309383	-0.513628	-0.584111	5.972013	6.076083
29.318758	-0.510260	-0.580758	5.975366	6.072715
29.328133	-0.510260	-0.580758	5.972013	6.069362
29.337507	-0.510260	-0.577405	5.972013	6.066010
29.346882	-0.510260	-0.577405	5.972013	6.062642
29.356258	-0.506908	-0.574052	5.972013	6.055936
29.365633	-0.506908	-0.577405	5.972013	6.055936
29.375008	-0.506908	-0.577405	5.975366	6.059289
29.384382	-0.506908	-0.577405	5.975366	6.059289
29.393757	-0.510260	-0.580758	5.975366	6.059289
29.403133	-0.510260	-0.580758	5.975366	6.055936
29.412508	-0.513628	-0.584111	5.975366	6.052584
29.421883	-0.513628	-0.587478	5.972013	6.049216
29.431257	-0.510260	-0.587478	5.972013	6.045863
29.440632	-0.510260	-0.587478	5.972013	6.045863
29.450006	-0.510260	-0.584111	5.978718	6.045863
29.459383	-0.510260	-0.580758	5.978718	6.042510
29.468758	-0.510260	-0.577405	5.975366	6.039143
29.478132	-0.510260	-0.577405	5.978718	6.039143
29.487507	-0.506908	-0.577405	5.982086	6.042510
29.496881	-0.506908	-0.577405	5.985439	6.042510
29.506258	-0.506908	-0.577405	5.985439	6.039143
29.515633	-0.506908	-0.580758	5.982086	6.042510
29.525007	-0.506908	-0.580758	5.982086	6.045863
29.534382	-0.506908	-0.584111	5.982086	6.049216
29.543756	-0.510260	-0.584111	5.985439	6.049216
29.553131	-0.510260	-0.584111	5.988791	6.052584
29.562508	-0.510260	-0.584111	5.988791	6.055936
29.571882	-0.510260	-0.584111	5.988791	6.059289
29.581257	-0.506908	-0.584111	5.985439	6.062642
29.590631	-0.506908	-0.584111	5.985439	6.062642
29.600006	-0.506908	-0.584111	5.982086	6.066010
29.609383	-0.506908	-0.584111	5.982086	6.059289
29.618757	-0.506908	-0.580758	5.985439	6.055936
29.628132	-0.510260	-0.580758	5.992159	6.055936
29.637506	-0.510260	-0.577405	5.998865	6.059289
29.646881	-0.513628	-0.577405	5.998865	6.062642
29.656258	-0.513628	-0.577405	5.995512	6.062642
29.665632	-0.513628	-0.577405	5.995512	6.059289
29.675007	-0.516981	-0.577405	5.995512	6.052584
29.684381	-0.513628	-0.577405	5.988791	6.052584
29.693756	-0.513628	-0.580758	5.988791	6.055936
29.703131	-0.510260	-0.580758	5.992159	6.055936
29.712507	-0.506908	-0.580758	5.998865	6.052584
29.721882	-0.506908	-0.580758	5.995512	6.049216
29.731256	-0.506908	-0.580758	5.992159	6.052584
29.740631	-0.506908	-0.580758	5.985439	6.049216
29.750006	-0.510260	-0.580758	5.978718	6.045863
29.759382	-0.510260	-0.577405	5.982086	6.042510
29.768757	-0.510260	-0.580758	5.985439	6.045863
29.778131	-0.513628	-0.580758	5.988791	6.049216
29.787506	-0.513628	-0.580758	5.992159	6.045863
29.796881	-0.510260	-0.580758	5.992159	6.042510
29.806257	-0.513628	-0.580758	5.992159	6.039143
29.815632	-0.513628	-0.580758	5.992159	6.039143
29.825006	-0.513628	-0.580758	5.988791	6.039143
29.834381	-0.513628	-0.577405	5.982086	6.042510
29.843756	-0.513628	-0.577405	5.985439	6.042510
29.853130	-0.513628	-0.577405	5.985439	6.042510
29.862507	-0.513628	-0.577405	5.982086	6.042510
29.871881	-0.510260	-0.577405	5.978718	6.045863
29.881256	-0.506908	-0.577405	5.978718	6.049216
29.890631	-0.506908	-0.577405	5.978718	6.049216
29.900005	-0.506908	-0.574052	5.978718	6.045863
29.909382	-0.510260	-0.577405	5.978718	6.049216
29.918756	-0.513628	-0.577405	5.982086	6.045863
29.928131	-0.513628	-0.577405	5.982086	6.042510
29.937506	-0.513628	-0.577405	5.978718	6.035790
29.946880	-0.516981	-0.577405	5.978718	6.032437
29.956255	-0.513628	-0.577405	5.982086	6.032437
29.965631	-0.516981	-0.577405	5.988791	6.032437
29.975006	-0.516981	-0.577405	5.992159	6.032437
29.984381	-0.516981	-0.577405	5.992159	6.032437
29.993755	-0.520334	-0.577405	5.992159	6.039143
30.003130	-0.520334	-0.577405	5.988791	6.039143
30.012506	-0.520334	-0.577405	5.985439	6.039143
30.021881	-0.523686	-0.574052	5.985439	6.039143
30.031256	-0.523686	-0.577405	5.988791	6.039143
30.040630	-0.523686	-0.577405	5.992159	6.035790
30.050005	-0.523686	-0.580758	5.998865	6.035790
30.059381	-0.523686	-0.580758	5.998865	6.039143
30.068756	-0.523686	-0.580758	5.998865	6.039143
30.078131	-0.520334	-0.584111	5.995512	6.035790
30.087505	-0.516981	-0.584111	5.988791	6.032437
30.096880	-0.513628	-0.580758	5.988791	6.029084
30.106255	-0.513628	-0.584111	5.992159	6.029084
30.115631	-0.513628	-0.584111	5.992159	6.032437
30.125006	-0.513628	-0.584111	5.988791	6.032437
30.134380	-0.513628	-0.580758	5.985439	6.032437
30.143755	-0.516981	-0.580758	5.985439	6.029084
30.153130	-0.520334	-0.580758	5.985439	6.025717
30.162506	-0.520334	-0.580758	5.985439	6.029084
30.171881	-0.520334	-0.580758	5.985439	6.029084
30.181255	-0.520334	-0.580758	5.982086	6.032437
30.190630	-0.520334	-0.577405	5.982086	6.032437
30.200005	-0.520334	-0.577405	5.982086	6.032437
30.209381	-0.520334	-0.574052	5.982086	6.032437
30.218756	-0.516981	-0.574052	5.982086	6.032437
30.228130	-0.516981	-0.574052	5.982086	6.032437
30.237505	-0.516981	-0.577405	5.982086	6.032437
30.246880	-0.520334	-0.577405	5.982086	6.029084
30.256254	-0.520334	-0.577405	5.978718	6.029084
30.265631	-0.523686	-0.577405	5.975366	6.029084
30.275005	-0.527054	-0.577405	5.975366	6.029084
30.284380	-0.527054	-0.577405	5.978718	6.029084
30.293755	-0.530407	-0.574052	5.978718	6.032437
30.303129	-0.530407	-0.574052	5.982086	6.035790
30.312506	-0.530407	-0.577405	5.988791	6.035790
30.321880	-0.530407	-0.577405	5.992159	6.032437
30.331255	-0.530407	-0.577405	5.988791	6.029084
30.340630	-0.530407	-0.577405	5.985439	6.032437
30.350004	-0.530407	-0.577405	5.982086	6.029084
30.359379	-0.530407	-0.577405	5.982086	6.025717
30.368755	-0.530407	-0.577405	5.985439	6.025717
30.378130	-0.530407	-0.574052	5.988791	6.029084
30.387505	-0.530407	-0.574052	5.992159	6.032437
30.396879	-0.527054	-0.574052	5.992159	6.032437
30.406254	-0.527054	-0.574052	5.992159	6.032437
30.415630	-0.523686	-0.574052	5.992159	6.035790
30.425005	-0.523686	-0.574052	5.995512	6.035790
30.434380	-0.527054	-0.577405	5.995512	6.035790
30.443754	-0.527054	-0.577405	5.998865	6.032437
30.453129	-0.530407	-0.574052	6.002217	6.032437
30.462505	-0.533760	-0.574052	6.005585	6.035790
30.471880	-0.533760	-0.574052	6.002217	6.035790
30.481255	-0.530407	-0.574052	6.002217	6.035790
30.490629	-0.530407	-0.577405	5.998865	6.032437
30.500004	-0.527054	-0.577405	5.995512	6.025717
30.509378	-0.527054	-0.580758	5.992159	6.025717
30.518755	-0.527054	-0.580758	5.992159	6.029084
30.528130	-0.527054	-0.580758	5.995512	6.032437
30.537504	-0.527054	-0.580758	5.998865	6.029084
30.546879	-0.530407	-0.580758	5.998865	6.025717
30.556253	-0.530407	-0.580758	5.998865	6.022364
30.565630	-0.530407	-0.580758	5.998865	6.022364
30.575005	-0.530407	-0.577405	5.995512	6.022364
30.584379	-0.530407	-0.580758	5.998865	6.022364
30.593754	-0.530407	-0.577405	5.998865	6.022364
30.603128	-0.530407	-0.577405	5.998865	6.022364
30.612503	-0.530407	-0.577405	5.998865	6.022364
30.621880	-0.530407	-0.577405	5.998865	6.022364
30.631254	-0.530407	-0.577405	6.008938	6.025717
30.640629	-0.530407	-0.577405	6.012291	6.025717
30.650003	-0.530407	-0.577405	6.015658	6.029084
30.659378	-0.530407	-0.580758	6.015658	6.032437
30.668755	-0.530407	-0.580758	6.015658	6.032437
30.678129	-0.533760	-0.580758	6.012291	6.032437
30.687504	-0.537112	-0.580758	6.008938	6.032437
30.696878	-0.540480	-0.580758	6.008938	6.035790
30.706253	-0.540480	-0.577405	6.012291	6.032437
30.715630	-0.543833	-0.577405	6.012291	6.032437
30.725004	-0.540480	-0.577405	6.012291	6.035790
30.734379	-0.540480	-0.577405	6.008938	6.039143
30.743753	-0.540480	-0.577405	6.008938	6.039143
30.753128	-0.540480	-0.577405	6.008938	6.029084
30.762503	-0.543833	-0.577405	6.005585	6.029084
30.771879	-0.543833	-0.577405	6.005585	6.039143
30.781254	-0.547186	-0.580758	6.005585	6.045863
30.790628	-0.547186	-0.577405	6.005585	6.045863
30.800003	-0.547186	-0.577405	6.008938	6.042510
30.809378	-0.547186	-0.577405	6.012291	6.042510
30.818754	-0.547186	-0.577405	6.012291	6.045863
30.828129	-0.547186	-0.577405	6.005585	6.045863
30.837503	-0.547186	-0.577405	5.998865	6.042510
30.846878	-0.543833	-0.577405	5.998865	6.039143
30.856253	-0.540480	-0.580758	6.002217	6.039143
30.865629	-0.540480	-0.577405	6.002217	6.042510
30.875004	-0.537112	-0.577405	6.002217	6.045863
30.884378	-0.537112	-0.574052	6.008938	6.049216
30.893753	-0.537112	-0.574052	6.012291	6.049216
30.903128	-0.540480	-0.570685	6.005585	6.045863
30.912502	-0.540480	-0.570685	5.998865	6.045863
30.921879	-0.543833	-0.570685	5.998865	6.042510
30.931253	-0.543833	-0.570685	6.002217	6.039143
30.940628	-0.543833	-0.570685	6.005585	6.039143
30.950003	-0.543833	-0.570685	6.005585	6.042510
30.959377	-0.543833	-0.574052	6.005585	6.045863
30.968754	-0.543833	-0.574052	6.002217	6.042510
30.978128	-0.540480	-0.574052	5.995512	6.035790
30.987503	-0.540480	-0.574052	5.992159	6.035790
30.996878	-0.540480	-0.574052	5.988791	6.039143
31.006252	-0.540480	-0.574052	5.988791	6.042510
31.015627	-0.540480	-0.574052	5.985439	6.045863
31.025003	-0.540480	-0.577405	5.988791	6.049216
31.034378	-0.540480	-0.577405	5.988791	6.045863
31.043753	-0.543833	-0.577405	5.988791	6.042510
31.053127	-0.543833	-0.577405	5.988791	6.035790
31.062502	-0.547186	-0.580758	5.988791	6.039143
31.071878	-0.547186	-0.580758	5.988791	6.035790
31.081253	-0.547186	-0.584111	5.985439	6.032437
31.090628	-0.547186	-0.580758	5.978718	6.029084
31.100002	-0.547186	-0.580758	5.978718	6.032437
31.109377	-0.547186	-0.584111	5.985439	6.035790
31.118753	-0.547186	-0.580758	5.988791	6.039143
31.128128	-0.547186	-0.580758	5.992159	6.039143
31.137503	-0.547186	-0.580758	5.995512	6.039143
31.146877	-0.547186	-0.577405	5.995512	6.035790
31.156252	-0.547186	-0.577405	5.995512	6.032437
31.165627	-0.543833	-0.577405	5.992159	6.032437
31.175003	-0.547186	-0.574052	5.992159	6.035790
31.184378	-0.547186	-0.574052	5.995512	6.035790
31.193752	-0.550553	-0.574052	5.992159	6.035790
31.203127	-0.550553	-0.574052	5.988791	6.035790
31.212502	-0.550553	-0.574052	5.988791	6.042510
31.221878	-0.550553	-0.574052	5.995512	6.045863
31.231253	-0.550553	-0.574052	5.995512	6.042510
31.240627	-0.550553	-0.577405	5.995512	6.042510
31.250002	-0.550553	-0.577405	5.992159	6.042510
31.259377	-0.550553	-0.577405	5.992159	6.039143
31.268753	-0.550553	-0.577405	5.988791	6.039143
31.278128	-0.553906	-0.577405	5.992159	6.039143
31.287502	-0.553906	-0.580758	5.992159	6.039143
31.296877	-0.557259	-0.580758	5.988791	6.042510
31.306252	-0.553906	-0.580758	5.985439	6.045863
31.315626	-0.553906	-0.584111	5.982086	6.045863
31.325003	-0.550553	-0.584111	5.988791	6.042510
31.334377	-0.550553	-0.580758	5.988791	6.039143
31.343752	-0.550553	-0.580758	5.982086	6.039143
31.353127	-0.550553	-0.580758	5.978718	6.042510
31.362501	-0.550553	-0.580758	5.982086	6.045863
31.371878	-0.550553	-0.580758	5.992159	6.045863
31.381252	-0.550553	-0.577405	5.992159	6.045863
31.390627	-0.553906	-0.577405	5.992159	6.039143
31.400002	-0.557259	-0.577405	5.985439	6.035790
31.409376	-0.557259	-0.574052	5.985439	6.029084
31.418751	-0.560611	-0.574052	5.985439	6.025717
31.428127	-0.560611	-0.574052	5.988791	6.029084
31.437502	-0.560611	-0.574052	5.992159	6.032437
31.446877	-0.560611	-0.574052	5.995512	6.029084
31.456251	-0.563979	-0.574052	5.998865	6.025717
31.465626	-0.560611	-0.574052	6.002217	6.029084
31.475002	-0.560611	-0.577405	6.002217	6.029084
31.484377	-0.560611	-0.577405	5.998865	6.025717
31.493752	-0.560611	-0.577405	5.995512	6.022364
31.503126	-0.560611	-0.577405	5.998865	6.019011
31.512501	-0.563979	-0.577405	6.005585	6.022364
31.521877	-0.563979	-0.577405	6.008938	6.022364
31.531252	-0.563979	-0.574052	6.008938	6.025717
31.540627	-0.563979	-0.574052	6.012291	6.029084
31.550001	-0.563979	-0.574052	6.012291	6.029084
31.559376	-0.567332	-0.574052	6.012291	6.025717
31.568750	-0.567332	-0.574052	6.008938	6.025717
31.578127	-0.567332	-0.570685	6.008938	6.025717
31.587502	-0.567332	-0.570685	6.008938	6.022364
31.596876	-0.567332	-0.567332	6.005585	6.025717
31.606251	-0.567332	-0.570685	6.005585	6.029084
31.615625	-0.567332	-0.570685	6.008938	6.029084
31.625002	-0.570685	-0.570685	6.008938	6.029084
31.634377	-0.570685	-0.570685	6.005585	6.025717
31.643751	-0.570685	-0.570685	6.002217	6.022364
31.653126	-0.567332	-0.570685	6.002217	6.019011
31.662500	-0.567332	-0.570685	6.002217	6.015658
31.671875	-0.567332	-0.567332	6.002217	6.012291
31.681252	-0.567332	-0.570685	6.002217	6.015658
31.690626	-0.567332	-0.570685	6.005585	6.019011
31.700001	-0.563979	-0.570685	6.008938	6.022364
31.709375	-0.563979	-0.570685	6.012291	6.022364
31.718750	-0.563979	-0.570685	6.012291	6.025717
31.728127	-0.563979	-0.570685	6.012291	6.022364
31.737501	-0.563979	-0.570685	6.008938	6.015658
31.746876	-0.560611	-0.567332	6.008938	6.012291
31.756250	-0.560611	-0.567332	6.012291	6.012291
31.765625	-0.560611	-0.567332	6.015658	6.015658
31.775002	-0.560611	-0.563979	6.015658	6.015658
31.784376	-0.560611	-0.563979	6.015658	6.019011
31.793751	-0.560611	-0.563979	6.015658	6.019011
31.803125	-0.560611	-0.563979	6.015658	6.019011
31.812500	-0.560611	-0.563979	6.019011	6.015658
31.821875	-0.560611	-0.560611	6.019011	6.015658
31.831251	-0.557259	-0.557259	6.015658	6.015658
31.840626	-0.557259	-0.553906	6.019011	6.015658
31.850000	-0.557259	-0.553906	6.022364	6.015658
31.859375	-0.560611	-0.553906	6.025717	6.019011
31.868750	-0.560611	-0.557259	6.029084	6.019011
31.878126	-0.560611	-0.557259	6.029084	6.019011
31.887501	-0.557259	-0.557259	6.029084	6.019011
31.896875	-0.557259	-0.557259	6.025717	6.019011
31.906250	-0.560611	-0.560611	6.022364	6.015658
31.915625	-0.560611	-0.560611	6.019011	6.015658
31.925001	-0.560611	-0.563979	6.019011	6.015658
31.934376	-0.560611	-0.560611	6.022364	6.015658
31.943750	-0.563979	-0.560611	6.025717	6.019011
31.953125	-0.563979	-0.560611	6.025717	6.019011
31.962500	-0.563979	-0.560611	6.019011	6.015658
31.971874	-0.563979	-0.563979	6.015658	6.012291
31.981251	-0.563979	-0.563979	6.015658	6.008938
31.990625	-0.563979	-0.563979	6.015658	6.012291
