27.178848	-0.003368	-0.003368	0.016779	0.016779
27.217827	-0.006720	-0.003368	0.013426	0.013426
27.256805	-0.006720	-0.003368	0.010058	0.013426
27.295782	-0.006720	-0.006720	0.006706	0.013426
27.334761	-0.006720	-0.006720	0.000000	0.010058
27.373739	-0.003368	-0.006720	-0.003368	0.010058
27.412718	-0.003368	-0.006720	-0.006720	0.006706
27.451694	-0.003368	-0.006720	-0.010073	0.010058
27.490673	-0.003368	-0.006720	-0.010073	0.013426
27.529652	-0.003368	-0.006720	-0.010073	0.016779
27.568628	-0.006720	-0.006720	-0.010073	0.020131
27.607607	-0.006720	-0.006720	-0.010073	0.023484
27.646585	-0.003368	-0.006720	-0.006720	0.023484
27.685562	-0.003368	-0.003368	-0.003368	0.026852
27.724541	-0.003368	-0.003368	0.000000	0.030205
27.763519	-0.003368	-0.003368	0.000000	0.030205
27.802498	-0.003368	-0.003368	0.003353	0.033557
27.841475	-0.003368	-0.006720	0.003353	0.033557
27.880453	-0.003368	-0.006720	0.003353	0.030205
27.919432	-0.003368	-0.006720	0.003353	0.026852
27.958408	-0.003368	-0.006720	0.003353	0.023484
27.997387	-0.003368	-0.006720	0.003353	0.020131
28.036366	-0.003368	-0.006720	0.000000	0.020131
28.075342	-0.003368	-0.006720	-0.003368	0.016779
28.114321	-0.003368	-0.006720	-0.006720	0.016779
28.153299	-0.003368	-0.006720	-0.006720	0.013426
28.192278	-0.003368	-0.006720	-0.006720	0.013426
28.231255	-0.003368	-0.006720	-0.006720	0.013426
28.270233	-0.006720	-0.006720	-0.010073	0.016779
28.309212	-0.006720	-0.006720	-0.010073	0.016779
28.348188	-0.003368	-0.006720	-0.010073	0.020131
28.387167	-0.003368	-0.006720	-0.010073	0.023484
28.426146	-0.003368	-0.006720	-0.010073	0.026852
28.465124	-0.003368	-0.006720	-0.006720	0.030205
28.504101	-0.003368	-0.006720	-0.006720	0.033557
28.543079	-0.003368	-0.006720	-0.006720	0.033557
28.582058	-0.003368	-0.006720	-0.003368	0.033557
28.621035	-0.003368	-0.006720	-0.003368	0.026852
28.660013	0.000000	-0.006720	0.003353	0.023484
28.698992	0.000000	-0.006720	0.006706	0.020131
28.737968	0.000000	-0.006720	0.010058	0.016779
28.776947	-0.003368	-0.003368	0.010058	0.016779
28.815926	-0.003368	-0.003368	0.010058	0.013426
28.854904	-0.003368	-0.003368	0.013426	0.013426
28.893881	-0.003368	-0.003368	0.013426	0.013426
28.932859	-0.003368	-0.006720	0.010058	0.013426
28.971838	-0.003368	-0.006720	0.010058	0.016779
29.010815	-0.003368	-0.006720	0.006706	0.020131
29.049793	-0.003368	-0.006720	0.006706	0.020131
29.088772	-0.003368	-0.006720	0.003353	0.023484
29.127748	-0.003368	-0.003368	0.003353	0.026852
29.166727	-0.003368	-0.003368	0.003353	0.030205
29.205706	-0.003368	-0.003368	0.006706	0.033557
29.244684	-0.003368	-0.003368	0.010058	0.033557
29.283661	0.000000	-0.003368	0.013426	0.033557
29.322639	0.000000	-0.003368	0.016779	0.030205
29.361618	0.000000	-0.003368	0.020131	0.026852
29.400595	0.000000	-0.003368	0.020131	0.023484
29.439573	0.000000	-0.006720	0.023484	0.020131
29.478552	0.000000	-0.006720	0.023484	0.016779
29.517529	0.000000	-0.006720	0.026852	0.013426
29.556507	0.000000	-0.010073	0.026852	0.010058
29.595486	0.000000	-0.010073	0.023484	0.006706
29.634464	-0.003368	-0.010073	0.023484	0.003353
29.673441	-0.003368	-0.010073	0.016779	0.003353
29.712420	-0.003368	-0.006720	0.013426	0.003353
29.751398	-0.003368	-0.006720	0.006706	0.006706
29.790375	-0.003368	-0.006720	0.003353	0.010058
29.829353	-0.003368	-0.006720	0.003353	0.013426
29.868332	-0.003368	-0.003368	0.003353	0.020131
29.907309	-0.003368	-0.006720	0.003353	0.026852
29.946287	-0.003368	-0.006720	0.006706	0.030205
29.985266	-0.003368	-0.006720	0.010058	0.030205
30.024244	-0.003368	-0.006720	0.013426	0.026852
30.063221	-0.003368	-0.003368	0.016779	0.026852
30.102200	-0.003368	-0.003368	0.020131	0.026852
30.141178	-0.003368	-0.003368	0.023484	0.023484
30.180155	-0.003368	-0.003368	0.026852	0.016779
30.219133	-0.003368	-0.003368	0.026852	0.013426
30.258112	-0.003368	-0.006720	0.023484	0.010058
30.297089	-0.003368	-0.006720	0.023484	0.006706
30.336067	-0.003368	-0.006720	0.023484	0.006706
30.375046	-0.003368	-0.006720	0.020131	0.003353
30.414024	-0.003368	-0.010073	0.020131	0.003353
30.453001	-0.003368	-0.010073	0.016779	0.003353
30.491980	-0.003368	-0.010073	0.016779	0.003353
30.530958	-0.006720	-0.010073	0.013426	0.003353
30.569935	-0.006720	-0.010073	0.013426	0.006706
30.608913	-0.003368	-0.006720	0.013426	0.010058
30.647892	-0.003368	-0.006720	0.016779	0.013426
30.686869	-0.003368	-0.003368	0.016779	0.013426
30.725847	-0.003368	-0.003368	0.016779	0.013426
30.764826	-0.003368	-0.003368	0.016779	0.016779
30.803804	-0.003368	-0.003368	0.020131	0.016779
30.842781	-0.003368	-0.003368	0.020131	0.020131
30.881760	-0.003368	-0.003368	0.023484	0.023484
30.920738	-0.003368	-0.003368	0.023484	0.023484
30.959715	-0.003368	-0.003368	0.023484	0.023484
30.998693	-0.003368	-0.003368	0.023484	0.020131
31.037672	-0.003368	-0.003368	0.020131	0.016779
31.076649	-0.003368	-0.006720	0.016779	0.013426
31.115627	-0.003368	-0.006720	0.016779	0.010058
31.154606	-0.003368	-0.006720	0.013426	0.010058
31.193584	-0.003368	-0.006720	0.010058	0.006706
31.232561	-0.003368	-0.006720	0.006706	0.003353
31.271540	-0.006720	-0.006720	0.006706	0.003353
31.310518	-0.006720	-0.006720	0.006706	0.003353
31.349495	-0.006720	-0.006720	0.006706	0.006706
31.388474	-0.006720	-0.006720	0.010058	0.010058
31.427452	-0.006720	-0.006720	0.013426	0.013426
31.466429	-0.006720	-0.006720	0.013426	0.016779
31.505407	-0.003368	-0.006720	0.013426	0.020131
31.544386	-0.003368	-0.006720	0.013426	0.023484
31.583364	-0.003368	-0.006720	0.013426	0.023484
31.622341	-0.003368	-0.006720	0.013426	0.026852
31.661320	-0.003368	-0.006720	0.013426	0.026852
31.700298	-0.003368	-0.006720	0.013426	0.026852
31.739275	-0.003368	-0.006720	0.010058	0.023484
31.778254	-0.003368	-0.006720	0.010058	0.020131
31.817232	-0.003368	-0.003368	0.006706	0.016779
31.856209	-0.003368	-0.003368	0.006706	0.013426
31.895187	-0.003368	-0.003368	0.010058	0.006706
31.934166	-0.003368	-0.003368	0.010058	0.000000
31.973145	-0.003368	-0.003368	0.010058	-0.003368
32.012123	-0.003368	-0.006720	0.010058	-0.003368
32.051098	-0.003368	-0.006720	0.006706	-0.006720
32.090076	-0.003368	-0.006720	0.006706	-0.003368
32.129055	-0.003368	-0.006720	0.006706	0.000000
32.168034	-0.003368	-0.003368	0.010058	0.003353
32.207012	-0.003368	-0.003368	0.010058	0.006706
32.245991	-0.003368	-0.003368	0.010058	0.010058
32.284969	-0.003368	-0.003368	0.010058	0.013426
32.323944	-0.003368	-0.003368	0.010058	0.016779
32.362923	-0.003368	-0.003368	0.010058	0.020131
32.401901	-0.003368	-0.003368	0.010058	0.020131
32.440880	-0.003368	-0.003368	0.010058	0.020131
32.479858	-0.003368	-0.003368	0.010058	0.016779
32.518837	-0.003368	-0.003368	0.010058	0.013426
32.557816	-0.003368	-0.006720	0.010058	0.006706
32.596790	-0.003368	-0.006720	0.006706	0.000000
32.635769	-0.003368	-0.010073	0.006706	-0.003368
32.674747	-0.003368	-0.010073	0.006706	-0.006720
32.713726	-0.006720	-0.010073	0.006706	-0.006720
32.752705	-0.006720	-0.006720	0.003353	-0.010073
32.791683	-0.006720	-0.006720	0.003353	-0.010073
32.830658	-0.003368	-0.006720	0.000000	-0.006720
32.869637	-0.003368	-0.006720	0.000000	-0.003368
32.908615	-0.003368	-0.006720	0.000000	0.000000
32.947594	-0.003368	-0.006720	0.000000	0.003353
32.986572	-0.003368	-0.003368	0.003353	0.006706
33.025551	-0.003368	-0.003368	0.006706	0.006706
33.064529	-0.003368	-0.006720	0.010058	0.010058
33.103504	-0.003368	-0.006720	0.013426	0.010058
33.142483	-0.003368	-0.006720	0.013426	0.013426
33.181461	-0.003368	-0.006720	0.016779	0.013426
33.220440	-0.003368	-0.006720	0.016779	0.013426
33.259418	-0.003368	-0.006720	0.016779	0.010058
33.298397	-0.003368	-0.006720	0.016779	0.006706
33.337376	-0.003368	-0.006720	0.016779	0.006706
33.376350	-0.003368	-0.006720	0.013426	0.006706
33.415329	-0.003368	-0.003368	0.010058	0.003353
33.454308	-0.003368	-0.003368	0.006706	0.000000
33.493286	-0.003368	-0.003368	0.003353	-0.003368
33.532265	-0.003368	-0.006720	0.003353	-0.006720
33.571243	-0.003368	-0.006720	0.003353	-0.006720
33.610218	0.000000	-0.006720	0.003353	-0.003368
33.649197	0.000000	-0.003368	0.003353	0.000000
33.688175	0.000000	-0.003368	0.003353	0.003353
33.727154	0.000000	-0.003368	0.006706	0.003353
33.766132	0.000000	-0.003368	0.006706	0.006706
33.805111	0.000000	-0.003368	0.010058	0.006706
33.844090	0.000000	0.000000	0.010058	0.010058
33.883064	0.000000	0.000000	0.010058	0.013426
33.922043	0.000000	0.000000	0.013426	0.013426
33.961021	0.000000	0.000000	0.013426	0.013426
